d2ae2a_	d2ae2a_	100.000	259	0	0	1	259	1	259	0.0	538
d2ae2a_	d1ae1a_	64.341	258	91	1	3	259	1	258	2.00e-125	353
d2ae2a_	d1gcoa_	31.907	257	169	4	5	259	4	256	3.82e-037	129
d2ae2a_	d1fmca_	34.008	247	157	4	6	252	9	249	7.84e-035	122
d2ae2a_	d1g0oa_	32.685	257	162	4	5	252	15	269	4.72e-032	115
d2ae2a_	d1cyda_	29.249	253	166	4	5	256	2	242	6.51e-029	107
d2ae2a_	d1i01a_	30.952	252	159	5	5	253	2	241	3.56e-028	105
d2ae2a_	d1edoa_	29.508	244	164	4	12	253	5	242	1.08e-026	101
d2ae2a_	d1gega_	27.668	253	175	4	11	256	4	255	1.91e-023	92.8
d2ae2a_	d1h5qa_	27.481	262	159	9	10	254	11	258	4.38e-022	89.0
d2ae2a_	d1hdca_	29.719	249	164	4	5	252	2	240	1.40e-021	87.8
d2ae2a_	d1fjha_	31.579	171	87	3	113	255	82	250	3.13e-018	78.6
d2ae2a_	d1ja9a_	27.099	262	168	8	6	252	4	257	1.25e-017	77.0
d2ae2a_	d1e6wa_	24.809	262	173	9	5	253	1	251	2.51e-017	75.9
d2ae2a_	d1bdb__	30.888	259	162	7	6	253	3	255	5.21e-017	75.5
d2ae2a_	d1e7wa_	27.273	286	152	12	11	252	5	278	5.04e-011	58.5
d2ae2a_	d1fds__	21.675	203	144	2	12	205	6	202	2.53e-007	47.4
d2ae2a_	d1eno__	26.904	197	122	7	67	253	100	284	3.09e-007	47.4
d2ae2a_	d1hu4a_	26.573	143	101	3	11	152	7	146	3.95e-007	47.0
d2ae2a_	d1qg6a_	27.103	107	67	3	151	253	151	250	2.31e-006	44.3
d2ae2a_	d1oaa__	27.039	233	141	11	8	218	5	230	3.71e-005	40.8
d2ae2a_	d1b16a_	25.954	131	85	4	70	197	69	190	0.003	35.0
d2ae2a_	d1hdr__	22.826	92	63	2	119	209	102	186	0.060	30.8
d2ae2a_	d1eaxa_	40.541	37	20	1	217	251	99	135	0.16	29.6
d2ae2a_	d1etea_	27.381	84	51	3	97	174	17	96	1.3	26.2
d2ae2a_	d1eny__	24.113	141	99	2	120	252	122	262	1.6	26.6
d2ae2a_	d1auia_	46.154	26	14	0	228	253	164	189	2.5	26.2
d2ae2a_	d1tcoa_	46.154	26	14	0	228	253	157	182	2.7	26.2
d2ae2a_	d1chua2	34.615	26	17	0	152	177	260	285	5.6	25.0
d2ae2a_	d1ea5a_	26.761	71	48	2	124	192	124	192	6.3	25.0
d2ae2a_	d1be3a1	28.571	56	39	1	31	85	163	218	6.6	24.6
d2ae2a_	d1iqwh1	28.571	42	30	0	6	47	64	105	9.2	23.5
d1dlwa_	d1dlwa_	100.000	116	0	0	1	116	1	116	2.42e-081	231
d1dlwa_	d1idra_	35.652	115	74	0	1	115	13	127	2.50e-025	89.7
d1dlwa_	d1dlya_	38.136	118	71	1	1	116	1	118	8.86e-025	88.2
d1dlwa_	d1f56a_	30.189	53	37	0	2	54	26	78	0.11	27.3
d1dlwa_	d1ju3a2	55.000	20	9	0	1	20	235	254	1.1	25.4
d1dlwa_	d1cqxa1	32.432	37	23	1	56	90	71	107	1.5	24.6
d1dlwa_	d2gdm__	45.455	22	12	0	60	81	89	110	3.3	23.9
d1dlwa_	d1tmf1_	31.169	77	43	3	34	108	102	170	4.3	23.5
d1dlwa_	d1ib2a_	44.444	18	10	0	99	116	84	101	5.2	23.5
d1dlwa_	d1guqa2	33.333	30	20	0	15	44	118	147	7.7	22.7
