
Last position-specific scoring matrix computed, weighted observed percentages rounded down, information per position, and relative weight of gapless real matches to pseudocounts
            A   R   N   D   C   Q   E   G   H   I   L   K   M   F   P   S   T   W   Y   V   A   R   N   D   C   Q   E   G   H   I   L   K   M   F   P   S   T   W   Y   V
    1 M    -2  -3  -4  -4  -2  -3  -4  -4  -4   5   2  -3   3  -1  -4  -3  -1  -3  -2   2    0   0   0   0   0   0   0   0   0  64  18   0  14   0   0   0   0   0   0   4  0.59 0.14
    2 T    -1  -2  -1  -2  -2   0  -2  -3  -3  -2  -2  -2  -2  -3  -2   2   6  -4  -3   0    0   0   0   0   0   4   0   0   0   0   2   0   0   0   0  16  72   0   0   5  0.84 0.28
    3 L    -2  -4  -2  -4  -3  -3  -4  -5  -4   3   3  -3   4   0   0  -3  -1  -3  -2   2    0   0   2   0   0   0   0   0   0  22  36   0  15   4   5   0   3   0   0  14  0.54 0.23
    4 H     0  -1   0   0  -4   4   2  -3   5  -4  -3   1  -3  -3  -3   1   0  -4   1  -3    7   0   4   4   0  21  14   0  21   0   1   8   0   0   0  11   4   0   4   0  0.51 0.25
    5 S     2   0  -2  -1  -3   1   3  -1  -1  -3  -2  -1  -2  -4   0   2   2  -4  -3  -1   17   4   0   1   0   5  28   3   1   0   3   0   0   0   4  14  15   0   0   4  0.35 0.22
    6 W    -2  -5  -5  -4  -4  -3  -4  -5  -3  -2   2  -5  -2   2  -6  -5  -4   9   5   0    3   0   0   1   0   1   1   0   0   1  22   0   0   8   0   0   0  36  19   7  1.46 0.47
    7 L    -3  -4  -3  -5  -3  -4  -4  -6  -5   3   5  -4   0   0  -5  -4   0  -4   0   0    1   0   1   0   0   0   1   0   0  19  60   0   0   4   0   0   7   0   3   3  0.86 0.38
    8 D    -3  -1   2   6  -5   1   3  -3  -3  -5  -5   0  -4  -5  -3  -1  -2  -5  -4  -4    1   2   8  48   0   5  23   1   0   0   1   6   0   0   1   2   1   0   0   1  1.04 0.41
    9 R     0   2  -3  -2  -4   0   0  -4   2  -3  -2   1  -3   6  -3  -2  -3  -2   2  -3    7  10   0   2   0   5   8   1   5   0   3  10   0  39   1   2   1   0   5   0  0.70 0.36
   10 Y    -4  -4  -4  -5  -1  -2  -4  -5   0   0   3  -3  -2   5  -5  -2  -2   5   5  -2    1   0   0   0   1   1   1   1   2   4  30   1   0  23   0   3   2   7  20   1  0.87 0.39
   11 E     1   0   1   2  -3   1   3  -2   1   0  -1   0  -1  -2  -3  -1  -1  -4  -3  -2   11   5   6  11   0   6  25   2   3   7   7   5   1   1   0   3   3   0   0   2  0.24 0.19
   12 K     0  -1  -2  -1   0  -2  -1  -1   3  -2  -2   0   2   3  -4   0   1  -2   4  -1    7   2   1   3   2   0   4   4   9   1   2   5   7  13   0   6   8   0  20   4  0.32 0.24
   13 I    -2  -4  -3  -5  -4  -3  -2  -5  -2   2   5  -3   3  -2  -5  -3  -1  -4   2  -1    2   0   1   0   0   1   3   0   1  11  56   2   6   0   0   1   4   0   8   3  0.78 0.40
   14 L     0   3  -2  -2  -4   2   0  -2   2   0   1   1   0  -3  -3   0  -1   4  -2  -1    9  17   0   1   0  10   4   2   5   5  16  11   3   0   0   6   2   7   0   2  0.27 0.22
   15 A     1   0  -1   1  -2  -1   0  -2  -1   1   0   1   0  -2  -3   0   0  -4  -2   2   12   5   3   7   1   1   4   1   2   9  10   9   2   1   0   8   6   0   0  18  0.10 0.12
   16 S    -2  -1  -1   1  -6   1   6  -4  -3  -3  -1   0  -3  -3  -4   0  -2  -6  -5  -2    3   2   3   7   0   6  54   0   0   1   6   5   1   1   0   6   2   0   0   3  0.86 0.47
   17 R    -3   7  -4  -1  -7  -1   0  -3  -2  -6  -6   3  -5  -6  -5  -3  -4  -6  -5  -4    2  64   0   4   0   2   5   2   1   0   0  18   0   0   0   1   0   0   0   1  1.58 0.67
   18 G    -1   1   3   0  -5   3  -2   4  -2  -3  -4  -1  -1  -4  -4  -1  -2  -5  -5  -5    4   8  17   4   0  13   2  37   1   2   1   2   2   0   0   5   1   0   0   0  0.68 0.38
   19 I     0  -1  -4  -4  -3  -1  -3  -4   1   1   3   1   0   2  -4  -3  -2  -3   2   1   10   3   0   1   0   3   0   0   3   6  38  10   1   7   0   1   2   0   9   8  0.38 0.27
   20 K     2   0  -1  -4  -2  -3  -1  -3  -2  -6  -6   0  -5  -6  -4   6  -1  -6  -5  -3   14   6   2   0   1   0   3   1   1   0   0   5   0   0   0  64   2   0   0   1  1.17 0.62
   21 Q     1   0   0   1  -4   1   2  -2  -1  -4  -1   0  -3  -5   4  -1  -1  -5  -4  -2   12   6   4   8   0   7  14   3   1   0   7   5   0   0  24   3   3   0   0   3  0.41 0.26
   22 K    -1  -2   5  -2  -5   0   0  -2   6  -4  -3   2  -3  -5  -5  -2  -2  -5   1  -4    4   2  34   1   0   3   4   3  23   1   2  13   0   0   0   2   2   0   4   1  0.94 0.48
   23 T    -4  -5  -4  -3  -5  -5  -5  -5  -5  -1  -4  -5  -4  -6  -5   0   8  -6  -5  -4    0   0   0   1   0   0   0   0   0   4   1   0   0   0   0   4  87   0   0   0  2.14 0.87
   24 L    -3   0  -4  -5  -3  -1  -3  -5  -4   4   3  -1  -1  -1  -4  -3  -2  -4   0   3    0   6   0   0   0   3   1   0   0  22  36   3   0   1   0   1   1   0   4  19  0.59 0.32
   25 I     0   2   0   1  -3   1   1  -2  -1   0   0   1  -2  -2  -1   0   0  -3  -2   0    8  12   3  11   0   5   9   2   0   7   8  11   0   1   2   8   7   0   1   5  0.11 0.11
   26 N     4  -4   3  -2  -2  -2  -2   0  -4  -2  -2  -2   0  -3  -4   3  -2  -5  -3  -4   36   0  17   1   0   1   1   6   0   2   3   1   3   1   0  25   1   0   1   0  0.67 0.43
   27 Y    -6  -6  -6  -2  -7  -6  -6  -4  -3  -3  -4  -4  -5  -2  -4  -6  -6   1  10  -6    0   0   0   2   0   0   0   1   0   2   1   1   0   0   1   0   0   2  88   0  3.00 1.10
   28 M     0   5  -1  -3   0   2   1  -2   0  -3   0   1  -1  -3  -4   0   0  -4  -3  -2    7  32   3   1   3   9   8   2   2   1   8   9   2   1   0   5   5   0   1   2  0.42 0.29
   29 S    -1   5   1   0   0   1  -2  -1   0  -2  -2   1  -3  -3  -4   0   0  -4   1  -4    5  34   7   5   2   6   1   5   2   3   3   8   0   1   0   8   5   0   4   0  0.44 0.31
   30 K    -3   0  -2   7  -7   2  -1  -4   0  -2  -6   0  -6  -2  -3  -3  -4  -1  -1  -6    2   6   1  61   0   9   3   1   2   3   0   6   0   2   1   1   0   1   2   0  1.35 0.64
   31 I    -3  -5  -6  -6   0  -5  -6  -6  -6   3   5  -5  -1  -2  -6  -5   0   0  -2   2    2   0   0   0   2   0   0   0   0  14  60   0   0   1   0   0   5   1   1  12  1.09 0.52
   32 K    -1   4   1   0  -4   1   2  -2  -1  -1  -1   2  -2  -2  -3   1   0  -4  -2  -2    5  22   6   5   0   5  14   3   1   3   6  12   0   1   0   9   4   0   1   2  0.29 0.23
   33 A     2   0   0   1  -3   2   0  -2   2  -2   0   1  -1   0  -3   0  -1   0   0  -1   18   5   3   7   0  13   5   2   5   1   9  11   1   4   0   6   3   1   3   3  0.14 0.17
   34 I     0  -5  -5  -6  -2  -5  -5  -4  -4   2   2  -5   1   7  -6  -5  -4  -3   2   0    7   0   0   0   1   0   0   1   0  11  19   0   3  43   0   0   1   0   7   5  1.08 0.50
   35 R     1   3  -1  -2  -1   1   0  -3   0   0   1   1   0   0  -3   0  -1  -3  -1   0   13  17   3   1   2   5   5   1   2   4  19   7   2   4   0   6   2   0   2   5  0.13 0.16
   36 R     0   3   0   1  -3   1   4  -3   1  -4  -4   1  -3  -3  -2  -1   0   3  -3  -4    7  14   4   8   1   5  29   2   4   1   1   9   1   1   1   3   5   5   0   1  0.48 0.32
   37 G    -3   2  -2  -3  -3  -2  -2   0   4  -2   0  -2   0   5  -3  -3  -2   5   3  -2    1  11   2   1   0   2   3   8  13   2   8   2   2  23   1   1   2   7  10   2  0.54 0.34
   38 L     0  -2  -3  -2   3  -3  -2  -3   0   0   4  -3   3   0  -4  -1  -2   0  -1   0    7   3   1   2   8   0   3   2   2   3  43   1   8   3   0   4   1   1   2   7  0.45 0.30
   39 P     0  -1   1   0  -3   1   2   3   0  -2  -3   0  -3  -4   2   0  -1  -4  -1  -2    8   2   6   4   1   8  15  24   2   2   2   4   0   0   9   6   4   0   2   3  0.29 0.22
   40 D     0   1   1   2  -3   1   2  -1  -1  -1  -1   1   0  -2  -1   0   0  -3   0  -1    6   8   6  13   0   7  14   5   1   4   8   7   2   1   2   4   4   0   4   4  0.11 0.11
   41 A     1   2   1  -1  -4   2   1  -2   2  -2  -2   2   0  -3   0   0   0   0   1  -2   11  10   7   3   0  12   8   2   5   3   3  12   2   0   4   6   5   2   6   2  0.19 0.17
   42 P    -1   0   0   0  -3   0  -1   1   2  -2  -1   0  -2  -3   3   1   0  -1  -1  -2    4   5   5   6   0   5   3  12   6   2   9   7   1   0  14  10   5   1   2   1  0.17 0.14
   43 L    -1  -3  -4  -3  -3  -4  -4   1  -3   3   3  -4   1   0  -1  -1  -1   3  -2   0    4   1   0   2   0   0   0  11   1  21  34   0   2   4   3   5   3   4   1   6  0.40 0.28
   44 E     1   0   1   2  -1   1   2  -1  -1  -3  -2   1  -1  -2  -1   1   0  -1  -2  -2   11   4   7  11   1   8  18   3   1   1   2   7   1   2   2  10   6   1   1   2  0.21 0.18
   45 D     0  -1   1   4  -4   1   1  -2   0  -1  -1   0  -1  -2  -1   0  -1  -1  -1  -1    9   3   6  25   0   7  10   2   2   4   8   5   1   2   2   5   4   1   2   3  0.22 0.19
   46 I     0  -2  -3  -4  -1  -2  -2  -5  -2   3   2  -2   0   0   0  -3  -2   4  -1   3    9   2   1   1   1   2   2   0   1  19  19   2   1   4   4   1   1   6   1  24  0.39 0.27
   47 T     0  -2   0   3  -3   0   0  -1  -3  -3  -3   0  -4  -5  -2   2   4  -5  -3  -2    8   2   3  18   0   4   6   4   0   1   1   4   0   0   2  15  28   0   1   3  0.45 0.34
   48 T     2   0  -2  -2  -1   0  -1  -2   1   0   1  -1  -1   0   1   0   1  -3  -1   0   20   6   1   2   1   4   3   2   4   6  14   2   1   4   6   5  12   0   2   5  0.09 0.14
   49 K     0   3   0   1  -1   1   1  -2  -2  -1   1   1  -2  -4   0   0  -1  -4  -3  -1    6  20   4   9   1   6  10   2   0   3  14  10   0   0   4   6   2   0   0   3  0.21 0.20
   50 E     0   1   1   4  -4  -1   2  -2   2  -2  -2  -1   0  -2  -1  -1   0  -1  -2  -2    6   9   7  29   0   1  11   2   6   3   3   2   2   2   2   4   6   1   1   3  0.33 0.25
   51 I    -2  -2  -2  -1  -3  -2  -2  -3  -2   4   1  -2   1   0  -1  -2   0   1   1   3    2   2   2   5   0   1   2   2   1  25  11   1   3   4   4   2   5   2   4  23  0.30 0.23
   52 A     2   3  -2  -2  -3   0   0  -1   0  -1   1   0   0  -1  -1   0  -1  -1   0  -1   19  19   0   1   0   4   7   5   2   2  14   3   2   3   2   5   4   1   3   5  0.14 0.17
   53 A     2   0  -1   1  -3   1   1  -1   0  -1  -2   1  -1  -2  -2   1   1   0  -1  -2   22   5   1   9   0   7   9   4   2   4   3  10   1   2   1   9   7   2   2   0  0.16 0.17
   54 M    -2  -1  -3  -2  -1   1  -2  -4   0   0   2  -3   1   4  -5  -3  -2   5   4   0    3   3   1   2   1   6   2   0   2   6  17   1   4  18   0   1   2   9  13   8  0.50 0.30
   55 L    -1   1  -2  -5  -4  -3  -4  -5  -4   3   4  -4   1   0  -3  -3  -2   0   0   1    5   9   2   0   0   0   0   0   0  15  42   0   3   3   2   1   2   1   4  10  0.54 0.33
   56 N     1   3   2   1  -3   2   0   0  -2  -2  -2   1  -1  -3  -1   0   0  -3   0  -2   14  17  10   7   0  13   3   5   0   2   3   7   1   1   2   4   4   0   3   3  0.22 0.19
   57 G     1   0  -1  -1  -3   0   1   0   1  -2  -1   1  -1   0  -2   1   0   0   1  -1   14   5   1   3   0   4  11   6   4   1   5  11   1   5   0  13   4   1   5   6  0.11 0.13
   58 Y    -1   1  -3  -4  -1  -1  -3  -3  -1   0   2  -1   0   3  -4  -2  -2   4   4   0    4   8   1   0   1   2   1   2   1   4  25   4   1  13   0   3   2   5  17   6  0.37 0.24
   59 I    -1   0  -1  -1  -3  -1  -2  -2   0   1   2   1   2  -1  -3  -1  -1  -1   0   1    5   5   2   3   0   2   1   2   3   9  28  11   7   1   0   3   4   1   3   9  0.16 0.15
   60 D     2   0   0   2  -3   1   2   0  -2  -3  -2   1  -2  -3  -1   0  -1  -2  -3  -2   24   4   5  11   0   5  13   7   0   1   5   9   1   1   2   6   3   1   1   1  0.23 0.19
   61 E     0   1   0   0  -4   2   2  -1   5  -2  -2   2  -1  -2  -3   0   0  -4  -2  -2    8   8   4   5   0   8  14   4  15   2   3  13   1   1   0   6   5   0   0   2  0.30 0.22
   62 G     0   3  -2  -1  -4   1   0   3  -1  -3  -1   1  -3  -4  -2  -1  -1  -4  -2   0    6  20   1   2   0   6   5  26   1   0   7   8   0   0   2   3   3   0   2   8  0.32 0.24
   63 K     0   3   0  -1  -4   1   0  -2   3  -3  -2   3  -2  -1  -3   1  -1  -4   0  -4    7  19   4   3   0   7   6   2   8   1   4  18   1   3   1  12   3   0   3   0  0.33 0.25
   64 A     2  -1   2   0  -1  -2  -1   2  -2  -4  -2   1   0  -3   3   2  -1  -5  -2  -4   16   2   9   4   1   1   2  19   0   0   3   7   2   1  14  14   2   0   1   0  0.35 0.26
   65 A     1   3  -1  -3  -3   0   0  -2  -2  -1   1   1  -1  -1  -1  -1   0  -4  -1   0   16  18   2   0   0   4   6   2   0   3  16   7   1   3   2   2   7   0   2   8  0.16 0.18
   66 S     1   0   0  -3  -4   0  -2  -1  -2  -3  -4   0   2  -5  -4   5   3  -6  -5  -3   11   5   4   0   0   5   1   4   1   1   0   5   6   0   0  41  17   0   0   0  0.66 0.46
   67 A     3   1  -1  -3  -3  -1  -2  -1  -3   0  -1   0  -2  -4  -1   2   2   0  -3   1   24   7   2   0   0   2   1   4   0   4   6   5   0   0   3  16  14   2   0  10  0.25 0.25
   68 K     1   4   2  -3  -4   0  -2  -3   0  -2  -1   3  -2  -4  -3   1   0  -5  -4  -2   11  22  11   0   0   4   0   0   2   2   7  20   1   0   1  12   5   0   0   3  0.44 0.32
   69 L     2   2  -1  -3  -4  -3  -3  -3   1   0   0  -1  -3  -4  -4   3   2  -5   0  -1   17  13   3   0   0   0   0   0   4   7   9   2   0   0   0  28  11   0   3   3  0.39 0.34
   70 I    -1   2  -3  -3  -3  -1   0  -3  -1   3   2  -1   1  -2  -3  -1   0  -3   0   1    6  14   0   0   0   2   7   1   1  21  20   3   3   1   0   3   5   0   4   9  0.23 0.20
   71 R     2   4   0  -3  -4   0  -2  -1   1  -2   1   0   1  -3  -3   0  -1  -4   0  -2   17  28   4   0   0   3   0   3   3   2  13   5   4   1   0   7   2   0   3   2  0.32 0.26
   72 S    -1   5   1  -4  -5  -1  -3  -3   0  -1   0  -1  -2  -5  -5   4   0  -6  -4  -4    3  34   5   0   0   2   0   1   2   3   8   2   1   0   0  31   6   0   0   0  0.74 0.48
   73 T     2   2  -2  -3  -2  -2  -2  -1   0  -1  -1   1  -1  -1  -3   1   2  -1   0   0   22  12   1   0   1   0   0   5   3   3   7   8   1   3   0  12  12   1   3   8  0.19 0.22
   74 L    -1  -4  -6  -6   0  -5  -5  -6  -5   3   5  -4   2   0  -5  -2  -3  -5  -2   1    5   0   0   0   2   0   0   0   0  14  60   1   3   4   0   3   1   0   1   7  0.95 0.48
   75 S     0   4  -1  -4  -4  -1  -2  -2  -2   1  -1   1  -3  -5  -4   3  -2  -5  -4  -1    7  29   3   0   0   2   1   3   1   9   5   7   0   0   0  27   1   0   0   5  0.52 0.38
   76 D     3   1  -1   0  -3   0  -1   0   0  -4  -3   1  -3  -4  -3   3   1  -4  -1  -2   25   8   3   4   0   4   2   5   2   0   1   9   0   0   0  21  10   0   2   2  0.35 0.29
   77 A     0  -3  -5  -3   0  -5  -4  -5  -4   3   2  -5  -1   5  -5  -3  -2   0   1   3    7   1   0   2   2   0   1   0   0  14  17   0   1  29   0   2   2   1   3  19  0.67 0.36
   78 F    -3  -2  -5  -6  -3  -5  -5  -5   2  -3   0  -2   1   7  -6  -3  -5   3   6  -4    1   2   0   0   1   0   0   1   4   1   9   3   4  42   0   1   0   3  27   0  1.40 0.61
   79 R     0   4   1   0  -5   1   0  -1   2  -4  -3   3  -3  -2  -4   0  -2  -4  -1  -4    8  24   7   6   0   7   4   3   5   1   2  19   0   2   0   8   2   0   3   0  0.44 0.30
   80 E    -5  -2  -5  -5  -5  -1   1  -6   1  -3  -2  -1  -4   6  -6  -4  -1   6   6  -3    0   3   0   0   0   2   9   0   3   1   2   4   0  31   0   1   4  12  26   2  1.22 0.56
   81 A     3  -5  -5  -6   2  -4  -5  -4  -5  -1   4  -4  -1   1  -5  -4  -2   2  -2  -1   31   0   0   0   4   0   0   0   0   1  48   1   1   5   0   0   2   2   1   3  0.87 0.49
   82 I    -1  -2  -1  -1  -1   0   1  -4  -2   2   2  -1   2  -1  -4  -3  -1  -4   1   3    3   2   4   3   1   4   9   0   0  11  22   3   5   2   0   0   3   0   4  22  0.26 0.22
   83 A    -1   4   0   0  -4   1   1  -2   2  -2  -2   2  -2  -1  -4   0  -1   0  -2  -2    6  28   4   4   0   4  11   2   4   3   4  14   0   3   0   6   3   2   1   2  0.36 0.26
   84 E    -1   3   0   1  -3   2   4  -4   1  -4  -1   0  -1  -1  -4  -1   0   0  -1  -3    4  15   4   6   1   8  31   0   4   1   5   5   1   3   0   4   6   1   2   1  0.44 0.31
   85 G    -1  -1   1   1  -4  -1   1   5  -1  -4  -5   1  -4  -4  -4  -1  -1  -4   0  -5    3   3   7   7   0   2   9  45   2   1   0  10   0   0   0   2   3   0   4   0  0.70 0.38
   86 H    -2   0  -1  -1  -3   0   1  -4   4   1   2   1   0  -1  -3  -1  -2   3   2   0    3   4   2   3   0   4   9   0  11   7  24   9   1   2   0   3   0   4   7   4  0.22 0.20
   87 I    -1   1  -3  -4   1  -2  -4  -2  -2   4   1  -1   1  -2  -4  -2  -1   0  -1   3    4   8   1   0   3   1   0   2   1  27  15   3   4   0   0   2   4   2   2  20  0.37 0.25
   88 T     1   0   1   0  -3   1   1  -1   0  -1  -1   1  -1  -3   1   1   2  -4  -2  -2   13   4   6   5   0   8   7   4   2   3   5  11   2   1   5   8  14   0   1   1  0.14 0.14
   89 T     0   0   0   2  -1   0   2  -2   1  -1  -1   0  -1  -2  -1   0   0  -3  -1   0   10   4   3  12   1   2  15   2   4   4   5   6   1   1   2   8   7   0   2   8  0.10 0.11
   90 N    -3  -4   7   5  -6  -2  -1  -3   2  -6  -6  -1  -5  -6  -4   0  -3  -7  -3  -6    2   0  47  28   0   1   3   1   4   0   0   3   0   0   1   7   1   0   1   0  1.37 0.63
   91 H    -2  -5  -2  -4  -3  -3  -2  -3   0  -2  -4  -2  -6  -3   8  -3  -4  -7  -6  -2    3   0   2   1   1   1   3   2   2   3   2   3   0   1  72   1   1   0   0   3  1.95 0.80
   92 V     3  -4  -4  -4   2  -2  -3  -3  -4   1   1  -2   1   2  -2   0   1  -1  -3   1   32   0   0   0   5   1   1   0   0   7  11   1   3   8   1   6  11   1   0  10  0.37 0.29
   93 A     1   1  -1  -1  -3   0   2  -1  -2  -1  -1   1  -2  -2   0   0   1  -4  -2   0   17  10   2   3   0   3  14   4   0   4   8   8   0   2   3   8   8   0   1   7  0.12 0.14
   94 A     1   0   0  -1  -3   1   0   2   0   0   0   1   0  -2  -3   0  -1  -1  -1  -1   13   6   5   3   0   5   4  18   2   6  12   9   2   1   0   5   3   1   2   3  0.09 0.11
   95 T    -2  -3  -5  -5  -4  -3  -2  -6  -5   4   3  -5   0  -3  -3  -3   1  -5  -3   3    2   2   0   0   0   1   2   0   0  24  32   0   2   0   1   1  10   0   1  23  0.75 0.41
   96 R     0   3  -1   1  -4   2   1  -4   1  -2  -1   2  -2  -4   0   1  -2  -5  -2  -1    7  20   2   8   0   8   8   0   4   2   5  13   0   0   5  13   1   0   1   4  0.31 0.25
   97 A     2  -2  -1  -2  -3   0  -2  -1   2  -2   0  -1   0  -2   2   1   1  -4  -2   0   23   2   2   1   0   4   2   4   5   0  12   3   2   2  10  10  11   0   1   5  0.21 0.22
   98 A     1  -3  -3  -6  -7  -4  -4  -6  -6  -2  -3  -2  -6  -2   8  -1  -5  -8  -7  -3   10   2   1   0   0   0   1   0   0   2   3   2   0   2  71   5   0   0   0   2  2.00 0.84
   99 K    -2   4  -3  -5  -7  -1  -3  -6  -3  -4  -4   7  -1  -7  -3  -3  -3  -1  -6  -5    3  20   1   0   0   2   0   0   0   1   1  65   1   0   1   1   1   1   0   0  1.56 0.73
  100 S     0   0  -1  -1  -3   1  -1   0  -2   0   0   1   0  -3   1   0   1  -3   0   0   10   4   3   2   0   9   1   7   0   8  12  13   1   0   6   7   8   0   3   7  0.08 0.12
  101 E     0   1  -2   0  -5   1   3   0  -2  -5  -4   2  -3  -5   4   0  -1   0  -3  -2    7   9   1   4   0   7  20   6   0   0   1  10   0   0  21   5   3   1   0   2  0.48 0.32
  102 V    -2   5   0  -3  -5   1  -2  -3  -1   0  -3   4  -2  -5  -2  -1  -2  -6  -3   0    3  29   5   1   0   6   1   1   1   6   1  32   1   0   2   3   2   0   1   6  0.69 0.42
  103 R    -1   4  -1  -1  -5  -1   1  -3   3  -2  -2   3  -3  -3   2   0   0  -1   0  -3    4  23   2   3   0   1   7   1   7   2   4  17   0   0   9   7   6   1   4   1  0.36 0.27
  104 R    -4   2  -2  -5  -4  -4  -2  -6  -3   1   5  -1   1  -1  -1  -4  -1  -5  -4   0    0  13   2   0   0   0   3   0   1   8  54   4   2   2   3   0   3   0   0   6  0.72 0.42
  105 S    -2  -2  -2  -5  -6   1   0  -6  -5  -4  -6  -1  -6  -7   8  -3   0  -7  -6  -6    3   2   2   0   0   6   7   0   0   1   0   3   0   0  67   2   6   0   0   0  1.85 0.78
  106 R    -1   4  -3   0  -5   0  -1  -3   1  -1  -4   5  -4   0  -4   0  -1   3   1  -3    4  19   0   5   0   3   3   1   4   3   0  33   0   5   0   6   4   4   4   1  0.57 0.38
  107 L    -3  -6  -6  -4  -5  -5  -6  -4  -6   2   5  -6   3   2  -3  -6  -5   0  -1   0    1   0   0   1   0   0   0   1   0   8  66   0   6   8   2   0   0   1   2   4  1.18 0.57
  108 T    -2   0   0   2  -4  -3   0  -2  -2  -3  -2  -2  -2   0  -1   3   4  -4   1  -3    2   5   5  13   0   0   6   2   0   1   3   1   1   3   3  22  25   0   6   1  0.41 0.34
  109 A     0  -1  -2  -1  -3   1   2  -3   1   1   0  -1  -1  -2   2  -1   0  -1  -1   1   10   3   1   3   0   5  19   1   3   8   8   3   1   1  11   2   5   1   2  13  0.17 0.17
  110 D    -1  -1  -1   5  -6   1   4  -3   1  -6  -4  -1  -5  -6  -2   0  -3  -6  -2  -3    5   3   3  34   0   5  29   1   3   0   2   3   0   0   2   5   1   0   1   2  0.83 0.46
  111 E    -3   0  -2   3  -7   4   6  -5  -4  -7  -6  -2  -6  -7  -5  -2  -5  -7  -6  -6    2   5   2  14   0  18  55   0   0   0   0   1   0   0   0   3   0   0   0   0  1.45 0.71
  112 Y     2  -4  -5  -5  -3  -3  -2  -3  -5   3   1  -4   2   0  -4  -3   0   3  -1   4   17   0   0   0   0   1   2   1   0  14  10   0   5   4   0   1   4   4   2  35  0.56 0.35
  113 L     0   0   0   0  -3   1   2  -1  -2  -1   0   2   0  -1  -2   0  -1  -4  -3   0    6   5   5   5   0   6  16   4   0   2  12  17   2   3   1   6   2   0   0   7  0.14 0.16
  114 K     2   3  -2  -2  -4   3   1  -4   1  -3  -2   3  -1  -5  -4   0  -2  -5  -4  -2   20  19   1   2   0  15   6   0   4   2   3  15   1   0   0   8   1   0   0   2  0.48 0.34
  115 I    -2  -6  -6  -7  -5  -5  -4  -6  -6   3   5  -6   1   3  -6  -3  -4  -5  -2   0    3   0   0   0   0   0   1   0   0  15  60   0   3  10   0   2   0   0   1   4  1.13 0.54
  116 Y    -3  -5  -3  -2  -2  -2  -5  -6  -5   3   4  -4   2   2  -4  -4  -3  -4   1   0    1   0   1   2   1   2   0   0   0  15  49   1   5  10   1   1   0   0   5   5  0.80 0.43
  117 Q     0  -1   1   4  -5   2   3  -1   1  -3  -5   0  -1  -5  -4   1  -2  -6  -5  -2   10   2   6  24   0   9  23   4   3   1   0   4   2   0   0   9   2   0   0   3  0.55 0.36
  118 A     3  -2  -1  -3   1  -1  -1   0   0   1   0  -2  -1  -1  -2   1   0  -4   0   1   28   2   2   0   2   3   4   6   3   8   7   1   1   2   1  10   5   0   4  10  0.16 0.18
  119 A     2  -2  -1  -1   1  -1  -1  -2  -4   1   0  -1  -2  -2   4   0  -1  -5  -4   1   18   2   3   3   3   2   4   3   0   9   8   3   0   1  21   7   3   0   0  10  0.30 0.23
  120 E    -1  -2   0   3  -4   0   3  -1  -1  -3  -2   0  -2  -4   1   1   1  -5  -2  -2    5   2   3  19   0   4  23   4   1   0   5   4   1   0   7   9   9   0   2   3  0.35 0.27
  121 S    -1   1   1   2  -5  -1   2  -1   1  -4  -2   2  -3  -4   3  -1   0  -1  -4  -2    5   8   8  14   0   2  14   3   3   0   4  12   0   0  13   4   6   1   0   2  0.32 0.24
  122 S     0  -1   2   2   0  -1   0  -1  -2   0   0   0   0  -3  -1   0   1  -4  -3   0    9   4  10  15   2   0   6   4   1   4  11   5   2   1   2   7  12   0   0   6  0.12 0.14
  123 P     0  -1   0  -1  -4   1   1   0   2  -4  -3   2  -4  -1   4   0  -1   0  -4  -4    8   3   3   3   0   5   8   8   5   0   2  15   0   3  25   6   4   1   0   1  0.45 0.29
  124 C     0   0  -2  -2   1  -2   1  -4   0   2   2  -1   0  -1   1  -2  -1  -4  -2   0    7   7   2   1   3   1  10   0   3  16  28   3   1   2   6   1   2   0   1   5  0.21 0.20
  125 W    -2   7  -4  -2  -2  -2  -2   0   2  -6  -3  -2  -5  -5  -3  -3  -2   3   1  -5    3  59   0   2   1   1   2   9   4   0   2   1   0   0   1   2   2   4   5   1  1.25 0.61
  126 L    -3  -4   1   6  -2  -2  -3  -4  -4   0   2  -2  -1  -1  -2  -2  -2  -5   0  -3    2   0   8  46   1   2   0   0   0   5  19   2   2   3   2   2   3   0   3   1  0.82 0.46
  127 R     0   6  -3  -4  -5   1  -2  -3   1  -3  -1   3  -4  -5  -3  -3  -3  -2   0  -2    9  41   1   0   0   5   1   2   3   1   7  21   0   0   1   1   1   1   4   3  0.83 0.47
  128 L     5  -5  -2  -5   4  -5  -5  -3  -5  -3   1  -3  -2  -2  -5  -1   0  -6  -3  -1   58   0   2   0   8   0   0   1   0   1  13   1   1   2   0   4   7   0   1   4  0.97 0.56
  129 A     1  -5  -6  -6  -4  -5  -6  -5  -6   5   3  -5   6   0  -6  -5  -2  -5  -4   1   11   0   0   0   0   0   0   1   0  31  27   0  18   3   0   0   1   0   0   8  1.00 0.51
  130 M    -2  -5  -4  -6  -4  -5  -6  -6  -6   4   4  -5   4   2  -6  -5  -2  -5  -1   2    4   0   1   0   0   0   0   0   0  20  44   0  10   8   0   0   2   0   1  10  0.96 0.48
  131 E     0   1  -3  -2  -1  -1   6  -3  -1  -2   0   0  -1  -5  -5  -2   0  -5   0  -2    8   7   0   1   2   2  48   1   1   2   9   4   2   0   0   2   5   0   4   2  0.70 0.46
  132 L    -5  -6  -6  -7  -2  -6  -6  -7  -6   1   5  -6   0   2  -6  -4   0  -5  -4   2    0   0   0   0   1   0   0   0   0   6  65   0   1   8   0   1   5   0   0  12  1.25 0.59
  133 A     1  -5  -6  -6   2  -4  -6  -4  -6   1   5  -5   4   3  -6  -5  -4  -5  -3  -2   13   0   0   0   4   1   0   1   0   6  50   0  11  12   0   0   0   0   0   1  0.99 0.52
  134 V    -1  -6  -6  -7  -6  -3  -6  -7  -3  -1   1  -6  -1   1  -7  -3  -5   3   8  -1    6   0   0   0   0   1   0   0   0   3  13   0   2   4   0   2   0   4  61   4  1.79 0.78
  135 V     4  -3  -2  -1  -2  -2   0   2  -4  -3  -1  -3  -3  -2  -4   3  -1   1  -1  -1   34   1   2   4   1   1   5  14   0   1   6   0   0   2   0  20   2   2   2   4  0.46 0.35
  136 T     0  -4  -1  -5   4  -5  -5  -2  -1  -5  -6  -5  -5  -6  -5   4   6  -6  -3  -5    8   1   3   0   7   0   0   3   1   0   0   0   0   0   0  26  49   0   1   0  1.28 0.70
  137 G     0  -7  -5  -6  -7  -6  -7   7  -7  -8  -8  -6  -7  -8  -7  -3  -6  -7  -8  -8    7   0   0   0   0   0   0  91   0   0   0   0   0   0   0   2   0   0   0   0  2.51 0.98
  138 Q    -1  -5  -6  -7   2  -1  -6  -7  -6   3   5  -6   4  -1  -6  -5  -4  -5  -4   0    5   0   0   0   4   3   0   0   0  13  55   0  12   2   0   0   0   0   0   6  1.11 0.55
  139 R    -7   9  -6  -7  -9  -4  -5  -8  -5  -8  -7  -1  -7  -8  -7  -6  -6  -8  -7  -8    0  98   0   0   0   0   0   0   0   0   0   2   0   0   0   0   0   0   0   0  3.17 1.20
  140 V    -1   0  -4  -6  -1  -3  -5  -6  -5   3   2  -3  -1  -1  -5  -2  -1   2  -4   4    4   5   1   0   1   1   0   0   0  18  22   1   1   2   0   3   3   3   0  35  0.68 0.40
  141 G     1  -5   0  -5  -5  -4  -3   2  -5  -6  -7  -4  -3  -4  -5   6   0  -7  -6  -6    8   0   4   0   0   0   1  16   0   0   0   0   1   1   0  65   4   0   0   0  1.40 0.75
  142 D    -4  -5  -1  -1  -9  -3   8  -7  -5  -8  -8  -2  -7  -8  -6  -5  -6  -8  -7  -7    1   0   2   3   0   0  92   0   0   0   0   1   0   0   0   0   0   0   0   0  2.57 1.09
  143 L     3  -6  -6  -7   1  -5  -6  -5  -6   2   5  -5   0  -4  -6  -4  -4  -6  -5   1   23   0   0   0   3   0   0   1   0  11  53   0   2   0   0   0   0   0   0   7  1.05 0.55
  144 C     0  -2  -5  -6   6  -2  -2  -6  -2   2   2  -5  -2  -4  -5  -2   0  -2  -4   4    6   2   0   0  17   2   2   0   1  11  17   0   0   0   0   2   6   1   0  32  0.75 0.43
  145 E     1   0   4   0  -1   0   0   3   0  -6  -5  -2  -5  -6  -4   2  -1  -6  -5  -5   11   5  21   3   1   4   5  26   2   0   0   1   0   0   0  19   2   0   0   0  0.63 0.40
  146 M    -4  -3  -7  -8  -5  -6  -7  -8  -7   3   6  -6   2  -4  -7  -6  -4   0  -5  -2    1   1   0   0   0   0   0   0   0  15  74   0   4   0   0   0   1   1   0   2  1.60 0.71
  147 K    -2   3   3   3  -2   0   1  -4  -2  -5  -4   3  -3  -6   0  -1   1  -6  -5  -5    2  15  12  18   1   4   7   0   1   0   1  22   0   0   4   4  11   0   0   0  0.59 0.38
  148 W    -2   1  -4  -5  -2  -4  -3  -4  -2   2   3   1   1  -1  -2  -4  -2   6   0   2    3   8   0   0   1   0   2   1   1  13  27   8   4   2   2   0   2  13   3  12  0.52 0.33
  149 S     0   1   1   2  -4   1   1   1  -2  -3  -2   2  -3  -2  -3   1   0  -1  -2  -3    6   6   6  11   0   7  11  11   0   1   4  15   0   1   0  13   5   1   1   1  0.23 0.21
  150 D    -2  -3   1   7  -2   0  -2  -4   2  -7  -6  -5  -4  -7  -6  -2  -5  -8  -6  -4    4   2   7  70   1   4   1   1   5   0   0   0   0   0   0   3   0   0   0   2  1.78 0.79
  151 I    -3  -6  -6  -7  -5  -6  -6  -7  -4   5   3  -5   2  -1  -6  -5  -2  -6  -4   4    1   0   0   0   0   0   0   0   0  35  28   1   5   2   0   0   1   0   0  26  1.16 0.54
  152 V    -2  -2   4   2  -4   1  -1  -3   1  -1   1  -2   0   1  -2  -1  -1   3  -1  -1    2   2  20  14   0   7   4   1   3   2  18   1   2   7   1   4   2   4   1   4  0.29 0.25
  153 D    -1   2   1   4  -4   0   1  -1   0  -2  -1   0  -1  -3  -2   0   1  -5  -2  -2    5  11   7  24   0   3   7   3   2   2   8   5   2   1   2   6   8   0   1   2  0.25 0.21
  154 G     1   1   2   2  -2   2   0   2  -1  -3  -2   1   0  -4  -2   1  -1  -4  -2  -3   12   7  11  10   1   9   4  16   1   1   4   7   3   0   2   9   4   0   1   0  0.23 0.20
  155 Y    -1   1  -1  -1  -1   0   0   3   2  -2  -1   0   2   0  -2  -2   0  -3   1   0    3   9   3   2   1   5   6  23   6   1   5   4   8   5   1   1   6   0   4   7  0.16 0.18
  156 L    -1  -1  -4  -3  -1  -2   0  -2  -2   2   2  -3   4   2  -4  -1   0   1  -1   1    5   4   0   1   1   1   6   2   1  14  21   0  11  10   0   3   6   2   1  10  0.27 0.22
  157 Y    -3   0  -3  -5  -4  -4  -3  -5   2   3   1   0  -1   1  -5  -3   1   1   0   4    1   6   1   0   0   0   1   0   5  17  13   6   0   6   0   1   9   2   3  29  0.47 0.32
  158 V    -3   3  -4  -5  -4   0  -3  -4  -1   3   1   0   1  -1  -5  -2   0   0   0   3    1  21   0   0   0   4   0   1   1  16  12   6   3   2   0   2   5   1   3  21  0.42 0.31
  159 E    -3   2  -3  -2  -2  -3   0  -3   1   3  -2  -1  -3  -4   0  -4   1  -5  -2   4    1  12   1   2   1   0   6   1   3  16   2   3   0   0   5   0   7   0   1  38  0.54 0.38
  160 Q    -1   2  -1  -2  -2   1  -2  -2   1   1   1   0   2  -1  -1  -1   1  -4  -2   0    3  15   3   2   1   6   1   3   3  10  16   4   6   3   3   2  12   0   0   7  0.14 0.17
  161 S    -2  -1  -4  -5  -6  -4   0   6  -5  -3  -3  -4  -5  -3  -3  -1   2  -1  -2  -5    2   3   0   0   0   0   8  61   0   1   4   0   0   1   1   4  11   1   1   0  1.19 0.60
  162 K    -5   1  -5  -3  -8  -2  -1  -1  -2  -5  -7   8  -6  -8  -6  -2  -5  -7  -6  -4    0   5   0   1   0   1   3   5   1   1   0  80   0   0   0   2   0   0   0   1  1.98 0.88
  163 T    -3  -4   1  -5  -6  -5  -5   6  -1  -6  -4   1   0  -3  -6  -1   1  -6  -2  -2    1   0   6   0   0   0   0  61   2   0   1   8   2   1   0   3   9   0   1   3  1.20 0.60
  164 G    -2   1   4   0  -6  -1  -2   4  -2  -6  -6   2  -5  -6  -5   1  -4  -6  -5  -6    2   9  22   4   0   2   1  33   1   0   0  13   0   0   0  12   0   0   0   0  0.85 0.48
  165 V    -2   1  -1  -4  -4  -1  -1  -2  -2  -5  -6   7  -5  -3  -5   0  -2  -7  -5  -2    3   6   2   0   0   2   4   3   1   1   0  65   0   1   0   5   3   0   0   3  1.28 0.66
  166 K    -3   1   0   1  -6   3   4  -5  -2  -5  -5   2  -4  -6  -2   0   1  -6  -1  -3    1   7   5   7   0  14  32   0   0   0   0  13   0   0   1   7   8   0   2   1  0.68 0.44
  167 I    -3   8  -5  -1  -7  -2   0  -7   1   0  -4  -2  -5  -7  -6  -5  -2  -7  -6  -3    2  71   0   4   0   1   5   0   4   6   2   1   0   0   0   0   3   0   0   2  1.74 0.80
  168 A     0   0  -2  -2  -2  -1  -2  -4  -1   2   1  -1   2  -1  -1  -1   1  -3   1   1    9   6   2   2   1   2   1   0   1  17  16   4   5   2   2   4   9   0   5  11  0.15 0.16
  169 I    -2  -4  -6  -6  -4  -5  -3  -6   0   4   1  -5  -1  -2  -4  -5  -2  -6  -2   6    2   1   0   0   0   0   2   0   3  20   9   0   1   1   1   0   2   0   1  55  1.16 0.56
  170 P    -3  -2  -1  -5  -7  -5  -4  -3  -6  -4  -3  -3  -1  -3   8  -4  -5  -3  -2  -2    2   3   3   1   0   0   1   3   0   1   3   2   2   1  73   1   0   0   2   3  2.03 0.86
  171 T    -2  -2  -5  -5  -1  -2  -4  -5  -4   3   2  -2   2   3  -4  -3  -2  -2   0   4    3   2   0   0   1   2   1   0   0  14  22   3   5  12   1   2   2   0   3  27  0.53 0.31
  172 A     1  -4   0  -3  -4  -3  -3   4  -2  -3  -2  -3  -2  -1   1   2   1  -4  -3  -2   13   0   4   0   0   0   1  38   1   1   4   1   1   3   6  13   8   0   1   3  0.55 0.34
  173 L     1   0  -1   0  -2   0   0   0  -2  -1   0   0  -1   0   0   1  -1   0  -2   0   11   6   1   4   0   4   7   7   0   4  14   7   1   4   5  16   1   2   1   6  0.06 0.10
  174 H     0   1   1  -1  -3   0   0  -2   1  -1  -1   2   0   1   0   0   0  -1   2  -2    9   6   8   3   0   5   4   2   4   3   5  15   3   6   4   7   5   1   8   2  0.10 0.11
  175 I     2  -1  -2   0   2  -1   0  -2  -2   0   0  -1   0  -1   1   0   1  -3  -2   0   24   3   1   6   4   2   6   1   1   7   7   4   2   2   7   5   9   0   0   8  0.13 0.13
  176 D     1   1   0   1  -3   1   3  -2   1  -1  -1   1  -2  -2  -1   0   0  -3  -1  -1   11   6   3   8   0   5  22   1   4   4   5   7   0   2   2   5   7   0   2   4  0.19 0.15
  177 A     4  -1  -3  -3  -3   0   0  -2  -3   1   1  -2  -1  -3  -1  -1  -1   0   1   0   37   3   0   1   0   3   8   2   0   7  12   1   1   0   3   4   4   1   5   7  0.31 0.26
  178 L     0  -1  -3  -2   1   0  -1  -2  -3   2   3   0  -1  -2  -3  -2  -1  -2  -1   2   10   4   1   2   4   3   4   2   0  10  30   8   0   1   1   2   3   1   1  13  0.20 0.17
  179 G     0   1   2   1  -3   1   2   0   0  -1  -1   1  -1  -2  -1   0   0  -1  -1  -1    8   7  13   6   0   5  15   5   3   5   4   8   1   1   2   5   4   1   3   5  0.12 0.10
  180 I     0  -1  -1  -2   0   0  -1  -2   0   0   0   0   0   0   0  -1  -1   6   3   0   11   4   3   1   2   4   5   2   2   6  11   5   2   3   5   3   4  11  11   7  0.18 0.14
  181 S     2  -1  -4  -4  -3  -3  -3  -2  -1   1   3  -1   0  -1  -4   0  -2   3   3   0   16   4   0   0   0   0   0   2   2   7  31   3   2   1   0   9   1   4  12   6  0.35 0.27
  182 M    -2   2  -3  -1  -3   1   1  -3  -3   1   2   1   1  -1  -3  -1  -1   1  -1   0    2  14   0   3   0   6   8   1   0   8  25   8   4   2   1   4   4   2   2   5  0.19 0.19
  183 K     0   2   0   1  -2   1   3  -2   0  -1  -1   2  -2  -3  -2   0  -1  -4  -2  -1    9  12   3   6   1   7  19   2   2   3   7  12   1   0   1   6   3   0   1   4  0.22 0.19
  184 E     1   2   0   1  -4   1   1  -3   2  -2  -3   0  -3  -1  -3  -1  -1   4   4  -1   11  13   4   8   0   5  11   1   4   3   1   4   0   2   1   2   2   5  17   5  0.34 0.26
  185 T    -1   1  -2  -3  -2  -2  -3  -1  -2   1   3   0   1  -1  -3  -2   0   2   3   0    4   8   2   1   0   0   1   6   1   8  31   7   3   1   1   2   5   3  11   4  0.25 0.22
  186 L    -1   3   0   0  -4   1   1  -1  -2   0   1   1  -1  -2  -2  -1  -1   0  -1  -1    5  23   3   6   0   6   9   5   0   6  14   7   1   1   2   3   2   1   2   5  0.17 0.17
  187 D     0   1   0   2  -3   1   1  -2   0  -1  -1   1  -1  -2   2   0  -1   0   0  -1    9   7   5  12   0   8  11   1   2   3   5   7   2   2   9   5   2   1   3   6  0.14 0.12
  188 K    -1   3  -1  -2  -3   2   0  -2   1  -2   0   1   0   1  -1  -1  -2   5   1  -3    5  20   2   2   0   9   6   3   4   1  10   6   2   5   3   5   1   9   4   1  0.28 0.22
  189 C     0   0  -1  -1   3   0  -1  -1   1   0   1   0   0   1   1  -1   0  -1   1  -1    7   6   3   3   8   5   2   4   4   5  16   6   2   7   7   3   4   1   5   2  0.06 0.09
  190 K     0   3   0  -2  -3  -1   0  -1  -2  -2  -1   3  -1  -2   2  -1   0  -4  -1  -1   10  16   3   1   0   2   5   5   1   2   8  19   1   1  11   4   4   0   3   3  0.23 0.19
  191 E     0   0   0   1  -3   1   2   0   0  -2  -1   2   0  -1   1   0   0   1  -1  -2    6   5   3   9   0   4  15   7   2   2   6  13   3   3   6   5   4   2   2   2  0.12 0.11
  192 I     1   0   1  -1  -2   0   0  -1  -1   0   0   1   0  -1   0   0   0  -3  -1   0   15   5   7   3   0   4   7   4   1   7   9  11   2   2   5   8   3   0   2   5  0.05 0.06
  193 L     0   0   0   0  -2   0   0   1  -1  -1  -1   1  -1  -2   2   0   0  -3  -2   0   10   3   3   5   0   5   5  14   2   4   8  10   1   1  10   6   6   0   1   7  0.10 0.08
  194 G     0   0   0   2  -3   1   1   1  -1  -1  -1   1  -2  -2   0   1  -1  -3  -1  -1    8   4   5  15   0   7  10   9   1   3   5   9   1   2   5   9   2   0   2   5  0.13 0.11
  195 G     1  -1   1   1   2  -1   0   1   1  -3  -3  -1  -3  -2   0   2   1  -4  -3  -2    9   2   6  10   5   2   5  13   4   1   2   2   0   2   5  20  10   0   0   1  0.23 0.20
  196 E     1   0   1   3  -1   1   3  -1   0  -3  -4   0  -3  -4   2  -1  -2  -4  -4  -3   10   6   8  17   2   6  19   4   2   1   1   6   0   0  11   3   2   0   0   2  0.38 0.26
  197 T     2  -1  -4  -2  -4  -1  -2  -4   3  -2  -2  -2  -3   2   3  -2   0   4   4  -1   22   3   0   2   0   2   2   0   7   2   4   2   0   8  13   1   7   6  15   3  0.46 0.32
  198 I    -4  -5  -6  -6  -2  -5  -6  -6  -6   2   5  -4   1   2  -6  -5  -3  -5  -2   3    0   0   0   0   1   0   0   0   0  11  56   1   2   8   0   0   1   0   1  18  1.08 0.51
  199 I    -6  -6  -7  -4  -6  -7  -7  -7  -5   0   0  -7  -4   9  -7  -6  -6  -4   1   0    0   0   0   2   0   0   0   0   0   5   8   0   0  75   0   0   0   0   3   6  2.25 0.85
  200 A    -1   0  -2  -4  -2  -1  -4  -4  -4   1   2  -2   0  -1   3  -1   1  -4  -2   3    4   5   1   0   1   3   0   1   0   8  25   1   1   2  13   3   9   0   1  21  0.37 0.28
  201 S     0  -1   4   0  -5  -2   0   2  -1  -5  -4  -3  -2  -2  -3   4   1  -6  -5  -3    5   3  24   4   0   1   5  14   1   0   1   0   1   2   1  28   8   0   0   1  0.62 0.42
  202 T     0   2   0   0   1   2   0  -3   1  -2  -1   2   0  -1  -2   1   1  -4   0  -2    8  10   5   4   4  13   4   1   4   1   5  13   3   2   1   9   7   0   4   1  0.17 0.18
  203 R    -2   6  -1  -3  -6   2  -2  -5   2  -3  -2   2  -4   1  -5  -1  -2  -5   2  -5    3  43   2   1   0   7   1   0   4   1   5  13   0   6   0   4   2   0   7   0  0.85 0.48
  204 R     0   1  -2  -5  -6  -4  -5   6  -3  -6  -4   0  -2  -3  -5  -2  -3  -6  -6  -4    8   8   1   0   0   0   0  65   1   0   2   6   1   1   0   3   2   0   0   1  1.32 0.61
  205 E     0   1   1   1  -4   1   0   2   2  -3  -3   2  -3  -1  -2   0   0  -4  -3  -2    7   8   7   9   0   6   6  16   5   1   1  17   0   3   1   6   5   0   0   2  0.25 0.21
  206 P    -2   5  -4  -2  -6   2  -2  -3   1  -6  -5   2  -3  -1   5  -3  -2  -5   0  -5    3  32   0   2   0   9   1   2   3   0   0  11   0   3  28   0   2   0   3   0  1.01 0.54
  207 L    -4  -2  -6  -6  -4  -5  -5  -6  -3   4   5  -4   4  -3  -3  -5  -3  -5  -4   1    0   2   0   0   0   0   0   0   1  22  53   1  10   0   1   0   1   0   0   6  1.14 0.54
  208 S    -2  -2   0   2  -4   0  -1  -1   1  -5  -4   0  -4  -3  -3   4   4  -5  -1  -4    2   1   4  10   0   4   2   3   3   0   1   5   0   1   1  35  25   0   2   0  0.65 0.44
  209 S     1   4  -2   1  -4   1  -1  -2   1  -4  -4   0  -4  -5   4   0   0  -5  -2  -2   15  24   1   7   0   5   3   2   4   0   1   4   0   0  18   7   6   0   2   3  0.48 0.33
  210 G    -2   5   0   0  -5   4  -1  -1  -2  -5  -5   0  -1  -5  -2   2  -2  -5  -2  -4    3  31   4   5   0  20   3   4   1   0   0   5   2   0   2  16   2   0   1   1  0.70 0.44
  211 T     1  -2   0  -1  -1   2  -3   2  -2  -1  -2  -2  -3  -4  -2   2   2  -1  -1   0   14   2   4   3   1   9   0  15   1   3   2   1   0   0   1  19  15   1   2   8  0.27 0.26
  212 V     0  -5  -6  -4  -2  -5  -5  -6  -5   4   1  -3  -2   4  -5  -3  -4  -5  -3   4    7   0   0   1   1   0   0   0   0  26   9   1   0  18   0   1   0   0   0  35  0.95 0.48
  213 S     0   2   0   0  -5   4   1  -2  -1  -5  -2  -2  -4   0  -4   0  -1   7   2  -4    8  12   4   4   0  19   8   3   1   0   3   1   0   3   0   7   4  16   7   0  0.61 0.39
  214 R    -1   4   0  -2  -2   1  -2  -3   2  -2   0   3   0  -3  -1  -1  -1  -4   2  -3    5  22   3   1   1   4   1   1   6   2   9  22   2   0   3   4   3   0   7   1  0.38 0.29
  215 Y     0   3  -1  -2  -2  -1  -1  -3  -2   3   1  -1   4  -2  -4  -2  -1   1   0   0    9  20   2   2   1   1   5   1   1  17  10   2  11   1   0   2   3   2   3   7  0.27 0.24
  216 F    -3  -5  -6  -6  -1  -5  -6  -6  -5   3   3  -3   3   4  -6  -5  -2  -4   0   4    1   0   0   0   1   0   0   0   0  13  29   1   7  15   0   0   1   0   3  28  0.87 0.45
  217 M     0   4   1  -1  -5   1   0  -2   1  -2  -5   5  -2  -5  -4  -1  -1  -6  -3  -3    9  21   6   3   0   5   6   3   3   3   0  33   1   0   0   3   2   0   1   1  0.63 0.40
  218 R    -2   3  -2   0  -1   2   1  -2   1  -4  -4   5  -3  -3  -4   0  -1  -6  -4  -4    3  17   1   5   1  11   9   2   4   1   1  34   0   1   0   6   3   0   0   0  0.68 0.42
  219 A     2  -2  -3  -5  -4  -4  -4  -4   1   1   2  -4   1  -2  -3  -1  -1   5   6  -1   16   3   1   0   0   0   1   1   3  10  18   0   3   0   1   4   3   7  28   2  0.67 0.42
  220 R     3   2  -3  -4  -3  -3  -3   2  -1  -1   0   0   0  -1  -4   0  -1   0  -1   1   26  11   0   0   0   0   0  15   2   3  10   6   2   2   0   6   2   1   2  12  0.26 0.25
  221 K     0   1   0   0  -1   2   2  -1  -1   0  -1   2  -2  -3  -3  -1  -1  -4  -1   0    6   7   5   5   1  10  16   4   1   6   6  16   1   1   0   4   1   0   3   7  0.18 0.17
  222 A     0   3  -2   0  -4   1   0  -2   0  -1   0   3   0   0  -2  -1  -2  -4  -1  -1   10  20   1   5   0   5   7   3   3   3  10  19   2   4   1   3   0   0   1   3  0.24 0.21
  223 S     4  -2  -2  -3   2   1  -1  -2  -3   0  -1  -3  -1  -1  -3   2   1  -4  -1   0   34   1   1   0   4   7   4   1   0   4   5   0   1   3   0  13  10   0   2   8  0.34 0.28
  224 G     0  -2   1   0  -5  -4  -4   6  -4  -3  -5   0  -4  -5  -2   0  -2  -5  -5  -5    8   2   6   4   0   0   1  57   0   2   1   5   0   0   2   7   3   0   0   1  1.02 0.48
  225 L    -1  -4  -4  -3  -4  -4  -2  -2  -4   4   3  -4   1   1  -3  -3  -1  -1  -1   1    4   0   0   2   0   0   3   4   0  26  35   0   2   5   1   1   4   1   2   8  0.54 0.31
  226 S     1   0   1   2  -3   0   1   0   0  -3  -3   1  -3  -3   1   1   1  -2  -3  -2   10   5   6  13   0   4   8   6   2   1   2  10   0   1   7  13   8   1   0   3  0.20 0.17
  227 F     0   0  -1  -1  -3   1   0  -1  -1  -1   0   2   0  -1  -1   0   0   3  -1   0    6   4   1   3   0   5   7   5   1   1   8  20   2   3   3   8   6   5   2   9  0.11 0.13
  228 E    -3   2   0   1  -4   0   2  -1   6  -2  -4   1  -3  -4   2   0  -1  -4  -2  -3    1  14   4   9   0   2  12   4  19   2   1   7   0   0  10   7   4   0   1   2  0.48 0.30
  229 G     0  -2  -3  -4  -3  -3  -4   1  -4   4   2  -2   1  -2  -2  -2  -2  -4  -3   3    7   2   1   0   0   0   0  14   0  23  21   3   3   1   2   2   1   0   0  18  0.40 0.26
  230 D    -2  -1   1  -1  -4  -1  -1  -1   6  -4  -4   0  -4  -3  -4   3   4   0  -3  -4    2   3   7   2   0   2   4   4  20   0   1   4   0   1   0  22  24   1   0   0  0.69 0.43
  231 P     0  -2  -3  -1  -6  -2  -4  -3  -5  -4  -6  -2  -5  -6   8  -3  -2  -6  -2  -4    7   2   1   4   0   2   0   2   0   1   1   2   0   0  68   2   3   0   2   1  1.83 0.76
  232 P    -2  -4  -4  -3  -6  -4  -3  -3  10  -2  -1  -4  -5  -1  -1  -4  -3  -5  -1  -2    4   0   0   1   0   0   1   2  67   2   6   0   0   3   4   1   2   0   2   3  2.16 0.82
  233 T     0   2  -3  -4  -4  -3  -2  -1   0   0  -2   2   4  -4  -4   1   4  -5  -4   0    6  10   0   0   0   0   1   4   2   4   3  14  12   0   0   9  27   0   0   7  0.45 0.35
  234 F    -3  -5  -6  -6  -5  -5  -5  -6   0   1   5  -5   0   4   1  -4  -3  -4  -3  -1    2   0   0   0   0   0   0   0   3   6  54   0   1  20   8   1   2   0   0   2  1.04 0.52
  235 H    -4   7  -2  -5  -7  -2  -4  -6   7  -7  -6  -3  -5  -6  -6  -5  -5  -7  -4  -4    1  65   1   0   0   1   0   0  29   0   0   0   0   0   0   0   0   0   0   1  2.29 0.87
  236 E    -4  -3  -4   2  -7  -2  -1  -6  10  -2  -3  -1   2  -3  -6  -2  -5  -6  -3  -3    1   1   0  10   0   2   3   0  63   3   3   3   4   1   0   3   0   0   0   2  2.02 0.78
  237 L     0   1  -1  -1  -1   0  -1  -1  -1   0   2  -1   0   0  -1   0   0  -1  -1   0    7   8   3   3   1   4   4   5   1   5  28   4   2   4   3   5   6   1   2   4  0.05 0.03
  238 R    -1   5  -1  -1   1   0  -1  -1   2  -1  -1   0  -1  -1  -1   0  -1  -1  -1  -1    5  36   3   3   3   2   4   4   5   3   5   5   1   2   3   7   3   1   2   4  0.34 0.11
  239 S     2  -1  -3  -4  -4  -4  -4  -1   1  -5  -5  -4  -5  -6  -4   5   5  -6  -5  -4   15   4   0   0   0   0   0   5   4   0   0   0   0   0   0  41  31   0   0   0  1.06 0.58
  240 L    -3  -4  -6  -6  -5  -6  -3  -6  -1   1   1  -6  -1   8  -6  -3  -4   2   1  -1    2   1   0   0   0   0   2   0   2   6  13   0   2  59   0   2   1   3   4   3  1.48 0.59
  241 S     7  -5  -5  -5  -2  -5  -5  -2  -1  -3  -5  -5  -5  -6  -5  -1  -1  -6  -5  -3   85   0   0   0   1   0   0   2   2   2   0   0   0   0   0   4   3   0   0   1  1.78 0.77
  242 A     0  -5  -4  -4  -4  -2  -2  -4  -5  -4  -3  -4  -1  -6  -5   3   7  -6  -5   0    6   0   0   0   0   1   3   1   0   0   2   0   2   0   0  19  60   0   0   5  1.31 0.65
  243 R    -1   2  -1   0  -6  -1  -1  -5   9  -3  -3  -3  -5  -3  -6  -2  -1   2  -1  -6    6  13   3   5   0   2   3   0  54   1   3   1   0   1   0   2   4   3   1   0  1.57 0.66
  244 L    -2  -3  -7  -7  -5  -5  -6  -7  -6  -2   6  -6   5  -1  -7  -5  -5   2  -2  -2    3   2   0   0   0   0   0   0   0   1  71   0  16   2   0   1   0   3   1   1  1.52 0.66
  245 Y     0  -5  -6  -4  -4  -5  -3  -6  -5   1   5  -5   3  -2  -6  -3  -4  -4   3  -1    9   0   0   1   0   0   2   0   0   7  59   0   6   1   0   2   0   0  11   3  1.00 0.50
  246 E    -1   0   3   1  -6   3   5  -2  -2  -2  -5   0   0  -5  -4  -2  -3  -6  -2  -5    5   6  17   7   0  13  36   2   1   3   0   4   3   0   0   2   1   0   2   0  0.74 0.43
  247 K     2   1   3  -3  -4   0   0   1   3  -4  -3   1  -1  -4  -4   1  -1  -5  -2  -3   19   8  18   0   0   3   5  12   8   0   2   8   1   0   0  11   3   0   1   1  0.39 0.28
  248 Q    -2  -2   0  -2  -6   1  -2   6  -2  -6  -6  -2  -5  -6  -5   1   0  -6  -6  -6    1   2   4   2   0   7   2  62   1   0   0   2   0   0   0  11   5   0   0   0  1.25 0.56
  249 I     4  -1  -2  -4   0  -1  -4   2  -2   1  -2   0   0  -3  -4  -2  -3  -1  -3   2   40   3   1   0   2   3   0  16   1   7   2   6   3   1   0   1   0   1   1  13  0.47 0.34
  250 S    -5  -5   2   7  -7  -4  -1  -4  -5  -7  -4  -4  -6  -7   2   1  -2  -8  -7  -7    0   0   8  64   0   0   2   1   0   0   2   0   0   0  11  10   2   0   0   0  1.62 0.70
  251 D    -3  -3  -5  -1  -4   1  -5  -6  -5   3   5  -5  -1  -3  -2  -4   0  -5  -4   1    1   1   0   5   0   7   0   0   0  19  51   0   1   0   2   0   5   0   0   7  0.83 0.44
  252 K    -3   6  -2  -2  -6  -3  -3  -4   2  -2  -2   2   0  -5  -2  -2  -4  -6  -2  -1    2  53   1   2   0   0   0   1   5   3   4  14   3   0   2   3   0   0   2   6  1.04 0.52
  253 F     2  -4  -3  -2  -3  -2   0  -3  -4   1   1  -2  -2  -1  -4   0   3  -4  -3   3   20   0   0   1   0   1   5   1   0   8  11   2   0   3   0   8  19   0   1  21  0.34 0.27
  254 A    -2  -6  -6  -7  -4  -6  -6  -7  -7   5   2  -6  -2  -4  -6  -5  -1  -6  -5   6    2   0   0   0   0   0   0   0   0  26  18   0   0   0   0   0   3   0   0  50  1.32 0.58
  255 Q    -1  -4  -4  -5  -7   8  -1  -3  -4  -7  -6   0   1  -7  -6   0  -5  -6  -6  -4    6   0   0   0   0  73   2   2   0   0   0   4   4   0   0   8   0   0   0   1  1.97 0.88
  256 H    -2   1  -2   1  -1  -1   5  -4   3  -5  -3   2   1  -6  -3  -1  -1  -6  -5  -4    3   6   1   7   2   1  46   0   6   0   2  14   4   0   1   3   3   0   0   1  0.82 0.46
  257 L    -3   0  -6  -6  -5   1  -5  -6  -5   1   5  -5   4  -2  -6  -5  -4  -1   1  -1    1   6   0   0   0   7   0   0   0   6  60   0  11   1   0   0   0   1   4   2  1.06 0.52
  258 L    -4  -6  -7  -7  -5  -6  -6  -3  -7  -2   6  -6   0  -2  -7  -1  -3  -6  -5  -2    1   0   0   0   0   0   0   3   0   0  85   0   2   1   0   5   1   0   0   2  1.65 0.71
  259 G    -4  -1  -2  -3  -7  -6  -6   7  -6  -8  -8  -6  -7  -8  -7  -5  -6  -7  -8  -8    0   4   2   1   0   0   0  93   0   0   0   0   0   0   0   0   0   0   0   0  2.49 0.90
  260 H    -7  -6  -5  -6  -8  -5  -5  -7  11  -9  -8  -6  -7  -6  -8  -6  -7   2  -1  -9    0   0   0   0   0   0   0   0  96   0   0   0   0   0   0   0   0   3   1   0  4.07 1.29
  261 K     3   1  -3  -3  -4  -1   1  -2  -4  -4  -5   2  -4  -5  -4   4   1  -6  -5  -1   26   8   0   0   0   2   8   2   0   0   0  12   0   0   0  31   7   0   0   3  0.61 0.40
  262 S    -3   0   4   4  -5  -3  -3  -4   1  -6  -6  -4  -1  -6  -5   5  -1  -7  -5  -6    0   5  21  23   0   1   0   0   3   0   0   0   2   0   0  42   3   0   0   0  1.13 0.58
  263 D    -4  -4  -5  -3  -4  -3  -3  -6  -5   5   4  -3   1  -3  -1  -5   0  -5  -2   2    0   1   0   2   0   1   2   0   0  34  38   1   2   0   3   0   5   0   1  11  0.83 0.42
  264 T     1   0   1  -3  -4   2   1  -2  -2  -4  -5   1  -4  -6  -4   5   1  -6  -5  -4   10   4   6   0   0  10  10   2   1   1   0   7   0   0   0  41   7   0   0   0  0.68 0.43
  265 M    -3  -5  -4  -3  -5  -2  -5  -6  -1   0  -4  -5   5  -5  -5   0   7  -6  -5   0    1   0   0   2   0   2   0   0   2   4   0   0  12   0   0   6  64   0   0   7  1.46 0.70
  266 A    -1  -6  -5  -6  -5  -5  -5  -6  -6  -5  -1  -5   0  -6  -5  -2   8  -7  -6  -1    4   0   0   0   0   0   0   0   0   0   5   0   2   0   0   1  83   0   0   4  2.01 0.86
  267 S     1   0  -4   1  -6   7   0  -3  -1  -3  -3  -3   4  -6  -5  -1  -2  -6  -5  -3   10   4   0   7   0  50   4   2   2   1   2   0  10   0   0   3   2   0   0   2  1.07 0.58
  268 Q    -4   3  -3  -5  -5  -2  -4  -6   1   6   1   0  -2  -3  -3  -3  -4   1  -2   1    0  16   1   0   0   1   0   0   4  47  10   6   0   0   1   2   0   2   1   8  0.83 0.43
  269 Y    -7  -7  -7  -8  -8  -7  -7  -8  -3  -6  -6  -7  -6  -2  -8  -7  -7  -3  10  -6    0   0   0   0   0   0   0   0   0   0   0   0   0   0   0   0   0   0 100   0  3.76 1.19
  270 R     0   1   4   2  -3   1   0  -2   3  -3  -3  -1  -2  -3  -2   0   2  -4  -2  -3    6  10  30  12   0   9   0   0   9   0   0   0   0   0   0   4  19   0   0   0  0.41 0.14
  271 D    -3  -2   2   6  -4  -1   0  -2   3  -1  -4   0  -3  -4  -3  -1  -2  -5  -3  -3    0   0  11  67   0   0   0   0  12   5   0   5   0   0   0   0   0   0   0   0  0.96 0.21
  272 D     0  -2   2   5  -3   0   3  -2  -1  -3  -3  -1  -3  -4  -2   1  -1  -4  -3  -1    7   0   8  46   0   0  21   0   0   0   0   0   0   0   0  13   0   0   0   6  0.58 0.13
  273 R    -2   5  -1  -2  -4   4   0  -3  -1  -4  -3   2  -2  -4  -3  -1   0  -3  -3  -3    0  55   0   0   0  31   0   0   0   0   0   8   0   0   0   0   6   0   0   0  0.85 0.18
  274 G     0   0  -1  -1  -2   0   1   4  -1  -2  -1   2  -1  -2  -2   0  -1  -2  -2  -2    9   1   1   1   0   1  11  37   0   1   9  26   0   0   1   1   1   0   0   1  0.30 0.06
  275 R    -2   4   3  -1  -3   0   1  -2  -1  -2  -3   3  -2  -3  -2  -1  -1  -4  -2  -1    0  33  25   0   0   0   8   0   0   0   0  26   0   0   0   0   0   0   0   8  0.46 0.09
  276 E     2   1   0   2  -3   0   2   0   3  -3  -3   1  -2  -3  -2   0  -1  -3  -2  -2   28   9   0  15   0   0  17   8  14   0   0   9   0   0   0   0   0   0   0   0  0.27 0.06
  277 W    -3  -3  -4  -5  -3  -3  -4  -4  -2  -1   3  -3   0   1  -4  -3  -3  10   3  -1    0   0   0   0   0   0   0   0   0   0  40   0   0   0   0   0   0  49  11   0  1.31 0.13
  278 D    -2  -1   0   5  -3  -1   0  -2  -2   0   0   1  -1  -3  -2   0  -1  -4  -3  -2    0   0   0  58   0   0   0   0   0   7  15  11   0   0   0   8   0   0   0   0  0.47 0.08
  279 K    -1   3  -1  -1  -4   2   0  -2  -1  -1  -2   5  -2  -3  -2  -1  -1  -3  -2  -2    0  15   0   0   0  11   0   0   0   7   0  67   0   0   0   0   0   0   0   0  0.56 0.10
  280 I     0  -3  -3  -4  -1  -3  -3  -3  -3   3   2  -3   1  -1  -3  -2  -1  -3  -2   3   11   0   0   0   0   0   0   0   0  18  30   0   0   0   0   0   0   0   0  42  0.34 0.06
  281 E     3  -1  -1   2  -2   0   3  -1  -1  -2  -2   0  -2  -3  -1   0  -1  -3  -2  -1   47   0   0  17   0   0  36   0   0   0   0   0   0   0   0   0   0   0   0   0  0.36 0.02
  282 I    -2  -3  -4  -4  -1  -3  -3  -4  -3   4   2  -3   1   0  -3  -3  -1  -3  -1   2    0   0   0   0   0   0   0   0   0  75  25   0   0   0   0   0   0   0   0   0  0.39 0.01
  283 K    -1   2   0  -1  -3   1   1  -2  -1  -3  -3   5  -1  -3  -1   0  -1  -3  -2  -2    0   0   0   0   0   0   0   0   0   0   0 100   0   0   0   0   0   0   0   0  0.52 0.00

                      K         Lambda
Standard Ungapped    0.1314     0.3173
Standard Gapped      0.0380     0.2670
PSI Ungapped         0.1240     0.3172
PSI Gapped           0.0380     0.2670
