
Last position-specific scoring matrix computed, weighted observed percentages rounded down, information per position, and relative weight of gapless real matches to pseudocounts
           A  R  N  D  C  Q  E  G  H  I  L  K  M  F  P  S  T  W  Y  V   A   R   N   D   C   Q   E   G   H   I   L   K   M   F   P   S   T   W   Y   V
    1 N   -2  0  6  1 -3  0  0  0  1 -3 -4  0 -2 -3 -2  1  0 -4 -2 -3    0   0 100   0   0   0   0   0   0   0   0   0   0   0   0   0   0   0   0   0  0.73 0.00
    2 S    1 -1  0 -1 -2 -1 -1 -1 -1 -3 -3 -1 -2 -3  5  3  1 -3 -2 -2    0   0   0   0   0   0   0   0   0   0   0   0   0   0  34  66   0   0   0   0  0.68 0.01
    3 A    2 -1 -1 -2 -1  0 -1 -1 -1 -1  0 -1  3 -1 -1  2  0 -2 -2  0   33   0   0   0   0   0   0   0   0   0   0   0  34   0   0  34   0   0   0   0  0.19 0.01
    4 H   -2  3  0  0 -4  3  3 -3  5 -4 -3  1 -2 -3 -2 -1 -2 -3 -1 -3    0  18   0   0   0  21  27   0  25   0   0   8   0   0   0   0   0   0   0   0  0.56 0.08
    5 Q   -2  1 -1  0 -4  3  3 -3 -1 -4 -3  4 -2 -4 -2 -1  0 -4 -3 -3    0   5   0   4   0  18  26   0   0   0   0  41   0   0   0   0   6   0   0   0  0.60 0.14
    6 R   -1  3 -1  0 -3  2  0 -2 -1 -3 -1  3 -2 -2 -2  1 -1 -3  1 -3    4  25   0   4   0   8   3   0   0   0   5  31   0   0   0  11   0   0   9   0  0.39 0.13
    7 Q   -2  2  1  2 -4  4  3  0 -1 -4 -4  2 -2 -4 -2 -1 -2 -4 -3 -3    0  11   5  13   0  26  19   9   0   0   0  17   0   0   0   0   0   0   0   0  0.52 0.15
    8 T   -1  2  2  0  0  2  2 -2 -1 -3 -1  3 -2 -3 -2  0  0 -4 -3 -3    3  11  13   3   2   9  14   0   0   0   6  30   0   0   0   5   5   0   0   0  0.34 0.13
    9 L   -3 -3 -4 -5 -3 -3 -4 -5 -3  2  4 -3  3  1 -4 -3 -2 -2  3  1    0   0   0   0   0   0   0   0   0  12  54   0  12   4   0   0   0   0  12   7  0.65 0.20
   10 Y   -2  0 -3 -4 -3 -2 -2 -4 -1  2  0  0 -1  2 -4 -3 -1  5  6  0    2   7   0   0   0   0   2   0   0  13   7   6   0   7   0   0   2   7  40   6  0.61 0.20
   11 Q   -2  1  1  2 -4  1  4 -3  2 -3 -2 -1 -2 -1  0  1 -1 -4 -2 -2    0   8   7  11   0   6  37   0   7   0   5   0   0   3   3  11   0   0   0   3  0.40 0.16
   12 L    1 -3 -4 -4 -2 -3 -4 -4 -4  3  3 -3  3 -1 -3 -2 -1 -3 -2  1   14   0   0   0   0   0   0   0   0  26  41   0   9   0   0   0   2   0   0   8  0.51 0.18
   13 M   -2 -2  4 -2 -3 -1 -2 -3  5 -1  2 -2  4 -2 -4 -2  1 -3  0 -2    0   0  24   0   0   2   0   0  19   0  26   0  16   0   0   0  11   0   3   0  0.50 0.22
   14 D    1  0  1  2 -3  1  3 -2 -1 -3 -3  1 -3 -4  0  2 -1 -4 -3 -2   10   2   8  12   0   5  29   0   0   0   0  11   0   0   3  18   0   0   0   2  0.40 0.15
   15 G    0  0 -1 -1 -3  2  2 -1 -1  0  1  1  1  0 -2 -1 -1 -3 -2  0   12   6   2   0   0  15  17   4   0   7  15   7   4   4   0   3   0   0   0   4  0.12 0.09
   16 L    3 -3 -3 -4 -2 -3 -3 -2 -3  2  2 -3  1 -2 -3 -1  0 -3 -3  1   43   0   0   0   0   0   0   0   0  15  26   0   2   0   0   0   5   0   0   8  0.41 0.18
   17 N    2 -1  2 -1  2  1  1 -2 -2  0 -2  0 -2  0 -2  1  0  2 -2 -1   27   0  14   0   5   5  10   0   0   6   2   6   0   6   0  10   2   3   0   3  0.16 0.11
   18 T   -1  2  0  2 -3  2  1 -1  1 -3 -3  3 -2 -3 -2  0  1 -3  1 -3    3  11   3  15   0   9   9   2   3   0   0  22   0   0   0   4  13   0   6   0  0.31 0.12
   19 F   -3 -1 -4 -5 -3 -3 -4 -4  1  0  1 -3 -1  6 -4 -3 -1  4  5 -2    0   3   0   0   0   0   0   0   3   6  18   0   0  40   0   0   3   6  21   0  0.82 0.23
   20 Y   -4 -4 -4 -5 -4 -4 -4 -5  2 -1 -2 -4 -3  5 -5 -4 -4  0  8 -3    0   0   0   0   0   0   0   0   3   3   0   0   0  29   0   0   0   0  65   0  1.72 0.39
   21 Q   -1  2  0 -2 -4  4  0 -3  6 -2 -3  2 -2 -1 -3 -2 -2 -3  0 -2    5  14   3   0   0  26   2   0  25   3   0  14   0   2   0   0   0   0   2   3  0.58 0.21
   22 Q   -1  2  0  0 -3  2  1 -3  3 -1 -2  1 -2  0 -2  0  1 -2  2 -1    3  11   5   3   0  12  10   0   9   3   0  10   0   3   0   4  10   0  12   7  0.20 0.10
   23 S    0  1  2 -1  2  2  1 -2  0 -1  0  0  0  0 -2  1  0 -3 -2 -1    7   7  18   0   6  13   7   0   2   4  10   2   3   6   0  11   2   0   0   2  0.13 0.09
   24 L   -3 -4 -5 -5 -3 -4 -5 -5 -5  1  6 -4  2 -1 -5 -4 -3 -3 -3 -1    0   0   0   0   0   0   0   0   0   7  90   0   3   0   0   0   0   0   0   0  1.20 0.33
   25 Q   -1  0  1 -1 -3  2  1 -2  1 -2 -1  2  1  1 -2  0  0 -2  0 -2    4   4   9   0   0   9   9   1   5   0   7  23   6   8   0   3   8   0   2   0  0.16 0.09
   26 Q   -1  1  1 -1  0  1 -1 -2  3 -2 -1  2 -2 -2  0  1  2 -2  2 -2    1   6   7   1   2   9   1   1  11   1   4  15   0   0   5  13  15   0   8   1  0.20 0.10
   27 P   -1  1 -1  2 -3  1  2 -2  1 -2 -2  1 -2 -3  4 -1  1 -3 -2 -2    5   7   1  11   0   4  18   1   4   3   2  10   0   1  21   1   9   0   1   1  0.34 0.09
   28 V   -1 -1  0  0  2  1  3 -2 -1  0 -1 -1 -1  0  0  0  0 -2 -2  0    4   1   6   1   6   6  36   1   0   8   3   1   0   4   4   4   4   0   1   8  0.22 0.11
   29 A    2 -1  3 -1 -2 -1 -2  3  1 -3 -3  0 -2 -3  1  0  0 -3 -2 -2   19   3  17   1   0   0   1  31   3   1   1   4   0   0   8   4   5   0   0   1  0.38 0.13
   30 T    1  1  0  0 -2  1  2  0  0 -1 -2  2 -2 -3  2  0  0 -3 -2 -2   13   8   3   3   0   8  14   5   2   4   1  14   0   1   9   6   7   0   0   1  0.19 0.06
   31 S    1  1  1 -1 -2  1  2 -2  2 -2 -2  0 -2  0  3  0  0 -2  0 -2   12   6   7   1   0   7  18   1   6   1   3   5   0   4  14   8   3   0   3   2  0.21 0.08
   32 A    5 -2 -2 -3 -2 -2 -2  1 -3 -2 -2 -2 -2  0 -2  0 -1 -3 -2  0   68   1   0   1   0   0   1  11   0   1   1   1   0   4   1   4   1   0   0   6  0.63 0.22
   33 R   -2  3  0 -3 -3  0 -2 -4 -2  0  3  1  3 -2 -3 -2 -2 -3 -1  0    0  22   4   0   0   3   0   0   0   5  39  10   9   0   0   2   0   0   2   3  0.34 0.16
   34 Q    1 -1  3  3 -3  3  1 -2 -1 -3 -4  1 -3 -4 -2  0  1 -4 -3 -3   11   0  16  24   0  20   4   0   0   0   0   9   0   0   0   3  13   0   0   0  0.47 0.18
   35 Y   -4 -4 -5 -6 -5 -4 -5 -6 -1 -4 -3 -4 -3  2 -5 -4 -4  0  9 -4    0   0   0   0   0   0   0   0   0   0   0   0   0   5   0   0   0   0  95   0  2.44 0.52
   36 L   -3 -4 -5 -5 -3 -4 -5 -5 -5  1  6 -4  0  0 -5 -4 -3 -3 -3  0    0   0   0   0   0   0   0   0   0   5  91   0   0   2   0   0   0   0   0   2  1.18 0.32
   37 E    0  1 -1 -1 -3  2  1 -3  1 -2 -1  2  0 -2 -2 -1  2 -2  2 -2   10   5   2   2   0  14   9   0   3   0   8  16   3   0   0   0  18   0  10   0  0.21 0.13
   38 K   -1  0  0  0 -4  1  4 -1  0 -4 -4  3 -3 -4 -2  2 -1 -4 -3 -3    2   3   4   4   0   5  33   4   2   0   0  25   0   0   0  18   0   0   0   0  0.52 0.20
   39 R   -4  8 -3 -4 -6 -1 -2 -5 -2 -5 -5  0 -4 -5 -4 -3 -3 -5 -4 -5    0 100   0   0   0   0   0   0   0   0   0   0   0   0   0   0   0   0   0   0  2.11 0.50
   40 G    0 -2  2 -2  0 -1 -2  5 -3 -5 -5  2 -4 -5 -3 -1 -2 -4 -4 -4    5   0  11   0   2   2   0  61   0   0   0  18   0   0   0   2   0   0   0   0  0.95 0.27
   41 L   -3 -4 -5 -5 -3 -4 -4 -5 -4  4  3 -4  1  5 -4 -4 -2  1  0  1    0   0   0   0   0   0   0   0   0  30  33   0   2  28   0   0   0   2   0   5  0.72 0.23
   42 S   -1 -2  3  2 -3 -1 -1 -2 -2 -3 -4 -2 -3 -4 -3  4  4 -5 -3 -3    0   0  18  12   0   2   0   0   0   0   0   0   0   0   0  38  30   0   0   0  0.71 0.27
   43 H    0  0 -1  2 -3  1  1 -1  0 -2 -1  2 -1 -3  2 -1 -1 -4 -2  0    9   3   1  15   0   7   9   4   2   0   8  17   2   0  12   2   0   0   0   9  0.19 0.09
   44 E    0 -1  2  2 -4  2  5 -3 -2 -4 -4  1 -3 -4 -2  0  0 -4 -3 -3    9   0  10  12   0  10  46   0   0   0   0   6   0   0   0   4   4   0   0   0  0.64 0.22
   45 V    0 -2 -1  1 -2 -1 -2 -1 -3  1  0 -2  2 -2 -2  1  3 -3 -2  1    8   0   0  13   0   1   0   5   0   9  10   0   7   0   0  11  24   0   0  12  0.18 0.12
   46 I    2 -4 -4 -4 -3 -4 -4 -4 -4  6  1 -4  1 -2 -4 -3 -2 -4 -3  1   20   0   0   0   0   0   0   0   0  66   8   0   4   0   0   0   0   0   0   4  0.84 0.29
   47 A    1  2  0  2 -3  1  2 -2 -2 -3 -2  3  0 -3 -2  0 -1 -4 -3 -2   15  14   2  13   0   5  17   0   0   0   5  21   2   0   0   4   2   0   0   0  0.32 0.14
   48 R    0  3 -1  0 -3  1  2 -2  2 -3 -2  2 -2  0 -2  0  0 -2  1 -2    8  22   0   3   0   3  14   1   8   0   3  13   0   4   0   5   7   0   5   1  0.24 0.10
   49 F   -3 -1 -4 -4 -4 -4 -4 -4 -3 -2 -1 -4 -2  8 -4 -3 -3 -1  2  0    1   4   0   1   0   0   1   1   0   0   1   1   0  80   0   1   1   0   3   5  1.48 0.35
   50 A    0 -1  0  0  0  3  2  3  1 -3 -2  1 -2 -3 -2  0 -1 -3 -2 -3    4   0   5   3   2  23  13  26   4   0   3  10   0   0   0   5   1   0   0   1  0.36 0.14
   51 I   -2 -3 -3 -4  3 -3 -3 -1 -3  4  3 -3  0  0 -3 -3 -2 -3 -2  1    1   0   0   1   7   0   1   5   0  37  39   1   0   3   0   1   1   0   0   2  0.50 0.18
   52 G   -1 -3 -2 -3 -4 -3 -3  7 -3 -5 -4 -3 -4 -4 -3 -2 -3 -4 -4 -4    1   0   0   1   0   0   1  91   0   0   1   1   0   0   0   1   1   0   0   1  1.66 0.35
   53 F   -3 -3 -3 -4 -3 -3 -3 -4 -1 -2  1 -3 -1  5 -4 -3 -3  2  6 -2    1   0   0   1   0   0   1   1   0   0  17   1   0  32   0   1   1   3  40   1  1.02 0.27
   54 A    5 -3 -3 -1  1 -2 -2 -1 -3 -2  0 -2 -2 -3 -3  1 -1 -4 -3  0   67   0   0   3   3   0   0   2   0   0  12   0   0   0   0   8   0   0   0   6  0.64 0.27
   55 P   -2 -3 -3 -1 -4 -2  1 -2 -3 -4 -3 -1 -3  0  7 -1 -1 -4 -3 -3    0   0   0   3   0   0  10   3   0   0   2   2   0   6  65   4   4   0   0   0  1.41 0.31
   56 P    0  0  2  2 -3  0  1 -1  1 -3 -2  0 -2 -1  3  1  0 -3 -2 -2    6   3  13  12   0   4  10   3   3   0   5   6   0   3  19   9   3   0   0   0  0.31 0.10
   57 G    0  0  3  0 -3  1  0  2  1 -2  0  1 -2 -3 -2  1 -1 -3 -2 -2    4   5  18   5   0   7   5  22   3   0  13   7   0   0   0   9   0   0   0   0  0.22 0.10
   58 W   -2  0 -1 -2  4 -2  1 -3  0 -1 -2 -2 -1  0  0  0 -2  9  0 -2    1   6   3   1  10   1  11   1   2   4   1   1   2   4   5   7   1  36   1   1  0.87 0.21
   59 D    0 -1  1  6 -3  0  0 -2  2 -3 -3 -1 -3 -3 -2  0 -2 -3 -1 -2    7   2   7  54   0   2   3   1   5   1   1   3   0   0   1   6   1   0   2   4  0.65 0.19
   60 N    0 -1  1  0 -2  1  1 -1  0 -1 -1  1 -1  1 -1  1  0  2  0 -1    7   0  10   2   0   5  15   2   2   3   6   9   0   9   2  12   6   3   4   2  0.09 0.06
   61 V   -1 -3 -3 -4  1 -3 -3 -1 -3  2  3 -3  0  3 -3 -2 -2 -2  1  1    3   0   0   0   3   0   0   6   0  18  37   0   0  19   0   3   0   0   3   5  0.35 0.14
   62 L   -1 -2 -2 -2 -2  1  0 -3  1  1  2 -1  0  1 -2  0  2  2  1  0    4   0   0   0   0  10   8   1   4   8  26   0   0   5   0   4  18   3   4   4  0.13 0.10
   63 K   -2  2  1  2 -4  2  2 -2 -1 -4 -4  4 -3 -4  0  0 -1 -4 -3 -3    0   9   8  13   0  11  14   0   0   0   0  35   0   0   3   3   2   0   0   0  0.51 0.18
   64 R    0  0 -1 -3 -3 -1 -2 -3  2  0  0  0 -1  4 -3  0 -2 -1  4  0    7   7   2   0   0   2   0   0   7   3   9   5   0  23   0   6   0   0  17   9  0.27 0.13
   65 F   -1 -3 -2 -4 -3 -3 -4 -4 -3  1  4 -3  3  4 -1 -3 -2 -2 -1 -1    4   0   2   0   0   0   0   0   0   5  49   0   9  26   3   0   0   0   0   0  0.63 0.23
   66 G    0  1  1 -1 -2  1  2  1  0 -1 -1  1 -1 -2 -2 -1  0 -3 -2  0   10   6   6   0   0   8  15  12   3   5   7  14   0   0   0   1   7   0   0   6  0.12 0.07
   67 G    1  1  2  0 -3  0  2  0  0 -2 -3  2 -2 -3 -2  1  0 -3 -2 -2   15  10  11   4   0   1  14   7   3   4   0  14   0   0   0  14   2   0   0   2  0.21 0.10
   68 N   -2  4  2 -1 -4  2  0 -3  0 -4 -2  4  0 -3 -3 -1 -2 -3  1 -3    0  27  11   2   0   9   4   0   2   0   2  31   3   0   0   2   0   0   6   0  0.53 0.20
   69 P    0 -1  1  0 -1  0 -2  4 -2 -4 -4  2 -3 -4  2  0 -1 -4 -1 -3    8   1   8   3   2   5   0  38   0   0   0  17   0   0  10   3   1   0   3   0  0.48 0.17
   70 E   -3 -1 -2 -2 -3 -2 -1 -4 -2  3  1 -2  1  4 -4 -3 -2  4  3  0    0   3   2   3   0   0   6   0   0  27   9   2   4  22   0   0   0   6  12   3  0.41 0.18
   71 N   -1 -2  3  2 -3  0  1 -2 -2 -1 -1 -1 -2  0  0  3  0 -3 -1 -2    0   0  15  13   0   2  11   0   0   6   6   0   0   5   4  30   6   0   2   0  0.27 0.15
   72 R   -2  0  1 -1 -3  1  1 -1 -1  0  1  1 -1  1  1  0 -1 -3 -1 -1    0   6   9   2   0   9  14   4   0   6  19  10   0   9   6   5   0   0   0   3  0.09 0.08
   73 Q    0  0  0  0 -3  2  3 -3 -2 -2 -1  3 -2 -4  1  0  0 -4 -3 -1    6   2   3   3   0  11  26   0   0   1   5  23   0   0   7   2   7   0   0   3  0.35 0.16
   74 S    0 -1 -1  1 -3  2  2 -2 -2 -1 -1  2 -1  0 -2  0  1  1 -1 -1    7   0   0   9   0  10  17   0   0   2   7  15   0   5   0   5  14   2   2   5  0.16 0.11
   75 L    1 -4 -4 -5  2 -3 -4 -4 -4  1  4 -4  3  2 -4 -3 -2 -3 -2 -1   12   0   0   0   6   0   0   0   0   6  61   0   7   8   0   0   0   0   0   0  0.66 0.24
   76 I    0 -1 -2 -1 -3  1  3  0  0  1  1  0  0 -1 -2 -1 -2 -3 -1  0    7   2   0   0   0   8  29   7   2  12  17   3   2   3   0   0   0   0   2   6  0.16 0.12
   77 D    0  2 -1  1 -3  0  2 -2  0 -2 -2  3 -2 -3  0  0  0  2 -2 -3    8  13   0   8   0   1  20   0   2   2   2  25   0   0   4   6   4   3   0   0  0.32 0.14
   78 A    4 -2  2 -2 -2 -2 -2 -2 -2 -1 -1 -1 -2 -2 -2  2  0 -3  0  0   46   0  15   0   0   0   0   0   0   2   6   2   0   0   0  14   3   0   4   6  0.37 0.19
   79 G   -2  1  1 -2 -4 -2  0  6 -3 -5 -5 -1 -4 -4 -3 -1 -3 -4 -4 -4    0   8   6   0   0   0   6  73   0   0   0   2   0   0   0   3   0   0   0   0  1.13 0.30
   80 M   -1 -3 -4 -4 -2 -3 -3 -4 -3  2  4 -3  3  1 -3 -3 -2 -2  2  1    3   0   0   0   0   0   0   1   0   8  51   0   9   5   0   0   0   0   9  11  0.50 0.18
   81 L   -1 -3 -3 -3  1 -2 -3 -3 -3  2  3 -3  2  2 -3  0 -1  4 -1  1    3   0   0   0   3   0   0   1   0  13  35   0   8  10   0  11   0   6   0   5  0.32 0.14
   82 V    0  1 -1 -2 -2  1 -1  0  0  1  0  1 -1 -1 -2  1  0 -2 -1  1    7   7   0   0   0  10   1   8   2   9   9   9   0   3   0  15   4   0   0  16  0.06 0.07
   83 T    1  1 -1 -1 -3  2  1 -2 -2 -1 -2  4 -2 -1 -1 -1  1 -3 -2 -2   13   8   1   2   0   8  10   1   0   3   1  36   0   2   2   1  10   0   0   1  0.32 0.15
   84 N   -1  3  3  1 -1  0 -1  0 -1 -3 -3  2 -2 -3 -2  1  1 -3 -3 -3    1  22  17  10   1   0   1   9   0   0   1  17   0   0   0   8   9   0   0   1  0.36 0.14
   85 D   -1  1  1  2 -3  1  3 -1 -1  0 -2  1 -2 -3 -2  0 -1 -3 -2  0    1   8   9  13   0   5  25   3   0  10   1  12   0   0   1   3   1   0   0   7  0.23 0.10
   86 Q   -1  1  3  3 -3  2  1  0  0 -3 -2  0 -2 -3 -1  0  0 -3 -2 -3    1   8  20  20   0  10   9   8   2   1   3   2   0   0   3   6   4   0   0   1  0.32 0.11
   87 G   -1 -1  2  1 -3  0 -2  5 -2 -4 -4 -1 -3 -4 -3 -1 -2 -3 -3 -4    2   3  13  10   0   5   1  59   0   0   1   3   0   0   0   1   1   0   0   1  0.83 0.23
   88 R   -1  2  1  0 -2  1  1 -2 -1 -1 -1  1 -1  0 -2  0  0 -2  1  0    1  13   7   3   0   6  14   1   0   4   4  11   0   4   1   4   7   0   6  12  0.10 0.06
   89 S   -1 -1 -2 -3 -2 -2 -2  0  1  2 -1 -1  2  1  1 -1  0 -1  3  0    3   4   0   0   0   0   0   8   4  20   1   2   8   6   8   4   8   0  16   6  0.15 0.11
   90 Y   -3 -2 -4 -4 -3 -3 -4 -4  1  0 -1 -3  2  2 -4 -3 -3  4  7  2    0   2   0   0   0   0   0   0   3   4   2   0   6   5   0   0   0   5  54  16  1.05 0.31
   91 D   -1 -3  0  6 -4  1 -1 -2 -2  0  0 -2 -2  1 -3 -1 -2 -4 -2 -2    6   0   3  53   0   6   0   2   0   8   9   0   0   8   0   2   0   0   0   0  0.61 0.22
   92 R    0  5 -2 -3 -3  1 -2 -3 -2 -2  0  0 -1  2 -3 -1  0 -3 -2  0   11  41   0   0   0   5   0   0   0   0  11   2   0  10   0   3   8   0   0   6  0.37 0.18
   93 F   -1 -4 -1 -4 -4 -4 -4 -4 -3 -2 -2 -4 -2  8 -5 -3 -3 -1  1 -3    6   0   4   0   0   0   0   0   0   0   0   0   0  84   0   0   0   0   2   0  1.64 0.40
   94 R    0  4  0  0 -3  1  0 -2  2 -2 -1  1 -2 -2 -2  0  1 -3  0 -2    5  30   3   6   0   6   3   0   6   2   6   9   0   0   0   7  10   0   4   0  0.26 0.12
   95 E   -2  1  4  2 -3  1  1  1  1 -3 -3  0 -2 -2 -2  0 -1  1  1 -3    1  11  25  13   0   7   6  10   4   1   1   3   0   0   1   6   1   2   6   1  0.31 0.12
   96 R   -3  7 -2 -3 -4  0 -2 -3 -2 -4 -3  0 -3 -4 -3 -2 -3  3 -3 -4    1  83   1   1   0   3   1   1   0   1   1   1   0   0   1   1   1   4   0   1  1.47 0.36
   97 V   -2 -3 -3 -3 -2 -3 -3 -3 -3  5  2 -3  0 -1 -3 -2 -1 -3 -2  3    1   1   1   1   0   1   1   1   0  49  18   1   0   1   1   1   1   0   1  19  0.55 0.18
   98 M   -2 -2  0 -3 -2 -2 -3 -3 -2  2  1 -2  7 -1 -3 -2  0 -2 -2  1    1   1   4   1   0   1   1   1   0  14   8   1  45   1   1   1   7   0   1  10  0.61 0.22
   99 F   -2 -3 -3 -3 -3 -3 -3 -3 -2  2  0 -3 -1  6 -3 -3 -2  5  2  0    1   1   1   1   0   1   1   1   0  15   5   1   0  50   1   1   1   8   3   6  0.76 0.21
  100 P   -2 -3 -3 -3 -3 -2 -2 -3 -3 -3 -3 -2 -3 -4  8 -1 -2 -4 -3 -3    1   1   1   1   0   1   1   1   0   1   2   1   0   1  81   4   1   0   1   1  1.99 0.35
  101 I   -2 -3 -3 -3 -2 -3 -3 -4 -3  6  1 -3  0 -1 -3 -3 -2 -3 -2  1    1   1   1   1   0   1   1   1   0  74   8   1   0   1   1   1   1   0   1   4  0.87 0.25
  102 R   -1  4 -1 -3 -4  1 -1 -3  5 -3 -2  1 -2  0 -3 -2 -1 -2  4 -3    3  27   2   0   0   5   0   0  18   0   4  10   0   2   0   0   4   0  23   0  0.57 0.21
  103 D   -2 -3  4  6 -4 -2 -1 -3 -2 -4 -5 -2 -4 -4 -3  0  0  5 -3 -3    2   0  23  54   0   0   0   0   0   0   0   0   0   0   0   7   5   8   0   2  1.05 0.32
  104 K    0  0 -1  0 -3  2  0 -1  3 -1  0  0 -1  2  2  0 -1 -2  0 -1    5   5   2   4   0  16   2   3  10   6   8   6   0  12  10   9   0   0   2   2  0.14 0.10
  105 R   -1  3  2  0 -3  1  0 -2  2 -3 -1  1 -2 -1 -3  0 -1 -2  2 -3    5  22  15   4   0   8   2   2   5   0  10  10   0   2   0   7   0   0   9   0  0.24 0.13
  106 G   -1 -4  2 -1 -4 -3 -4  7 -4 -6 -6 -3 -5 -5 -4 -2 -3 -5 -5 -5    3   0  10   2   0   0   0  85   0   0   0   0   0   0   0   0   0   0   0   0  1.58 0.38
  107 R   -2  3  3  0 -4  2  2 -3  2 -4 -3  2 -2 -3 -3  0 -2 -4  0 -3    2  22  21   4   0  12  16   0   6   0   2   9   0   0   0   3   0   0   3   0  0.47 0.18
  108 V   -2 -4 -4 -4 -2 -3 -4 -4 -4  3  2 -3  0 -2  1 -2  2 -4 -3  4    0   0   0   0   0   0   0   0   0  26  19   0   0   0   8   0  15   0   0  33  0.53 0.21
  109 I   -2 -5 -5 -5 -3 -4 -5 -5 -5  5 -1 -4 -1 -2 -4 -4 -2 -5 -3  5    0   0   0   0   0   0   0   0   0  41   0   0   0   0   0   0   0   0   0  59  1.16 0.35
  110 G    2 -3 -2 -3 -3 -3 -3  6 -3 -4 -4 -2 -3 -4 -3  1 -2 -4 -4 -3   20   0   0   0   0   0   0  65   0   0   1   0   0   0   0  10   0   0   0   0  1.05 0.28
  111 F   -4 -4 -4 -5  3 -4 -5 -5 -3 -2 -2 -4 -2  8 -5 -4 -4 -1  2 -3    0   0   0   0   8   0   0   0   0   0   1   0   0  83   0   0   0   0   3   0  1.76 0.41
  112 G   -1 -3 -2 -3 -3 -2 -3  5 -3 -4 -1  0 -3 -4 -3  3 -2 -4 -4 -4    0   0   0   0   0   0   0  52   0   0   7   8   0   0   0  33   0   0   0   0  0.84 0.29
  113 G    1 -3  0 -3 -3  0 -3  5 -2 -4 -4 -2 -3 -3 -3  1 -2 -3  2 -4   15   0   4   0   0   6   0  59   0   0   0   0   0   0   0   8   0   0   8   0  0.87 0.27
  114 R   -4  8 -3 -4 -6 -1 -2 -5 -2 -5 -4  1 -4 -5 -4 -3 -3 -5 -4 -5    0  94   0   0   0   0   0   0   0   0   0   6   0   0   0   0   0   0   0   0  1.96 0.49
  115 V    1  2 -2 -1 -2 -1 -2 -2 -2  0  0  1 -1 -3 -2  1  2 -4 -2  2   11  17   0   2   0   0   0   0   0   3   7  12   0   0   0  13  13   0   0  22  0.20 0.14
  116 L   -3  0 -4 -5 -3 -3 -4 -5 -4  2  4 -3  0  1 -4 -4 -2  1  0  1    0   6   0   0   0   0   0   0   0  12  62   0   0   6   0   0   0   2   3   9  0.65 0.23
  117 G   -1 -2  1  4 -3 -2  0  3 -2 -3 -3  0 -3  0 -3  0  1 -3 -3 -3    2   0   7  28   0   0   2  30   0   0   0   6   0   7   0   3  14   0   0   0  0.46 0.18
  118 N   -2 -2  3  4 -4  0  1  1 -2 -4 -4  1 -3 -1 -1  0  0 -3  0 -3    0   0  16  35   0   1   8  11   0   0   0   9   0   3   2   3   5   0   3   0  0.46 0.17
  119 D   -1  0  2  3 -4  1  3  1  0 -4 -3  2 -1 -4 -2  0 -1 -4 -3 -3    3   2  10  21   0   8  20  10   2   0   0  15   2   0   0   7   0   0   0   0  0.40 0.14
  120 T   -1  0  0  0 -3  0  1  1  0 -1 -2  3 -1 -1 -1  0  0 -3 -2 -2    3   0   2   5   0   2  10  12   2   3   4  36   1   4   3   4   6   0   0   2  0.21 0.13
  121 P    0 -3 -3 -2 -3 -2 -2  0 -3  0 -2 -2 -2 -3  7 -1 -2 -3 -3 -1   10   1   1   1   0   1   1   6   0   6   4   1   0   1  58   3   1   0   1   5  1.15 0.24
  122 K   -2  0 -2 -2 -4  1  0 -3 -2 -4 -4  7 -3 -4 -2 -2 -2 -4 -3 -4    1   0   0   1   0   4   4   1   0   0   1  84   0   0   0   1   1   0   0   1  1.27 0.36
  123 Y   -3 -3 -4 -4 -4 -3 -1 -4 -1 -3 -3 -3 -3  2 -4 -3 -3  0  9 -3    1   0   0   0   0   0   4   1   0   0   1   0   0   6   0   1   0   0  83   1  1.92 0.46
  124 L   -2 -1 -3 -4 -2 -2 -3 -4 -3  2  4 -1  2 -1 -3 -3 -2 -3 -2  2    1   4   0   0   0   0   1   1   0  13  56   6   4   0   0   1   0   0   0  11  0.51 0.19
  125 N   -3 -2  7 -1 -4 -2 -2 -2 -1 -4 -4  0 -3 -3 -3  0 -1 -4  1 -4    1   0  76   0   0   0   1   1   0   0   1   5   0   0   0   3   3   0   6   1  1.30 0.37
  126 S   -1 -2  1 -2 -2 -2 -2 -2 -3 -2 -1 -2  2 -3 -3  5  3 -4 -3  0    0   0   5   0   0   0   0   0   0   0   5   0   6   0   0  52  24   0   0   5  0.63 0.28
  127 P    0 -2 -3 -3 -4 -3 -3 -2 -1 -4 -4 -1 -3  1  7 -1 -3 -4 -3 -3    8   3   0   0   0   0   0   2   2   0   1   3   0   6  70   2   0   0   0   0  1.61 0.36
  128 E   -2 -2 -2  2 -4  1  6 -3 -2 -2 -4  0 -3 -1 -3 -2 -1 -4 -3 -3    2   0   0  12   0   4  65   0   0   3   1   5   0   3   0   0   3   0   0   0  0.92 0.31
  129 T   -2 -2  2 -2 -3 -2 -2 -3  2 -2 -1  0  1 -3  0  1  5 -4 -3 -2    0   0   9   0   0   0   0   0   5   0   4   5   4   0   4  10  57   0   0   0  0.68 0.30
  130 D    0  1 -2  1 -3  1  0 -3 -2  0  0  1 -1 -3  3 -1  1 -3 -3  0    7   6   0   8   0   6   4   0   0   5   9  12   0   0  19   0  14   0   0   8  0.25 0.12
  131 I   -1  0 -3 -3 -2 -1 -3 -1 -2  2  2 -2  1  0  0 -1 -1  2  2  2    2   5   0   0   0   2   0   5   0  17  23   0   3   2   5   4   2   3  10  16  0.18 0.11
  132 F   -3 -4 -4 -5 -4 -4 -4 -5 -2 -2  0 -4 -2  7  0 -1 -3 -1  5 -3    0   0   0   0   0   0   0   0   0   0   5   0   0  58   5   5   0   0  25   0  1.33 0.38
  133 H   -2  0  1  1 -4  2  0  0  5 -4 -4  4 -3 -3 -3  1 -2 -3  1 -4    0   2   5   7   0   8   1   7  16   0   0  36   0   0   0   9   0   0   6   0  0.50 0.23
  134 K   -3  0 -2 -3 -4 -1 -1 -3 -3 -4 -4  7 -3 -5 -1 -2 -1 -4 -4 -4    1   0   0   0   0   0   0   1   0   0   1  87   0   0   3   1   4   0   0   0  1.43 0.43
  135 G   -1  2  0 -1 -3  0  0  3  0 -4 -4  0 -3 -4 -3  4 -1 -4 -3 -3    0  14   2   3   0   2   4  23   2   0   0   2   0   0   0  44   0   0   0   0  0.55 0.25
  136 R   -1  3 -1  1 -4  2  3 -3 -1 -2 -2  3 -2 -2 -2  0 -1 -3 -1 -3    2  18   1   5   0   7  29   0   0   2   2  20   0   2   0   8   1   0   2   0  0.44 0.18
  137 Q    0 -2  1 -2 -2  1  0 -3  0  3  2 -2  0 -2 -3 -1  1 -3 -2  2    6   0   9   0   0   7   7   0   2  25  20   0   0   0   0   2   9   0   0  13  0.20 0.14
  138 L   -3 -3 -4 -4 -3 -3 -2 -5 -4  1  5 -3  2  1  0 -2  0 -3 -2 -1    0   0   0   0   0   0   2   0   0   6  68   0   5   6   4   2   5   0   0   0  0.69 0.27
  139 Y   -4 -4 -4 -5  1 -4 -4 -5 -1 -3 -2 -4 -3  5 -5 -4 -4  2  8 -1    0   0   0   0   3   0   0   0   0   0   3   0   0  29   0   0   0   2  58   4  1.61 0.45
  140 G    0 -3  3 -1 -4 -3 -3  6  0 -5 -2 -3 -4 -4 -4 -2 -3 -4 -4 -4    8   0  15   2   0   0   0  67   3   0   4   0   0   0   0   0   0   0   0   0  1.13 0.35
  141 L   -2 -3 -3 -3 -3 -2  1 -3 -3  1  3 -1  1  4 -1 -3 -2  1  0 -1    0   0   0   0   0   0  12   2   0   6  43   4   2  20   3   0   0   2   3   0  0.40 0.20
  142 Y   -2 -2  1  4 -4  0  1 -3  5 -3 -3 -2 -3 -2 -3 -1  0 -2  4 -3    3   1   6  30   0   3   8   1  21   1   1   1   0   0   1   2   5   0  19   1  0.65 0.24
  143 E   -1  2  0 -1  0  2  2 -2  0 -1  0  3 -1  0  0 -1 -1 -2 -2 -2    2  12   4   1   2   9  16   1   1   2  15  22   0   6   4   1   1   0   0   1  0.21 0.12
  144 A    5 -3 -3 -3 -2 -2 -2 -1 -3 -1 -2 -2 -1 -3 -2  0 -2  2  0  0   64   1   0   1   0   0   1   3   0   3   3   1   2   0   1   6   1   4   4   6  0.66 0.29
  145 Q   -1  3 -1 -1 -3  0 -1  3 -2  0 -1  3 -2 -2 -2  0 -2 -3 -3 -2    1  21   2   3   0   3   1  26   0   6   6  21   0   2   1   4   1   0   0   2  0.33 0.17
  146 Q   -1  1 -2 -1 -3  1  1 -3  0 -3 -3  2 -2 -3  5  0 -1 -3 -3 -2    3   9   1   2   0   6  10   1   2   1   2  18   0   0  32   8   2   0   0   2  0.60 0.20
  147 D    0  0  2  3 -3  0  0  0  1 -3 -1  0 -2 -2 -1  0  0 -3 -1 -2   10   5  15  26   0   3   4   4   4   0   5   5   0   1   1   5   5   0   2   2  0.24 0.13
  148 N   -1 -3  1 -3 -1 -2 -3 -4 -2  5  0 -3  2 -2 -1 -1 -1 -4 -3  3    4   0   8   0   1   1   0   0   1  40   2   0   5   0   2   4   3   0   0  28  0.52 0.25
  149 A    1  2 -1  1 -3  0  1 -1 -1 -1 -1  1 -1 -2 -1  0 -1 -3  0 -1   17  13   1  10   0   1  13   2   1   5   8   9   1   0   2   5   2   0   5   5  0.11 0.09
  150 E   -2  0  1  1 -4  0  2 -1  0 -4 -4  5 -3 -4 -3  0 -1 -4 -3 -4    1   1   7   8   0   2  14   5   1   0   0  51   0   0   0   4   3   0   0   0  0.67 0.29
  151 P    0  0  0  0 -2  1  1  1 -2 -2 -1  0 -2 -3  1  2  1 -3 -3 -1    4   3   2   6   0   8   9  12   0   0   5   4   0   0   8  25  10   0   0   3  0.22 0.13
  152 N   -2  0  2  4 -4  0  0 -1  3 -4 -4  2 -3 -4  0  0 -2 -4 -3 -3    2   3  12  33   0   2   4   5   9   0   1  16   0   0   4   7   0   0   0   1  0.51 0.21
  153 R    1  1  0 -1 -3  3  3 -2 -1 -3 -3  1 -1 -1 -2  1  1 -1  0 -2   16   9   2   1   0  15  21   0   1   0   1   6   1   3   0  11   8   1   3   0  0.29 0.16
  154 L    2 -4 -4 -4 -2 -3 -4 -4 -4  5  2 -3  0 -1 -3 -1 -2 -4 -3  2   18   0   0   0   0   0   0   0   0  42  18   0   0   2   0   3   0   0   0  15  0.57 0.25
  155 L   -3 -4 -4 -5 -3 -4 -4 -5 -4  5  1 -4  0  1 -4 -3 -2 -3  2  3    0   0   0   0   0   0   0   0   0  48  12   0   1   4   0   0   1   0   9  23  0.77 0.28
  156 V   -3 -4 -5 -5 -3 -4 -5 -5 -5  5  3 -4  0 -2 -5 -4 -2 -4 -3  4    0   0   0   0   0   0   0   0   0  34  29   0   0   0   0   0   0   0   0  37  0.94 0.33
  157 V   -2 -5 -5 -5  2 -4 -5 -5 -5  0 -1 -4  1  0 -4 -3  1 -5 -3  6    0   0   0   0   5   0   0   0   0   0   3   0   2   3   0   0  10   0   0  76  1.14 0.42
  158 E   -4 -3 -3 -1 -7 -1  8 -5 -3 -6 -6 -2 -5 -6 -4 -3 -4 -6 -5 -5    0   0   0   0   0   0 100   0   0   0   0   0   0   0   0   0   0   0   0   0  2.18 0.64
  159 G   -2 -5 -3 -4 -5 -4 -5  7 -5 -7 -6 -4 -5 -6 -5 -3 -4 -5 -6 -6    0   0   0   0   0   0   0 100   0   0   0   0   0   0   0   0   0   0   0   0  2.27 0.57
  160 Y   -4  4 -3 -1 -5  0  1 -5 -1 -4 -3 -2 -3  3 -4 -3 -3 -1  6 -4    0  29   0   4   0   4  12   0   0   0   0   0   0  11   0   0   0   0  40   0  1.05 0.39
  161 M    3 -3 -2 -4 -3 -3 -3 -3 -3  1  0 -3  5  3 -1 -1  0 -3 -1  0   30   0   1   0   0   0   0   0   0  11   4   0  21  18   2   4   7   0   0   2  0.46 0.26
  162 D   -5 -4 -1  8 -6 -3 -1 -4 -4 -6 -7 -4 -6 -6 -4 -3 -4 -7 -6 -6    0   0   0 100   0   0   0   0   0   0   0   0   0   0   0   0   0   0   0   0  2.47 0.64
  163 V    0 -4 -4 -5  2 -4 -4 -5 -5  1 -1 -1  0 -3 -4 -3 -1  2 -3  6    8   0   0   0   4   0   0   0   0   2   1   5   2   0   0   0   3   4   0  71  0.93 0.38
  164 V   -3 -4 -4 -5 -3 -3 -4 -5 -4  5  3 -4  3  1 -4 -4 -2 -4 -2  2    1   0   1   0   0   1   0   0   0  41  35   0   8   4   0   0   0   0   0  10  0.80 0.29
  165 A    4 -1  4 -2 -3  0 -2 -1 -2 -3 -3 -1 -1 -4 -3  1  2 -4 -3 -2   41   1  25   0   0   4   0   2   0   0   2   2   1   0   0   6  16   0   0   0  0.57 0.29
  166 L    0 -4 -5 -5 -1 -3 -4 -4 -4  0  4 -4  5  2 -4 -2 -3 -3 -2 -1   10   0   0   0   1   0   0   0   0   2  56   0  19  10   0   2   0   0   0   0  0.80 0.33
  167 A    0  0 -2 -1 -3 -1  1 -4  5  0  2 -2 -1  0 -3 -2  0  1  0  0    8   5   0   2   0   0  13   0  22   4  25   0   0   3   0   0   6   2   3   7  0.30 0.20
  168 Q   -2  3 -1  0 -4  4  1 -3 -2 -3  0  3 -2 -3 -3  0 -1 -4 -2 -3    1  16   2   4   0  23   8   0   0   0  14  25   0   0   0   5   2   0   1   0  0.46 0.23
  169 Y    3 -3 -3 -2  3  0 -2 -2  3 -2 -3 -2 -2  1 -3  1 -2 -2  4 -2   32   0   0   2   7   5   1   2  10   1   0   0   0   6   0  10   0   0  22   2  0.49 0.26
  170 G   -2 -4  0  0 -5 -2 -4  7 -4 -6 -6 -1 -5 -6 -4 -3 -4 -5 -5 -6    0   0   4   5   0   2   0  86   0   0   0   3   0   0   0   0   0   0   0   0  1.71 0.47
  171 I   -3 -4 -5 -5  1 -4 -5 -5 -3  5  1 -3 -1  4 -5 -4 -3 -2  3  2    0   0   0   0   3   0   0   0   0  43   6   2   0  18   0   0   0   0  11  16  0.76 0.30
  172 N   -2  2  2  0 -4  0 -1 -1 -2 -3 -1  4 -2 -1  1 -1  2 -4 -3 -3    0   9  11   5   0   1   1   3   0   0   8  34   0   3   7   2  14   0   0   0  0.35 0.20
  173 Y   -3 -2  6  0  1 -1  0 -2  1 -4 -4 -2 -3 -3 -4 -1  1 -3  3 -4    0   1  54   2   4   2   6   2   3   0   0   0   0   0   0   1   9   0  14   0  0.91 0.35
  174 A    4 -3 -3 -4  3 -3 -3 -1 -4 -1 -2 -3 -2 -3  0  0  2 -4 -3  3   40   0   0   0   7   0   0   3   0   1   0   0   0   0   3   3  16   0   0  26  0.54 0.28
  175 V   -3 -5 -5 -5 -3 -5 -5 -6 -5  4  1 -5 -1 -3 -5 -4 -2 -5 -3  6    0   0   0   0   0   0   0   0   0  28   7   0   0   0   0   0   0   0   0  65  1.21 0.41
  176 A    6 -4 -3 -4  0 -3 -3  0 -4 -3 -4 -3 -3 -4  0  1 -2 -5 -4 -1   75   0   0   0   2   0   0   7   0   0   0   0   0   0   4  10   0   0   0   3  1.02 0.40
  177 S    0 -3 -3 -3 -2 -3 -3 -3 -3  1  1 -3  0 -2 -1  2  2 -4 -3  3    6   0   0   0   0   0   0   0   0   5  18   0   1   0   3  24  14   0   0  29  0.37 0.23
  178 L   -2 -3 -2 -3  4  0  2  0 -3 -2  3 -2  4 -3  1 -2 -2 -4 -3 -2    0   0   1   0  13   5  21   7   0   0  31   0  15   0   7   2   0   0   0   0  0.44 0.26
  179 G   -2 -5 -3 -1 -5 -4 -4  7 -5 -6 -6 -4 -5 -6 -5 -2 -4 -5 -6 -6    0   0   0   3   0   0   0  95   0   0   0   0   0   0   0   2   0   0   0   0  2.07 0.54
  180 T    2 -3 -3 -4 -3 -3 -3 -2 -4  0  0 -3 -2 -4 -3 -1  6 -5 -4  0   17   0   0   0   0   0   0   3   0   6   8   0   0   0   0   0  63   0   0   4  0.89 0.39
  181 S    3 -1  2 -1 -3  1 -1 -1 -2 -2 -3  0 -3 -4 -1  3  1 -4 -3 -2   31   1  13   1   0   6   3   2   0   1   2   4   0   0   2  29   5   0   0   0  0.42 0.23
  182 T   -2  0 -3 -4 -3 -2 -2 -4 -3  2  3  1  1  2 -1 -2  0 -3 -1  1    0   5   0   0   0   0   2   0   0  13  32  10   2  12   3   0   8   0   0  13  0.28 0.17
  183 T   -1 -3 -1 -3 -3 -2 -3  1 -3 -1 -3 -2 -3 -4  3  2  4  2 -3 -1    3   0   2   0   0   0   0  11   0   4   0   0   0   0  18  19  37   4   0   3  0.61 0.28
  184 A    0  0  1  2  1  1  3 -2 -2 -3 -4  2 -3 -4  2 -1 -1 -4 -3 -2    7   5   7  13   3   4  21   2   0   1   0  18   0   0  12   1   2   0   0   3  0.38 0.18
  185 D    0 -2  0  1 -3  1  3 -2 -1 -3 -3  0 -2 -3  1  1  1 -4 -3 -1    5   0   4   8   0   7  31   2   1   1   1   5   0   1   7  11  13   0   0   5  0.35 0.18
  186 H    0 -2 -2 -3 -4  4 -2 -4  7  1 -3 -2 -2 -3 -4 -1  0 -4  0  0    9   0   0   0   0  22   0   0  40   9   0   0   0   0   0   4   6   0   2   7  0.87 0.36
  187 I    1 -3 -1 -4 -2 -3 -3 -3 -3  4  2 -3  2  1 -3 -1  0 -3 -2  2   14   0   3   0   0   0   0   1   0  31  18   0   6   6   0   3   4   0   0  15  0.36 0.19
  188 Q    0  2  0  1 -4  3  2 -3  1 -1 -2  3 -2 -3  0 -1 -1 -3  0 -1    7  10   2   6   0  14  11   0   4   4   2  27   0   0   3   2   2   0   3   4  0.29 0.16
  189 L   -1  0 -2 -2 -3  0  1 -4 -2  1  3  0  2  0 -3 -1 -2  1  0  0    3   5   1   2   0   2  15   0   0   9  37   7   8   4   0   2   0   2   2   2  0.24 0.16
  190 L   -2 -3 -4 -2  0 -1 -3 -4 -4  3  4 -3  1  0 -4  0  0 -3  0 -1    1   0   0   3   2   2   1   0   0  17  55   0   2   2   0   7   6   0   3   0  0.52 0.25
  191 F   -1  2 -2 -2 -3  1  0 -3 -2 -2 -1  2  0  3  0  1 -1  3 -1 -1    5  15   0   1   0   6   4   0   0   0   7  19   2  16   4  11   1   5   0   3  0.23 0.15
  192 R   -1  5 -2 -1 -4  1  0 -3 -2 -4 -2  5 -3 -4 -3  0 -2 -4 -3 -4    3  34   0   3   0   4   3   0   0   0   4  40   0   0   0   7   0   0   0   0  0.81 0.31
  193 A    0  0  0 -1 -2  1  0  1  0 -2  0  2  0  0 -1 -1 -1 -2  1 -1   10   3   5   2   0   7   6  14   2   0  11  18   3   5   1   2   2   0   6   2  0.09 0.08
  194 T    1 -1 -1 -1 -1 -1 -1 -1 -2  1  0  0  0  0 -2  0  2 -2  0  1   16   1   0   4   1   0   1   4   0  14   6   7   2   4   1   8  18   0   4   9  0.09 0.08
  195 N   -1  2  1  1 -3  1  2 -2 -2 -3 -2  3  1 -4  0  1  0 -4 -3 -3    4   9   7   9   0   5  11   0   0   0   2  30   6   0   4   9   4   0   0   0  0.34 0.17
  196 N   -1  2  2  1 -3  1  2 -3 -1 -2 -3  2 -2 -4 -2  0  3 -4 -3 -3    1   9  11   6   0   7  13   0   1   2   0  17   1   0   0   6  25   0   0   0  0.38 0.20
  197 V    1 -4 -4 -4 -2 -3 -4 -4 -4  4  1 -4 -1 -1 -4 -3 -1 -4 -3  4   11   0   0   0   0   0   0   0   0  30  10   0   0   1   0   0   3   0   0  43  0.67 0.27
  198 I   -2 -3 -1 -1 -3 -3 -3 -4 -3  4  0 -3 -1  1 -3 -2  2 -3  1  2    0   0   4   4   0   0   0   0   0  37   4   0   0   5   0   0  20   0   6  18  0.47 0.24
  199 C    1 -3 -1 -4  2 -3 -3 -3 -3  2  3 -3  1  2 -3 -2 -2 -2  0  1   13   0   4   0   4   0   0   0   0  17  38   0   2  10   0   1   0   0   3   6  0.36 0.18
  200 C    0 -4 -2 -4  7 -4 -4 -4 -3 -2  1 -4  2  5 -4 -1 -2  3 -1 -1    9   0   2   0  28   0   0   0   0   0  10   0   7  29   0   4   1   4   0   4  0.80 0.30
  201 Y   -1 -4 -3 -4 -3 -3 -4 -4 -2  0  2 -4 -1  5 -4 -3  1 -1  4  0    4   0   1   0   0   0   0   0   0   5  20   0   0  30   0   0  12   0  20   6  0.64 0.26
  202 D   -5 -1 -1  8 -6 -3 -1 -4 -4 -6 -6 -3 -6 -6 -4 -3 -4 -7 -6 -6    0   4   0  96   0   0   0   0   0   0   0   0   0   0   0   0   0   0   0   0  2.30 0.61
  203 G    0 -4  3 -3 -5 -2 -4  6 -4 -5 -5 -3  0 -5 -4 -1 -3 -5 -5 -5    5   0  13   0   0   1   0  75   0   0   0   0   3   0   0   3   0   0   0   0  1.42 0.42
  204 D   -5 -4 -1  8 -6 -3  0 -4 -4 -6 -6 -3 -6 -6 -4 -3 -4 -7 -6 -6    0   0   0  96   0   0   4   0   0   0   0   0   0   0   0   0   0   0   0   0  2.32 0.61
  205 R    0  3  0  1 -3  1  1  0  2 -3 -1  1 -2 -1 -3  0 -1 -3 -1 -2    7  27   3   9   0   5   7   8   6   0   6   9   0   3   0   5   3   0   1   1  0.24 0.14
  206 A    5 -4 -3 -4 -3 -3 -3  4 -4 -1 -4 -3 -3 -4  1  0 -2 -5 -4 -3   57   0   0   0   0   0   0  29   0   4   0   0   0   0   7   3   0   0   0   0  0.91 0.36
  207 G   -2 -5 -3 -4 -5 -4 -5  7 -5 -6 -6 -4 -5 -1 -5 -3 -4 -5 -5 -6    0   0   0   0   0   0   0  96   0   0   0   0   0   4   0   0   0   0   0   0  2.10 0.55
  208 R   -1  3 -1  1 -4  2  2 -3  0  0 -1  1  0 -1 -3 -1 -2 -3 -1 -1    2  17   1  10   0  11  20   0   2   6   6   9   4   4   0   1   0   0   1   5  0.25 0.15
  209 D    0  0  2  0 -3  0  1 -3 -2 -1  2  2  1  0 -3 -1 -2 -3 -2 -1    9   2  12   5   0   2  11   0   0   1  27  20   3   4   0   2   0   0   0   2  0.18 0.15
  210 A    5 -3 -3 -1 -2 -3 -3 -1 -3  3 -2 -3  0  0 -3 -1 -2 -4 -3  0   57   0   0   4   0   0   0   2   0  24   0   0   3   4   0   0   0   0   0   4  0.65 0.31
  211 A    3 -2 -2 -3 -2 -2 -2 -1 -3  0  2 -2  1 -2 -2  0  2 -3 -2  1   30   1   0   0   0   0   0   4   0   4  22   0   3   0   0   6  18   0   0   9  0.27 0.17
  212 W   -1  2 -1  0 -3  0  1 -3 -2 -1  0  3 -1  1 -3 -2 -1  5  2 -1    3  11   2   4   0   2   9   1   0   2  11  25   0   6   1   1   2  12   8   3  0.32 0.16
  213 C    0  3  1 -1 -2  0  4 -3 -2 -4 -3  3 -3 -4 -2  0 -2 -4 -3 -3    7  21   6   1   1   0  32   1   0   0   1  19   0   0   1   8   1   0   0   1  0.53 0.22
  214 A    3 -3 -3 -3 -2 -1 -2 -1 -3  0  3 -2  0 -2 -3 -1  1 -3 -2  0   36   0   0   0   0   2   1   3   0   5  34   0   1   0   0   2   7   0   0   6  0.35 0.20
  215 L    1 -3 -3 -3 -2 -3 -2  0 -3  2  4 -2  0  1 -3 -2 -2 -3 -1  0   12   0   0   0   0   0   2   7   0  17  46   2   1   5   0   2   0   0   2   1  0.35 0.18
  216 E   -1  2  1  1 -3  4  3 -2 -1 -3 -3  2 -1 -3 -1 -1 -2 -3 -3 -3    3  10   6   5   0  30  18   2   0   1   1  14   1   1   2   2   1   0   0   1  0.51 0.21
  217 T    0  0  0  0 -2  0  0 -1 -2  1  0  0 -1 -2 -2  0  1 -2 -1  2    7   4   5   4   0   3   8   4   0   8   4   5   0   1   1   7  10   0   2  28  0.08 0.08
  218 A    2 -2 -1 -1  1 -1  0  0 -2  0  1 -1 -1 -2 -1  1  0 -2 -2  0   31   1   2   3   4   1   6   7   1   7  14   2   1   1   1   8   4   0   1   6  0.11 0.08
  219 L    0 -1 -1  2 -2  0  0 -1 -1  1  2 -1  1 -1 -1 -1 -1 -2 -1  0    6   3   1  17   1   6   6   4   1   8  30   3   3   2   2   2   2   0   1   2  0.10 0.07
  220 P   -1 -1  0  0 -2 -1 -1 -1 -1  1  1  0  0 -1  3 -1 -1 -2 -1  0    5   2   5   5   1   1   2   5   2  10  19   8   3   1  17   4   2   0   1   8  0.14 0.06
  221 Y   -1 -1 -1  2  2  0  0 -2  0 -1  2  0  0  0 -2 -1 -1 -2  2 -1    2   3   3  13   6   4   4   2   3   1  32   8   2   3   1   2   1   0   8   3  0.12 0.09
  222 M    0  1  0 -1 -1  1  1 -1 -1  0  1  0  1 -1 -1  0  0 -2 -1  0   12   8   5   3   1   7   9   2   1   9  17   4   4   1   2   6   4   0   1   6  0.04 0.03
  223 T    0  0  2 -1 -1  1  0 -1  0 -1 -1  1 -1  0 -1  1  0 -1  0 -1   10   6  15   2   1   5   4   4   2   3   5   8   1   7   2  10   6   0   3   6  0.06 0.03
  224 D    1 -1  2  2  1  1  0  0 -1 -2 -1  0 -1 -2  0  1 -1 -2 -2 -1   15   2  10  17   3   8   5   6   1   2   6   3   1   1   5   9   2   0   1   2  0.14 0.06
  225 G    0 -1  0 -1 -2  0  0  4 -1 -2 -2  1 -2 -2  0 -1 -1  3 -2 -1    6   3   3   3   1   4   6  38   2   1   3   8   1   1   3   3   2   5   1   6  0.31 0.11
  226 R   -1  1  0  1  1  0  0  0  1  0 -1  1  0  2  0 -1 -1 -2 -1 -1    4  10   3   9   4   3   4   7   4   6   6  14   2  13   4   3   1   0   1   3  0.05 0.05
  227 Q   -1  1  2  1 -2  2  0 -2  0  1 -1  1 -1 -2 -2  0  0 -3 -2  0    4   8  13   8   0  15   5   1   1  13   2  10   0   1   1   3   5   0   0   9  0.15 0.10
  228 L    1 -2 -1  2  0 -2 -1 -1 -2  1  0 -1 -1 -2 -2  0  0 -3 -2  3   11   1   1  15   2   1   1   4   0   9   9   4   0   1   1   7   4   0   0  27  0.14 0.11
  229 R   -2  3 -3 -3 -4 -1 -1 -2  0 -2 -3  2 -2  4 -4  0 -3  4  5 -3    2  19   0   1   0   1   2   3   1   2   0  12   0  18   0   6   0   5  26   0  0.57 0.26
  230 F   -2 -4 -5 -5 -3 -4 -4 -5 -4  3  0 -4 -1  3  0 -4 -2 -4  0  5    1   0   0   0   0   0   0   0   0  21   4   0   0  13   4   0   0   0   2  54  0.83 0.33
  231 M    4 -3 -3 -4  1 -3 -3 -3 -4  3  0 -1  0 -3 -3 -1  0 -4 -3  2   43   0   0   0   4   0   0   0   0  18   6   3   2   0   0   1   3   0   0  19  0.46 0.24
  232 F   -1  4 -1 -2 -3  1  0 -3 -2 -1 -1  2  0  2  0 -1 -1 -3  0  1    3  28   2   0   0   7   5   0   0   4   5  11   2  10   4   4   1   0   2  11  0.24 0.15
  233 L    3 -3 -2 -2 -2 -3 -3 -3 -3  1  3 -3  2 -1 -2  0 -1  3 -2  0   32   0   1   2   0   0   0   0   0   6  34   0   5   2   1   5   3   4   1   3  0.34 0.20
  234 P    0 -4 -1 -1 -5 -2  0 -4 -4 -5 -5 -2 -5 -6  8 -3 -3 -6 -5 -4    7   0   4   3   0   1   7   0   0   0   0   2   0   0  75   0   0   0   0   0  1.95 0.50
  235 D    0  0  1  3 -3  0  2  0  0 -3 -3  0 -2 -2  2  1  0 -3 -2 -2    5   3   8  22   0   3  14   6   2   1   0   5   1   1  10  11   3   0   1   2  0.30 0.13
  236 G   -1 -3  1 -2  2 -2 -1  6 -3 -5 -5  0 -4 -5 -2 -2 -3 -4 -5 -5    2   1   6   1   5   1   5  69   0   0   0   7   0   0   2   0   0   0   0   0  1.14 0.36
  237 E   -2  1 -2 -1 -4  1  2 -4  1 -3  0  5  3 -3 -3 -2 -1 -4 -1 -3    0   7   0   2   0   4  14   0   3   0  11  45   9   0   0   0   4   0   1   0  0.57 0.28
  238 D   -4 -4 -1  7  1 -2  3 -3 -3 -5 -6 -3 -5 -6 -4  0 -3 -6 -5 -5    0   0   0  70   3   0  21   1   0   0   0   0   0   0   0   5   0   0   0   0  1.55 0.47
  239 P    1 -4 -5 -4 -4 -4 -4 -4 -5 -2 -3 -4  0 -4  6 -3 -3  5 -4  4   10   0   0   0   0   0   0   0   0   0   0   0   2   0  47   0   0   8   0  33  1.29 0.42
  240 D    0 -3  3  5  3 -1  4 -3 -2 -5 -5 -2 -4 -5 -3 -2 -3 -5 -4 -4    7   0  15  40   7   0  29   0   0   0   0   0   0   0   0   0   0   0   0   0  0.99 0.36
  241 T   -3 -3 -1  5 -5  1  5 -2 -2 -5 -5 -2 -4 -5 -3  1  0 -5 -3 -4    0   0   0  31   0   4  44   1   0   0   0   0   0   0   0  13   6   0   1   0  0.95 0.36
  242 L   -1 -4 -4 -5  2 -4 -4 -5 -3  0  4 -4  2  2 -4 -3 -2 -2  3  1    4   0   0   0   5   0   0   0   0   3  53   0   4  11   0   0   1   0  13   6  0.66 0.27
  243 V    0  0 -2 -2 -2 -2 -2 -3  0  2  1 -2  0  1 -3  0  2 -3  0  2    7   7   0   1   0   0   1   0   3  17  16   0   0   6   0   8  17   0   2  15  0.18 0.14
  244 R    0  3  0 -2 -1  1 -1  0 -1 -1  1  2  2 -2 -3 -1 -1 -3 -2 -2    9  22   6   0   2   7   0   6   1   2  18  14   9   0   0   1   4   0   1   0  0.21 0.16
  245 K    0  2  2 -1 -4  1 -1 -3 -1 -2 -4  5 -1 -4 -3  2 -2 -4 -3 -3    9   8   9   2   0   7   2   0   1   2   0  43   2   0   0  15   0   0   0   1  0.54 0.26
  246 E   -2  0  0 -1 -2  1  5  0  2 -4 -4  1 -3 -1 -3  0 -2 -3  2 -4    0   4   5   0   1   5  45   6   5   0   0  10   0   3   0   6   1   0   9   0  0.57 0.27
  247 G   -2 -4 -2 -1 -4 -2 -2  5 -1  3 -3 -3 -3 -4 -4 -2 -3 -4 -4  0    0   0   1   3   0   2   3  57   2  23   0   0   0   0   0   1   0   0   0   7  0.87 0.33
  248 K    1 -1  0  2 -2  0  0 -1 -1  0 -1  1  0 -2  2  0 -1 -3 -1  0   15   2   3  13   0   3   5   2   1   8   4  13   4   1   9   7   1   0   2   8  0.10 0.08
  249 E    0  1  0  2 -4  1  3 -1  2 -4 -4  3 -2 -4 -3  0 -1 -4 -2 -3    8   6   2  15   0   4  25   3   5   0   0  22   1   0   0   6   1   0   1   1  0.43 0.20
  250 A    4 -1 -1 -2  0  0  0  0 -3 -2 -1  0 -2  0 -2  1 -1 -4 -2 -2   47   2   1   1   2   4   6   7   0   1   5   7   0   4   0  10   3   0   0   0  0.33 0.21
  251 F   -3 -4 -5 -5 -3 -4 -5 -5 -4  1  5 -4  0  4 -5 -4 -2 -3  0  1    0   0   0   0   0   0   0   0   0   5  60   0   0  22   0   0   2   0   3   7  0.91 0.33
  252 E   -1  4 -2 -2 -4  1  1 -3 -1 -1 -1  3  0 -4 -3  0 -1 -4 -3 -3    5  34   0   0   0   7   7   0   1   3   7  21   3   0   0   9   2   0   0   0  0.49 0.23
  253 A    0  1  3  2 -4  0  3 -1 -2 -3 -2  2 -3 -4 -3  0 -1 -4 -2 -3   11   6  19  11   0   3  22   2   0   1   3  14   0   0   0   4   1   0   1   0  0.37 0.19
  254 R    0  2 -3 -3 -3  1 -1 -3 -2  0  2  3  2  0 -3 -1 -2  1  0 -1    7  10   0   0   0   6   1   0   0   4  29  26   6   2   0   2   0   2   3   1  0.29 0.19
  255 M   -1 -4 -4 -5 -3 -3 -4 -5 -4  4  2 -2  2 -2 -4 -3  0 -4 -3  4    4   0   0   0   0   0   0   0   0  32  19   2   6   0   0   0   4   0   0  32  0.65 0.26
  256 E    0 -2  1  2 -3  1  2 -1  1 -3 -1  0 -2 -3  4 -1 -1  2 -2 -3    9   0   7  13   0   6  15   3   4   0   6   6   0   0  20   3   1   4   0   0  0.36 0.15
  257 Q    0  2  2  0  2  2  0  0  0 -2 -2  1 -2 -3 -1  0  0 -3 -1  0    9  12  16   3   5  14   3   5   1   1   1   8   0   0   2   3   5   0   1   9  0.17 0.11
  258 A    2  3 -1  0 -2  0  2  0 -2 -2 -3  0 -2 -3  0  2 -1 -3 -3 -1   23  21   0   4   0   3  13   6   0   1   1   3   0   0   3  16   1   0   0   3  0.28 0.15
  259 M   -1  0 -1 -1 -1  3  1 -1  0  1  0  1  1 -2  0 -1  1 -3 -1 -1    1   4   2   1   2  20  12   4   3  11  10   9   4   0   3   1   9   0   2   3  0.14 0.11
  260 P   -1 -2  0  1 -3 -1 -1 -3  0 -1 -2 -1 -1 -2  5  1  1 -4 -1 -1    4   0   5   9   0   2   3   0   2   3   4   2   1   2  33  10  13   0   2   5  0.50 0.19
  261 L   -1 -2 -3 -2 -2 -2 -2 -3 -1  1  3 -2  2  2 -2 -2 -2  5  2  0    5   1   0   2   0   0   2   0   1   8  39   2   7   7   2   2   0   8   8   5  0.36 0.16
  262 S    0 -2 -1 -1 -2 -1  1 -2  0  1  0 -2  0  2 -2  1  0 -2 -1  1    8   0   1   3   0   0  14   2   2  11   6   0   3  14   0  18   5   0   0  11  0.11 0.11
  263 A    0 -1  0  2 -3  1  4 -2 -1 -3 -3  1 -1 -3 -2  0  0 -3 -1 -3    9   2   3  10   0   6  41   1   0   0   2  10   2   0   0   6   4   0   2   0  0.47 0.20
  264 F   -3 -3 -3 -4 -4 -3 -4 -4  3 -2 -1 -3  1  6 -4 -3 -2  5  6 -2    0   1   1   0   0   0   0   0   6   1   3   2   4  40   0   0   2   7  30   1  1.13 0.35
  265 L    0 -1 -2 -3 -2  0 -2 -1 -2  1  3  0  0  1  0 -2 -1 -2  1  0    6   3   1   0   0   4   1   4   0   6  39   9   1   8   4   2   1   0   4   7  0.17 0.13
  266 F   -1 -3 -4 -4 -3 -3 -3 -4 -2  4  1 -1  2  3 -4 -3 -2  3  0  2    5   0   0   0   0   0   1   0   1  34  13   4   7  15   0   0   1   4   2  13  0.45 0.20
  267 N    0  2  1  1 -3  3  1 -2  1 -2 -1  1 -2 -3 -2  0 -1  1 -2 -2    8  17   6   8   0  18   7   1   4   1   7  10   0   0   0   4   3   3   1   2  0.24 0.14
  268 S    0  0  0 -1  0  2  1 -1  2 -1 -2  0 -1  0 -3  1  0 -2  3 -2    6   5   5   1   2  12   8   4   6   5   0   3   2   4   0  15   5   0  16   2  0.17 0.13
  269 L    0 -1 -3 -2 -3 -1  0 -1  0  1  3  1  1  1 -3 -2 -2 -2  0 -1   10   1   0   1   0   1   9   5   3   8  37  10   3   8   0   0   0   0   3   0  0.18 0.15
  270 M    0  2 -1 -2 -3  0  1 -2 -2  1  1  0  1  1 -3  0 -1 -2  0 -1   12  17   1   0   0   2  10   1   0  11  16   4   4   6   0   7   2   0   4   2  0.10 0.10
  271 P    0  1  1  0 -3 -1  1 -1  1 -3 -2  3 -1 -3  2  2 -1 -4 -3 -2    8   7   6   4   0   0   8   3   3   0   3  24   1   0  11  17   0   0   0   3  0.27 0.15
  272 Q   -1 -1  1  1 -4  2  3  1 -2 -3 -3  1 -2  1  0  0 -1 -3 -2 -3    1   2   9   8   0  12  22  12   0   1   0   8   0   8   5   8   3   0   0   1  0.27 0.15
  273 V   -1  1 -2 -1 -3 -1  0  0  2  1 -1  2  0  0 -3 -2  0 -2  3  0    3   6   0   3   0   1   6   8   5  10   3  18   3   2   0   0   4   0  17   9  0.14 0.13
  274 D   -2 -1  4  3 -4 -1  1 -1  0 -2 -2  1  0 -4 -1  1 -1 -5 -3 -2    0   1  28  22   0   1  10   2   1   2   3   8   3   0   2  15   1   0   0   2  0.47 0.22
  275 L    0 -1 -2 -3 -3  1  0 -3  2  1  2  0  0  2 -1 -2 -1 -3 -1  1    8   2   0   0   0   9   4   0   6   6  32   7   2   9   2   0   3   0   0   8  0.16 0.13
  276 S    0  0  2  2  0  1  1 -1  0 -1 -1  0 -2  1 -2  1 -1 -3 -2 -2    6   4  14  12   2   6  10   1   2   4   7   7   0   9   0  17   0   0   0   0  0.16 0.12
  277 T   -1 -1  3  3 -3  0 -1  0  0 -3 -4  0 -3 -4 -3  2  3 -4 -3 -3    4   2  17  17   0   3   1   6   2   1   0   6   0   0   0  20  22   0   0   0  0.42 0.21
  278 P    1  0 -1  1 -3  0  2 -2 -2 -2 -1  0 -2 -1  4  0 -1 -4 -3 -2   15   4   2  10   0   3  18   1   0   2   8   4   0   4  24   3   3   0   0   1  0.36 0.16
  279 D    0  0 -1  2 -3  1  3 -1 -2  0  0  0 -2 -3 -2  0 -1 -4 -2  0   10   5   0  12   0   4  29   5   0   7   8   3   0   0   0   7   3   0   1   6  0.21 0.14
  280 G   -1 -1  0  3 -4  1  3  2  0 -3 -2  0 -3 -2  1  0 -1 -3 -1 -3    1   2   2  17   0   4  25  20   2   0   6   3   0   2   6   6   3   0   2   0  0.32 0.16
  281 R   -2  3  0 -2 -4  2  0 -2 -2 -3 -1  4 -2 -1 -1 -1  0 -3 -1 -1    0  17   3   0   0  10   2   1   0   0   6  39   0   4   2   1   6   0   2   6  0.43 0.22
  282 A    2  0  0  0 -2  0  1 -1  0  0  0  0  0 -1 -1  0  0 -3 -1  0   27   5   3   3   0   5   9   2   3   8   8   3   2   3   2   7   4   0   2   3  0.08 0.08
  283 R    1  2  0  0 -3  2  1 -1  3 -3 -2  2 -2 -3 -2  1 -1 -3 -1 -2   13  14   3   4   0   9   6   2  10   0   4  17   0   0   0  10   1   0   2   3  0.25 0.14
  284 L    1 -1 -3 -3 -2 -1 -2 -2 -2  1  2 -2  1  1 -2 -2 -1 -1  4  1   16   2   0   0   0   4   2   2   0   6  24   1   3   6   1   0   2   0  19  13  0.23 0.15
  285 S    0 -1 -2 -3 -2 -2  0 -3 -3  2  2  0  0 -2  0  0 -1 -3 -2  2    9   3   2   0   0   0   6   0   0  14  26   9   0   0   4   8   1   0   0  19  0.17 0.13
  286 T   -1  2  1  1 -3  2  3 -3 -2 -2 -3  2  0 -4 -2  0  1 -4 -3 -1    5  10   9   7   0   7  22   0   0   3   0  17   3   0   0   5  10   0   0   3  0.31 0.15
  287 L   -1  2  0  1 -3  1  3 -2  0 -1  0  0 -1  0 -3 -1  0 -3 -2 -2    6  12   5   9   0   4  26   2   1   5  14   2   0   5   0   2   7   0   0   0  0.19 0.13
  288 A    2 -2 -3 -3  3 -2 -2 -3 -3  2  2 -2  1  0 -1  0 -1 -3 -2  2   23   1   0   0   7   0   2   0   0  12  19   0   5   4   2   8   2   0   0  14  0.22 0.14
  289 L    0  0 -2 -3 -2 -1 -2 -3 -3  1  2  1  0  0  1  0 -1 -3 -2  2   11   3   0   0   0   2   0   0   0   9  23  13   0   5   7   9   2   0   0  16  0.15 0.12
  290 P   -1  1  1  1 -4  1  1  0  0 -4 -4  0 -4 -5  6 -1 -1 -5 -4 -4    2   9   6   9   0   5   8   6   2   0   0   5   0   0  42   2   3   0   0   0  0.83 0.26
  291 L   -1  0 -3 -1 -3  0  1 -4 -2  1  2 -1  1  0 -1 -2 -2  2  2  1    4   4   0   2   0   5  12   0   0  11  26   2   5   3   2   0   0   3   8  12  0.16 0.12
  292 I   -1 -3 -4 -4  1 -2 -4 -4 -4  4  2 -3  1  0  0 -3 -1 -3 -2  3    4   0   0   0   4   2   0   0   0  34  24   0   2   2   5   0   2   0   0  20  0.47 0.19
  293 S    2  1  1  0 -3  1  1  0  1 -3 -3  2 -2 -4  0  2  0 -4 -3 -3   18   6   8   2   0   8   6   8   3   0   0  17   0   0   3  20   2   0   0   0  0.28 0.14
  294 Q   -2  2  1 -1  1  3  1 -3  1 -3 -1  4 -2 -3 -3 -1 -1 -4 -3 -2    0  12   8   2   3  15   5   0   4   0   9  32   0   0   0   3   3   0   0   3  0.37 0.19
  295 V   -2 -3 -4 -4 -2  0 -3 -4 -3  4  2 -3  2  0 -4 -2 -1  3  1  2    0   0   0   0   0   5   0   0   0  30  27   0   7   4   0   2   2   6   5  11  0.44 0.19
  296 P   -1  1  0  0 -3  0 -1  0 -2 -3 -4  2 -3 -4  5  2  0 -4 -3 -2    3   7   5   6   0   2   0   9   0   0   0  15   0   0  28  18   6   0   0   2  0.53 0.19
  297 G   -1 -2  1  2 -3  1  1  1 -2 -1 -2 -1 -2 -3  0  2 -1 -4 -3 -1    2   0   8  16   0   6   9  14   0   3   5   2   0   0   4  24   0   0   0   7  0.23 0.13
  298 E    1 -1 -1  2 -3  1  1  0 -2  0 -1  1 -2 -3  3  1  0 -3  0 -1   12   0   1  13   0   6   9   6   0   8   4   9   0   0  14  10   4   0   4   1  0.19 0.10
  299 T    0 -2  2 -2 -2 -2 -1 -2 -2  2  1 -1  0  0  1 -1  2 -3 -2  1    9   0  13   0   0   0   4   2   0  15  12   3   2   3   6   2  17   0   0  12  0.13 0.11
  300 L   -1 -2 -2 -2 -3  1  1 -3 -1  1  2  0  1 -1 -3 -1  0 -3  1  1    4   0   0   0   0   7  13   0   1  10  33   9   2   0   0   2   4   0   5  10  0.19 0.14
  301 R   -1  5 -1  0 -4  3 -1 -2  1 -1 -3  2 -2 -4 -1 -1 -2 -4 -1 -1    4  38   2   4   0  16   0   2   4   4   0  14   0   0   3   2   0   0   2   5  0.50 0.23
  302 I    0 -1  0  3 -3  2  1 -2  2  0 -1  1 -2 -2 -2  0  0 -3  0 -1   11   0   2  20   0  11  11   0   6   9   4  11   0   0   0   4   4   0   4   4  0.20 0.13
  303 Y   -1  1 -2  0 -3  1  3 -3  1  0  0  1 -2 -1 -3  0  0 -2  3 -1    2   6   0   3   0   7  23   0   4   5  10  10   0   0   0   7   5   0  17   2  0.24 0.16
  304 L   -2 -4 -4 -5 -3 -3 -4 -5  1  1  2 -4  2  2 -4 -3 -3 -1  6  2    2   0   0   0   0   0   0   0   2   5  25   0   6   5   0   0   0   0  40  15  0.76 0.28
  305 R    0  2 -2 -3 -2 -1 -2 -3 -2  1  2  1  1  1 -1 -1 -1 -2  1  1   12  15   0   0   0   0   0   0   0   7  21  14   3   8   3   2   0   0   4  11  0.15 0.12
  306 Q   -2  4  2  2 -4  4  0 -1  0 -4 -4  2 -3 -4 -1 -1 -2 -4 -3 -2    0  24   9  12   0  27   0   3   2   0   0  15   0   0   3   3   0   0   0   2  0.56 0.23
  307 E    0  2  1  1 -3  4  1 -2 -1 -1 -1  1  0  0 -2 -1  0 -3 -2 -2    6  13   6   8   0  29   6   0   0   4   6   6   2   7   0   0   6   0   0   0  0.26 0.15
  308 L   -1 -3 -4 -4  1 -3 -4 -4 -4  3  4 -3  2  0 -4 -3 -2 -3 -2  1    4   0   0   0   3   0   0   0   0  21  55   0   4   3   0   0   0   0   0   8  0.62 0.21
  309 G    4 -2 -2 -2  1 -2 -2  1 -3 -2 -2  1 -2 -3 -2  2  0 -4 -3 -1   51   0   0   0   3   0   0  11   0   0   4   9   0   0   0  14   4   0   0   3  0.45 0.21
  310 N   -2  1  1  2 -4  2  4  1 -1 -4 -3  0  0 -4 -1  1 -1 -4 -3 -3    0   6   6  11   0   9  37  10   0   0   2   3   3   0   3   9   3   0   0   0  0.43 0.18
  311 K   -1  0 -2 -2 -3  1  1 -3  0  1  1  2  2  0 -3 -1  1  4 -1 -1    3   2   0   0   0   7  14   0   3  11  17  15   8   3   0   0   9   7   0   0  0.19 0.13
  312 L   -2 -3 -4 -4 -3 -1 -3 -4 -3  2  3 -3  1  5 -4 -3  1 -2  0  1    0   0   0   0   0   4   0   0   0  13  30   0   3  29   0   0  11   0   0  10  0.50 0.20
  313 G   -1 -2  1 -2 -3 -1 -1  5  0 -4 -4  0  0 -4 -1  2 -2 -4 -3 -4    0   0   7   0   0   3   2  52   2   0   0   6   3   0   3  21   0   0   0   0  0.70 0.23
  314 I   -2 -3 -4 -2 -2 -1 -3 -4 -4  5  2 -3  0 -1 -4 -3  0  5 -2  2    0   0   0   3   0   4   0   0   0  45  18   0   0   0   0   0   5  12   0  13  0.59 0.21
  315 L   -1  0  0  0 -2 -1 -2 -1 -2  0  1 -1  0  1  1  2  0 -3 -1  0    2   8   4   6   0   0   0   4   0   6  24   0   0   8   8  23   3   0   0   3  0.10 0.08
  316 D   -2 -2  0  5 -4  0  3 -2 -2 -2 -2 -1 -3 -4  3 -1 -2 -4 -3 -2    0   0   3  42   0   3  22   2   0   3   6   0   0   0  15   0   0   0   0   3  0.65 0.18
  317 D    0 -1 -1  3 -4  2  4 -2  1 -3 -3 -1 -2 -3  1  0 -1 -3  0 -1    7   0   0  24   0   9  35   0   4   0   0   0   0   0   7   3   0   0   4   6  0.46 0.14
  318 S    2 -1  2 -1 -2  1  1  0 -1 -3 -3  0 -2 -3 -2  2  1 -3  0 -2   31   0  14   0   0   7   7   5   0   0   0   7   0   0   0  14  11   0   3   0  0.26 0.10
  319 Q   -2 -1 -2 -3 -3  5 -1 -4 -2 -1  3 -1  0 -2  1 -2 -2 -3 -2  0    0   0   0   0   0  42   0   0   0   0  44   0   0   0   7   0   0   0   0   7  0.51 0.19
  320 L   -1 -2 -3 -3 -2 -2 -1 -3  1  1  2 -1  0  2 -3 -2  0 -2  2  2    5   0   0   0   0   0   5   0   4   0  36   5   0   8   0   0   5   0   8  24  0.19 0.08
  321 E   -2 -1 -1  4 -4  3  5 -3 -1 -4 -4  0 -3 -4 -2 -1 -2 -4 -3 -3    0   0   0  23   0  12  65   0   0   0   0   0   0   0   0   0   0   0   0   0  0.89 0.15
  322 R   -1  3 -1 -1 -4  5  3 -2  0 -3 -3  2 -1 -4 -2 -1 -1 -3 -2 -3    0  16   0   0   0  54  16   0   0   0   0  14   0   0   0   0   0   0   0   0  0.65 0.09

                      K         Lambda
Standard Ungapped    0.1378     0.3205
Standard Gapped      0.0440     0.2670
PSI Ungapped         0.1437     0.3171
PSI Gapped           0.0440     0.2670
