
Last position-specific scoring matrix computed, weighted observed percentages rounded down, information per position, and relative weight of gapless real matches to pseudocounts
            A   R   N   D   C   Q   E   G   H   I   L   K   M   F   P   S   T   W   Y   V   A   R   N   D   C   Q   E   G   H   I   L   K   M   F   P   S   T   W   Y   V
    1 M    -3  -4  -5  -6  -4  -3  -5  -5  -4  -1   0  -4  10  -2  -5  -4  -3  -4  -4  -2    0   0   0   0   0   0   0   0   0   0   0   0 100   0   0   0   0   0   0   0  2.50 0.52
    2 K    -1   1  -1   2  -4   1   3  -3  -1  -2  -3   3  -2  -4  -1   1   1  -4  -2  -2    3   8   0  11   0   3  19   0   1   2   1  28   0   0   1  13   9   0   1   2  0.37 0.16
    3 A     0  -1   0   2  -4   0   2   0  -1  -4  -4   3  -3  -4   3   0   0  -4  -3  -3    8   0   3  11   0   3  14   8   1   0   0  24   0   0  15   4   7   0   0   0  0.40 0.16
    4 L    -4  -5  -4  -6  -4  -5  -5  -6  -3   0   6  -5   1  -2  -5  -4  -3  -4  -4  -1    0   0   1   0   0   0   0   0   1   2  92   0   3   0   0   0   1   0   0   0  1.47 0.44
    5 T    -2  -4  -1  -3  -4  -3  -3  -4  -4  -4  -4  -3  -4  -5  -3   2   7  -5  -4  -3    1   0   2   0   0   0   1   1   0   0   0   0   0   0   1  14  81   0   0   0  1.57 0.51
    6 A     1   2  -1   1  -1   0   2  -3  -1  -4  -4   2  -3  -4   4   0  -1  -4  -3  -2   15  15   2   9   1   2  14   0   1   0   0  11   0   0  21   4   3   0   0   2  0.45 0.19
    7 R    -1   6  -2  -4  -5   0  -2  -4  -3  -4  -4   4  -4  -5  -4  -2  -1  -5  -4  -4    4  55   0   0   0   2   0   0   0   1   1  32   0   0   0   1   3   0   0   0  1.28 0.41
    8 Q    -4   1  -3  -4  -6   9  -1  -5  -3  -6  -5  -2  -4  -7  -5  -3  -4  -2  -5  -6    0   5   0   0   0  93   1   0   0   0   1   0   0   0   0   0   0   1   0   0  2.36 0.67
    9 Q     0   3  -1  -2  -4   4   1  -3   2  -1  -1   2  -1  -3  -3   0  -1  -3   0  -2    6  16   2   0   0  27   8   0   6   3   7  10   2   0   0   7   2   0   4   1  0.36 0.19
   10 E     0   1  -1   1  -5   3   5  -3  -2  -4  -3   1   0  -4  -3   0  -1  -4  -4  -4    9   6   1   6   0  17  42   0   0   0   3   6   2   1   0   4   2   0   0   0  0.65 0.27
   11 V    -3  -5  -5  -5  -3  -5  -5  -6  -5   5   2  -5   0  -2  -5  -4  -2  -5  -3   4    0   0   0   0   0   0   0   0   0  46  20   0   1   0   0   0   1   0   0  32  1.06 0.34
   12 F    -4  -5  -6  -6  -4  -5  -5  -6  -4   0   5  -5   0   3  -5  -5  -4  -3   3  -2    0   0   0   0   0   0   0   0   0   2  76   0   1  12   0   0   0   0  10   0  1.23 0.39
   13 D    -1   1   1   5  -3   1   3  -2   0  -3  -1  -1  -1  -4  -3  -1  -2  -4  -3  -3    6   8   6  35   1   5  19   2   2   1   7   1   1   0   0   3   1   0   0   1  0.50 0.21
   14 L    -3  -4  -5  -5  -1  -3  -3  -5  -2  -1   2  -4  -2   7  -5  -3  -3   3   4   1    1   0   0   0   1   1   1   0   0   1  18   0   0  48   0   1   1   4  12   9  1.00 0.31
   15 I    -4  -5  -6  -6  -4  -5  -5  -6  -6   7   1  -5   0  -3  -5  -5  -3  -5  -4   1    0   0   0   0   0   0   0   0   0  83  10   0   1   0   0   0   0   0   0   4  1.61 0.45
   16 R    -1   4   0  -1  -1   2   0  -3   3  -3  -3   3  -1  -3  -3  -1   0  -4   0  -1    3  26   3   3   2   8   3   0   9   1   1  25   1   0   0   1   5   0   4   5  0.44 0.20
   17 D     0   2   1   2  -3   2   2  -1   0  -4  -3   1  -2  -4  -3   1   0  -4  -3  -2    7  13   6  15   0  10  16   2   2   0   1   7   0   0   0  15   4   0   0   2  0.34 0.16
   18 H     0   2   0  -2   0   1   0  -3   4  -3  -3   0  -2   1  -3   0   0   0   4  -2   10  15   3   0   2   7   6   0  14   1   0   3   0   5   0   8   8   1  16   3  0.31 0.17
   19 I    -3  -4  -4  -5  -2   0  -4  -5  -4   5   2  -4   3  -2  -4  -3   0  -4  -3   3    0   0   0   0   0   5   0   0   0  40  16   0   7   0   0   1   7   0   0  23  0.69 0.26
   20 S     1   2   0   2  -3   2   3  -2   0  -2  -2   2  -2  -4  -2   0  -1  -4  -3  -2   13  10   4  11   0   8  20   1   1   1   4  15   0   0   0   8   3   0   0   1  0.29 0.15
   21 Q     0   2   0   2  -4   3   4  -3  -1  -3  -2   1  -3  -4  -3   0   0  -4  -2  -3    6  14   2  11   0  14  28   0   0   1   4   6   0   0   0   6   5   0   1   1  0.41 0.19
   22 T    -2   2   2   0  -1   1  -1  -3   3  -3  -2   2  -3  -4  -3   0   3  -4  -2  -3    2  13  13   5   1   5   2   1   8   1   3  14   0   0   0   5  28   0   1   0  0.40 0.21
   23 G    -2  -5  -3  -4  -5  -1  -5   7  -2  -7  -7  -4  -5  -6  -5  -2  -4  -5  -6  -6    0   0   0   0   0   4   0  94   1   0   0   0   0   0   0   1   0   0   0   0  2.11 0.52
   24 M    -1  -3  -4  -5  -3  -2  -4  -5   1  -1  -1  -4   4   3  -5  -3  -3  -1   7   2    6   1   0   0   0   1   0   0   4   3   2   0  12  11   0   1   0   0  44  15  0.98 0.34
   25 P     0  -5  -4  -4  -5  -4  -4  -2  -5  -5  -5  -4  -1  -6   8   1  -3  -6  -5  -5    9   0   0   0   0   0   0   2   0   0   0   0   2   0  75  13   0   0   0   0  2.05 0.52
   26 P    -2  -5  -5  -5  -6  -5  -4  -5  -6  -6  -6  -4  -6  -7   9  -4  -4  -7  -6  -6    2   0   0   0   0   0   0   0   0   0   0   0   0   0  98   0   0   0   0   0  3.07 0.68
   27 T    -1  -4  -2  -3  -3  -3  -3  -3  -4  -4  -4  -3  -4  -5  -4   5   5  -5  -4  -3    3   0   0   0   0   0   0   0   0   0   0   0   0   0   0  53  44   0   0   0  1.32 0.47
   28 R    -2   3  -3  -4  -3  -1  -3  -4  -3   3   0  -2   1   3  -4  -3  -1  -3   0   3    2  24   0   0   0   2   0   0   0  18   5   0   4  16   0   0   4   0   2  23  0.45 0.22
   29 A     3   6  -2   2  -4  -1   0  -2  -3  -4  -4   0  -3  -5  -4  -2  -2  -5  -4  -3   25  50   0  11   0   1   5   2   0   0   0   2   0   0   0   0   1   0   0   1  0.87 0.34
   30 E    -4  -3  -3   2  -7   2   7  -5  -3  -6  -6  -2  -5  -6  -4  -3  -4  -6  -5  -5    0   0   0   8   0   7  85   0   0   0   0   0   0   0   0   0   0   0   0   0  1.85 0.54
   31 I    -4  -5  -6  -6  -4  -5  -6  -6  -6   7   0  -5   6  -3  -5  -5  -3  -5  -4   1    0   0   0   0   0   0   0   0   0  75   2   0  19   0   0   0   0   0   0   3  1.65 0.48
   32 A     3  -2  -3  -3   5   0  -3   3  -3  -4  -3   2   1  -4  -3   0  -2  -4  -4  -3   35   1   0   0  12   5   0  23   0   0   0  15   5   0   0   4   0   0   0   0  0.60 0.27
   33 Q     0   3   0   3  -4   2   3  -2  -1  -3  -3   1  -2  -4  -3   0   0  -4  -3  -3    9  18   4  17   0  12  20   1   0   1   2   6   0   0   0   4   5   0   0   0  0.41 0.18
   34 R     5   0  -2  -3  -3  -1   2  -1   4  -3  -4  -1  -3  -4  -3   0  -1  -5  -3  -3   53   6   1   0   0   2  16   2  11   1   0   2   0   0   0   3   2   0   0   0  0.67 0.30
   35 L    -2  -4  -5  -5  -3  -4  -5  -5  -4   0   4  -4   2   4  -5  -4  -2  -3  -1   3    2   0   0   0   0   0   0   0   0   2  43   0   6  20   0   0   1   0   0  26  0.79 0.29
   36 G    -2  -1   2   2  -5  -3  -2   6  -4  -6  -6  -1  -5  -6  -4  -2  -3  -5  -5  -5    0   3   8  14   0   0   2  68   0   0   0   3   0   0   0   1   0   0   0   0  1.27 0.37
   37 F    -4  -5  -5  -6  -4  -5  -5  -6  -4   3   4  -5   0   6  -5  -5  -4  -3   0  -1    0   0   0   0   0   0   0   0   0  15  47   0   1  34   0   0   0   0   2   1  1.07 0.34
   38 R     1   4  -1  -2  -3   0  -1  -2  -1  -4  -3   3  -2  -4  -3   2   0  -4  -3  -3   13  29   2   0   0   2   2   1   1   0   1  22   1   0   0  18   6   0   0   0  0.53 0.22
   39 S    -1  -4  -2  -3  -4  -3  -3  -1  -4  -5  -5  -3  -4  -5  -4   7   1  -6  -5  -4    1   0   0   0   0   0   0   4   0   0   0   0   0   0   0  87   7   0   0   0  1.57 0.53
   40 P     1  -1  -2  -3  -3   0  -2  -3  -2  -3  -2   3  -2  -4   5   1   3  -5  -4  -2   10   2   0   0   0   3   0   0   1   0   4  19   1   0  26   9  23   0   0   1  0.61 0.25
   41 N     0   1   5  -2  -4  -1  -2  -2  -1  -4  -3  -2  -4  -5  -3   5  -1  -5  -4  -4    5   6  33   0   0   2   0   1   1   0   3   0   0   0   0  46   2   0   0   0  0.88 0.35
   42 A     3  -3  -2  -3  -3  -3  -3   3  -3  -3  -4  -3  -3  -4   0   1   3  -4  -4  -1   33   0   0   0   0   0   0  27   0   0   0   0   0   0   4  12  21   0   0   3  0.64 0.27
   43 A     4  -4  -5  -5  -3  -4  -4  -4  -5   3  -2  -4  -2  -3  -4  -2  -2  -5  -4   5   39   0   0   0   0   0   0   0   0  20   0   0   0   0   0   0   0   0   0  41  0.91 0.35
   44 E     0   0   0  -2  -5   1   3  -4   8  -4  -4  -2   1  -3  -4  -1  -2  -4   0  -4    9   4   3   0   0   7  24   0  39   1   1   1   5   1   0   5   2   0   2   0  0.91 0.33
   45 E    -1   2   0   1  -4   0   3   1   3  -3  -3   1  -3  -2  -3   1  -1  -3   0  -3    1  15   4   6   0   3  21  13   8   2   1   8   0   1   0  10   1   0   4   1  0.29 0.15
   46 H    -4   0  -1  -4  -5   3  -3  -5   9  -3   1  -3  -3  -3  -5  -4  -4  -5   1  -5    0   4   2   0   0  12   0   0  62   1  15   0   0   0   0   0   0   0   4   0  1.68 0.49
   47 L    -4  -5  -6  -6  -4  -5  -5  -6  -5   4   5  -5   0  -2  -5  -5  -3  -4  -3   1    0   0   0   0   0   0   0   0   0  21  72   0   0   0   0   0   0   0   0   7  1.20 0.37
   48 K     0   2   1  -1  -3   1   1  -2  -2  -2  -2   3  -1  -4  -3   1   1  -4  -3  -2    5  14   6   2   0   6   9   1   0   3   2  27   1   0   0   8  12   0   0   2  0.33 0.17
   49 A     5   3  -2  -3  -3   0  -2  -1  -3  -1  -3   0  -3  -4  -3  -1  -1  -5  -4  -1   58  17   1   0   0   4   1   2   0   3   0   6   0   0   0   1   3   0   0   4  0.68 0.31
   50 L    -4  -5  -6  -6  -4  -5  -6  -7  -6   0   6  -5   0  -2  -6  -5  -4  -4  -4  -2    0   0   0   0   0   0   0   0   0   2  98   0   0   0   0   0   0   0   0   0  1.71 0.49
   51 A     3   1  -3  -1  -2   0   6  -4  -3  -2  -4  -1  -4  -5  -3  -2  -2  -5  -4  -2   26   6   0   1   1   2  57   0   0   2   1   1   0   0   0   0   1   0   0   2  0.94 0.37
   52 R    -2   5   0  -1  -5   1   3  -3  -2  -5  -3   4  -2  -5  -3  -1  -2  -5  -4  -4    2  34   4   2   0   4  22   0   0   0   1  25   1   0   0   4   1   0   0   0  0.77 0.28
   53 K    -1   3  -2  -3  -5   0  -1  -4  -2  -5  -2   7  -4  -5  -4  -2  -3  -5  -4  -4    4  16   0   0   0   1   1   0   0   0   4  71   0   0   0   1   0   0   0   0  1.32 0.43
   54 G    -3  -5  -3  -4  -5  -3  -4   7  -5  -7  -7  -4  -6  -6  -5  -3  -4  -5  -6  -6    0   0   1   0   0   1   0  97   0   0   0   0   0   0   0   0   0   0   0   0  2.23 0.54
   55 V     0  -4  -4  -5  -1  -2  -4  -5   0  -2   1  -4  -1   4  -5  -3  -3  -1   6   2   11   0   0   0   2   2   0   0   1   0  11   0   1  22   0   0   0   0  38  14  0.91 0.32
   56 I    -3  -5  -6  -6  -4  -5  -6  -6  -6   6   3  -5  -1  -2  -5  -5  -3  -5  -4   1    1   0   0   0   0   0   0   0   0  65  29   0   0   0   0   0   0   0   0   5  1.31 0.40
   57 E    -3   5  -1   0  -5   2   4  -4   0  -3  -3   1  -3  -5  -4  -2  -1  -5  -3  -3    1  41   2   5   0   7  27   0   2   1   3   4   0   0   0   1   4   0   0   1  0.77 0.29
   58 I    -3   6  -3  -4  -5  -1  -3  -5  -3   1   1   1   2  -3  -1  -2  -2   2  -3  -2    0  54   0   0   0   2   0   0   0   9  13   6   7   0   2   1   1   4   0   1  0.85 0.32
   59 V    -1  -2   0   4  -3  -1   0  -2  -1   0   1  -2   0  -3  -3  -1   1  -1  -3   1    5   1   5  30   0   2   5   1   1   4  19   1   2   0   0   2   9   1   0  12  0.26 0.15
   60 S     2  -3  -2   1  -4  -2   0  -1  -3  -5  -5   0  -4  -5   6   1  -3  -2  -3  -4   16   1   1   7   0   0   6   4   0   0   0   5   0   0  49   9   0   1   1   0  1.08 0.33
   61 G    -2  -1   4  -2  -4  -2  -3   4   3  -4  -4  -1  -2  -4  -4   0   2  -5  -4  -3    1   3  21   0   0   1   0  40   7   0   1   4   1   0   0   4  16   0   0   1  0.71 0.28
   62 A     1   4   0  -3  -4   1  -2  -3  -2  -3  -3   4  -2  -4  -3  -1   1  -5  -3  -2   16  25   3   0   0   6   0   0   0   1   1  33   0   0   0   3  10   0   0   3  0.59 0.26
   63 S     3  -3  -1  -3  -3  -3  -3  -2  -3  -4  -4  -1  -4  -4   5   4   0  -5  -1  -3   27   1   2   0   0   0   0   1   0   0   0   2   0   0  26  37   3   0   2   0  0.86 0.33
   64 R    -4   8  -4  -5  -7  -2  -3  -3  -3  -6  -5  -1  -4  -6  -5  -4  -4   1  -5  -4    0  95   0   0   0   0   0   2   0   0   0   0   0   0   0   0   0   2   0   1  2.27 0.60
   65 G     4  -4  -3  -4  -3  -3  -3   5  -4  -4  -4  -3  -4  -5  -1   0   0  -5  -4  -3   47   0   0   0   0   0   0  40   0   0   0   0   0   0   3   5   5   0   0   0  1.00 0.35
   66 I    -3  -5  -6  -6  -4  -5  -5  -6  -5   6   3  -5   1  -2  -4  -5  -3  -5  -3   2    0   0   0   0   0   0   0   0   0  58  25   0   2   0   1   0   0   0   0  13  1.18 0.37
   67 R    -3   5  -2   0  -5   1   5  -4  -1  -5  -5   1  -4  -5  -3   0  -1  -5  -4  -4    1  33   1   3   0   3  45   0   1   0   0   5   0   0   0   5   3   0   0   0  1.00 0.36
   68 L    -2  -5  -5  -5  -3  -4  -5  -6  -5   4   3  -5   0  -2  -3  -4  -3  -4  -3   4    1   0   0   0   0   0   0   0   0  25  34   0   1   0   1   0   0   0   0  37  0.93 0.32
   69 L    -2   1  -3  -4  -1  -2  -3  -2  -3   2   3  -1   1  -2   0  -2   1  -4  -3   2    1   8   0   0   1   0   0   3   0  10  35   4   4   0   4   2  12   0   0  16  0.28 0.17
   70 Q    -1   2   1   1  -3   0   1   1   2  -2  -2   2  -1  -3   1   0  -1  -4  -2  -2    3  11   7   8   0   3  10   9   8   1   3  16   2   1   7   7   3   0   0   2  0.20 0.10
   71 E     0   1  -1   2  -3   2   2  -1  -1  -2   0   0   0  -3   1   0   0  -4  -3  -2    6   7   1  14   0   9  18   3   1   1  14   5   2   0   7   6   4   0   0   0  0.20 0.12
   72 E    -1  -2   0   2  -4   1   3   0  -2  -2  -4   1  -3  -4   4   0   0  -5  -3  -3    4   1   2  11   0   5  26   6   0   3   0   8   0   0  22   7   5   0   0   1  0.51 0.21
   73 E     0   0   0   1  -4   2   3  -3   0  -1  -2   0   0  -3   3   0   0  -4  -3  -2    9   5   3   9   0   8  24   0   2   4   3   5   3   0  15   4   5   0   0   2  0.33 0.16
   74 E     0   0  -1   0  -2   0   1   0  -1   0   0   0   0  -1   0   0   2  -3  -2   0   10   3   1   6   0   4   9   7   1   4   9   8   1   2   3   7  18   0   0   8  0.08 0.07
   75 G     1   0   0   1  -3  -1   1   3  -1  -2  -2  -1   0  -1  -2   2   0  -3  -1  -2   12   7   3   6   0   2  10  24   1   2   3   2   3   2   0  17   3   0   2   0  0.22 0.13
   76 L    -2  -5  -5  -5  -3  -4  -5  -5  -5   5   4  -4  -1  -2  -5  -4  -3  -4  -1   4    1   0   0   0   0   0   0   1   0  33  36   0   0   0   0   0   0   0   2  26  0.88 0.31
   77 P    -3  -5  -5  -5  -6  -5  -4  -5  -6  -6  -5  -4  -6  -7   9  -1  -4  -7  -6  -6    1   0   0   0   0   0   0   0   0   0   1   0   0   0  94   4   1   0   0   0  2.90 0.68
   78 L    -3  -5  -5  -5  -3  -4  -5  -6  -5   3   4  -4   1   0  -4  -4  -3  -4  -3   4    0   0   0   0   0   0   0   0   0  20  38   0   2   4   1   0   0   0   0  36  0.87 0.30
   79 V    -2  -4  -5  -5  -3  -4  -4  -5  -1   4   2  -2   3  -1  -4  -3  -2  -4   1   4    2   0   0   0   0   0   0   0   2  33  19   2   8   2   0   1   0   0   5  28  0.66 0.26
   80 G    -3  -5  -1  -4  -5  -2  -5   7  -5  -7  -7  -4  -6  -6  -5  -1  -4  -5  -6  -6    0   0   2   0   0   2   0  92   0   0   0   0   0   0   0   4   0   0   0   0  2.04 0.53
   81 R    -3   6  -2  -3  -5   2   0  -4  -2  -4  -3   3  -2  -4  -4  -2   0   4  -3   0    0  46   1   0   0   8   6   0   1   0   2  15   0   0   0   2   5   6   0   8  0.81 0.32
   82 V    -3  -5  -6  -6   1  -5  -5  -6  -6   5   0  -5  -2  -3  -5  -4  -3  -5  -4   6    0   0   0   0   3   0   0   0   0  36   4   0   0   0   0   0   0   0   0  57  1.34 0.43
   83 A     5  -1  -3  -4  -3   1  -3  -3  -4  -4  -4  -1  -3  -5   1   0   2  -5  -4  -3   61   4   0   0   0   8   0   0   0   0   0   4   0   0   6   5  14   0   0   0  0.85 0.37
   84 A     7  -5  -5  -5   0  -4  -4  -1  -5  -4  -5  -4  -4  -5  -4  -2  -3  -6  -5  -3   94   0   0   0   2   0   0   4   0   0   0   0   0   0   0   0   0   0   0   0  1.76 0.57
   85 G    -2  -6  -4  -5  -6  -5  -5   7  -5  -7  -7  -5  -6  -6  -5  -3  -5  -6  -6  -6    1   0   0   0   0   0   0  99   0   0   0   0   0   0   0   0   0   0   0   0  2.40 0.61
   86 E     0  -1  -1  -1  -3   2   2  -1  -1   0   0  -1   1   1  -3   1   1  -3  -1   1    8   1   2   3   0  12  15   4   1   3   6   1   4   9   0  11   8   0   1  11  0.11 0.11
   87 P    -3  -5  -5  -4  -5  -4  -4  -3  -5  -5  -4  -3  -5  -5   8  -4  -2   3  -1  -5    2   0   0   0   0   0   0   2   0   0   2   1   0   0  84   0   2   4   2   0  2.40 0.59
   88 L    -2  -4  -4  -5  -3  -2  -4  -5  -3   7   0  -4   1  -3  -5   0  -1  -5  -4   0    3   1   0   0   0   2   0   0   1  68   7   1   3   0   0  10   3   0   0   2  1.07 0.40
   89 L    -3  -1  -3  -1  -4  -2   2  -2  -4  -1   4  -3   0  -1   2  -1   0  -4  -3  -2    0   3   0   2   0   0  19   3   0   1  47   0   2   1  10   4   6   0   0   0  0.47 0.27
   90 A     6  -4  -2  -5  -3  -2  -4  -3  -5  -4  -4  -4  -1  -5  -2  -2  -2  -6  -5   0   87   0   2   0   0   1   0   0   0   0   0   0   2   0   1   0   1   0   0   6  1.50 0.54
   91 Q    -1  -2  -3   0  -4   3   3  -4   0   3  -1  -2  -1  -1  -1  -2  -1  -4  -3   2    5   0   0   6   0  17  20   0   2  19   5   0   0   3   3   0   3   0   0  16  0.32 0.22
   92 Q    -1  -1  -2   1  -6   5   6  -3  -3  -2  -3  -2  -4  -5  -4  -2  -3  -5  -4  -4    5   1   1   5   0  24  55   2   0   2   3   0   0   0   0   1   0   0   0   0  1.10 0.43
   93 H    -1  -1   4   2  -4   1   0  -1   6  -3  -3  -2  -3  -2  -4   0  -1  -4   3  -4    4   2  23  12   0   6   4   4  23   1   1   0   0   1   0   5   2   0  10   0  0.62 0.28
   94 I     0  -1  -2  -3  -3  -1  -1  -3  -1   4  -1  -3   0  -3   0  -1   1  -4  -2   3   10   3   1   0   0   3   4   1   2  35   2   0   1   0   4   3   9   0   0  22  0.38 0.22
   95 E    -1  -2  -2   3  -5  -1   6  -4   0  -3  -4  -1  -2  -5  -2   1   1  -5  -4  -3    3   1   0  13   0   1  54   0   2   1   1   3   1   0   2   8  10   0   0   1  0.88 0.37
   96 G    -1   1   0   4  -4   2   4   1   1  -5  -5  -1  -3  -5  -3   0  -2  -5  -4  -4    4   7   4  23   0  12  28  10   4   0   0   0   0   0   0   4   2   0   0   0  0.59 0.26
   97 H    -2   0  -1  -2  -4   1   1  -4   4  -2  -3  -2  -1   1  -3   0   2   3   4   0    0   5   1   1   0   7   9   0  13   1   0   0   1   5   0   7  19   4  16  10  0.39 0.23
   98 Y    -2  -2  -4  -5   2  -3  -2  -5   0   2   2  -4   0   4  -4  -3  -2  -2   4   2    3   2   0   0   4   0   3   0   2  16  17   0   2  20   0   0   1   0  18  13  0.52 0.23
   99 Q     0   0   0   1  -1   2   1  -2  -2  -4  -2   0  -2  -4   5   0   0  -1  -2  -3    7   6   3  10   1  12   8   1   1   0   3   5   0   0  28   5   7   1   1   1  0.48 0.21
  100 V    -3  -4  -5  -5   1  -4  -5  -5  -5   4   3  -4   0   0  -5  -3  -1  -4  -3   4    0   0   0   0   3   0   0   0   0  21  34   0   1   4   0   2   2   0   0  33  0.78 0.30
  101 D    -3  -4   1   5  -5  -3   0  -3  -1  -3  -5  -3  -5  -5   6  -2  -1  -6  -5  -5    1   0   7  31   0   0   5   1   1   1   0   0   0   0  47   1   4   0   0   0  1.36 0.42
  102 P     1   2  -1  -1  -3   0   1   0  -2  -1  -2   0   0  -3   4   0  -1  -4  -3   0   16  12   1   3   0   3   9   7   0   2   2   2   2   0  21   7   2   0   0   8  0.30 0.15
  103 S     1   0   1   2  -3   0   1   0   1  -3  -2   0  -2  -1   0   2  -1  -3   1  -2   14   5   6  15   0   4   8   4   3   0   2   3   1   2   5  20   2   0   5   1  0.20 0.13
  104 L    -3  -4  -5  -5   4  -2  -4  -5  -4   0   4  -4   5   3  -5  -4  -3  -3   1   0    0   0   0   0   8   1   0   0   0   4  47   0  18  12   0   1   1   0   4   3  0.82 0.32
  105 F    -1  -4  -4  -4  -3  -3  -2  -4  -3   2   1  -3   1   5  -3  -2   0  -2   0   2    4   0   0   0   0   1   3   0   0  10  15   0   4  33   1   2   5   0   1  20  0.52 0.23
  106 K     0   2   1  -1  -3   0  -1   3   0  -4  -4   2  -2  -4   0   2  -1  -4  -3  -3    8  11   6   2   0   4   2  25   3   0   0  14   1   0   5  16   3   0   0   0  0.34 0.17
  107 P    -1   0   1   0  -2   0   0   1   1  -4  -3   0  -3  -3   5   1  -1  -4  -2  -4    3   5   9   4   1   3   5  13   5   0   2   6   0   1  28  12   1   0   1   0  0.49 0.19
  108 N     0   2   0   1  -4   0   1   4  -1  -4  -4   1  -3  -4  -2   2  -1  -4  -4  -3    7  11   4   6   0   4   9  32   1   0   0   7   0   0   1  15   2   0   0   0  0.43 0.18
  109 A     2  -1   1   2  -3   0   2   0  -2  -3  -4   0  -1  -4   3   1   0  -4  -2  -3   22   1   7  10   0   2  17   5   0   1   0   6   2   0  14   8   3   0   1   0  0.35 0.17
  110 D    -1  -3   0   4   1   0  -1  -3   4  -1   1  -2  -1  -2  -2  -1   1  -4   0   1    4   0   3  28   3   3   1   0  13   1  15   0   0   1   1   2  11   0   3  10  0.32 0.19
  111 F    -5  -5  -6  -6  -5  -5  -2  -6  -3  -4  -3  -5  -3   8  -6  -5  -5   1   7  -4    0   0   0   0   0   0   3   0   0   0   0   0   0  59   0   0   0   1  36   0  2.05 0.54
  112 L     2  -4  -4  -4  -3  -3  -4  -1  -4   0   3  -3   4   2  -4  -1  -2   2  -2   0   25   0   0   0   0   0   0   4   0   5  31   0  13  11   0   4   0   3   0   3  0.45 0.23
  113 L    -4  -5  -6  -6  -4  -5  -6  -6  -6  -1   6  -5  -1  -2  -6  -5  -4  -4  -4   1    0   0   0   0   0   0   0   0   0   0  93   0   0   0   0   0   0   0   0   7  1.59 0.48
  114 R    -3   6  -1  -2  -5   1   2  -4  -2  -5  -5   4  -4  -5  -4  -2  -1  -5  -3  -4    0  45   2   1   0   3  16   0   0   0   0  25   0   0   0   1   4   0   1   1  1.01 0.35
  115 V    -1  -5  -6  -6  -4  -5  -5  -6  -6   2  -2  -5  -2  -4  -5  -4  -2  -6  -4   7    5   0   0   0   0   0   0   0   0   8   0   0   0   0   0   0   1   0   0  86  1.59 0.50
  116 S    -1   4   0  -1  -4   2   1  -3   2  -1  -3   3   1  -4  -3   1  -1  -4  -2  -1    3  25   4   1   0  12   6   0   5   4   0  17   5   0   0  11   1   0   1   5  0.39 0.20
  117 G    -3  -5  -3  -3  -6  -5  -5   7  -5  -7  -7  -4  -6  -6  -5  -1  -4  -6  -6  -6    0   0   0   1   0   0   0  96   0   0   0   0   0   0   0   3   0   0   0   0  2.21 0.56
  118 M    -4  -3   2   6  -5  -1   3  -4  -1  -4  -2  -3   4  -5  -4  -2  -2  -5  -3  -4    0   0   9  50   0   2  18   0   1   0   2   0  14   0   0   1   2   0   1   0  1.04 0.37
  119 S    -2  -4  -2  -1  -4  -3  -3  -3  -4  -6  -6  -3  -5  -6  -4   7  -2  -6  -5  -5    0   0   0   3   0   0   0   0   0   0   0   0   0   0   0  97   0   0   0   0  1.92 0.62
  120 M    -5  -5  -6  -7  -5  -4  -6  -6  -5  -2   0  -5  11  -4  -6  -5  -4  -5  -5  -3    0   0   0   0   0   0   0   0   0   0   3   0  97   0   0   0   0   0   0   0  3.11 0.79
  121 K    -3   2  -2  -4  -3  -2  -1  -4  -2   5  -1   2  -1  -3  -4  -3   0  -4  -3   2    0  13   2   0   0   1   4   0   1  49   0  12   0   0   0   0   6   0   0  11  0.62 0.28
  122 D    -2  -3   3   6  -6   0   4  -1  -2  -6  -6  -1  -5  -6  -4  -2  -3  -6  -5  -5    2   0  13  48   0   2  27   4   1   0   0   3   0   0   0   0   0   0   0   0  1.13 0.37
  123 I     5  -4  -3   1  -3  -3   0   0  -4   2  -3  -2  -1  -4  -2  -1  -2  -5  -4  -1   59   0   0   8   0   0   6   6   0  14   0   2   1   0   2   0   1   0   0   2  0.68 0.32
  124 G     0  -3  -3  -4  -5  -3  -3   6   3  -5  -4  -4  -4  -1  -4  -1  -1  -4  -1  -5    8   1   0   0   0   1   1  69   7   0   2   0   0   3   0   3   3   0   2   0  1.20 0.37
  125 I    -4  -6  -6  -6  -4  -5  -6  -6  -6   8  -1  -5  -2  -1  -5  -5  -3  -5  -4   1    0   0   0   0   0   0   0   0   0  92   2   0   0   2   0   0   0   0   0   3  1.93 0.53
  126 M    -2  -1   1  -3   3  -1  -3  -4   1   1   3  -2   3   2   0  -2  -2  -3  -1   0    1   3   8   1   6   2   1   0   4   5  39   1   8  10   5   2   0   0   1   5  0.30 0.18
  127 D    -4  -4   2   7  -6  -1   2  -4  -2  -6  -6  -3  -5  -6   1  -1  -3  -7  -5  -6    0   0   7  67   0   1  13   0   1   0   0   0   0   0   8   4   0   0   0   0  1.47 0.44
  128 G    -2  -5  -2  -4  -6  -4  -4   7  -2  -7  -7  -2  -6  -6  -5  -3  -4  -6  -6  -6    0   0   1   0   0   0   1  94   1   0   0   2   0   0   0   1   0   0   0   0  2.09 0.54
  129 D    -3  -5  -2   8  -7  -3  -2  -5  -4  -6  -6  -4   0  -7  -5  -3  -4  -7  -6  -6    2   0   0  95   0   0   0   0   0   0   0   0   3   0   0   0   0   0   0   0  2.40 0.62
  130 L    -3  -3  -3  -4  -3  -1  -1  -5  -2   1   3  -2   2   0  -4  -3   0   4   4   0    0   1   0   0   0   2   4   0   0   9  41   2   7   2   0   0   5   6  16   5  0.52 0.23
  131 L     0  -4  -5  -5  -3  -4  -4  -5  -5   3   3  -4   0  -2  -4  -3  -2  -4  -3   4    9   0   0   0   0   0   0   0   0  18  32   0   1   0   0   0   0   0   0  38  0.77 0.29
  132 A     2  -4  -4  -5  -3  -4  -4  -2  -4   4   1  -4  -1   2  -4  -3  -2  -4  -2   3   22   0   0   0   0   0   0   3   0  26  14   0   0   9   0   0   0   0   0  26  0.53 0.24
  133 V    -2  -5  -6  -6  -3  -5  -5  -6  -6   3   1  -5  -1  -3  -5  -4  -3  -5  -4   6    1   0   0   0   0   0   0   0   0  16   8   0   1   0   0   0   0   0   0  74  1.36 0.43
  134 H    -3   5  -2   3  -5   1   0  -4   5  -5  -4   2  -4  -5  -4  -3  -3  -5  -3  -5    1  42   0  17   0   7   5   0  17   0   1  11   0   0   0   0   0   0   0   0  0.99 0.34
  135 K    -2   4  -2  -3  -4   3   0  -3  -1  -4  -4   4  -3  -4   2   1  -2  -4  -2  -2    1  24   1   0   0  13   4   0   1   0   0  28   0   0  11  11   1   0   2   4  0.62 0.26
  136 T     1  -1  -1  -2   0   5   1  -2  -2  -3  -4   0  -2  -5  -3   1   3  -4  -4  -3   10   1   1   1   2  38  10   1   0   1   0   2   1   0   0  10  19   0   0   1  0.64 0.30
  137 Q     0   1   2   1  -3   2   2  -2   0  -1  -1   0  -2  -3   1   1   0  -4  -1  -1    5   8  11  10   0  11  12   0   2   4   6   4   0   0   8  10   4   0   2   3  0.19 0.11
  138 D    -1  -1   0   2  -3   0   2  -3  -1  -2  -3   0  -2  -3   0   0   4  -2  -2   0    2   2   3  12   0   4  18   0   1   2   1   3   0   0   3   7  30   1   1   8  0.34 0.20
  139 V     6  -4  -4  -4   1  -4  -4  -3  -4   0  -3  -3  -3  -4   1  -2  -3  -5  -2   1   70   0   0   0   3   0   0   0   0   6   1   0   0   0   7   0   0   0   2  11  1.00 0.40
  140 R    -2   3   1   2   0   1   3  -3   1  -3  -3   1  -1  -1  -2   0  -1  -4  -2  -3    1  24   7  12   2   6  20   0   4   1   1   5   2   3   2   6   2   0   0   1  0.38 0.18
  141 N    -3  -2   7   3  -5  -1  -2  -3   3  -5  -5  -3  -4  -4   1   0  -1  -6  -4  -5    1   1  55  17   0   3   1   0   7   0   1   0   0   1   6   5   2   0   0   0  1.16 0.39
  142 G    -3  -3  -2  -4  -6  -5  -5   7  -5  -7  -7  -3  -6  -6  -5  -3  -4  -6  -6  -6    0   2   1   0   0   0   0  96   0   0   0   1   0   0   0   1   0   0   0   0  2.19 0.55
  143 Q    -4  -3  -2   6  -6   5   3  -4  -3  -6  -5   0  -4  -6  -4  -1  -2  -6  -5  -5    0   0   0  44   0  29  19   0   0   0   0   3   0   0   0   3   1   0   0   0  1.25 0.42
  144 V    -3  -5  -5  -3  -4  -5  -5  -2  -5   7   0  -5   1   0  -5  -4  -2  -5  -3   2    0   0   0   2   0   0   0   3   0  70   6   0   2   3   0   0   1   0   0  12  1.20 0.39
  145 V    -1  -5  -6  -6   0  -5  -5  -6  -6   2  -2  -5  -2  -4  -5  -4  -3  -6  -4   7    3   0   0   0   2   0   0   0   0  10   0   0   0   0   0   0   0   0   0  85  1.60 0.49
  146 V     2  -5  -5  -5  -3  -4  -5  -5  -5   3  -2  -4  -2  -3  -5  -3  -2  -5   0   6   18   0   0   0   0   0   0   0   0  13   0   0   0   0   0   0   0   0   3  65  1.10 0.40
  147 A     7  -4  -5  -5  -3  -4  -4  -3  -5  -3  -4  -4  -2  -5  -4  -2  -3  -6  -5   1   91   0   0   0   0   0   0   0   0   0   0   0   1   0   0   0   0   0   0   9  1.60 0.53
  148 R    -2   4  -4  -4  -1  -1  -1  -5  -3  -1   3  -1   5   0  -4  -2  -3  -4  -2  -1    2  31   0   0   1   1   3   0   0   1  32   1  19   3   0   3   0   0   1   2  0.65 0.30
  149 I    -3  -4  -3  -5  -3  -4  -4  -5  -5   5   2  -4   2  -1  -4  -3   1  -4  -3   3    0   0   1   0   0   0   0   0   0  38  22   0   4   2   0   0  10   0   0  23  0.76 0.28
  150 D    -3  -3   0   6  -6  -1   3   2   2  -6  -6  -3  -5  -5  -4  -2  -3  -5   0  -5    0   0   4  50   0   1  21  15   5   0   0   0   0   0   0   0   0   0   3   0  1.10 0.37
  151 D    -3  -4   3   6  -5  -2   1   4  -2  -6  -6  -3  -5  -6  -4  -2  -3  -6  -5  -5    0   0  15  44   0   0  10  30   1   0   0   0   0   0   0   0   0   0   0   0  1.14 0.37
  152 E    -3  -2  -3   2  -6  -1   7  -5  -3  -6  -6   1  -5  -6  -4  -2  -2  -6  -5  -5    1   1   0  11   0   0  77   0   0   0   0   8   0   0   0   1   1   0   0   0  1.58 0.50
  153 V     4  -4  -4  -4  -3  -4  -4  -3  -4   1  -2  -3  -2   2  -4  -2   1  -4  -3   4   47   0   0   0   0   0   0   0   0   5   0   0   0   8   0   0   8   0   0  31  0.75 0.33
  154 T    -1  -4  -3  -4  -4  -4  -4  -5  -5  -4  -4  -4   1  -5  -4  -2   8  -6  -5  -3    3   0   0   0   0   0   0   0   0   0   0   0   4   0   0   0  93   0   0   0  1.99 0.62
  155 V    -3  -5  -5  -6   1  -5  -5  -6  -5   2   3  -5  -1   1  -5  -4  -3  -4  -3   6    0   0   0   0   3   0   0   0   0   6  25   0   0   7   0   0   0   0   0  59  1.02 0.36
  156 A    -3  -1  -3  -4  -6  -2  -2  -5  -4  -6  -6   8  -5  -6  -4  -3  -4  -6  -5  -6    1   0   0   0   0   0   0   0   0   0   0  99   0   0   0   0   0   0   0   0  2.25 0.64
  157 R    -3   7  -3  -4  -6  -1  -2  -5  -3  -5  -4   1  -4  -2  -5  -3   0  -5   1  -3    1  75   0   0   0   2   2   0   0   0   1   6   0   1   0   0   5   0   4   2  1.52 0.47
  158 L    -4  -5  -6  -6  -4  -5  -5  -6  -4   0   4  -5  -1   6  -6  -5  -4   1   3  -1    0   0   0   0   0   0   0   0   0   3  41   0   0  44   0   0   0   1  10   1  1.24 0.38
  159 K    -2   3  -3  -3  -4   2   1  -4   2  -1  -1   2  -1   3  -4  -2  -2  -1   5  -1    1  16   0   0   0  10   9   0   5   4   5  13   1  12   0   0   1   1  21   3  0.44 0.22
  160 K    -3   5  -3  -3  -5   2  -1  -4   1  -1   0   3   1  -2  -2  -2  -3  -1  -1  -2    0  40   0   0   0   9   2   0   3   4   8  22   5   1   2   1   0   1   1   2  0.65 0.28
  161 Q    -2   3   0   3  -2   2   4  -2   0  -4  -4   2  -3  -3  -3  -1  -1  -4  -3  -3    1  17   3  17   1   8  27   1   2   0   0  14   0   1   0   3   3   0   0   2  0.53 0.22
  162 G     0  -1   1   0  -4  -1  -1   5  -2  -5  -5   2  -4  -5   2   0  -2  -5  -4  -4    7   2   6   6   0   2   2  45   0   0   0  15   0   0   9   5   1   0   0   0  0.65 0.25
  163 N     0  -1   3   3  -3  -1   0   2   0  -4  -4  -1  -3  -4  -2   1   1  -4  -3  -3    6   3  15  23   0   2   6  20   2   0   1   3   0   0   1  10   9   0   0   0  0.42 0.17
  164 K    -2   3  -1  -2  -4   2  -1  -1   4  -2  -1   2   1  -2  -2   0   0  -3   0  -1    1  19   0   1   0  13   2   4  14   2   4  12   5   1   1   7   6   0   3   4  0.28 0.16
  165 V    -2  -2  -5  -5  -1  -4  -4  -5  -4   5   0  -2  -1  -1   0  -4  -1  -4   0   4    1   2   0   0   1   0   0   0   0  39   7   3   0   2   4   0   2   0   4  35  0.73 0.29
  166 E     1   4  -3  -2  -4   0   2  -4  -1  -2  -2  -1  -3   1  -4  -2  -2   5   2  -1   16  30   0   1   0   3  16   0   1   1   4   1   0   5   0   0   1  10   7   5  0.50 0.24
  167 L    -4  -5  -6  -6  -4  -5  -6  -6  -6  -1   6  -5  -1   0  -6  -5  -4  -4  -4   0    0   0   0   0   0   0   0   0   0   0  94   0   0   3   0   0   0   0   0   3  1.62 0.48
  168 L    -2   1  -2  -1  -3   4   2  -4   3   2   1   1   1  -3  -3  -2  -2  -2  -3  -1    0   6   0   2   0  23  13   0   8  13  18  10   3   0   0   0   1   1   0   3  0.34 0.21
  169 P     3  -5  -5  -4  -5  -4  -4  -4  -5  -5  -5  -4  -5  -6   8   0  -4  -6  -6  -5   23   0   0   0   0   0   0   0   0   0   0   0   0   0  71   6   0   0   0   0  2.07 0.54
  170 E     2   0  -2   0  -4   0   5  -3   2  -2  -1  -2   0  -4  -3   0  -2  -5  -3  -2   22   5   0   3   0   1  44   0   5   1   6   0   3   0   0   6   0   0   0   2  0.58 0.28
  171 N    -5  -4   9  -2  -6  -3  -4  -4  -1  -7  -7  -3  -6  -6  -5  -1  -3  -7  -5  -6    0   0  97   0   0   0   0   0   1   0   0   0   0   0   0   2   0   0   0   0  2.56 0.67
  172 S     0   0   0   2  -3  -2   1  -3  -2  -4  -5   0  -4  -5   6   1  -2  -5  -4  -2    9   4   4  10   0   0   7   1   0   0   0   5   0   0  43  12   1   0   0   2  0.89 0.29
  173 E     2   0   1   3  -3   1   1  -2  -1  -3  -2   0  -2  -2  -2   1   1  -4  -3  -2   25   6   7  17   0   6  10   0   1   0   2   4   0   1   0  11   9   0   0   0  0.30 0.16
  174 F    -4  -4  -4  -5  -4  -4  -4  -5   0  -2   0  -4   6   5  -5  -4  -4   2   7  -3    0   0   0   0   0   0   0   0   1   0   5   0  25  23   0   0   0   2  39   0  1.39 0.42
  175 K     1  -1  -1   2  -4   1   4  -2  -2  -4  -4   1  -3  -4   3   1  -2  -4  -3  -3   13   1   2  12   0   6  28   1   0   0   0  10   0   0  15   9   1   0   1   0  0.53 0.22
  176 P    -1  -1  -2  -2  -4  -3  -1  -2  -4  -3  -3  -3   0  -5   7  -2   1  -5  -5  -1    3   3   2   2   0   0   3   3   0   1   2   0   3   0  60   1  12   0   0   5  1.36 0.39
  177 I    -3   1  -4  -5  -4  -2  -2  -5  -4   6   0  -3   1  -2   0  -4  -3   2  -1   0    0   8   0   0   0   2   2   0   0  68   3   1   3   1   5   0   0   3   2   1  0.99 0.36
  178 V    -2  -1  -3  -2  -1  -2   0  -1  -1   3   0  -1   0   1   0  -2  -1  -2   3   2    1   4   0   1   1   1   8   4   1  26   4   4   1   5   5   1   2   0  13  15  0.19 0.13
  179 V    -1  -1  -3  -3   1   0  -2  -2  -2   2   1  -2   0  -1  -2  -2  -1  -2   1   4    2   3   1   1   4   5   1   3   0  14  11   1   0   2   1   2   2   0   6  41  0.33 0.15
  180 D    -1   0   2   4  -2   0   1  -1   0  -2  -2   0  -2  -2   1   0   0  -2  -2  -2    3   6  10  27   1   3  10   3   2   2   3   5   1   1   6   5   6   0   1   3  0.28 0.09
  181 L     0  -1  -1  -1  -1  -1   0  -1  -1   0   2  -1   0   1   1  -1  -1  -1   0   0   12   3   3   2   1   2   8   4   2   5  28   3   1   9   6   3   3   1   2   3  0.06 0.04
  182 R     0   1   0   0  -2   0   0   1  -1  -2  -2   1  -2  -2   3   0   0  -2   0  -2    7  11   4   6   0   2   4  14   1   1   2  10   1   1  18   7   5   0   4   2  0.25 0.09
  183 Q     1   0   0   1  -1   1   2   1   0  -2  -2   0  -2  -2   2   0  -1  -2  -2  -2   15   4   3   9   1   5  15  13   2   2   2   3   1   1  13   6   3   0   1   2  0.21 0.08
  184 Q    -1   0   0   3  -3   3   3   0  -1  -3  -3   0  -2  -3  -2   0  -1  -3  -3  -3    4   4   3  19   0  19  23   6   1   2   1   5   0   1   1   6   2   0   0   1  0.42 0.17
  185 S    -2   2   3   3  -4   1   3  -3   1  -4  -4   0  -2  -4   0   1  -1  -4  -2  -4    2  11  16  20   0   6  18   0   4   0   0   2   1   0   4  11   2   0   1   0  0.48 0.20
  186 F     1  -4  -4  -5   4  -4  -4  -4  -4   1   2  -4  -1   3  -4  -3  -1  -3  -2   4   11   0   0   0  10   0   0   0   0   5  20   0   0  16   0   0   3   0   0  36  0.59 0.25
  187 T     0   1  -1   0   0   1   2  -2   1  -2  -3   1   0  -3  -2   1   2  -2  -3  -1    9   7   1   3   2   6  17   0   5   1   0  11   3   1   0  13  18   1   0   3  0.25 0.16
  188 I    -4  -6  -6  -6  -4  -5  -6  -6  -6   7   1  -5  -1  -3  -5  -5  -3  -5  -4   3    0   0   0   0   0   0   0   0   0  75   7   0   0   0   0   0   0   0   0  19  1.56 0.46
  189 E    -2  -2  -3  -2  -4   4   3  -4  -3   1   2  -2   1   1  -4  -3  -3   0  -3   0    1   0   0   0   0  21  26   0   0  10  27   0   3   5   0   0   0   1   0   5  0.50 0.26
  190 G    -1  -5  -3  -4  -5  -5  -5   7  -5  -7  -7  -4  -6  -6  -5  -3  -4  -6  -6  -6    4   0   0   0   0   0   0  96   0   0   0   0   0   0   0   0   0   0   0   0  2.23 0.55
  191 L    -3   2  -3  -4  -4  -1  -2  -4  -3   2   1   4  -2  -3  -4  -3  -1  -5  -3   2    0  11   0   0   0   1   0   0   0  14  14  39   0   0   0   0   3   0   0  18  0.56 0.27
  192 A     2  -4  -4  -5  -3  -4  -4  -3  -4   0   2  -4   2   0  -4  -2  -2  -4  -1   5   17   0   0   0   0   0   0   2   0   1  19   0   5   3   0   2   0   0   2  50  0.65 0.29
  193 V    -1  -4  -4  -5   1  -4  -4  -5  -5   3  -1  -4   1  -3  -4  -3   0  -4  -3   6    4   0   0   0   3   0   0   0   0  18   1   0   3   0   0   1   6   0   0  62  0.94 0.33
  194 G     0  -4  -3  -4  -4  -4  -4   7   2  -5  -5  -4  -4  -3  -4  -1  -1  -5  -4  -5    5   0   0   0   0   0   0  78   6   0   0   0   0   1   0   4   3   0   0   0  1.49 0.42
  195 V    -3  -4  -5  -6  -3  -4  -5  -6  -5   2   4  -3  -1  -2  -5  -4  -3  -4  -3   5    0   0   0   0   0   0   0   0   0   9  47   2   0   0   0   0   0   0   0  42  0.99 0.35
  196 I    -3  -5  -5  -5  -4  -4  -5  -6  -3   5   2  -4   1   3  -5  -4  -2   3   4   0    0   0   0   0   0   0   0   0   0  47  15   0   3  10   0   0   2   3  16   3  0.88 0.31
  197 R    -5   8  -3  -5  -7  -2  -3  -5  -3  -6  -5   0  -4  -6  -5  -4  -4  -6  -5  -6    0  97   0   0   0   0   0   0   0   0   0   3   0   0   0   0   0   0   0   0  2.40 0.61
  198 N    -2   0   4   1  -4   1  -1  -2   0  -3  -4   3  -3  -4   0   2   1  -5  -3  -3    0   2  27   6   0   8   0   1   2   1   0  23   0   0   3  16  12   0   0   0  0.50 0.21
  199 G     0  -2   3  -1  -2  -1  -2   3   0  -2  -2  -2   3  -3  -2   2   2  -3  -3  -2    8   0  16   2   0   0   0  24   2   0   0   0  14   0   0  19  16   0   0   0  0.35 0.12
  200 D     0  -1   0   3  -3  -1   1  -1  -2   2   0  -2   2  -2  -2  -1  -1  -4  -3   0   10   3   3  30   0   0   9   3   0  27   5   0   9   0   0   0   2   0   0   0  0.22 0.09
  201 W    -2  -3  -4  -4  -3  -3  -3  -4  -2  -2   0  -3  -1   4  -4  -2  -2  10   4  -2    2   0   0   0   0   0   0   0   0   0  11   0   0  19   0   4   2  47  15   0  1.35 0.13
  202 L    -2  -2  -3  -4  -2  -2  -3  -4  -3   1   3  -2   7   0  -3  -2  -1  -2  -2   1    0   0   0   0   0   0   0   0   0   4  30   0  65   0   0   0   0   0   0   2  0.62 0.08

                      K         Lambda
Standard Ungapped    0.1366     0.3184
Standard Gapped      0.0603     0.2670
PSI Ungapped         0.1969     0.3177
PSI Gapped           0.0603     0.2670
