
Last position-specific scoring matrix computed, weighted observed percentages rounded down, information per position, and relative weight of gapless real matches to pseudocounts
            A   R   N   D   C   Q   E   G   H   I   L   K   M   F   P   S   T   W   Y   V   A   R   N   D   C   Q   E   G   H   I   L   K   M   F   P   S   T   W   Y   V
    1 M    -1  -1  -2  -3  -2   0  -2  -3  -2   1   2  -1   6   0  -3  -2  -1  -2  -1   1    0   0   0   0   0   0   0   0   0   0   0   0 100   0   0   0   0   0   0   0  0.35 0.00
    2 R    -2   6   0  -2  -4   1   0  -2   0  -3  -2   2  -1  -3  -2  -1  -1  -3  -2  -3    0 100   0   0   0   0   0   0   0   0   0   0   0   0   0   0   0   0   0   0  0.75 0.00
    3 A     4  -2  -2  -2   0  -1  -1   0  -2  -1  -2  -1  -1  -2  -1   1   0  -3  -2   0  100   0   0   0   0   0   0   0   0   0   0   0   0   0   0   0   0   0   0   0  0.40 0.00
    4 L    -2  -3  -3  -4  -2  -3  -3  -4  -2   1   3  -3   1   4  -3  -3  -2   0   1   0    0   0   0   0   0   0   0   0   0   0  60   0   0  40   0   0   0   0   0   0  0.40 0.00
    5 F    -1  -2  -2  -2  -2  -2  -2  -3  -2   0   0  -2   0   5  -2   0   2   0   2  -1    0   0   0   0   0   0   0   0   0   0   0   0   0  60   0   0  40   0   0   0  0.36 0.00
    6 Y    -2  -2  -2  -3  -3  -2  -2  -3   2  -1  -1  -2  -1   3  -3  -2  -2   2   7  -1    0   0   0   0   0   0   0   0   0   0   0   0   0   0   0   0   0   0 100   0  0.86 0.00
    7 K    -1   2   0  -1  -3   1   1  -2  -1  -3  -3   5  -2  -3  -1   0  -1  -3  -2  -2    0   0   0   0   0   0   0   0   0   0   0 100   0   0   0   0   0   0   0   0  0.54 0.01
    8 D     0  -1   1   5  -2   0   1  -1  -1  -3  -3  -1  -3  -3  -1   2   0  -4  -3  -3    0   0   0  63   0   0   0   0   0   0   0   0   0   0   0  37   0   0   0   0  0.58 0.01
    9 G     0  -3   0  -1  -3  -2  -2   6  -2  -4  -4  -2  -3  -3  -2   0  -2  -3  -3  -3    0   0   0   0   0   0   0 100   0   0   0   0   0   0   0   0   0   0   0   0  1.06 0.01
   10 K    -1   1   0   4  -3   1   1  -2  -1  -3  -3   4  -2  -3  -1   0  -1  -4  -2  -3    0   0   0  37   0   0   0   0   0   0   0  63   0   0   0   0   0   0   0   0  0.47 0.01
   11 L    -1   0  -2  -2  -2   0  -1  -3  -2   1   3   2   1  -1  -2  -2  -1  -2  -1   0    0   0   0   0   0   0   0   0   0   0  63  37   0   0   0   0   0   0   0   0  0.21 0.01
   12 F    -2  -3  -3  -4  -3  -3  -3  -3   0   0   0  -3   0   6  -4  -2  -2   1   5  -1    0   0   0   0   0   0   0   0   0   0   0   0   0  75   0   0   0   0  25   0  0.71 0.01
   13 T    -1  -1  -1  -1  -2   0   2  -3  -2   2   0  -1   0  -2  -2   0   3  -3  -2   1    0   0   0   0   0   0  25   0   0  37   0   0   0   0   0   0  38   0   0   0  0.17 0.01
   14 D    -2  -2   0   5  -3  -1   1  -2   0  -3  -3  -1  -2   1  -2  -1  -1   0   4  -2    0   0   0  63   0   0   0   0   0   0   0   0   0   0   0   0   0   0  37   0  0.57 0.01
   15 N    -2   0   4   0  -3   0   0  -2   1  -2  -2   2  -2   1  -2   0  -1   0   4  -2    0   0  38   0   0   0   0   0   0   0   0  25   0   0   0   0   0   0  37   0  0.34 0.01
   16 N    -2  -1   4   0  -3   0   2  -2   1  -3  -2   0  -2   1  -2   0  -1   0   4  -2    0   0  38   0   0   0  25   0   0   0   0   0   0   0   0   0   0   0  37   0  0.38 0.01
   17 F    -2  -3  -3  -4  -2  -3  -3  -3  -2   0   2  -3   1   6  -4  -3  -2   0   2   0    0   0   0   0   0   0   0   0   0   0  25   0   0  75   0   0   0   0   0   0  0.56 0.01
   18 L    -1  -2   0   3  -2  -1   0  -2  -2   0   2  -1   0  -1  -2   0   2  -3  -2   0    0   0   0  37   0   0   0   0   0   0  38   0   0   0   0   0  25   0   0   0  0.22 0.00
   19 N    -2  -1   5   1  -2  -1  -1  -1   0   1  -1  -1  -1  -2  -2   0   0  -4  -2   0    0   0  75   0   0   0   0   0   0  25   0   0   0   0   0   0   0   0   0   0  0.40 0.01
   20 P    -1  -2   3   0  -3  -1  -1  -2  -1  -3  -3  -1  -3  -4   7   0  -1  -4  -3  -3    0   0  37   0   0   0   0   0   0   0   0   0   0   0  63   0   0   0   0   0  1.20 0.01
   21 V     0  -2  -2  -1  -2   0   3  -3  -2   2   0  -1   0  -2  -2  -1   0  -3  -2   3    0   0   0   0   0   0  37   0   0   0   0   0   0   0   0   0   0   0   0  63  0.21 0.01
   22 S     0   0   0   0  -2   1   3  -1   4  -3  -3   0  -2  -2  -1   2   0  -3  -1  -2    0   0   0   0   0   0  37   0  25   0   0   0   0   0   0  38   0   0   0   0  0.39 0.01
   23 D    -1  -2  -1   3   5  -2   0  -2  -2   0  -1  -2  -1  -2  -2  -1  -1  -3  -2   2    0   0   0  38  25   0   0   0   0   0   0   0   0   0   0   0   0   0   0  37  0.31 0.01
   24 N     0  -1   4   0  -2   0   0  -1  -1  -2  -2   0  -1  -3  -1   2   3  -3  -2  -1    0   0  38   0   0   0   0   0   0   0   0   0   0   0   0  25  37   0   0   0  0.38 0.01
   25 N    -1  -1   5   1  -2   0  -1  -1   0  -2  -3   0  -2  -3  -2   1   3  -3  -2  -2    0   0  63   0   0   0   0   0   0   0   0   0   0   0   0   0  37   0   0   0  0.48 0.01
   26 P    -1   0  -1  -1  -3   0   0  -2  -2  -3  -3   3  -2  -4   7  -1  -1  -4  -3  -3    0   0   0   0   0   0   0   0   0   0   0  37   0   0  63   0   0   0   0   0  1.17 0.01
   27 A     2  -2   0   4  -1  -1   0  -1  -2  -2  -2  -1  -2  -3  -1   1   2  -3  -2  -1   38   0   0  37   0   0   0   0   0   0   0   0   0   0   0   0  25   0   0   0  0.31 0.01
   28 Y    -2  -2  -3  -3  -2  -2  -3  -4   1   2   0  -2   0   2  -3  -2  -1   1   6   1    0   0   0   0   0   0   0   0   0  37   0   0   0   0   0   0   0   0  63   0  0.49 0.01
   29 E    -1   0   0   2  -4   2   5  -2   0  -3  -3   1  -2  -3  -1   0  -1  -3  -2  -3    0   0   0   0   0   0 100   0   0   0   0   0   0   0   0   0   0   0   0   0  0.76 0.01
   30 V    -1   3  -2  -3  -2  -1  -2  -3  -2   2   0   0   0  -1  -3  -2  -1  -3  -2   2    0  37   0   0   0   0   0   0   0  25   0   0   0   0   0   0   0   0   0  38  0.21 0.00
   31 L    -2  -3  -4  -4  -1  -3  -3  -4  -3   3   3  -3   2   0  -3  -3  -1  -2  -1   2    0   0   0   0   0   0   0   0   0  37  63   0   0   0   0   0   0   0   0   0  0.39 0.01
   32 Q    -1   1   4   0  -3   4   1  -1   0  -3  -3   2  -1  -3  -2   0   0  -3  -2  -3    0   0  37   0   0  38   0   0   0   0   0  25   0   0   0   0   0   0   0   0  0.44 0.01
   33 H    -1   1   0  -1  -3   1   0  -2   7  -3  -3   3  -2  -2  -2  -1  -1  -3   1  -3    0   0   0   0   0   0   0   0  63   0   0  37   0   0   0   0   0   0   0   0  0.57 0.01
   34 V    -1  -3  -3  -4  -1  -2  -3  -4  -3   2   2  -3   1   0  -3  -2   0  -3  -1   3    0   0   0   0   0   0   0   0   0   0  37   0   0   0   0   0   0   0   0  63  0.32 0.01
   35 K    -1   4   0  -1  -3   1   0  -2  -1  -3  -3   4  -1  -3  -2   0  -1  -3  -2  -3    0  37   0   0   0   0   0   0   0   0   0  63   0   0   0   0   0   0   0   0  0.54 0.01
   36 I    -1  -3  -3  -3  -1  -3  -3  -4  -4   4   2  -3   1   0  -3  -3  -1  -3  -1   3    0   0   0   0   0   0   0   0   0 100   0   0   0   0   0   0   0   0   0   0  0.41 0.01
   37 P    -1  -2  -2  -2  -3  -1  -1  -2  -2  -3  -3  -1  -3  -4   8  -1  -1  -4  -3  -3    0   0   0   0   0   0   0   0   0   0   0   0   0   0 100   0   0   0   0   0  2.07 0.02
   38 T     0  -1   0  -1  -2  -1  -1  -1  -2  -2  -2  -1  -2  -3   5   2   3  -3  -2  -1    0   0   0   0   0   0   0   0   0   0   0   0   0   0  37  25  38   0   0   0  0.67 0.01
   39 H     2  -1   0  -1  -2   0   0  -1   7  -3  -2  -1  -1  -2  -2   0  -1  -3   1  -2   37   0   0   0   0   0   0   0  63   0   0   0   0   0   0   0   0   0   0   0  0.49 0.01
   40 L    -2  -3  -4  -4  -2  -2  -3  -3  -3   1   3  -3   1   1  -3  -3  -2   8   1   0    0   0   0   0   0   0   0   0   0   0  63   0   0   0   0   0   0  37   0   0  0.79 0.01
   41 T     0  -1   0  -1  -1  -1  -1  -2  -2  -1  -1  -1  -1  -2  -1   1   5  -3  -2   0    0   0   0   0   0   0   0   0   0   0   0   0   0   0   0   0 100   0   0   0  0.50 0.01
   42 D    -2  -1   4   5  -3   0   1  -1   0  -3  -4  -1  -3  -4  -2   0  -1  -4  -3  -3    0   0  37  63   0   0   0   0   0   0   0   0   0   0   0   0   0   0   0   0  0.72 0.01
   43 V     0  -3  -3  -3  -1  -2  -3  -3  -3   3   1  -2   1  -1  -3  -2   0  -3  -1   4    0   0   0   0   0   0   0   0   0   0   0   0   0   0   0   0   0   0   0 100  0.37 0.01
   44 V    -1  -3  -4  -4  -2  -2  -3  -3  -3   2   0  -3   0   0  -3  -2  -1   8   0   2    0   0   0   0   0   0   0   0   0  25   0   0   0   0   0   0   0  37   0  38  0.71 0.01
   45 V    -1  -3  -3  -4  -1  -3  -3  -4  -3   3   2  -3   1  -1  -3  -2  -1  -3  -1   4    0   0   0   0   0   0   0   0   0  33  13   0   0   0   0   0   0   0   0  54  0.38 0.03
   46 Y     0  -2  -2  -2  -2  -1  -1  -2   0  -2  -2  -1  -2   0   6  -1  -1   0   4  -2    9   1   1   1   0   1   1   1   0   1   2   1   0   1  47   1   1   0  29   1  0.80 0.04
   47 G     0  -2  -1  -1  -2  -1   0   5  -2  -3  -3  -1  -2  -3  -2   0  -1  -2  -3  -3    1   1   1   1   0   1  11  75   0   1   1   1   0   1   1   1   1   0   1   1  0.74 0.05
   48 Q    -1   0   0   0  -3   3   2  -2   6  -3  -2   0  -1  -2  -1   0  -1  -2   0  -2    1   1   1   1   0  26  17   1  38   1   1   1   0   1   1   6   1   0   1   1  0.48 0.05
   49 T    -1   2   0  -1  -2   3   0  -2  -1  -2  -2   3  -1  -2  -1   0   2  -2  -2  -1    1  16   1   1   0  20   1   1   0   1   1  26   0   1   1   1  26   0   1   1  0.29 0.04
   50 W     1  -3  -4  -4  -3  -2  -3  -3  -2  -3  -2  -3  -2   0  -4  -2  -3  11   3  -3   16   0   0   0   0   0   0   0   0   0   0   0   0   0   0   0   0  73  10   0  1.96 0.13
   51 E     0   3  -1   1  -4   1   3   0  -1  -3  -3   4  -2  -4  -2  -1  -1  -3  -2  -3    5  15   0   6   0   0  22   5   0   0   0  47   0   0   0   0   0   0   0   0  0.46 0.07
   52 E    -2   0   1   3  -4   2   5  -2  -1  -4  -4   1  -2  -4  -2  -1  -1  -4  -3  -3    0   0   6  15   0   9  63   0   0   0   0   8   0   0   0   0   0   0   0   0  0.70 0.08
   53 A     1  -1  -1   1  -2  -1  -1  -2  -2  -2  -2   0  -2  -3   3   1   4  -3  -2  -1   13   0   0   8   0   0   0   0   0   0   0   7   0   0  15   9  49   0   0   0  0.41 0.07
   54 L    -1  -3   1  -3  -2  -2  -3  -3  -3   2   2  -2   0  -1  -3  -2  -1  -3  -2   4    0   0  14   0   0   0   0   0   0   0  21   0   0   0   0   0   0   0   0  64  0.36 0.08
   55 T     0  -2  -1  -2  -2   0  -1  -2  -2  -1  -2  -1   1  -3  -2   2   5  -3  -2  -1    0   0   0   0   0   4   0   0   0   0   0   0   7   0   0  23  66   0   0   0  0.54 0.10
   56 R    -3   3  -3  -4  -4  -2  -3  -3  -3  -4  -3  -2  -2  -1   2  -3  -3  10   1  -4    0  21   0   0   0   0   0   0   0   0   0   0   0   0  14   0   0  64   0   0  1.82 0.16
   57 L    -2  -3  -4  -4  -2  -3  -4  -4  -4   2   5  -3   2   0  -4  -3  -2  -2  -2   1    0   0   0   0   0   0   0   0   0  14  86   0   0   0   0   0   0   0   0   0  0.64 0.09
   58 I     3  -2  -2  -2   1   2  -1  -1  -2   2  -1  -1  -1  -2  -2   0  -1  -3  -2   1   54   0   0   0   4  14   0   0   0  21   0   0   0   0   0   0   0   0   0   6  0.26 0.07
   59 F     2  -2  -2  -3  -2  -2  -2  -2  -1  -1  -1  -2   2   5  -2   1   0  -1   2  -1   25   0   0   0   0   0   0   0   0   0   0   0  10  39   0  14   4   0   7   0  0.32 0.07
   60 V    -3  -4  -4  -5  -3  -3  -4  -4  -4   2  -1  -4  -1   0  -4  -3  -2  10   1   2    0   0   0   0   0   0   0   0   0  14   0   0   0   0   0   0   0  64   0  21  1.72 0.15
   61 G     0   1   1  -1  -2  -1  -1   3   1  -1  -2   1  -2  -3  -2   0   1  -3  -2  -1    4   9   5   0   0   0   0  36   4   4   0  13   0   0   0   4  15   0   0   7  0.25 0.04
   62 S    -1  -1   0   2  -3   1   4  -2  -1  -2  -1   0  -2  -3  -2   1   1  -3  -2  -2    0   0   0  13   0   0  51   0   0   0   9   0   0   0   0  13  14   0   0   0  0.44 0.07
   63 D    -1  -2   4   4  -3  -1   0  -1   1  -4  -4  -1  -3  -4   2   1  -1  -4  -3  -3    0   0  35  36   0   0   0   0   3   0   0   0   0   0  13  13   0   0   0   0  0.63 0.08
   64 S     0  -2  -2  -2  -2  -2  -2  -3  -3   4   0  -2   0  -1  -2   2   0  -3  -2   2    0   0   0   0   0   0   0   0   0  48   0   0   0   0   0  36   0   0   0  17  0.31 0.08
   65 K    -1   1   4   0  -3   3   0  -2  -1  -3  -2   3  -1  -1  -2   0  -1  -3  -2  -3    0   0  29   0   0  21   0   0   0   0   4  36   0   4   0   6   0   0   0   0  0.39 0.07
   66 G    -1  -2   3   0  -3  -2  -2   5  -2  -4  -4  -2  -3  -4   2  -1  -2  -4  -3  -4    0   0  20   6   0   0   0  62   0   0   0   0   0   0  13   0   0   0   0   0  0.79 0.08
   67 R    -1   4   1  -1  -3   2   0   0  -1  -3  -3   2  -2  -3  -2   2   0  -3  -2  -3    0  36   4   0   0  15   0   5   0   0   0  13   0   0   0  27   0   0   0   0  0.42 0.07
   68 R    -2   2  -1  -2  -3  -1  -2  -3  -1   1   0   1   0   4  -3  -2  -1  -1   2   0    0  21   4   0   0   0   0   0   0  10   6  14   0  29   0   0   0   0   7   8  0.22 0.05
   69 Q    -1   1  -1  -1  -4   4   1  -2  -1  -3  -3   5  -2  -4  -2  -1  -1  -3  -2  -3    0   0   0   0   0  36   0   0   0   0   0  64   0   0   0   0   0   0   0   0  0.74 0.12
   70 Y    -3  -3  -3  -4  -3  -2  -3  -4   1  -2  -2  -3  -2   2  -4  -3  -3   1   8  -2    0   0   0   0   0   0   0   0   0   0   0   0   0   0   0   0   0   0 100   0  1.55 0.18
   71 F    -1   1  -3  -3  -2  -2  -3  -4  -3   3   0  -2   0   3  -3  -2  -1  -2   0   3    0  14   0   0   0   0   0   0   0  22   0   0   0  21   0   0   0   0   0  43  0.31 0.07
   72 Y    -2   1  -3  -4  -3  -2  -3  -4   0   0   0  -2   3   4  -4  -2  -2   4   5  -1    0  10   0   0   0   0   0   0   0   7   0   0  18  25   0   0   0   5  36   0  0.54 0.08
   73 G    -2  -2   1  -2  -2  -2  -3   2  -2   0   3  -2   1   1  -3  -2  -2  -2  -1  -1    0   0  14   0   0   0   0  21   0   0  59   0   0   6   0   0   0   0   0   0  0.28 0.07
   74 K     2   0   3   1  -2   0   2   0  -1  -3  -3   2  -2  -3  -2   0  -1  -4  -2  -2   28   0  25   7   0   0  14   4   0   0   0  21   0   0   0   0   0   0   0   0  0.31 0.06
   75 M     2  -2   0  -2  -2  -1  -2  -2  -2   1   0  -2   3  -2   5  -1  -1  -3  -2   0   29   0   6   0   0   0   0   0   0  14   0   0  21   0  30   0   0   0   0   0  0.46 0.08
   76 H    -1  -1   2  -1   1  -1  -1   1   6  -3  -3  -1  -2  -3  -2   3   1  -3  -1  -3    0   0  10   0   4   0   0   8  36   0   0   0   0   0   0  35   7   0   0   0  0.46 0.08
   77 V     0  -2  -1  -2  -1  -1  -1  -2  -2   1  -1  -1  -1  -2  -2   4   0  -3  -2   2    0   0   0   0   0   0   0   0   0  14   0   0   0   0   0  64   0   0   0  21  0.35 0.09
   78 Q    -1   1   1  -1  -3   4   1  -2  -1  -3  -3   3  -2  -3  -2   2   0  -3  -2  -3    0   6   7   0   0  36   0   0   0   0   0  24   0   0   0  27   0   0   0   0  0.45 0.08
   79 N    -1   0   1  -2  -2  -2  -2   1  -2   1   2  -1   0   1   1  -1  -1  -2  -1   0    0   9  13   0   0   0   0  14   0  15  30   0   0   7   7   0   0   0   0   6  0.10 0.03
   80 R     1   3  -1  -2  -3   1   0  -2  -1  -3  -3   5  -2  -4  -2  -1  -1  -4  -2  -3   14  21   0   0   0   0   0   0   0   0   0  64   0   0   0   0   0   0   0   0  0.60 0.09
   81 N     0  -1   3   0  -2   0   1   2   0  -2  -2   0  -1  -2  -1   0   1  -1  -1  -1    3   2  23   2   1   2  17  18   1   2   4   2   1   2   2   3  10   1   1   3  0.17 0.02
   82 A     1   0  -1  -1  -2   1   0   4  -1  -3  -3   2  -2  -3  -2   1  -1  -3  -2  -2   13   0   0   0   0   6   5  43   0   0   1  20   0   0   0   9   0   0   0   0  0.40 0.05
   83 K     0   0   1   0  -3   3   3  -2  -1  -2  -2   2  -1  -3  -2   0   0  -3  -2  -1    9   0   7   0   0  17  35   0   0   0   4  13   0   0   0   6   4   0   0   5  0.31 0.05
   84 R     1   3   0   0  -2   0   0  -2  -1  -2  -2   3   1  -3  -2   2   0  -3  -2  -2    9  21   0   6   0   0   0   0   0   0   0  28   7   0   0  24   5   0   0   0  0.29 0.05
   85 D    -2   0   0   6  -3  -1   1  -2  -1  -3  -3  -1  -3   0  -2  -1  -1   2  -2  -3    1   6   1  72   0   1   1   1   0   1   1   1   0   6   1   1   1   4   0   1  0.71 0.08
   86 R    -1   3  -1  -1  -2   1   0  -2   1  -2  -1   2  -1   0  -2  -1   0   5   1  -2    1  26   1   1   0   5   6   1   4   1   5  14   0   5   1   1  10  13   5   1  0.28 0.04
   87 I    -1   0  -1  -1  -2   2   2  -2  -1   2  -1   3  -1  -2  -1  -1  -1  -2  -2   0    1   1   1   1   0  14  20   1   0  26   1  29   0   1   1   1   1   0   0   1  0.21 0.05
   88 F    -2   0  -2  -2  -3  -1  -1  -3  -1  -2  -1   4  -1   5  -3  -2  -2  -1   2  -2    0   0   0   0   0   0   0   0   0   0   0  49   0  45   0   0   0   0   5   0  0.54 0.10
   89 V    -2   1  -2  -3  -3  -1   0  -3   0   1  -1   1  -1   3  -3  -2  -2   0   5   1    0  10   0   0   0   0   5   0   0   9   0  14   0  16   0   0   0   0  33  13  0.30 0.06
   90 R    -2   4  -1   0  -4   1   4  -3  -1  -4  -3   3  -2  -4  -2  -1  -1  -3  -2  -3    0  31   0   0   0   0  49   0   0   0   0  20   0   0   0   0   0   0   0   0  0.66 0.09
   91 V    -1  -1  -2  -2  -2  -1  -1  -3  -2   1   2   2   0  -1  -2   0   1  -3  -2   2    0   0   0   0   0   0   0   0   0   0  24  24   0   0   0   5  14   0   0  33  0.17 0.05
   92 Y     3   2  -2  -2  -2  -1  -1  -1   3  -2  -2  -1  -2   0  -2   0  -1  -1   4  -1   45  15   0   0   0   0   0   0   9   0   0   0   0   0   0   4   0   0  27   0  0.35 0.08
   93 N    -2   5   2   3  -4   0   0  -1  -1  -4  -3   2  -2  -4  -2  -1  -1  -4  -3  -3    0  58  13  20   0   0   0   4   0   0   0   5   0   0   0   0   0   0   0   0  0.62 0.09
   94 V    -1   2   0  -2  -2   0  -1  -1   1   0   0   1   0   2  -3  -1  -1  -2   0   2    0  21   4   0   0   4   0   5   6   0   5   8   0  18   0   0   0   0   0  29  0.11 0.04
   95 M    -1  -2  -3  -4  -2  -2  -3  -4  -3   3   3  -1   3   0  -3  -2  -1  -2  -2   2    0   0   0   0   0   0   0   0   0  23  42   5  13   0   0   0   0   0   0  17  0.36 0.06
   96 K    -2   1   0   3  -4   0   0  -2   1  -3  -3   5  -2  -4  -2  -1   0  -4  -2  -3    0   0   0  27   0   0   0   0   4   0   0  65   0   0   0   0   4   0   0   0  0.59 0.10
   97 R    -1   2   1   1  -3   1   1   0  -1  -3  -3   2  -1  -2  -2   2   0  -3   0  -2    0  13   9   8   0   7   4   7   0   0   0  19   3   0   0  24   0   0   5   0  0.23 0.04
   98 I    -2  -3  -3  -3   3  -2  -3  -4   2   4   0  -1   0   0  -3  -2  -1  -2   2   2    0   0   0   0  11   0   0   0   8  58   0   4   0   0   0   0   0   0   9  10  0.35 0.08
   99 N    -1   2   1  -2  -2  -1   0  -3   2   2  -1  -1  -1  -2   2  -1  -1  -3  -2   1    0  17  13   0   0   0   5   0   9  29   0   0   0   0  14   0   0   0   0  13  0.19 0.05
  100 S    -1   1   0   3   2   0   1   2  -1  -3  -3   2  -2  -4  -2   1  -1  -4  -3  -3    0   7   0  26   6   0   3  18   0   0   0  28   0   0   0  11   0   0   0   0  0.34 0.05
  101 F    -1  -1   0   2  -3   0   0  -1  -1   0   0   1  -1   3  -2   0  -1  -2   0  -1    4   0   4  22   0   4   0   4   0   5  14  17   0  21   0   4   0   0   0   0  0.11 0.04
  102 I    -2  -1  -3  -2  -2  -2   1  -4  -2   4   0  -2   0   0  -3  -2  -1  -2   2   2    0   5   0   0   0   0  14   0   0  64   0   0   0   0   0   0   0   0  10   7  0.32 0.08
  103 N    -1   4   3   1  -3   0   0  -2  -1  -3  -3   2  -2  -3  -2   0   0  -4  -2  -3    5  46  20   9   0   0   0   0   0   0   0  14   0   0   0   0   6   0   0   0  0.49 0.07
  104 K     2   1   1   1  -2   0   1  -1  -1  -3  -3   3  -2  -3  -1   0   0  -3  -2  -2   38   4   6   9   0   0   4   0   0   0   0  35   0   0   0   0   4   0   0   0  0.29 0.06
  105 N     0   0   3   1  -2   1  -1   1  -1  -2  -1  -1   3  -2  -2   0   2  -3  -2  -1    9   4  20   9   0  10   0   9   0   0   0   0  20   0   0   0  19   0   0   0  0.18 0.05
  106 I    -2  -3  -3  -4  -2  -2  -3  -4   0   2   1  -3   0   1  -3  -3  -2   3   6   1    0   0   0   0   0   0   0   0   0  21  13   0   0   0   0   0   0   4  47  14  0.55 0.08
  107 K    -1   3   0  -1  -2   2   1  -2  -1  -2  -2   2  -1  -2  -1   0   2  -2  -2  -2    1  26   1   1   0  12  10   1   0   1   2  17   0   1   1   1  23   0   1   1  0.29 0.04
  108 K    -2   1   0   3  -4   0   0  -2   2  -4  -3   5  -2  -4  -2  -1  -1  -4  -2  -3    0   0   0  22   0   0   0   0   9   0   0  69   0   0   0   0   0   0   0   0  0.62 0.10
  109 S     0  -1   3   1  -2   0   0  -1  -1  -3  -3   1  -2  -3  -2   4   0  -4  -2  -3    0   0  18   8   0   0   4   0   0   0   0   9   0   0   0  62   0   0   0   0  0.48 0.09
  110 S    -1   1   3   0  -3   0   1  -2  -1  -3  -2   2  -2   2   1   1  -1   2   0  -2    0   4  23   0   0   0  10   0   0   0   0  23   0  17   7  13   0   4   0   0  0.24 0.05
  111 T    -1  -1   1   1  -2   0   2  -2  -1  -1  -1   1  -1  -1  -2   0   1  -1   2   0    1   0   9   6   0   0  18   1   0   0   5  14   0   0   0   1  17   0  14  12  0.12 0.03
  112 D    -1   0   3   3  -2  -1   0  -2  -1  -2  -1  -1   4  -2  -2   1   0  -3  -2  -2    4   7  18  26   0   0   0   0   0   0   0   0  27   0   0  13   4   0   0   0  0.28 0.07
  113 S    -1   1  -1  -1  -3   1   1  -2   2  -1  -1   4  -1  -3  -2   1  -1  -3  -2   0    0   0   0   0   0   6   5   0   7   0   4  52   0   0   0  13   0   0   0  13  0.29 0.07
  114 N    -1   0   3   2  -3   0   2  -2  -1  -2  -1   2  -1  -3  -2   0   0  -4  -2  -1    0   0  27  10   0   0  24   0   0   0   9  21   0   0   0   0   4   0   0   6  0.29 0.05
  115 Y    -2   6  -1  -3  -4   0  -1  -3  -1  -3  -2   1  -2   1  -3  -2  -2  -2   3  -3    0  79   0   0   0   0   0   0   0   0   0   0   0   9   0   0   0   0  13   0  0.83 0.12
  116 Q    -2   0  -1  -1  -3   7   1  -3  -1  -2  -2   0  -1  -4  -2  -1  -1  -3  -2   1    0   0   0   0   0  86   0   0   0   0   0   0   0   0   0   0   0   0   0  14  0.88 0.15
  117 L    -2   2  -3  -3  -2  -1  -2  -4  -2   3   2   0   2  -1  -3  -2  -1  -3  -2   1    0  22   0   0   0   0   0   0   0  35  33   4   6   0   0   0   0   0   0   0  0.28 0.06
  118 A     4  -2  -2  -2  -1  -1  -1   2  -2  -2  -2  -1  -2  -3  -1   2   0  -3  -2  -1   73   0   0   0   0   0   0  13   0   0   0   0   0   0   0  14   0   0   0   0  0.52 0.09
  119 V    -1  -3  -3  -3  -1  -2  -3  -3  -3   2   1  -2   0  -1  -3  -1   2  -3  -2   4    0   0   0   0   0   0   0   0   0   0  14   0   0   0   0   0  21   0   0  65  0.40 0.09
  120 F     4  -2  -3  -3  -1  -2  -2  -1  -2   0   0  -2   3   3  -2   0  -1  -2   0   0   57   0   0   0   0   0   0   0   0   7   0   0  14  21   0   0   0   0   0   0  0.32 0.08
  121 M    -1  -2  -3  -4  -2  -2  -3  -4  -3   1   3  -2   5   0  -3  -2   1  -2  -2   1    0   0   0   0   0   0   0   0   0   4  44   0  31   0   0   0  13   0   0   7  0.40 0.08
  122 L    -2  -2  -3  -3  -3   2  -2  -4   0  -1   1  -2  -1   2  -3  -2  -2   5   6  -1    0   0   0   0   0  14   0   0   0   0  21   0   0   0   0   0   0   7  57   0  0.71 0.11
  123 M    -2  -3  -3  -4  -2  -2  -3  -4  -2   1   3  -3   5   4  -4  -3  -2  -1   0   0    0   0   0   0   0   0   0   0   0   0  39   0  36  25   0   0   0   0   0   0  0.53 0.09
  124 E    -2  -3  -3  -2  -2  -1   2  -4  -3   5   0  -2   0  -1  -3  -2  -1  -3  -2   2    0   0   0   0   0   0  21   0   0  64   0   0   0   0   0   0   0   0   0  14  0.40 0.09
  125 T    -2   2   0   6  -3  -1   0  -2  -2  -3  -3  -1  -3  -4  -2   0   2  -4  -3  -3    0  14   0  64   0   0   0   0   0   0   0   0   0   0   0   0  21   0   0   0  0.72 0.10
  126 M    -1   0   1   2  -3   0   0  -2  -1  -1  -1   3   2   0  -2   0  -1  -3  -2   0    0   0   7  14   0   0   0   0   0   0   0  38  13   5   0   9   0   0   0  14  0.17 0.06
  127 F    -2  -3  -4  -4  -2  -3  -3  -4  -2   0   3  -3   1   5  -4  -3  -2   0   3  -1    0   0   0   0   0   0   0   0   0   0  43   0   0  43   0   0   0   0  14   0  0.61 0.08
  128 F     4  -2   2  -2  -2  -1  -2  -1  -2  -2  -2  -1  -1   3  -2   1  -1  -2   0  -1   57   0  14   0   0   0   0   0   0   0   0   0   0  21   0   7   0   0   0   0  0.33 0.08
  129 I    -2  -3  -4  -4  -2  -2  -3  -4  -3   3   4  -3   3   0  -3  -3  -2  -2  -2   1    0   0   0   0   0   0   0   0   0  21  64   0  14   0   0   0   0   0   0   0  0.53 0.08
  130 R    -2   7  -1  -2  -4   0  -1  -3  -1  -4  -3   1  -2  -4  -3  -2  -2  -4  -3  -3    0 100   0   0   0   0   0   0   0   0   0   0   0   0   0   0   0   0   0   0  1.23 0.15
  131 F     3  -2  -2  -3  -1  -2  -2  -1  -2   0  -1  -2   2   2  -2   0   0  -2  -1   2   53   0   0   0   0   0   0   0   0   0   0   0   9  13   0   0   7   0   0  19  0.26 0.07
  132 G     0  -3  -1  -2  -3  -3  -3   6  -3  -5  -5  -2  -4  -4  -3  -1  -2  -3  -4  -4    0   0   0   0   0   0   0 100   0   0   0   0   0   0   0   0   0   0   0   0  1.39 0.13
  133 K    -2   0   5   0  -3   0   0   1  -1  -4  -4   3  -3  -4  -2   0  -1  -4  -3  -3    0   0  54   0   0   0   0  10   0   0   0  36   0   0   0   0   0   0   0   0  0.63 0.10
  134 M    -1  -1  -1   0  -4   1   5  -3  -1  -2  -2   0   2  -3  -2  -1  -1  -3  -3   0    0   0   0   0   0   0  79   0   0   0   0   0  13   0   0   0   0   0   0   9  0.70 0.12
  135 K    -1   1  -1  -2  -3   0   0  -2  -2  -2  -2   6  -2  -3  -2  -1  -1  -4  -2   0    0   0   0   0   0   0   0   0   0   0   0  86   0   0   0   0   0   0   0  14  0.66 0.12
  136 Y    -1  -2  -1   3  -3  -1   2   2   0  -3  -3  -1  -2   0  -2   0  -2   0   5  -3    0   0   0  21   0   0  17  22   0   0   0   0   0   0   0   4   0   0  36   0  0.43 0.07
  137 L     1  -1  -1   3  -3   0   4  -2  -1  -1   1  -1  -1  -2  -2  -1  -1  -3  -2  -1   14   0   0  17   0   0  43   0   0   0  21   0   0   0   0   0   0   0   0   4  0.31 0.06
  138 K    -2   2   0   5  -4   0   0   2  -1  -4  -4   2  -3  -4  -2  -1  -2  -4  -3  -3    0  14   0  47   0   0   0  17   0   0   0  21   0   0   0   0   0   0   0   0  0.55 0.08
  139 E    -2   0  -1   1  -4   4   6  -3  -1  -4  -3   0  -2  -4  -2  -1  -2  -3  -3  -3    0   0   0   0   0  22  78   0   0   0   0   0   0   0   0   0   0   0   0   0  0.93 0.12
  140 N     4  -2   4  -1  -2  -1  -1  -1  -1  -3  -3  -1  -2  -3  -2   0  -1  -4  -3  -1   64   0  36   0   0   0   0   0   0   0   0   0   0   0   0   0   0   0   0   0  0.53 0.10
  141 E    -2  -1   0   6  -4   0   3  -2  -1  -4  -4   1  -3  -4  -2  -1  -2  -4  -3  -4    0   0   0  66   0   0  20   0   0   0   0  14   0   0   0   0   0   0   0   0  0.86 0.10
  142 T     0  -2  -1  -2  -2  -1  -1  -2  -2  -2  -2  -1  -1  -3  -2   2   6  -3  -2  -1    0   0   0   0   0   0   0   0   0   0   0   0   0   0   0  14  86   0   0   0  0.76 0.13
  143 V    -1  -3  -3  -4  -2  -3  -3  -4  -2   2   0  -3   0   0  -3  -2  -1  -1   4   5    0   0   0   0   0   0   0   0   0   0   0   0   0   0   0   0   0   0  21  79  0.56 0.11
  144 G     0  -3  -1  -2  -3  -3  -3   6  -3  -5  -5  -2  -4  -4  -3  -1  -2  -3  -4  -4    0   0   0   0   0   0   0 100   0   0   0   0   0   0   0   0   0   0   0   0  1.39 0.13
  145 L    -1  -4  -4  -4   8  -3  -4  -4  -4   2   2  -4   0  -2  -4  -2  -1  -3  -2   1    0   0   0   0  57   0   0   0   0  14  21   0   0   0   0   0   0   0   0   7  0.91 0.11
  146 L    -1  -3  -3  -4   9  -3  -3  -3  -3  -1   1  -3  -1  -2  -3   1  -1  -3  -3  -1    0   0   0   0  64   0   0   0   0   0  21   0   0   0   0  14   0   0   0   0  1.03 0.12
  147 T     0  -2   0  -1  -2  -1  -1  -1  -2  -2  -3  -1  -2  -3  -2   4   4  -3  -2  -2    0   0   0   0   0   0   0   0   0   0   0   0   0   0   0  65  35   0   0   0  0.61 0.11
  148 L    -2  -3  -4  -4  -2  -3  -4  -4  -4   1   5  -3   2   0  -4  -3  -2  -2  -2   0    0   0   0   0   0   0   0   0   0   0 100   0   0   0   0   0   0   0   0   0  0.76 0.11
  149 K    -2   6  -1  -2  -4   1   0  -3  -1  -4  -3   4  -2  -4  -2  -1  -2  -4  -2  -3    0  65   0   0   0   0   0   0   0   0   0  35   0   0   0   0   0   0   0   0  0.87 0.11
  150 N    -1  -1   2  -2   2  -1  -2  -3  -1   0  -1   1  -1  -1  -3  -1  -1  -2   2   3    0   0  21   0   7   0   0   0   0   0   0  14   0   0   0   0   0   0  14  43  0.20 0.07
  151 K    -1   0  -1   0  -4   1   5   0  -1  -4  -3   3  -2  -4  -2  -1  -1  -4  -3  -3    0   0   0   0   0   0  57   8   0   0   0  36   0   0   0   0   0   0   0   0  0.63 0.10
  152 H    -2  -1   3  -1  -4   0  -1  -2   9  -4  -4  -1  -3  -2  -3  -1  -2  -4   0  -4    0   0  22   0   0   0   0   0  78   0   0   0   0   0   0   0   0   0   0   0  1.26 0.15
  153 I     0  -3  -4  -4  -1  -3  -3  -4  -4   4   1  -3   0  -1  -3  -2  -1  -3  -2   4    7   0   0   0   0   0   0   0   0  40   0   0   0   0   0   0   0   0   0  53  0.48 0.08
  154 E    -1   1   1   0  -3   2   3  -2  -1  -2  -2   2  -1  -3  -2   0   1  -3  -2  -1    0   7   6   0   0  15  26   0   0   0   0  23   0   0   0   0  14   0   0   9  0.32 0.05
  155 I    -2   0  -3  -4  -2  -2  -3  -4  -3   4   3  -2   1   0  -3  -2   0  -3  -2   1    0   9   0   0   0   0   0   0   0  42  44   0   0   0   0   0   5   0   0   0  0.37 0.07
  156 S     0   0   0  -1  -3   1   1  -2   3  -3  -3   2  -2  -3   3   2   0  -3  -2  -3    0   0   0   0   0   3   9   0  14   0   0  25   0   0  18  32   0   0   0   0  0.43 0.07
  157 P    -1  -2   2  -1  -3  -1   1  -2  -2  -3  -4  -1  -3  -4   7  -1  -1  -4  -3  -3    3   0  13   0   0   0  11   0   0   0   0   0   0   0  69   0   3   0   0   0  1.39 0.11
  158 D    -2   1   4   3  -3  -1   1   1  -1  -3  -3  -1  -3   0   2   0  -1  -3  -2  -3    0   9  32  20   0   0   7  14   0   0   0   0   0   7  11   0   0   0   0   0  0.38 0.06
  159 K    -1   1  -2  -2  -2  -1  -1  -3  -2   1  -1   3  -1  -2  -2  -1   2  -3  -2   3    0   4   0   0   0   0   0   0   0   5   0  35   0   0   0   0  16   0   0  39  0.23 0.07
  160 I    -1  -3  -4  -4  -2  -3  -3  -4  -4   4   2  -3   1  -1  -3  -3  -1  -3  -2   4    0   0   0   0   0   0   0   0   0  52   9   0   0   0   0   0   0   0   0  39  0.52 0.08
  161 V    -1  -1  -1  -1  -2   0   2  -3   2   1   0   1   0  -2  -2  -1   2  -3  -1   1    0   0   0   0   0   0  21   0   7  10   9  13   0   0   0   0  19   0   0  21  0.13 0.04
  162 I    -2  -3  -4  -4  -2  -3  -4  -4  -3   2   3  -3   1   5  -4  -3  -2  -1   1   0    0   0   0   0   0   0   0   0   0  21  33   0   0  46   0   0   0   0   0   0  0.55 0.08
  163 K    -2  -1   3   5  -4   0   2  -2   2  -4  -4   1  -3  -4  -2  -1  -1  -4  -2  -4    0   0  14  57   0   0   7   0   9   0   0  13   0   0   0   0   0   0   0   0  0.70 0.08
  164 F    -3  -4  -4  -4  -3  -4  -4  -4  -2  -1   0  -4  -1   7  -5  -3  -3   0   2  -2    0   0   0   0   0   0   0   0   0   0   6   0   0  94   0   0   0   0   0   0  1.21 0.14
  165 V    -1  -1  -3  -3  -2  -2  -2  -4  -3   1   3   1   1  -1   1  -2  -1  -3  -2   2    0   0   0   0   0   0   0   0   0   0  58  14   0   0   7   0   0   0   0  21  0.31 0.06
  166 G     0  -3  -1  -2  -3  -3  -3   6  -3  -5  -5  -2  -4  -4  -3  -1  -2  -3  -4  -4    0   0   0   0   0   0   0 100   0   0   0   0   0   0   0   0   0   0   0   0  1.39 0.13
  167 K    -2   2  -1  -1  -4   1   0  -2  -1  -4  -3   6  -2  -4  -2  -1  -1  -4  -3  -3    0   0   0   0   0   0   0   0   0   0   0 100   0   0   0   0   0   0   0   0  0.95 0.14
  168 D    -2  -2   1   7  -4  -1   1  -2  -2  -4  -4  -1  -4  -4  -2   1  -1  -5  -4  -4    0   0   0  86   0   0   0   0   0   0   0   0   0   0   0  14   0   0   0   0  1.09 0.13
  169 K     0  -1   0  -1   1   0  -1   2  -2  -3  -3   2  -2  -3  -2   4   0  -3  -2  -2    0   0   0   0   4   0   0  14   0   0   0  21   0   0   0  60   0   0   0   0  0.43 0.09
  170 V    -2  -2  -3  -3  -2   1  -2  -4  -3   4   1  -2   3  -1  -3  -2  -1  -3  -2   2    0   0   0   0   0  14   0   0   0  61   0   0  12   0   0   0   0   0   0  13  0.41 0.09
  171 S    -1   5  -1  -2  -3   2   0  -3  -1  -1  -2   2  -2  -3  -2   1  -1  -3  -2  -2    0  63   0   0   0   8   0   0   0   9   0   7   0   0   0  13   0   0   0   0  0.59 0.09
  172 H    -2  -2  -2  -3  -3  -2  -2  -4   5  -1   1  -2  -1   4  -4  -2  -2   1   6  -2    0   0   0   0   0   0   0   0  21   0  14   0   0  17   0   0   0   0  47   0  0.72 0.10
  173 E    -2  -1   3  -1  -3   1   2  -2   0  -2  -1   0  -1   1  -2  -1  -1  -1   4  -1    0   0  23   0   0   5  20   0   0   0   5   7   0   4   0   0   0   0  28   8  0.27 0.06
  174 F    -2  -1   5   0  -3   1   0  -2   0  -3  -2  -1  -2   3  -3  -1  -1  -1   3  -3    0   0  47   0   0  10   7   0   0   0   0   0   0  21   0   0   0   0  14   0  0.46 0.09
  175 V    -1   1  -1   1  -2   0   2  -2   2  -1  -2   1  -1  -3  -2   0   3  -3  -2   0    0   8   0   7   0   0  23   0   7   0   0   6   0   0   0   0  35   0   0  13  0.25 0.06
  176 V    -1  -3  -4  -4  -1  -3  -3  -4  -4   3   1  -3   0  -1  -3  -2  -1  -3  -2   5    0   0   0   0   0   0   0   0   0  14   7   0   0   0   0   0   0   0   0  79  0.57 0.10
  177 H    -1   2   0   0  -3   1   3  -2   4  -3  -3   1  -2  -3   2   0   0  -3  -1  -3    0  14   0   0   0   5  31   0  21   0   0   7   0   0  10   4   7   0   0   0  0.43 0.06
  178 K     0  -1  -2  -2  -1  -1  -2  -2  -2   2   0   1   0  -1  -2   0   0  -3  -1   3    1   1   1   1   0   1   1   1   0  13   1  14   0   1   1  10   1   0   0  53  0.19 0.05
  179 S    -1   0   1   2  -2   1   4  -1  -1  -3  -3   0  -2  -3  -1   2   0  -3  -2  -2    1   6   8  15   0   1  39   1   0   1   1   1   0   1   1  22   1   0   0   1  0.38 0.05
  180 N    -2   0   4   0  -4   0   0  -2  -1  -4  -4   3  -2  -4   4   0  -1  -4  -3  -3    0   0  36   0   0   0   5   0   0   0   0  35   0   0  25   0   0   0   0   0  0.65 0.09
  181 R    -2   4   0   3  -3   2   0  -3  -1  -2   0   1  -1  -3   0  -1  -2  -3  -2  -2    0  41   0  26   0  14   0   0   0   0  15   0   0   0   4   0   0   0   0   0  0.40 0.07
  182 L     0  -3  -4  -4  -2  -3  -3  -4  -3   2   2  -3   1   2  -3  -2  -1  -2  -1   4    5   0   0   0   0   0   0   0   0   0  21   0   0  14   0   0   0   0   0  60  0.38 0.07
  183 Y    -3  -3  -3  -4  -3  -3  -3  -4   0  -1  -1  -3  -1   6  -4  -3  -3   1   7  -2    0   0   0   0   0   0   0   0   0   0   0   0   0  43   0   0   0   0  57   0  1.11 0.13
  184 K    -1   1  -1  -1  -4   2   0  -2  -1  -3  -3   6  -2  -4  -2   0  -1  -4  -3  -3    0   0   0   0   0   7   0   0   0   0   0  88   0   0   0   5   0   0   0   0  0.78 0.12
  185 P     1  -2   5   0  -3  -1  -1  -1  -1  -2  -2  -1   2  -3   4   0  -1  -4  -3  -1   13   0  46   0   0   0   0   0   0   0   0   0  14   0  21   0   0   0   0   5  0.50 0.09
  186 L    -2  -3  -4  -4  -2  -3  -4  -4  -4   3   4  -3   1   0  -4  -3  -2  -2  -2   1    0   0   0   0   0   0   0   0   0  20  80   0   0   0   0   0   0   0   0   0  0.61 0.09
  187 L     0   1  -1  -1  -2   2   1   0  -1  -1   1   1   2  -2  -2  -1   0  -2  -2  -1    7   6   0   0   0  17   9   8   0   0  21  13  14   0   0   0   4   0   0   0  0.13 0.04
  188 K    -1   1  -1  -2  -2   2   0  -3   2   1   1   2   1  -2  -2  -1   0  -3  -1   0    0   9   0   0   0  13   0   0   7  18  14  27   7   0   0   0   5   0   0   0  0.16 0.05
  189 L    -3  -3  -4  -4  -3  -3  -4  -4  -2   0   3  -4   0   6  -4  -3  -2   0   2  -1    0   0   0   0   0   0   0   0   0   0  36   0   0  64   0   0   0   0   0   0  0.78 0.10
  190 T    -1   0  -1  -2  -2   1  -1  -3  -2   1   1   1   4  -2  -2  -1   2  -3  -2   0    0   5   0   0   0   8   0   0   0   9   7  14  25   0   0   0  27   0   0   5  0.19 0.06
  191 D     0   1   0   3  -3   0   3   0  -1  -3  -3   2  -2  -4  -2   0  -1  -4  -3  -3    8   9   0  27   0   0  25   9   0   0   0  18   0   0   0   5   0   0   0   0  0.39 0.05
  192 D    -1   2   2   3  -3   0   2   2   1  -4  -4   0  -3  -4   3  -1  -1  -4  -3  -3    0  16  10  20   0   0  14  22   4   0   0   0   0   0  14   0   0   0   0   0  0.41 0.05
  193 S    -1   1   0   2  -3   0   0  -2  -1  -3  -3   5  -2  -4   2   1  -1  -4  -3  -3    0   0   0  14   0   0   0   0   0   0   0  64   0   0   9  13   0   0   0   0  0.53 0.09
  194 S     0   0   0   2  -3   2   2   1  -1  -3  -3   2  -2  -3  -2   2  -1  -3  -2  -3    4   0   0  11   0  12  14  14   0   0   0  24   0   0   0  21   0   0   0   0  0.32 0.05
  195 P    -1  -1   2  -1  -4  -1   0   0  -2  -4  -4   1  -3  -4   7  -1  -1  -4  -3  -3    0   0  14   0   0   0   4   5   0   0   0  12   0   0  65   0   0   0   0   0  1.29 0.11
  196 E    -1   1   0   2  -3   0   3   2  -1  -3  -3   0  -2  -3  -2   1   1  -3  -3  -3    0  11   0  12   0   0  34  19   0   0   0   0   0   0   0  11  13   0   0   0  0.35 0.05
  197 E    -2  -1   0   5  -4   0   2  -2   1  -4  -4   1  -3  -4  -2   0  -1  -4  -3  -3    0   0   0  60   0   0  13   0   4   0   0  14   0   0   0   9   0   0   0   0  0.70 0.09
  198 F    -2  -2  -1   4  -3   0   0  -3  -2   1   0  -2  -1   3   1  -1  -2  -2  -1  -1    0   0   0  44   0   4   0   0   0  14   9   0   0  21   7   0   0   0   0   0  0.34 0.07
  199 L    -2  -3  -4  -4  -2  -2  -3  -4  -3   2   4  -3   3   0  -3  -3  -2  -2  -2   1    0   0   0   0   0   0   0   0   0  11  74   0  14   0   0   0   0   0   0   0  0.58 0.09
  200 F    -2  -3  -3  -3  -3  -3  -3  -3  -2  -1   0  -3  -1   7  -3  -2  -2   0   2  -1    1   1   1   1   0   1   1   1   0   1   1   1   0  86   1   1   1   0   0   1  0.94 0.11
  201 N    -2  -1   2   5  -3   1   1  -1   2  -3  -3  -1  -2  -3  -2   0  -1  -3  -2  -3    1   1  13  58   0   8   1   1   9   1   1   1   0   1   1   1   1   0   0   1  0.62 0.07
  202 K     0   5  -1  -1  -3   1   1  -2  -1  -3  -3   3  -2  -3   1   0  -1  -3  -2  -3    7  47   0   0   0   5   8   0   0   0   0  21   0   0   7   5   0   0   0   0  0.51 0.07
  203 L    -2  -3  -4  -4  -2  -3  -3  -4  -4   2   4  -3   1   0  -3  -3  -2  -2  -2   2    0   0   0   0   0   0   0   0   0   6  80   0   0   0   0   0   0   0   0  14  0.58 0.09
  204 S    -1  -1   4   3  -2   1   0  -1  -1  -3  -3  -1  -2  -3  -2   2   2  -4  -3  -2    0   0  30  22   0   7   0   0   0   0   0   0   0   0   0  26  16   0   0   0  0.45 0.07
  205 E    -1  -2  -1   2  -2   0   2  -2  -2  -2  -2  -1  -2  -3   3   0   3  -4  -3  -1    0   0   0  14   0   0  21   0   0   0   0   0   0   0  17   0  42   0   0   5  0.46 0.07
  206 R     0   3   2  -1  -2   1   0  -1  -1  -3  -3   1  -2  -3  -2   2   1  -3  -2  -2    4  27  11   0   0   4   0   3   0   0   0   9   0   0   0  33   9   0   0   0  0.33 0.06
  207 K    -1   0   0   2  -2   1   0  -2  -1   0  -1   3  -1  -2  -2   2   0  -3  -2  -1    0   0   0  14   0   5   0   0   0  11   6  35   0   0   0  22   4   0   0   4  0.19 0.05
  208 V    -1  -3  -4  -4  -2  -3  -3  -4  -4   2   4  -3   1   0  -3  -3  -1  -3  -2   3    0   0   0   0   0   0   0   0   0   0  66   0   0   0   0   0   0   0   0  34  0.52 0.08
  209 Y    -2  -1   6   0  -3  -1  -1  -2   0  -4  -4  -1  -3  -1  -3   0  -1  -2   4  -3    0   0  79   0   0   0   0   0   0   0   0   0   0   0   0   0   0   0  21   0  0.91 0.13
  210 E     0   2   1   0  -3   2   2  -2  -1  -3  -3   4  -2  -4  -2   0   0  -3  -2  -2    9   6   5   4   0   7  16   0   0   0   0  49   0   0   0   0   4   0   0   0  0.41 0.06
  211 S     0  -1  -1  -2   2   1  -1  -2   7  -3  -2  -2  -2   2  -3   0  -2  -1   4  -2    9   0   0   0   6   6   0   0  43   0   0   0   0   7   0   6   0   0  23   0  0.57 0.09
  212 I    -2  -3  -4  -4  -2  -3  -3  -4  -4   3   4  -3   1   0  -3  -3  -1  -2  -2   2    0   0   0   0   0   0   0   0   0  27  64   0   0   0   0   0   0   0   0   9  0.52 0.07
  213 K    -1   2  -1  -1  -3   5   1  -2  -1  -3  -3   4  -1  -4  -2   0   0  -3  -2  -3    0   4   0   0   0  50   0   0   0   0   0  34   0   0   0   7   4   0   0   0  0.61 0.10
  214 Q    -1   0   2   2  -3   3   4  -2   0  -3  -3   2  -2  -4  -2   1  -1  -3  -2  -3    0   0  10  13   0  21  35   0   0   0   0  12   0   0   0   8   0   0   0   0  0.50 0.06
  215 F    -2  -3  -3  -4  -2  -2  -3  -4  -1   0   3  -3   3   4  -3  -2  -1   0   3   0    0   0   0   0   0   0   0   0   0   0  42   0  14  21   0   0   5   0  17   0  0.42 0.07
  216 G     0  -3  -1  -2  -3  -3  -3   6  -3  -5  -5  -2  -4  -4  -3  -1  -2  -3  -4  -4    0   0   0   0   0   0   0 100   0   0   0   0   0   0   0   0   0   0   0   0  1.39 0.13
  217 I    -2  -3  -4  -4  -2  -3  -4  -4  -3   3   4  -3   1   3  -4  -3  -2  -2   0   1    0   0   0   0   0   0   0   0   0  21  64   0   0  14   0   0   0   0   0   0  0.51 0.07
  218 R    -1   3  -1  -2  -2  -1  -1  -2  -2  -2  -2   0  -2  -3  -2   2   5  -3  -2  -1    0  21   0   0   0   0   0   0   0   0   0   0   0   0   0  16  62   0   0   0  0.52 0.10
  219 I     4  -2  -3  -3  -1  -2  -2  -1  -3   2   0  -2   0  -2  -2   0  -1  -3  -2   1   60   0   0   0   0   0   0   0   0  27   9   0   0   0   0   0   0   0   0   4  0.32 0.08
  220 K    -2   2  -1  -1  -4   1   0  -2  -1  -4  -3   6  -2  -4  -2  -1  -1  -4  -3  -3    0   0   0   0   0   0   0   0   0   0   0 100   0   0   0   0   0   0   0   0  0.95 0.14
  221 D    -1  -3  -1   4  -2  -2  -1  -3  -3   1  -1  -2  -1  -2  -3  -2  -1  -4  -2   4    0   0   0  36   0   0   0   0   0   0   0   0   0   0   0   0   0   0   0  64  0.45 0.10
  222 L    -3  -3  -4  -4  -3  -4  -4  -4  -2   0   2  -4   0   7  -4  -3  -3   0   2  -1    0   0   0   0   0   0   0   0   0   0  21   0   0  79   0   0   0   0   0   0  0.94 0.12
  223 R    -2   7  -1  -2  -4   0  -1  -3  -1  -4  -3   1  -2  -4  -3  -2  -2  -4  -3  -3    0 100   0   0   0   0   0   0   0   0   0   0   0   0   0   0   0   0   0   0  1.23 0.15
  224 T    -1  -2  -1  -2  -2  -1  -2  -2  -3  -2  -2  -1  -1  -3  -2   1   6  -3  -2  -1    0   0   0   0   0   0   0   0   0   0   0   0   0   0   0   0 100   0   0   0  0.93 0.15
  225 Y    -3  -3  -3  -4  -3  -2  -3  -4   1  -2  -2  -3  -2   4  -4  -3  -3   1   8  -2    0   0   0   0   0   0   0   0   0   0   0   0   0  14   0   0   0   0  86   0  1.33 0.15
  226 G    -1  -2   6   0  -3  -1  -1   4  -1  -4  -4  -1  -3  -4  -3   0  -1  -4  -3  -4    0   0  64   0   0   0   0  36   0   0   0   0   0   0   0   0   0   0   0   0  0.86 0.11
  227 V     5  -2  -2  -3  -1  -2  -2  -1  -3   0  -1  -2  -1  -3  -2   0  -1  -3  -2   2   79   0   0   0   0   0   0   0   0   0   0   0   0   0   0   0   0   0   0  21  0.50 0.10
  228 N     0  -1   4   0  -2  -1  -1  -1  -1  -3  -4  -1  -2  -3  -2   4   0  -4  -3  -3    0   0  36   0   0   0   0   0   0   0   0   0   0   0   0  64   0   0   0   0  0.65 0.11
  229 Y    -2  -2  -3  -3  -2  -2  -2  -4  -1   3   1   0   0   1  -3  -2  -1  -1   4   2    0   0   0   0   0   0   0   0   0  36  14  14   0   0   0   0   0   0  26  11  0.28 0.06
  230 T    -1  -2  -1  -2  -2  -1  -2  -3  -2  -2  -2  -2  -1  -1  -2   0   6  -2   3  -1    0   0   0   0   0   0   0   0   0   0   0   0   0   0   0   0  86   0  14   0  0.73 0.13
  231 F    -2  -3  -4  -4  -2  -3  -3  -4  -2   0   3  -3   3   5  -4  -3  -2  -1   1   0    0   0   0   0   0   0   0   0   0   0  43   0  14  43   0   0   0   0   0   0  0.57 0.09
  232 L     0  -1  -1   1  -2   4   0  -3  -1   1   1   0   0  -2  -2  -1  -1  -3  -2   0    7   0   0  11   0  42   0   0   0  16  25   0   0   0   0   0   0   0   0   0  0.23 0.06
  233 Y    -1  -1  -1   0  -3   3   3   0   0  -2  -1   0  -1   0  -2   0  -1  -1   4  -2    0   0   0   0   0  24  32  10   0   0   6   0   0   0   0   5   0   0  25   0  0.33 0.06
  234 N     1  -1   3   1  -2   3   1  -2  -1  -2   0   0   2  -2  -2   0  -1  -3  -2  -1   16   0  25   5   0  28   7   0   0   0  10   0  11   0   0   0   0   0   0   0  0.23 0.05
  235 F    -2  -3  -4  -4  -2  -3  -3  -4  -3   1   4  -3   1   4  -4  -3  -2  -1   0   0    0   0   0   0   0   0   0   0   0   0  75   0   0  25   0   0   0   0   0   0  0.55 0.07
  236 W    -1   2  -2  -2  -2  -1   0  -3  -2  -1   2   0   0  -1  -3   0  -1   7   0  -1    0  15   0   0   0   0  10   0   0   0  32   7   0   0   0  11   0  24   0   0  0.42 0.05
  237 T     0   0   0  -1  -2   2   0  -2  -1  -1  -2   1  -1  -3  -1   2   3  -3  -2   0    6   0   0   0   0  16   0   0   0   0   0  13   0   0   0  16  40   0   0   9  0.28 0.05
  238 N    -1  -1   4   1  -3   0   2  -2  -1  -2   0  -1   1  -2  -2   0   1  -3  -2  -2    0   0  35   5   0   0  27   0   0   0  15   0   7   0   0   0  10   0   0   0  0.29 0.05
  239 V    -1  -2  -1  -1  -2  -1   1  -2  -2   0  -1  -1  -1  -2   3   1   3  -3  -2   2    0   0   0   0   0   0  10   0   0   0   0   0   0   0  18   5  43   0   0  24  0.36 0.06
  240 K    -1   4   0   0  -4   1   1  -2  -1  -3  -3   4  -2  -3  -2   0  -1  -3  -2  -3    0  37   0   5   0   0  10   0   0   0   0  43   0   0   0   5   0   0   0   0  0.54 0.06
  241 S     1  -1   1   3  -2   0   0  -1  -1  -3  -3   1  -2  -2  -2   2   0   5  -2  -2   21   0   7  22   0   0   0   0   0   0   0  16   0   0   0  24   0  10   0   0  0.32 0.04
  242 I    -1   2   1  -1  -2  -1   0   0  -1   1   2   0   0  -1  -2  -1   0  -2  -2   0    1  17  13   0   0   0   8   7   0  16  30   0   0   0   0   0   7   0   0   0  0.08 0.02
  243 S     0  -1   2   2  -2  -1   0   0  -1  -1  -2   1  -1  -3  -2   1   2  -3  -2   1    0   0  10  14   0   0   0   6   0   0   0  11   0   0   0  15  24   0   0  19  0.17 0.03
  244 P     0  -2  -1   1  -2  -1  -1  -2  -2  -2  -3  -1  -2  -3   6   1  -1  -4  -3  -1    7   0   0   8   0   0   0   0   0   0   0   0   0   0  57  20   0   0   0   7  1.03 0.07
  245 L     0   3  -2  -2  -2   0   0  -2  -2   1   1   0   0  -1  -2  -1   0  -3  -2   1   14  29   0   0   0   0   7   0   0  11  24   0   0   0   0   0   7   0   0   8  0.13 0.03
  246 P    -1   0  -1  -1  -3   1   0  -2  -2  -3  -3   3  -2  -4   6  -1   0  -4  -3  -3    0   0   0   0   0   7   0   0   0   0   0  38   0   0  46   0   8   0   0   0  0.90 0.07
  247 S    -1  -1   1  -1   2  -1   0  -2  -1   0   0   0  -1  -2   2   1   2  -3  -2   0    0   0  12   0   8   0   8   0   0  14   7   7   0   0  11  16  17   0   0   0  0.15 0.02
  248 P     0  -1  -2  -3  -2  -1  -2  -3  -3   2   2   1   0  -1   3  -1  -1  -3  -2   1   12   0   0   0   0   0   0   0   0  35  21  16   0   0  16   0   0   0   0   0  0.22 0.04
  249 K     0   1  -1  -1  -2   2   0  -2  -1  -1  -2   3  -1  -2  -1   1   0  -3  -2   0    8   0   0   0   0  12   0   1   0   0   1  44   0   0   0  15   0   0   0  16  0.22 0.04
  250 K    -1   0  -1  -2  -2   0  -1  -3  -1  -1   0   3  -1   0  -2  -1   1  -1   3   1    0   0   0   0   0   0   0   0   0   0   8  43   0   0   0   0  12   0  21  15  0.21 0.05
  251 L     0  -1   5   0  -2  -1  -1  -2  -1   0   1  -1   2  -2  -3   0  -1  -3  -2   1    8   0  50   0   0   0   0   0   0   0  16   0  11   0   0   0   0   0   0  15  0.27 0.05
  252 I    -2   2  -3  -3  -2  -2  -2  -4  -1   3   1  -1   0   0  -3  -2  -1  -1   4   1    0  21   0   0   0   0   0   0   0  43  12   0   0   0   0   0   0   0  23   0  0.27 0.05
  253 A     3   1   1  -1  -1   2   0  -1  -1  -2  -2   0  -1  -3  -1   1   0  -3  -2  -1   54  12   8   0   0  15   0   0   0   0   0   0   0   0   0  11   0   0   0   0  0.30 0.05
  254 L    -1   1   4   0  -2   1  -1  -2  -1  -1   1   1   0  -2  -2   0   1  -3  -2  -1    0   8  38   0   0   8   0   0   0   0  28   7   0   0   0   0  11   0   0   0  0.22 0.04
  255 T     3  -1  -1  -1  -1  -1  -1   0  -1  -1  -1  -1  -1  -2  -1   2   2  -2  -2   0   57   1   1   1   0   1   1   1   0   1   2   1   0   1   1  12  17   0   1   1  0.29 0.03
  256 I    -1  -2   3  -1  -2  -1  -2  -2   0   2   0  -1   0   3  -2  -1  -1  -1   3   0    1   1  26   1   0   1   1   1   0  28   2   1   0  17   1   1   1   0  14   1  0.16 0.03
  257 K    -1   4   2  -1  -4   1   0  -2  -1  -3  -3   4  -2  -3  -2  -1  -1  -3  -2  -3    0  26  13   0   0   0   0   0   0   0   0  60   0   0   0   0   0   0   0   0  0.57 0.06
  258 Q     1   0   0   0  -2   4   3  -1   0  -3  -3   0  -1  -3  -1   1   0  -3  -2  -2   18   0   0   0   0  36  29   0   0   0   0   0   0   0   0  17   0   0   0   0  0.43 0.05
  259 T     1  -2  -1  -2  -1  -2  -2  -2  -3   1   0  -2   0  -2  -2   0   3  -3  -2   3   13   0   0   0   0   0   0   0   0   0   0   0   0   0   0   0  44   0   0  42  0.30 0.05
  260 A     4  -2   1  -2  -1  -1  -1   0  -2  -2  -2  -1  -1  -3  -1   1   0  -3  -2  -1   87   0  13   0   0   0   0   0   0   0   0   0   0   0   0   0   0   0   0   0  0.48 0.07
  261 E    -1   3  -1   1  -3   0   1  -3  -2   2   0   0   0  -2  -2  -1  -1  -3  -2   1    0  30   0  11   0   0  16   0   0  33   0   0   0   0   0   0   0   0   0  10  0.19 0.04
  262 V    -1  -1  -2  -2  -2   3  -1  -3  -2   2   2  -1   1  -1  -3  -2  -1  -2  -2   2    0   0   0   0   0  30   0   0   0  27  26   0   0   0   0   0   0   0   0  16  0.23 0.04
  263 V    -1  -3  -3  -4   7  -3  -3  -3  -4   1   1  -3   0  -1  -3  -2  -1  -3  -2   3    0   0   0   0  42   0   0   0   0   0  17   0   0   0   0   0   0   0   0  41  0.60 0.06
  264 G     1   0   4   0  -3   0  -1   3  -1  -3  -3   1  -2  -3  -2   0  -1  -3  -3  -3   13   0  42   0   0   0   0  28   0   0   0  17   0   0   0   0   0   0   0   0  0.44 0.05
  265 H    -2  -1   0  -2  -4   0  -1  -3   9  -4  -4  -1  -2  -2  -3  -2  -2  -3   1  -4    0   0   0   0   0   0   0   0 100   0   0   0   0   0   0   0   0   0   0   0  1.40 0.12
  266 T    -1   0   0  -1  -2   5   1  -2  -1  -2  -2   0  -1  -3  -2   0   4  -3  -2  -2    0   0   0   0   0  56   0   0   0   0   0   0   0   0   0   0  44   0   0   0  0.55 0.08
  267 P    -1   4  -1  -2  -3   0  -1   1  -1  -3  -3   2  -2  -4   4  -1  -1  -3  -3  -3    0  42   0   0   0   0   0  17   0   0   0  13   0   0  28   0   0   0   0   0  0.63 0.05
  268 S     3  -1   0  -1  -1  -1  -1  -1  -2  -2  -2  -1  -1  -3  -1   3   3  -3  -2  -1   35   0   0   0   0   0   0   0   0   0   0   0   0   0   0  36  29   0   0   0  0.38 0.05
  269 I    -1  -3  -3  -4  -1  -3  -3  -4  -4   4   1  -3   1  -1  -3  -2  -1  -3  -2   4    0   0   0   0   0   0   0   0   0  37   0   0   0   0   0   0   0   0   0  63  0.48 0.06
  270 S     0  -1   2  -1  -2  -1  -1  -1  -1  -3  -3  -1  -2  -3   3   4   1  -4  -2  -2    0   0  13   0   0   0   0   0   0   0   0   0   0   0  18  69   0   0   0   0  0.56 0.07
  271 K    -1   2   0  -1  -3   1   0  -2  -1  -3  -2   5  -2  -3  -1   0  -1  -3  -2  -2    1   1   1   1   0   1   1   1   0   1   1  87   0   1   1   1   1   0   0   1  0.57 0.07
  272 R    -1   4   0  -1  -2   1   0  -1   0  -2  -2   3  -1  -2  -1   0  -1  -2  -1  -2    2  46   1   2   1   1   2   2   1   1   3  28   1   1   2   2   2   0   1   2  0.35 0.01
  273 A     3  -2  -1  -1  -1  -1  -1  -1  -2  -2  -2  -1  -2  -3   4   2   0  -3  -2  -1   45   0   0   0   0   0   0   0   0   0   0   0   0   0  29  26   0   0   0   0  0.55 0.02
  274 Y    -2  -2  -2  -3  -2  -1  -2  -3   1  -1   0  -2   3   2  -3  -2  -2   1   6  -1    0   0   0   0   0   0   0   0   0   0   0   0  29   0   0   0   0   0  71   0  0.62 0.03
  275 M    -1  -2  -3  -4  -1  -2  -3  -4  -3   3   3  -2   3   0  -3  -2  -1  -2  -1   2    0   0   0   0   0   0   0   0   0  18  29   0  27   0   0   0   0   0   0  26  0.31 0.01
  276 A     2  -2  -2  -3  -1  -1  -2  -1  -2   0   2  -1   3  -1  -2   0  -1  -2  -1   0   45   0   0   0   0   0   0   0   0   0  29   0  26   0   0   0   0   0   0   0  0.20 0.02
  277 T    -1  -1   5   1  -2   0  -1  -1   0  -3  -3   0  -2  -3  -2   1   2  -4  -2  -2    0   0  73   0   0   0   0   0   0   0   0   0   0   0   0   0  27   0   0   0  0.57 0.03
  278 T    -1   3  -1  -2  -2   0  -1  -2   0  -2  -2   0  -1   0  -2   0   3  -1   4  -1    0  29   0   0   0   0   0   0   0   0   0   0   0   0   0   0  45   0  26   0  0.30 0.02
  279 I    -1  -2   3  -1  -2  -1  -2  -2  -1   2   0  -1   0  -2  -2   0   2  -3  -2   2    0   0  29   0   0   0   0   0   0  27   0   0   0   0   0   0  26   0   0  18  0.18 0.01
  280 L    -2  -2  -4  -4  -1  -2  -3  -4  -3   2   4  -3   2   0  -3  -3  -1  -2  -1   1    0   0   0   0   0   0   0   0   0   0 100   0   0   0   0   0   0   0   0   0  0.50 0.02
  281 E    -1   0   0   1  -4   2   5  -2   0  -4  -3   1  -2  -4  -1   0  -1  -3  -2  -3    0   0   0   0   0   0 100   0   0   0   0   0   0   0   0   0   0   0   0   0  0.80 0.03
  282 M    -1   3  -2  -3  -2  -1  -2  -3  -2   1   3   0   3   0  -3  -2  -1  -2  -1   0    0  29   0   0   0   0   0   0   0   0  45   0  27   0   0   0   0   0   0   0  0.26 0.02
  283 V    -1  -2  -1  -2  -1  -1  -2  -3  -1   0  -1  -1   0   0  -2   0   3  -1   4   2    0   0   0   0   0   0   0   0   0   0   0   0   0   0   0   0  47   0  26  27  0.26 0.02
  284 K    -1   1   0  -1  -3   5   1  -2   4  -3  -3   3  -1  -3  -2   0  -1  -3  -1  -3    0   0   0   0   0  55   0   0  18   0   0  27   0   0   0   0   0   0   0   0  0.50 0.02
  285 D    -2  -1   3   6  -4   0   1  -1  -1  -3  -4  -1  -3  -4  -2   0  -1  -4  -3  -3    0   0  26  74   0   0   0   0   0   0   0   0   0   0   0   0   0   0   0   0  0.80 0.02
  286 K    -1   1   3   0  -3   1   0  -1   0  -3  -3   4  -2  -3  -1   1   0  -3  -2  -3    0   0  26   0   0   0   0   0   0   0   0  55   0   0   0  18   0   0   0   0  0.39 0.02
  287 N    -1  -1   3   0  -3   0   1  -2  -1   1  -1  -1  -1  -2   4  -1  -1  -3  -2   0    0   0  27   0   0   0  18   0   0  29   0   0   0   0  26   0   0   0   0   0  0.36 0.01
  288 F    -2  -3  -3  -4  -2  -3  -3  -4  -2   0   2  -3   0   6  -4  -3  -2   1   3  -1    0   0   0   0   0   0   0   0   0   0  18   0   0  82   0   0   0   0   0   0  0.66 0.03
  289 L    -1  -3  -4  -4  -1  -3  -3  -4  -3   4   3  -3   2   0  -3  -3  -1  -2  -1   2    0   0   0   0   0   0   0   0   0  62  38   0   0   0   0   0   0   0   0   0  0.37 0.01
  290 D    -1  -1   3   4  -4   1   3  -1   0  -3  -3   0  -3  -3  -2   0  -1  -4  -3  -3    0   0  25  38   0   0  37   0   0   0   0   0   0   0   0   0   0   0   0   0  0.59 0.01
  291 V    -1  -1  -1  -2  -2  -1  -1  -2   5   1  -1  -1   0  -1  -2   0   2  -3   0   2    0   0   0   0   0   0   0   0  37   0   0   0   0   0   0   0  25   0   0  38  0.23 0.01
  292 V    -1   0  -2  -2  -2  -1  -1  -3  -2   2   0   2   0  -1  -2  -1   0  -3  -2   2    0   0   0   0   0   0   0   0   0  25   0  37   0   0   0   0   0   0   0  38  0.15 0.00
  293 S     0   3   4   0  -2   0   0  -1   0  -3  -3   1  -2  -3  -2   2   0  -3  -2  -2    0  25  37   0   0   0   0   0   0   0   0   0   0   0   0  38   0   0   0   0  0.38 0.01
  294 K    -1   0   1   5  -4   0   1  -2  -1  -3  -3   3  -2  -4  -1   0  -1  -4  -3  -3    0   0   0  62   0   0   0   0   0   0   0  38   0   0   0   0   0   0   0   0  0.59 0.01
  295 T    -1  -2   0   3  -2  -1   0  -2  -2   1  -1  -1  -1  -2  -2   0   3  -3  -2   0    0   0   0  37   0   0   0   0   0  25   0   0   0   0   0   0  38   0   0   0  0.25 0.01
  296 T     0  -1   0  -1  -2  -1  -1  -1  -2  -2  -2  -1  -2  -3   5   2   3  -3  -2  -1    0   0   0   0   0   0   0   0   0   0   0   0   0   0  37  25  38   0   0   0  0.67 0.01
  297 F    -2  -3  -3  -4  -2  -3  -3  -4  -2   2   1  -3   0   5  -4  -3  -2   0   2   1    0   0   0   0   0   0   0   0   0  37   0   0   0  63   0   0   0   0   0   0  0.46 0.01
  298 D    -2  -2   1   6  -4   0   2  -1  -1  -3  -4  -1  -3  -4  -2   0  -1  -5  -3  -3    0   0   0 100   0   0   0   0   0   0   0   0   0   0   0   0   0   0   0   0  0.96 0.01
  299 E    -1  -1  -1   0  -3   1   4  -3  -1  -2  -1   0  -1   4  -2  -1  -1  -1   1  -2    0   0   0   0   0   0  63   0   0   0   0   0   0  37   0   0   0   0   0   0  0.40 0.01
  300 F    -2  -3  -3  -4  -2  -3  -3  -4  -2   1   2  -3   1   5  -4  -3  -2   0   2   0    0   0   0   0   0   0   0   0   0   0  37   0   0  63   0   0   0   0   0   0  0.50 0.01
  301 L    -2  -3  -4  -4  -1  -2  -3  -4  -3   3   4  -3   2   0  -3  -3  -1  -2  -1   1    0   0   0   0   0   0   0   0   0  25  75   0   0   0   0   0   0   0   0   0  0.40 0.01
  302 S     0   5   0  -1  -2   1   0  -2  -1  -3  -2   1  -2  -3  -2   2   0  -3  -2  -2    0  62   0   0   0   0   0   0   0   0   0   0   0   0   0  38   0   0   0   0  0.46 0.01
  303 I    -1  -3  -4  -3  -1  -3  -3  -4  -3   4   2  -3   1   0  -3  -3  -1  -2  -1   2    0   0   0   0   0   0   0   0   0  75  25   0   0   0   0   0   0   0   0   0  0.38 0.01
  304 V    -1  -3  -3  -4  -1  -2  -3  -4  -3   3   3  -3   1   0  -3  -2  -1  -2  -1   3    0   0   0   0   0   0   0   0   0  25  37   0   0   0   0   0   0   0   0  38  0.33 0.00
  305 V     0   0  -1  -2  -2   0  -1  -2  -2   1  -1   2   0  -2  -2   0   2  -3  -2   2    0   0   0   0   0   0   0   0   0   0   0  37   0   0   0   0  25   0   0  38  0.16 0.01
  306 D     0  -1   1   5  -2   0   1  -1  -1  -3  -3  -1  -3  -3  -1   2   0  -4  -3  -3    0   0   0  63   0   0   0   0   0   0   0   0   0   0   0  37   0   0   0   0  0.58 0.01
  307 H    -2  -1  -1  -2  -3  -1  -1  -3   6  -2  -2  -2  -1   2  -3  -2  -2   1   6  -2    0   0   0   0   0   0   0   0  38   0   0   0   0   0   0   0   0   0  62   0  0.69 0.01
  308 V    -1   3  -2  -3  -2  -1  -2  -3  -2   2   0   0   0  -1  -3  -2  -1  -3  -2   2    0  37   0   0   0   0   0   0   0  25   0   0   0   0   0   0   0   0   0  38  0.21 0.00
  309 K    -1   2   0  -1  -3   1   0  -2  -1  -2  -2   4  -1  -3  -1   0   2  -3  -2  -2    0   0   0   0   0   0   0   0   0   0   0  75   0   0   0   0  25   0   0   0  0.38 0.01
  310 S     0  -1   3   4  -2   0   1  -1  -1  -3  -3   0  -2  -3  -1   2   0  -4  -2  -3    0   0  25  37   0   0   0   0   0   0   0   0   0   0   0  38   0   0   0   0  0.47 0.01
  311 S     1  -1   0  -1  -1   0   0  -1  -1  -2  -2   0  -1  -2  -1   3   3  -3  -2  -1    0   0   0   0   0   0   0   0   0   0   0   0   0   0   0  60  40   0   0   0  0.39 0.00
  312 T     0  -1   0  -1  -1  -1  -1  -2  -2  -1  -1  -1  -1  -2  -1   1   5  -3  -2   0    0   0   0   0   0   0   0   0   0   0   0   0   0   0   0   0 100   0   0   0  0.46 0.00
  313 D    -2  -2   1   6  -4   0   2  -1  -1  -3  -4  -1  -3  -4  -2   0  -1  -5  -3  -3    0   0   0 100   0   0   0   0   0   0   0   0   0   0   0   0   0   0   0   0  0.92 0.00
  314 G     0  -2   0  -1  -3  -2  -2   6  -2  -4  -4  -2  -3  -3  -2   0  -2  -3  -3  -3    0   0   0   0   0   0   0 100   0   0   0   0   0   0   0   0   0   0   0   0  1.04 0.00

                      K         Lambda
Standard Ungapped    0.1360     0.3207
Standard Gapped      0.0404     0.2670
PSI Ungapped         0.1321     0.3174
PSI Gapped           0.0404     0.2670
