
Last position-specific scoring matrix computed, weighted observed percentages rounded down, information per position, and relative weight of gapless real matches to pseudocounts
            A   R   N   D   C   Q   E   G   H   I   L   K   M   F   P   S   T   W   Y   V   A   R   N   D   C   Q   E   G   H   I   L   K   M   F   P   S   T   W   Y   V
    1 G     3  -2  -1  -2  -2  -2  -2   4  -2  -3  -3  -2  -2  -3  -2   3  -1  -3  -3  -2   37   0   0   0   0   0   0  37   0   0   0   0   0   0   0  27   0   0   0   0  0.61 0.15
    2 S    -1   1   1   0  -4  -1  -1  -3  -2  -4  -4   5  -3  -4  -3   3   1  -5  -3  -3    1   3   8   3   0   0   0   0   0   0   0  49   0   0   0  24  11   0   0   0  0.68 0.28
    3 F    -1  -2   0   6  -2  -2   0   0  -3  -3  -2   0  -2  -4  -1   1  -1  -5  -4  -1    4   1   2  50   1   0   3   7   0   0   3   7   1   1   3  12   3   0   0   4  0.65 0.27
    4 T    -2  -2  -1  -2   0   1   1  -1   0  -4  -4  -1  -3  -5   6   1   0  -5  -4  -3    0   0   2   1   2   6   9   4   3   0   0   4   0   0  48  12   7   0   0   1  1.01 0.34
    5 S     0  -2   5   3  -4   0   1   0  -1  -5  -4  -1  -4  -5   1   1  -2  -5  -4  -4    6   0  40  14   0   4   9   6   1   0   1   2   0   0   7   8   0   0   0   0  0.67 0.29
    6 R     2   2  -2  -2  -4   0   0  -1   4  -4  -3   3  -1  -2   0  -1  -2  -4   0  -2   21  12   0   0   0   3   6   4  15   0   0  27   2   1   3   1   1   0   3   1  0.43 0.24
    7 I    -1  -2  -5  -4  -2  -4  -4  -5  -5   3  -3  -4  -3  -5   7  -3   0  -6  -5   1    3   2   0   0   1   0   0   0   0  17   0   0   0   0  59   0   5   0   0  12  1.52 0.49
    8 R    -4   2  -3  -4  -6   0  -2  -4  -4  -6  -5   7  -4  -6   1  -2  -3  -6  -5  -5    0  10   0   0   0   2   0   0   0   0   0  79   0   0   7   2   0   0   0   0  1.63 0.58
    9 R    -3   7  -3  -4  -1  -2  -3  -5  -3  -3  -5   4  -4  -6  -2  -3  -4  -6  -5  -5    1  69   0   0   1   0   0   0   0   2   0  24   0   0   2   1   0   0   0   0  1.66 0.58
   10 P     0  -5   1  -4  -2  -2  -4  -3  -2  -6  -5  -4  -5  -6   8  -2  -4  -6  -3  -5    9   0   6   0   1   2   0   2   1   0   1   0   0   0  75   3   0   0   1   0  2.03 0.63
   11 M    -2   1  -4  -4  -4  -1  -3  -4  -4   0   2   0   6  -3   2  -1   0  -4  -3   0    3   8   0   0   0   2   0   0   0   4  23   5  31   0  12   4   5   0   0   5  0.59 0.33
   12 N    -1  -3   5  -2  -4  -3  -3  -2  -3  -5  -4  -3  -4  -5  -4   4   3  -6  -4  -4    2   0  36   0   0   0   0   2   0   0   2   0   0   0   0  40  18   0   0   0  1.10 0.51
   13 A     5  -4  -3  -3   0   0  -3   2  -4  -4  -4  -3  -1  -5   1   1  -2  -5  -4  -2   62   0   0   1   2   3   0  13   0   0   0   0   1   0   5  10   0   0   0   1  0.91 0.45
   14 F    -5  -6  -6  -7  -6  -6  -6  -6  -3  -4  -3  -6  -2   8  -7  -3  -5   1   6  -4    0   0   0   0   0   0   0   0   0   0   0   0   1  64   0   2   0   2  32   0  2.24 0.71
   15 M    -1  -4   0  -5  -4  -1  -5  -5  -4   2   1  -4   7   4  -5  -4  -3  -4  -2   0    4   0   6   0   0   3   0   0   0  12  10   0  39  20   0   0   0   0   0   6  1.00 0.47
   16 V    -2   1  -5  -5  -3  -2  -4  -5  -4   1   3  -3   2   3  -5  -4  -3   1  -1   3    1   8   0   0   0   2   0   0   0   7  35   0   4  16   0   0   0   2   1  25  0.60 0.32
   17 W    -6  -6  -7  -7  -6  -6  -6  -6  -4  -4  -4  -6  -4   7  -7  -6  -6   9   5  -5    0   0   0   0   0   0   0   0   0   0   0   0   0  55   0   0   0  27  18   0  2.46 0.77
   18 A     1   0  -3  -4   5  -1  -3  -3  -3  -2   0  -1   3   1  -4   3  -1  -3   1  -1    9   7   0   0  13   1   0   0   0   0  11   2  10   7   0  30   1   0   4   4  0.41 0.30
   19 K    -1   2   3   0  -2   4   1  -2  -2  -4  -3   3  -1  -4  -3   0  -2  -4  -1  -4    5  13  14   3   1  20   8   1   0   1   2  21   2   0   0   7   1   0   2   0  0.47 0.29
   20 D    -1  -1   0   4  -5  -1   4  -2   1  -1  -4   0   1  -4  -3  -1  -2   1  -2  -3    6   2   2  28   0   0  35   3   3   4   0   4   4   0   0   2   2   2   1   0  0.64 0.35
   21 E    -2   0   3  -2  -4   3   2  -3   4  -2  -1   0   2   1  -3  -1  -1   0   1  -2    2   4  17   0   0  15  13   0  11   2   4   5   6   8   0   2   3   2   5   3  0.32 0.24
   22 R    -4   7  -4  -5  -6   0  -3  -5   2  -5  -2   0  -4  -1  -5  -2  -4   2   1  -5    1  72   0   0   0   4   0   0   5   0   3   2   0   3   0   2   0   3   5   0  1.56 0.62
   23 K     1   3   0   1  -2   1   2  -2  -2  -4  -3   1  -3  -4   3   0  -2  -4  -3  -2   15  17   3   6   1   4  13   2   1   0   1  11   0   0  15   7   1   0   0   3  0.36 0.22
   24 R    -1   2   1  -2  -4   3   2  -3  -1  -2  -3   4  -1  -4  -3   0   0  -4  -3  -2    4   9   8   0   0  12  11   0   1   3   2  34   2   0   0   7   4   0   0   2  0.48 0.29
   25 L    -3  -3  -5  -5  -3  -4  -4  -5  -4   4   2  -4   2   2  -4  -4  -2  -3   2   3    0   1   0   0   0   0   0   0   0  32  23   0   6   8   0   0   2   0   8  19  0.69 0.33
   26 A     1   2  -2  -3   0   0  -2  -3   0  -1   0   4   1  -2  -3  -1  -2  -4  -3   0   17  13   1   1   2   3   0   0   2   3   8  36   4   1   0   2   1   0   0   7  0.40 0.28
   27 Q     2   0  -1   0  -3   3   2  -1  -2  -2  -1   2  -2  -4  -2   1   0  -4  -3  -2   20   3   2   4   0  16  15   4   0   1   6  11   0   0   1  10   4   0   0   1  0.27 0.21
   28 Q    -1  -1  -1   3  -5   3   5  -2  -1  -4  -2   0   0  -4  -3   0  -2  -5  -4  -3    4   2   2  14   0  13  43   3   1   0   4   5   3   0   0   5   1   0   0   1  0.68 0.36
   29 N    -3  -1   6  -1   2  -2  -3  -1   6  -3  -2  -3  -2   0  -4  -1  -2   2   2  -4    0   4  42   1   5   1   0   3  19   1   4   0   1   4   0   3   1   2   7   0  0.90 0.43
   30 P    -1  -3  -2  -3  -6  -4  -4  -3  -5  -6  -6  -1  -5  -6   8  -3  -1  -6  -6  -5    4   1   2   1   0   0   0   2   0   0   0   3   0   0  80   1   4   0   0   0  2.23 0.73
   31 D    -1  -1   2   4  -4   0   1   3   0  -4  -3   1  -3  -4  -2   0  -1  -5  -4  -3    3   1   8  27   0   3   9  24   3   0   3   8   0   0   1   6   4   0   0   1  0.47 0.26
   32 L     0  -2  -1  -3  -1   0  -3  -3  -3   2   2   1   4   0  -3  -1  -1   4   0   0   11   0   4   1   1   3   0   0   0  12  23   9  16   2   0   4   2   6   3   2  0.29 0.23
   33 H    -1   0   0   1  -3   1   0  -2   4  -3  -2   2  -3  -4   0   3   1  -4  -2  -3    4   3   3   7   0   5   4   1  15   1   4  15   0   0   3  26   9   0   0   0  0.37 0.26
   34 N    -1  -3   4  -1  -3  -2  -2  -2   0   1  -2  -3  -2   3   0   1  -1  -4  -2   1    4   0  30   2   0   1   1   2   2   7   2   0   0  14   4  14   2   0   0  14  0.37 0.28
   35 A     2   1  -1  -1  -3   1  -1   1  -1  -2  -2   0  -2  -4   0   2   2  -2  -3  -1   20   8   2   1   0   7   3  13   1   1   2   4   0   0   4  16  13   1   0   3  0.23 0.18
   36 E     0  -3   0   4  -5   2   5  -3  -3  -5  -5  -1  -4  -5  -3  -1  -2  -5  -4  -3    8   0   3  20   0  10  46   1   0   0   0   2   0   0   0   4   2   0   0   2  0.88 0.43
   37 L    -1  -4  -5  -5  -3  -4  -3  -4  -5   5   1  -4   1  -2  -4  -4  -1  -4  -3   4    4   0   0   0   0   0   1   1   0  46  13   0   2   1   0   0   2   0   0  26  0.87 0.38
   38 S     1  -3   1  -3  -1  -2  -2   1  -3  -1  -2  -2   0  -4  -2   4   2  -5  -4  -1   12   0   8   0   1   0   2  11   0   4   2   0   3   0   2  39  14   0   0   3  0.47 0.32
   39 K    -3   3  -2  -3  -6   2  -1  -4  -3  -5  -4   6  -4  -6  -4   0  -2  -6  -5  -2    0  12   1   0   0   7   2   0   0   0   1  66   0   0   0   5   1   0   0   4  1.27 0.56
   40 M     0   1  -1  -1  -3   2   1  -3  -1   3   0   2   2  -3  -3  -2  -1  -2  -3   0    9   8   3   2   0  10  10   0   1  24   8  13   7   0   0   1   1   0   0   3  0.23 0.21
   41 L     0  -3  -4  -5   1  -4  -4   0  -4   2   4  -4   2  -1  -4  -3  -2  -4  -3   1    9   1   0   0   4   0   0   8   0  15  50   0   4   2   0   1   1   0   0   6  0.59 0.32
   42 G     1  -3  -3  -4  -5  -4  -2   6  -1  -5  -5  -3   1  -5  -4   1  -3   0  -5  -5   14   1   0   0   0   0   2  67   1   0   0   1   4   0   0   9   0   1   0   0  1.29 0.52
   43 K     0   1   0   1   0   1   4  -1  -1  -2  -3   3  -3  -4  -2   0  -1  -4   0  -3    9   6   3   6   2   5  30   3   1   2   1  18   0   0   1   7   2   0   4   1  0.37 0.24
   44 S    -1   3  -2  -1  -4   1   1  -2  -1  -2   0   3   4  -3  -3  -1  -2   1  -3  -2    4  20   0   3   0   5   8   2   1   2  10  21  17   0   0   3   0   2   0   1  0.40 0.29
   45 W    -7  -7  -8  -9   0  -6  -7  -7  -6  -7  -6  -7  -6   1  -8  -7  -7  12   1  -7    0   0   0   0   2   0   0   0   0   0   0   0   0   5   0   0   0  90   4   0  4.36 1.17
   46 K    -2   3   2  -1  -5   0  -2  -2   2  -5  -5   5  -4  -5  -4   1  -2  -5  -2  -5    2  18  11   3   0   3   0   1   5   0   0  45   0   0   0   9   2   0   1   0  0.83 0.42
   47 A     1  -1   3   0  -3   0   2  -1  -1  -2   0   1   1  -3  -3   1   0  -4  -3  -1   10   2  16   3   0   3  13   4   1   0  11  10   5   0   0  13   5   0   0   3  0.19 0.17
   48 L    -2  -4  -5  -5   0  -2  -1  -6  -5   0   5  -3   5  -2  -5  -4  -2  -4  -4   0    2   0   0   0   2   1   5   0   0   3  67   1  14   0   0   0   2   0   0   4  1.02 0.47
   49 T    -1  -2   1  -1  -3   1  -1  -1  -1  -4  -4  -1  -3  -4   3   4   3  -5  -4  -3    3   1   8   3   0   6   2   4   1   0   1   3   0   0  13  32  23   0   0   0  0.56 0.34
   50 L     1  -1  -1   3  -4   1   4  -3  -2  -3  -2   0  -3  -4   2  -1   0  -4  -3  -3   13   3   2  15   0   5  31   1   0   1   4   3   0   0  12   4   5   0   1   1  0.45 0.27
   51 A     2  -1  -1   2  -4   2   4  -2  -1  -4  -3   2  -3  -4  -3   1  -1  -5  -3  -3   19   2   1   9   0   9  29   1   1   0   1  13   0   0   0  10   1   0   0   1  0.49 0.30
   52 E    -2  -3  -2   4  -6   2   6  -4  -3  -3  -5   1  -1  -5  -4  -2  -2  -6  -5  -2    2   0   0  21   0   8  53   0   0   2   0   7   2   0   0   1   1   0   0   3  1.08 0.50
   53 K    -4   4  -3  -4  -6   1  -2  -5  -4  -6  -5   7  -4  -6  -4  -3  -4  -6  -5  -3    0  21   0   0   0   4   0   0   0   0   0  73   0   0   0   0   0   0   0   2  1.71 0.68
   54 R     2   2  -2  -2  -4   3   1  -2   0  -1  -2   3   0  -4  -3   0  -2   1  -2  -2   17  12   0   1   0  18   7   2   3   4   3  22   3   0   0   4   1   2   0   1  0.37 0.27
   55 P    -2   0  -3  -2  -5  -1   0  -3   0  -2  -2   3  -1  -2   6  -3  -1  -5  -1   1    2   6   0   1   0   2   6   1   2   2   3  18   2   1  40   0   2   0   2  10  0.78 0.37
   56 F    -5  -5  -6  -7  -6  -5  -6  -6   0  -4  -2  -5  -4   4  -6  -5  -5   6   8  -5    0   0   0   0   0   0   0   0   1   0   3   0   0  18   0   0   0  11  65   0  2.29 0.76
   57 V    -2  -1  -1   0  -2   1   3  -4   0   1   0   0  -2   1  -3  -2  -1  -3   2   1    2   1   3   3   1   5  27   0   2  11   7   7   0   7   0   1   4   0   9   9  0.22 0.20
   58 E     0   0   1   3  -4   3   4  -2  -2  -4  -4   1  -2  -5  -3  -1  -2  -5  -4  -3    7   5   5  21   0  16  27   2   0   1   1   9   1   0   0   3   1   0   0   1  0.56 0.30
   59 E     0   2  -3   0  -4   0   3  -3  -3  -2   0   4   3  -4  -3  -2  -3  -4  -4  -3    7   9   0   4   0   2  23   1   0   2  11  30  11   0   0   0   0   0   0   0  0.52 0.33
   60 A     6  -2  -4  -4  -3  -1  -3  -2  -3  -4  -2  -3  -3   0  -4   0  -2  -4   2  -2   68   2   0   0   0   3   1   2   0   0   2   0   0   5   0   6   1   0   8   1  0.96 0.49
   61 E     1   2   0  -1  -4   3   2  -2  -2  -3  -3   3  -1  -3  -3   0  -1  -4  -3  -1   15  11   3   1   0  17  17   1   0   1   2  17   1   1   0   5   2   0   0   5  0.37 0.25
   62 R     1   3  -2   0  -4   0   2  -2  -2  -3  -2   4  -1  -3  -3   0  -1  -4  -2  -2   14  20   0   4   0   3  13   2   0   0   4  28   1   1   0   5   1   0   1   3  0.41 0.26
   63 L    -1  -1  -1   4  -4  -2   2  -4  -3  -1   2  -1   0  -2  -3  -2  -3  -4   0  -1    5   2   3  28   0   0  18   0   0   2  29   2   2   1   0   1   0   0   3   3  0.44 0.29
   64 R    -2   4  -3  -3  -5   0  -2  -3  -3  -5  -3   6  -4  -4  -4  -1  -3   2   0  -2    2  26   0   1   0   3   0   2   0   0   3  52   0   0   0   3   0   3   4   2  1.03 0.48
   65 V     2   0  -2   0  -4   2   3  -3   0  -2  -1   2  -2  -4  -1  -1  -1  -4  -3  -1   20   4   0   4   0   9  28   0   2   1   5  16   0   0   2   2   3   0   0   5  0.37 0.26
   66 Q     0   4  -1  -1  -2   2   2  -2  -1  -2  -1   2   0  -4  -3  -2  -2  -4  -3  -1    7  30   2   2   1  12  13   2   1   2   6  15   3   0   0   1   1   0   0   3  0.47 0.28
   67 H    -4  -4  -4  -5  -6  -2  -4  -6   8  -5  -3  -4  -4   2  -3  -3  -5   0   8  -5    1   0   0   0   0   2   0   0  35   0   2   0   0   6   1   1   0   1  51   0  1.98 0.69
   68 M    -1   2  -1   1  -4   1   3  -3   0  -1   0   2   4  -1  -3  -2  -1  -4  -3  -2    4  11   3   6   0   6  19   0   2   2  11  13  15   3   0   0   3   0   0   0  0.29 0.23
   69 Q     0   2  -2   2  -4   2   3  -3  -2  -2  -2   4   0  -4  -3  -1  -2  -4  -3  -2    7  12   0  11   0   8  19   0   0   2   4  27   3   0   0   2   1   0   0   3  0.45 0.27
   70 D     1  -1   0   3  -2   1   5  -3  -2  -4  -2   2  -2  -5  -3  -1  -2  -5  -4  -4   15   1   5  15   1   4  41   0   0   0   5  12   1   0   0   1   1   0   0   0  0.63 0.35
   71 H    -3  -2   1  -4  -4  -2  -3  -3   3   1   1   0   5   0  -4  -2  -3  -2   5  -1    0   1   7   0   0   1   0   2   8   9  10   8  22   3   0   1   0   0  24   3  0.58 0.35
   72 P     2   0  -2  -2  -4   0   1  -2  -3  -2  -2   1  -3  -5   5   0  -1  -5  -4  -3   18   4   1   1   0   5   7   1   0   2   3  11   0   0  37   7   2   0   0   0  0.72 0.33
   73 N     1   0   2   3  -4   1   2   1   0  -1  -2   0  -3  -4  -3  -1  -1  -4  -3  -2   15   4  12  19   0   6  18   9   2   4   3   4   0   0   0   1   1   0   0   2  0.31 0.21
   74 Y    -3  -5  -5  -6  -5  -3  -3  -6  -2  -4  -3  -5  -4   2  -6  -5  -5   6   9  -4    2   0   0   0   0   1   1   0   0   0   1   0   0   6   0   0   0  11  76   0  2.31 0.74
   75 K    -2   4  -2  -3  -5   1  -2  -4  -1  -5  -4   6  -1  -5  -1   0  -2  -5  -4  -3    1  25   1   0   0   3   0   0   1   0   0  57   1   0   2   6   1   0   0   1  1.06 0.43
   76 Y     1   0   2  -1  -4   0   0  -3  -1  -4  -3   1  -3   0  -4  -1  -3   3   6  -3   16   4  10   2   0   5   6   0   0   0   0  10   0   2   0   2   0   4  39   0  0.65 0.32
   77 R    -3   5   0  -3   2   4  -1  -4  -2  -4  -3   2  -3  -4  -3  -1   1  -4  -3  -2    0  41   4   0   5  24   0   0   0   0   2  10   0   0   0   2  11   0   0   2  0.76 0.33
   78 P     0  -3   0  -1   1  -3  -3  -2  -4  -4  -3   0  -4  -2   7  -1  -3  -5  -4  -4    8   0   5   3   4   0   0   2   0   0   3   5   0   2  64   4   0   0   0   0  1.39 0.36
   79 R    -3   6   1  -2  -5   2  -1  -3   0  -4  -4   3  -3  -4  -3  -2  -1  -4  -3  -3    0  57   8   0   0   8   0   0   1   0   0  21   0   0   0   0   3   0   0   2  0.98 0.29
   80 R    -1   4  -2   0  -4  -1  -1  -2  -2  -3  -2   3  -2  -3   3  -1   0  -3   0  -3    5  37   0   4   0   0   0   3   0   0   5  19   0   0  17   0   7   0   4   0  0.52 0.18
   81 R    -2   4   2  -1  -4   0   1   0  -1  -4  -3   3   0  -4   0   1   0  -4  -3  -3    0  26  11   0   0   0   6   6   0   0   0  29   3   0   4  10   3   0   0   0  0.44 0.16
   82 K     0   2  -1  -2  -3   2   0  -2  -2  -3  -3   4  -2  -4   0   2   0  -4  -3  -2    7  12   0   0   0  13   0   1   0   0   0  40   0   0   5  18   3   0   0   2  0.46 0.16
   83 Q    -2   3  -1   2  -4   2   2  -3  -1  -4  -3   5  -2  -4  -2  -1  -2  -4  -3  -3    0  12   0  11   0  10  15   0   0   0   0  52   0   0   0   0   0   0   0   0  0.66 0.16

                      K         Lambda
Standard Ungapped    0.1307     0.3201
Standard Gapped      0.0513     0.2670
PSI Ungapped         0.1675     0.3174
PSI Gapped           0.0513     0.2670
