
Last position-specific scoring matrix computed, weighted observed percentages rounded down, information per position, and relative weight of gapless real matches to pseudocounts
           A  R  N  D  C  Q  E  G  H  I  L  K  M  F  P  S  T  W  Y  V   A   R   N   D   C   Q   E   G   H   I   L   K   M   F   P   S   T   W   Y   V
    1 M   -1 -1 -2 -3 -1  0 -2 -3 -2  1  2 -1  5  0 -2 -1 -1 -1 -1  1    0   0   0   0   0   0   0   0   0   0   0   0   0   0   0   0   0   0   0   0  0.00     0.00
    2 T    0 -1  0 -1 -1 -1 -1 -2 -2 -1 -1 -1 -1 -2 -1  1  4 -2 -2  0    0   0   0   0   0   0   0   0   0   0   0   0   0   0   0   0   0   0   0   0  0.00     0.00
    3 T    0 -1  0 -1 -1 -1 -1 -2 -2 -1 -1 -1 -1 -2 -1  1  4 -2 -2  0    0   0   0   0   0   0   0   0   0   0   0   0   0   0   0   0   0   0   0   0  0.00     0.00
    4 K   -1  2  0 -1 -3  1  1 -2 -1 -3 -2  4 -1 -3 -1  0 -1 -3 -2 -2    0   0   0   0   0   0   0   0   0   0   0   0   0   0   0   0   0   0   0   0  0.00     0.00
    5 N   -2  0  6  1 -3  0  0  0  1 -3 -3  0 -2 -3 -2  1  0 -4 -2 -3    0   0   0   0   0   0   0   0   0   0   0   0   0   0   0   0   0   0   0   0  0.00     0.00
    6 T    0 -1  0 -1 -1 -1 -1 -2 -2 -1 -1 -1 -1 -2 -1  1  4 -2 -2  0    0   0   0   0   0   0   0   0   0   0   0   0   0   0   0   0   0   0   0   0  0.00     0.00
    7 L   -1 -2 -3 -4 -1 -1 -3 -3 -2  1  3 -2  5  0 -3 -2 -1 -2 -1  1    0   0   0   0   0   0   0   0   0   0  50   0  50   0   0   0   0   0   0   0  0.35 0.00
    8 Q   -1  1  0  0 -3  6  2 -2  0 -3 -2  1  0 -3 -1  0 -1 -2 -2 -2    0   0   0   0   0 100   0   0   0   0   0   0   0   0   0   0   0   0   0   0  0.66 0.01
    9 P   -1 -2 -2 -2 -3 -1 -1 -2 -2 -3 -3 -1 -3 -4  8 -1 -1 -4 -3 -3    0   0   0   0   0   0   0   0   0   0   0   0   0   0 100   0   0   0   0   0  2.05 0.00
   10 T    0 -1  0 -1 -1 -1 -1 -2 -2 -1 -1 -1 -1 -2 -1  1  5 -3 -2  0    0   0   0   0   0   0   0   0   0   0   0   0   0   0   0   0 100   0   0   0  0.48 0.00
   11 E   -1  1  0  1 -4  2  4 -2  0 -3 -3  3 -2 -3 -1  0 -1 -3 -2 -3    0   0   0   0   0   0  50   0   0   0   0  50   0   0   0   0   0   0   0   0  0.50 0.00
   12 A    2 -2 -2 -3 -1 -2 -2 -1 -2 -1  0 -2  0  5 -2  0 -1  0  2 -1   50   0   0   0   0   0   0   0   0   0   0   0   0  50   0   0   0   0   0   0  0.29 0.00
   13 A    4 -1 -1 -1 -1 -1 -1  0 -1 -2 -2 -1 -1 -2 -1  3  1 -3 -2 -1   64   0   0   0   0   0   0   0   0   0   0   0   0   0   0  36   0   0   0   0  0.36 0.01
   14 Y   -2 -2 -3 -4 -3 -2 -3 -3  0 -1 -1 -3 -1  4 -4 -2 -2  7  6 -2    0   0   0   0   0   0   0   0   0   0   0   0   0  29   0   0   0  24  47   0  0.93 0.03
   15 I   -2 -3 -4 -4 -1 -3 -3 -4 -3  4  3 -3  2  0 -3 -3 -1 -2 -1  2    0   0   0   0   0   0   0   0   0  53  47   0   0   0   0   0   0   0   0   0  0.39 0.02
   16 A    4 -2 -1 -2 -1 -1 -1  0 -2 -1 -2 -1 -1 -2 -1  1  2 -3 -2  0   71   0   0   0   0   0   0   0   0   0   0   0   0   0   0   0  29   0   0   0  0.35 0.02
   17 G    0 -3 -1 -2 -3 -2 -2  6 -2 -4 -4 -2 -3 -3 -2  0 -2 -3 -3 -4    0   0   0   0   0   0   0 100   0   0   0   0   0   0   0   0   0   0   0   0  1.11 0.03
   18 F   -3 -3 -3 -4 -3 -4 -4 -4 -1  0  0 -3  0  7 -4 -3 -2  1  3 -1    0   0   0   0   0   0   0   0   0   0   0   0   0 100   0   0   0   0   0   0  0.86 0.04
   19 L    0 -2 -2 -2 -1 -2 -2 -2 -2  2  2 -2  1 -1 -2  1  0 -3 -1  3    0   0   0   0   0   0   0   0   0   0  24   0   0   0   0  29   0   0   0  47  0.17 0.01
   20 D   -2 -2  1  6 -4  0  1 -2 -1 -4 -4 -1 -3 -4 -2  0 -1 -5 -3 -4    0   0   0 100   0   0   0   0   0   0   0   0   0   0   0   0   0   0   0   0  1.02 0.03
   21 G    3 -2 -1 -2 -1 -1 -2  4 -2 -2 -3 -1 -2 -3 -2  0 -1 -3 -3 -1   53   0   0   0   0   0   0  47   0   0   0   0   0   0   0   0   0   0   0   0  0.53 0.02
   22 D   -2 -1  1  6 -4  0  3 -2 -1 -4 -4  0 -3 -4 -2  0 -1 -4 -3 -3    0   0   0  71   0   0  29   0   0   0   0   0   0   0   0   0   0   0   0   0  0.81 0.02
   23 G    0 -3 -1 -2 -3 -2 -2  6 -2 -4 -4 -2 -3 -3 -2  0 -2 -3 -3 -4    0   0   0   0   0   0   0 100   0   0   0   0   0   0   0   0   0   0   0   0  1.11 0.03
   24 S    1 -1  0 -1  5 -1 -1 -1 -1 -2 -2 -1 -2 -3 -1  4  1 -3 -2 -2    0   0   0   0  24   0   0   0   0   0   0   0   0   0   0  76   0   0   0   0  0.46 0.03
   25 I   -2 -3 -4 -4 -2 -3 -4 -4 -3  4  1 -3  1  4 -3 -3 -1 -1  1  2    0   0   0   0   0   0   0   0   0  71   0   0   0  29   0   0   0   0   0   0  0.38 0.02
   26 Y   -1 -2  2 -2 -2 -2 -2 -3  0  2  0 -2  0  0 -3 -1 -1 -1  3  2    0   0  24   0   0   0   0   0   0  24   0   0   0   0   0   0   0   0  24  29  0.18 0.01
   27 A    4 -2 -2 -2 -1 -1 -1 -1 -2  0 -1 -1  0 -2 -1  0  0 -3 -2  2   71   0   0   0   0   0   0   0   0   0   0   0   0   0   0   0   0   0   0  29  0.29 0.02
   28 K   -1  1  0 -1 -2  4  1 -2  0 -2 -2  2 -1 -3 -1  0  2 -3 -2 -2    0   0   0   0   0  47   0   0   0   0   0  24   0   0   0   0  29   0   0   0  0.39 0.02
   29 L   -2 -3 -4 -4 -1 -3 -3 -4 -3  4  2 -3  1  0 -3 -3 -1 -3 -1  2    0   0   0   0   0   0   0   0   0  76  24   0   0   0   0   0   0   0   0   0  0.41 0.02
   30 I   -1 -1 -2 -3 -2 -1 -2 -3 -3  2  2  1  1 -1 -2 -2 -1 -3 -1  2    0   0   0   0   0   0   0   0   0  24  29  24   0   0   0   0   0   0   0  24  0.17 0.01
   31 P    0  0 -1 -1 -3  0  0 -2 -2 -3 -3  2 -2 -3  6  1  0 -4 -3 -2    0   0   0   0   0   0   0   0   0   0   0  29   0   0  47  24   0   0   0   0  0.84 0.02
   32 R   -2  4  5  0 -3  0  0 -1  0 -3 -3  1 -2 -3 -2  0 -1 -4 -2 -3    0  47  53   0   0   0   0   0   0   0   0   0   0   0   0   0   0   0   0   0  0.57 0.02
   33 P   -1 -1 -1  0 -3  3  2 -2 -1 -3 -3  0 -2 -4  6 -1 -1 -3 -3 -3    0   0   0   0   0  24  24   0   0   0   0   0   0   0  53   0   0   0   0   0  1.02 0.02
   34 D   -1  3  1  4 -3  0  1 -1 -1 -3 -3  0 -2 -3 -2  1  0 -4 -3 -3    0  29   0  47   0   0   0   0   0   0   0   0   0   0   0  24   0   0   0   0  0.47 0.02
   35 Y   -2 -2 -2 -4 -3 -2 -2 -3  2 -2 -1 -2 -1  3 -3 -2 -2  2  7 -1    0   0   0   0   0   0   0   0   0   0   0   0   0   0   0   0   0   0 100   0  1.01 0.04
   36 K   -1  2 -1 -1 -3  1  0 -2 -1 -1  1  4  0 -2 -2 -1 -1 -3 -2 -1    0   0   0   0   0   0   0   0   0   0  24  76   0   0   0   0   0   0   0   0  0.33 0.02
   37 D    0  0  0  3 -1  0  1  0  0 -1 -1  0 -1 -1  0  0  0 -1 -1 -1    6   4   3  28   1   3   5   6   2   4   7   4   2   3   4   5   4   1   2   5  0.10 0.00
   38 I   -2 -3 -4 -4 -2 -3 -3 -4 -3  3  2 -3  1  3 -3 -3 -1 -1  0  2    0   0   0   0   0   0   0   0   0  53  24   0   0  24   0   0   0   0   0   0  0.34 0.02
   39 K   -1  1  0 -1 -3  1  0  3 -1 -3 -3  4 -2 -3 -2  0 -1 -3 -2 -3    0   0   0   0   0   0   0  29   0   0   0  71   0   0   0   0   0   0   0   0  0.46 0.02
   40 Y   -2 -2 -2 -3 -3 -1 -2 -3  5 -2 -2 -2 -1  2 -3 -2 -2  8  6 -2    0   0   0   0   0   0   0   0  24   0   0   0   0   0   0   0   0  29  47   0  0.95 0.03
   41 Q   -1  1  3  0 -3  5  1 -2  0 -3 -3  1 -1 -4 -2  0 -1 -3 -2 -3    0   0  29   0   0  71   0   0   0   0   0   0   0   0   0   0   0   0   0   0  0.59 0.03
   42 V   -1 -3 -3 -4 -1 -2 -3 -4 -3  2  2 -3  1 -1 -3 -2  0 -3 -1  4    0   0   0   0   0   0   0   0   0   0  24   0   0   0   0   0   0   0   0  76  0.35 0.02
   43 S    0  3  0 -1 -2  3  1 -1  0 -3 -3  1 -1 -3 -1  3  0 -3 -2 -2    0  24   0   0   0  29   0   0   0   0   0   0   0   0   0  47   0   0   0   0  0.38 0.02
   44 L    2 -2 -3 -3 -1 -2 -2 -2 -3  1  3 -2  1 -1 -2 -1 -1 -2 -1  2   29   0   0   0   0   0   0   0   0   0  47   0   0   0   0   0   0   0   0  24  0.21 0.01
   45 A    2  3  0 -1 -1  0 -1 -1 -1 -2 -2  0 -1 -3 -1  2  2 -3 -2 -1   24  29   0   0   0   0   0   0   0   0   0   0   0   0   0  24  24   0   0   0  0.28 0.01
   46 I   -2 -3 -3 -4 -2 -3 -3 -4 -2  2  2 -3  1  5 -4 -3 -2  0  2  1    0   0   0   0   0   0   0   0   0  24  24   0   0  53   0   0   0   0   0   0  0.43 0.02
   47 S    0  0  0 -1 -2  4  1 -2  0 -2 -2  1 -1 -3 -1  2  2 -3 -2 -2    0   0   0   0   0  53   0   0   0   0   0   0   0   0   0  24  24   0   0   0  0.40 0.02
   48 F   -1 -3 -3 -4 -1 -3 -3 -4 -3  3  1 -3  1  3 -3 -2 -1 -2  0  3    0   0   0   0   0   0   0   0   0  29   0   0   0  24   0   0   0   0   0  47  0.31 0.01
   49 I   -1  0 -1 -2 -2 -1 -1 -3 -2  1  0  2  0  3 -2 -1  2 -2  0  0    0   0   0   0   0   0   0   0   0  24   0  29   0  24   0   0  24   0   0   0  0.12 0.01
   50 Q   -1  0 -1 -1 -3  5  1 -3  0 -1  1  1  0 -2 -2 -1 -1 -2 -2 -1    0   0   0   0   0  71   0   0   0   0  29   0   0   0   0   0   0   0   0   0  0.40 0.03
   51 R   -1  3  3  0 -3  1  0 -1  0 -3 -3  2 -2 -3 -2  2  0 -3 -2 -3    0  24  29   0   0   0   0   0   0   0   0  24   0   0   0  24   0   0   0   0  0.37 0.01
   52 K   -1  0  0  0 -2  1  3 -2 -1 -2 -2  2 -1 -3 -1  1  3 -3 -2 -1    0   0   0   0   0   0  29   0   0   0   0  24   0   0   0   0  47   0   0   0  0.34 0.02
   53 D   -1  1  0  3 -3  3  1 -2 -1 -2 -2  2 -1 -3 -1  0  2 -3 -2 -2    0   0   0  24   0  24   0   0   0   0   0  29   0   0   0   0  24   0   0   0  0.34 0.01
   54 K   -2  4  0  3 -4  1  1 -2 -1 -3 -3  3 -2 -3 -2 -1 -1 -3 -2 -3    0  47   0  29   0   0   0   0   0   0   0  24   0   0   0   0   0   0   0   0  0.51 0.02
   55 F   -2  4 -1 -2 -3  0 -1 -3  4 -2 -2  1 -1  3 -3 -1 -2 -1  1 -2    0  53   0   0   0   0   0   0  24   0   0   0   0  24   0   0   0   0   0   0  0.43 0.02
   56 P    1 -2 -3 -3 -2 -2 -2 -2 -2 -2 -1 -2 -1  3  4 -1 -1  7  1 -1   29   0   0   0   0   0   0   0   0   0   0   0   0  24  24   0   0  24   0   0  0.63 0.02
   57 Y   -2 -3 -3 -4 -2 -3 -3 -4 -1  2  2 -3  1  4 -3 -2 -2  0  4  1    0   0   0   0   0   0   0   0   0  24  29   0   0  24   0   0   0   0  24   0  0.35 0.01
   58 L   -2 -2 -4 -4 -1 -2 -3 -4 -3  2  4 -3  2  0 -3 -3 -1 -2 -1  1    0   0   0   0   0   0   0   0   0   0 100   0   0   0   0   0   0   0   0   0  0.51 0.02
   59 Q   -2 -1 -1  2 -2  2  0 -3 -1  0  3 -1  1 -1 -2 -1 -1 -2 -2  0    0   0   0  24   0  24   0   0   0   0  53   0   0   0   0   0   0   0   0   0  0.21 0.01
   60 D   -2  0  0  4 -3  0  1 -2 -2 -1  1  2  0 -2 -2 -1 -1 -3 -2 -1    0   0   0  47   0   0   0   0   0   0  29  24   0   0   0   0   0   0   0   0  0.30 0.02
   61 I   -2 -3 -4 -4 -1 -3 -3 -4 -3  4  2 -3  1  0 -3 -3 -1 -3 -1  2    0   0   0   0   0   0   0   0   0  76  24   0   0   0   0   0   0   0   0   0  0.41 0.02
   62 Y   -1  0 -1 -2 -2  4  1 -3  0  0 -1  0  0  0 -2 -1 -1 -1  3  1    0   0   0   0   0  53   0   0   0   0   0   0   0   0   0   0   0   0  24  24  0.30 0.02
   63 D   -2  0  4  5 -3  0  1 -1 -1 -3 -4  2 -3 -4 -2  0 -1 -4 -3 -3    0   0  29  47   0   0   0   0   0   0   0  24   0   0   0   0   0   0   0   0  0.55 0.02
   64 Q   -1 -1 -1 -1 -3  3  2 -3  0  1 -1  0  0  0 -2 -1 -1  0  4  0    0   0   0   0   0  24  24   0   0  24   0   0   0   0   0   0   0   0  29   0  0.24 0.02
   65 L   -2 -3 -4 -4 -2 -3 -3 -4 -3  2  3 -3  1  4 -3 -3 -1 -1  1  1    0   0   0   0   0   0   0   0   0  24  47   0   0  29   0   0   0   0   0   0  0.36 0.01
   66 G    0 -2  0  3 -3 -1 -1  5 -2 -4 -4 -1 -3 -4 -2  0 -2 -3 -3 -3    0   0   0  29   0   0   0  71   0   0   0   0   0   0   0   0   0   0   0   0  0.78 0.02
   67 K   -1  0  3  0  5  0  0 -1 -1 -2 -2  2 -1 -2 -1  0  0 -2 -2 -2    2   1  30   1  24   1   1   2   1   1   2  25   1   1   1   2   1   0   1   2  0.26 0.01
   68 R   -1  2 -1 -2 -1 -1 -1 -2 -2  2  0  0  0 -1 -2 -1  0 -2 -1  2    2  25   1   1   0   1   1   2   1  30   2   1   1   1   1   2   1   0   1  25  0.11 0.01
   69 G    0 -3 -1 -2 -3 -2 -2  6 -2 -4 -4 -2 -3 -3 -2  0 -2 -3 -3 -4    0   0   0   0   0   0   0 100   0   0   0   0   0   0   0   0   0   0   0   0  1.11 0.03
   70 N   -1 -1  3 -1 -2 -1 -1 -2  1 -2 -2 -1 -1  1 -2  0  2  1  5 -1    0   0  24   0   0   0   0   0   0   0   0   0   0   0   0   0  24   0  53   0  0.42 0.02
   71 L   -1 -3 -3 -4 -1 -3 -3 -4 -3  3  2 -3  1  0 -3 -2 -1 -3 -1  3    0   0   0   0   0   0   0   0   0  29  24   0   0   0   0   0   0   0   0  47  0.34 0.01
   72 R   -1  5  0 -1 -3  1  0 -2 -1 -3 -3  2 -2 -3 -2  2  0 -3 -2 -3    0  71   0   0   0   0   0   0   0   0   0   0   0   0   0  29   0   0   0   0  0.55 0.02
   73 K   -1  2  0 -1 -2  1  1 -1 -1 -2 -2  4 -1 -2 -1  0 -1 -2 -1 -2    2   1   1   1   0   1   1   2   1   1   2  78   1   1   1   2   1   0   1   2  0.37 0.02
   74 D   -1 -2  0  4 -2 -1  0 -2 -1  2 -1 -1 -1 -1 -1 -1 -1 -2 -2  0    2   1   1  49   0   1   1   2   1  30   2   1   1   1   1   2   1   0   1   2  0.25 0.01
   75 R   -2  5  3 -1 -4  1  0 -2  0 -3 -3  2 -2 -3 -2  0 -1 -3 -2 -3    0  71  29   0   0   0   0   0   0   0   0   0   0   0   0   0   0   0   0   0  0.61 0.03
   76 G   -1 -2  3  3 -3 -1  0  4 -1 -4 -4 -1 -3 -4 -2  0 -1 -3 -3 -3    0   0  24  29   0   0   0  47   0   0   0   0   0   0   0   0   0   0   0   0  0.59 0.02
   77 D   -1  3  1  4 -3  0  1 -1 -1 -2 -2  1 -2 -2 -1  0 -1 -2 -2 -2    2  30   1  49   0   1   1   2   1   1   2   1   1   1   1   2   1   0   1   2  0.40 0.01
   78 G    1 -2  0 -1 -2 -1 -1  4 -2 -3 -3 -1 -2 -3 -2  3  0 -3 -3 -3    0   0   0   0   0   0   0  47   0   0   0   0   0   0   0  53   0   0   0   0  0.54 0.02
   79 I   -1 -2 -2 -3 -1 -1 -2 -3 -3  2  1 -2  3 -1 -2 -1  2 -3 -1  2    0   0   0   0   0   0   0   0   0  24   0   0  24   0   0   0  29   0   0  24  0.22 0.01
   80 A    2 -2 -1 -1 -1 -1 -1 -1 -2  0 -1 -1 -1 -2 -1  3  1 -3 -2  2   24   0   0   0   0   0   0   0   0   0   0   0   0   0   0  47   0   0   0  29  0.22 0.02
   81 D   -1 -1  1  5 -4  1  4 -2 -1 -4 -4  0 -3 -4 -1  0 -1 -4 -3 -3    0   0   0  47   0   0  53   0   0   0   0   0   0   0   0   0   0   0   0   0  0.72 0.02
   82 Y   -2 -3 -3 -4 -3 -3 -3 -3  0 -1  0 -3 -1  6 -4 -2 -2  2  6 -1    0   0   0   0   0   0   0   0   0   0   0   0   0  53   0   0   0   0  47   0  0.76 0.03
   83 T   -1  3 -1 -2  5 -1 -2 -3 -2  1 -1  0 -1 -2 -2  0  2 -3 -2  0    0  29   0   0  24   0   0   0   0  24   0   0   0   0   0   0  24   0   0   0  0.25 0.02
   84 I   -1 -3 -3 -4 -1 -3 -3 -4 -3  3  2 -3  1  0 -3 -2 -1 -3 -1  3    0   0   0   0   0   0   0   0   0  24  24   0   0   0   0   0   0   0   0  53  0.34 0.01
   85 I    0 -2 -1 -1 -1 -1 -1 -2 -2  2  0 -1  0 -2 -2  3  1 -3 -2  2    0   0   0   0   0   0   0   0   0  24   0   0   0   0   0  53   0   0   0  24  0.18 0.02
   86 G   -1 -2  0  3 -3  0  2  4 -1 -4 -4 -1 -3 -4 -2  0 -1 -3 -3 -3    0   0   0  29   0   0  24  47   0   0   0   0   0   0   0   0   0   0   0   0  0.57 0.02
   87 S    0 -2 -1 -2 -2 -2 -2  2 -2  3  0 -2  0 -1 -2  1  0 -3 -2  1    0   0   0   0   0   0   0  24   0  53   0   0   0   0   0  24   0   0   0   0  0.17 0.02
   88 T    0  0  0 -1 -1  0 -1 -2 -2 -1 -2  2 -1 -3 -1  1  4 -3 -2 -1    0   0   0   0   0   0   0   0   0   0   0  24   0   0   0   0  76   0   0   0  0.40 0.03
   89 H    0 -1  0 -1 -2  0  0 -1  4 -3 -3 -1 -2 -3  4  3  0 -3 -1 -2    0   0   0   0   0   0   0   0  24   0   0   0   0   0  24  53   0   0   0   0  0.51 0.02
   90 L   -2 -2 -4 -4 -1 -2 -3 -4 -3  2  4 -3  2  0 -3 -3 -1 -2 -1  1    0   0   0   0   0   0   0   0   0   0 100   0   0   0   0   0   0   0   0   0  0.51 0.02
   91 S   -1  0  3  0 -2  3  0 -1  4 -3 -3  0 -2 -3 -2  2  0 -3 -1 -3    0   0  29   0   0  24   0   0  24   0   0   0   0   0   0  24   0   0   0   0  0.39 0.02
   92 I   -1 -1  5  0 -2 -1 -1 -1 -1  1 -1 -1 -1 -2 -2  0  2 -3 -2  0    0   0  53   0   0   0   0   0   0  24   0   0   0   0   0   0  24   0   0   0  0.30 0.02
   93 I   -1 -3 -2 -3 -2 -2 -3 -3 -3  3  1 -2  0  3 -3 -1  2 -1  0  2    0   0   0   0   0   0   0   0   0  53   0   0   0  24   0   0  24   0   0   0  0.24 0.02
   94 L   -2 -3 -4 -4 -1 -3 -3 -4 -3  3  4 -3  2  0 -3 -3 -1 -2 -1  1    0   0   0   0   0   0   0   0   0  29  71   0   0   0   0   0   0   0   0   0  0.42 0.02
   95 P   -1 -1 -1 -1 -3  0  2 -2 -2 -2 -3 -1 -2 -3  6  0  2 -3 -3 -2    0   0   0   0   0   0  24   0   0   0   0   0   0   0  53   0  24   0   0   0  0.95 0.02
   96 D   -1  1  0  3 -3  3  1 -2  5 -3 -3  2 -2 -3 -2  0 -1 -3 -1 -3    0   0   0  24   0  24   0   0  29   0   0  24   0   0   0   0   0   0   0   0  0.43 0.02
   97 L   -2 -3 -4 -4 -2 -3 -3 -4 -3  1  4 -3  2  4 -3 -3 -2 -1  1  0    0   0   0   0   0   0   0   0   0   0  71   0   0  29   0   0   0   0   0   0  0.43 0.02
   98 V   -1 -1 -1 -1 -2  3  3 -3 -1  0  1  0  0 -2 -2 -1 -1 -3 -2  1    0   0   0   0   0  24  29   0   0   0  24   0   0   0   0   0   0   0   0  24  0.19 0.01
   99 P   -1  0 -2 -1 -3  0 -1 -2 -2 -3 -3  2 -2 -4  7 -1 -1 -4 -3 -3    0   0   0   0   0   0   0   0   0   0   0  29   0   0  71   0   0   0   0   0  1.36 0.03
  100 Y   -2 -2 -3 -4 -3 -2 -3 -3  1 -1 -1 -2 -1  4 -3 -2 -2  2  7 -1    0   0   0   0   0   0   0   0   0   0   0   0   0  24   0   0   0   0  76   0  0.85 0.03
  101 L   -1 -1 -2 -2 -2  3 -1 -3 -2  1  3 -1  1  0 -3 -2 -1 -2 -1  0    0   0   0   0   0  29   0   0   0   0  71   0   0   0   0   0   0   0   0   0  0.29 0.02
  102 R   -1  3 -1 -2 -3  3  0 -3 -1 -1  1  2  0 -2 -2 -1 -1 -2 -2 -1    0  24   0   0   0  24   0   0   0   0  29  24   0   0   0   0   0   0   0   0  0.25 0.01
  103 I   -2 -3 -4 -4 -1 -3 -3 -4 -3  4  3 -3  2  0 -3 -3 -1 -2 -1  2    0   0   0   0   0   0   0   0   0  53  47   0   0   0   0   0   0   0   0   0  0.39 0.02
  104 K   -1  1  0 -1 -3  1  0 -2 -1 -2 -2  4 -1 -3 -1  0  2 -3 -2 -2    0   0   0   0   0   0   0   0   0   0   0  71   0   0   0   0  29   0   0   0  0.40 0.02
  105 K   -1  3  3  0 -3  3  1 -2  0 -3 -3  3 -1 -3 -2  0 -1 -3 -2 -3    0  24  29   0   0  24   0   0   0   0   0  24   0   0   0   0   0   0   0   0  0.43 0.02
  106 K    1  2 -1 -1 -2  1  0 -1 -1 -3 -2  4 -1 -3 -1  0 -1 -3 -2 -2   24   0   0   0   0   0   0   0   0   0   0  76   0   0   0   0   0   0   0   0  0.41 0.02
  107 Q   -1  0 -1 -1 -3  5  1 -2  1 -3 -2  1 -1  0 -2 -1 -1  0  4 -2    0   0   0   0   0  71   0   0   0   0   0   0   0   0   0   0   0   0  29   0  0.53 0.03
  108 A    4 -2 -1 -2 -1 -1 -1  3 -2 -2 -2 -1 -2 -3 -1  1 -1 -3 -2 -1   71   0   0   0   0   0   0  29   0   0   0   0   0   0   0   0   0   0   0   0  0.44 0.02
  109 N   -2  0  4  4 -3  0  1 -1  0 -3 -4  2 -2 -3 -2  0 -1 -4 -3 -3    0   0  47  29   0   0   0   0   0   0   0  24   0   0   0   0   0   0   0   0  0.52 0.02
  110 R   -2  2 -3 -3 -2 -1 -2 -4 -2  1  4 -1  2  0 -3 -2 -1 -2 -1  0    0  24   0   0   0   0   0   0   0   0  76   0   0   0   0   0   0   0   0   0  0.32 0.02
  111 I   -1 -3 -3 -3 -1 -3 -3 -4 -3  3  1 -3  1 -1 -3 -2  0 -3 -1  4    0   0   0   0   0   0   0   0   0  24   0   0   0   0   0   0   0   0   0  76  0.39 0.02
  112 L   -2 -3 -4 -4 -1 -3 -3 -4 -3  3  4 -3  2  0 -3 -3 -1 -2 -1  1    0   0   0   0   0   0   0   0   0  29  71   0   0   0   0   0   0   0   0   0  0.42 0.02
  113 H   -1  1  0 -1 -3  4  1 -2  5 -3 -3  2 -1 -3 -2  0 -1 -3 -1 -3    0   0   0   0   0  53   0   0  24   0   0  24   0   0   0   0   0   0   0   0  0.51 0.02
  114 I   -2 -3 -4 -4 -1 -3 -4 -4 -4  5  2 -3  1  0 -3 -3 -1 -3 -2  3    0   0   0   0   0   0   0   0   0 100   0   0   0   0   0   0   0   0   0   0  0.47 0.03
  115 I   -1 -3 -3 -3 -1 -3 -3 -4 -4  4  1 -3  1  0 -3 -2 -1 -3 -1  3    0   0   0   0   0   0   0   0   0  71   0   0   0   0   0   0   0   0   0  29  0.40 0.02
  116 N    0  0  3  1 -2  1  2 -1  0 -3 -3  2 -2 -3 -1  2  0 -3 -2 -2    0   0  24   0   0   0  24   0   0   0   0  24   0   0   0  29   0   0   0   0  0.35 0.01
  117 L   -1  0 -2 -2 -2  2  0 -3 -1  0  3  2  1 -1 -2 -1 -1 -2 -1  0    0   0   0   0   0  24   0   0   0   0  53  24   0   0   0   0   0   0   0   0  0.20 0.01
  118 Y   -2 -2 -3 -4 -2 -2 -3 -4 -1  1  3 -2  4  1 -3 -2 -1  0  3  0    0   0   0   0   0   0   0   0   0   0  47   0  29   0   0   0   0   0  24   0  0.34 0.02
  119 P   -1 -2 -2 -2 -3 -1 -1 -2 -2 -3 -3 -1 -3 -4  8 -1 -1 -4 -3 -3    0   0   0   0   0   0   0   0   0   0   0   0   0   0 100   0   0   0   0   0  2.08 0.02
  120 Q    0  0  4  0 -2  3  1 -1  0 -3 -3  0 -1 -3 -1  2  0 -3 -2 -2    0   0  34   0   0  33   0   0   0   0   0   0   0   0   0  33   0   0   0   0  0.40 0.01
  121 A    3 -1 -1 -2 -1 -1 -1  0 -2 -1 -2 -1 -1 -2 -1  1  3 -3 -2  0   66   0   0   0   0   0   0   0   0   0   0   0   0   0   0   0  34   0   0   0  0.33 0.01
  122 Q   -1  1  0  0 -2  3  1 -1  0 -2 -2  3 -1 -2 -1  0  0 -1 -1 -1    3   2   2   2   1  34   2   2   1   2   3  35   1   1   2   2   2   0   1   2  0.26 0.00
  123 K   -1  2  0  0 -4  2  3 -2 -1 -3 -3  4 -2 -3 -1  0 -1 -3 -2 -3    0   0   0   0   0   0  33   0   0   0   0  67   0   0   0   0   0   0   0   0  0.49 0.01
  124 N    0 -1  4  4 -2  0  0 -1  0 -3 -3  0 -2 -3 -2  2  0 -4 -2 -3    0   0  33  34   0   0   0   0   0   0   0   0   0   0   0  33   0   0   0   0  0.48 0.01
  125 P   -1 -2 -2 -2 -3 -1 -1 -2 -2 -3 -3 -1 -3 -4  8 -1 -1 -4 -3 -3    0   0   0   0   0   0   0   0   0   0   0   0   0   0 100   0   0   0   0   0  2.08 0.02
  126 S    0 -1  1  4 -2  0  1 -1 -1 -3 -3  0 -2 -3 -1  3  1 -3 -2 -2    0   0   0  33   0   0   0   0   0   0   0   0   0   0   0  67   0   0   0   0  0.44 0.01
  127 K   -1  1 -1 -1 -2  0  0 -2 -1  0 -1  4 -1 -2 -2 -1 -1 -3 -2  1    0   0   0   0   0   0   0   0   0   0   0  66   0   0   0   0   0   0   0  34  0.24 0.01
  128 F   -2 -3 -3 -4 -2 -3 -3 -4 -2  1  2 -3  1  6 -4 -3 -2  0  2  0    0   0   0   0   0   0   0   0   0   0  34   0   0  66   0   0   0   0   0   0  0.52 0.01
  129 L   -1 -2 -3 -4 -1 -2 -3 -4 -3  1  4 -2  4  0 -3 -2 -1 -2 -1  1    0   0   0   0   0   0   0   0   0   0  66   0  34   0   0   0   0   0   0   0  0.39 0.01
  130 D   -1 -1  0  4 -4  1  5 -2  0 -3 -3  0 -3 -4 -1  0 -1 -4 -3 -3    0   0   0  33   0   0  67   0   0   0   0   0   0   0   0   0   0   0   0   0  0.69 0.01
  131 L    2 -2 -3 -3 -1 -2 -2 -2 -3  1  2 -2  1 -1 -2 -1  0 -2 -1  2   34   0   0   0   0   0   0   0   0   0  33   0   0   0   0   0   0   0   0  33  0.19 0.00
  132 V    2 -3 -3 -3  6 -2 -2 -2 -3  1 -1 -2  0 -2 -2  0  0 -3 -2  2   34   0   0   0  33   0   0   0   0   0   0   0   0   0   0   0   0   0   0  33  0.35 0.01
  133 K   -1  0 -1 -2 -2  0 -1 -2 -2  0  2  2  0 -1 -2  0  2 -2 -2  0    0   0   0   0   0   0   0   0   0   0  34  33   0   0   0   0  33   0   0   0  0.16 0.01
  134 I   -2 -3 -4 -4 -2 -2 -3 -4 -3  2  2 -3  1  0 -3 -3 -2  8  0  1    0   0   0   0   0   0   0   0   0  33  34   0   0   0   0   0   0  33   0   0  0.67 0.01
  135 V    2 -2 -3 -3 -1 -2 -2 -2 -3  2  0 -2  0 -1 -2  0  0 -3 -2  3   34   0   0   0   0   0   0   0   0   0   0   0   0   0   0   0   0   0   0  66  0.23 0.01
  136 D   -2 -2  1  6 -4  0  2 -1 -1 -3 -4 -1 -3 -4 -2  0 -1 -5 -3 -3    0   0   0 100   0   0   0   0   0   0   0   0   0   0   0   0   0   0   0   0  0.97 0.02
  137 D   -1  1  0  3 -3  3  1 -2  0 -3 -3  3 -2 -4 -1  0 -1 -3 -2 -3    0   0   0  33   0  33   0   0   0   0   0  34   0   0   0   0   0   0   0   0  0.46 0.01
  138 V   -1 -3 -3 -3 -1 -3 -3 -4 -3  3  1 -3  1 -1 -3 -2  0 -3 -1  4    0   0   0   0   0   0   0   0   0  33   0   0   0   0   0   0   0   0   0  67  0.36 0.01
  139 Q    2 -1 -1 -1 -2  3  0  3 -1 -3 -2  0 -1 -3 -2  0 -1 -3 -2 -2   33   0   0   0   0  33   0  34   0   0   0   0   0   0   0   0   0   0   0   0  0.37 0.01
  140 N    2 -1  3 -1 -1 -1 -1 -1 -1  0  1 -1  0 -1 -2  0  0 -3 -2  0   33   0  33   0   0   0   0   0   0   0  34   0   0   0   0   0   0   0   0   0  0.15 0.01
  141 L   -2 -2 -4 -4 -1 -2 -3 -4 -3  2  4 -3  2  0 -3 -3 -1 -2 -1  1    0   0   0   0   0   0   0   0   0   0 100   0   0   0   0   0   0   0   0   0  0.48 0.01
  142 N   -2  0  6  1 -3  0  0  0  1 -3 -4  0 -2 -3 -2  1  0 -4 -2 -3    0   0 100   0   0   0   0   0   0   0   0   0   0   0   0   0   0   0   0   0  0.73 0.00
  143 K   -1  1  1  4 -4  1  1 -2 -1 -3 -3  3 -2 -4 -1  0 -1 -4 -3 -3    0   0   0  50   0   0   0   0   0   0   0  50   0   0   0   0   0   0   0   0  0.51 0.00
  144 R    0  4  0 -1 -2  1  0 -1 -1 -3 -2  1 -2 -3 -2  3  0 -3 -2 -2    0  50   0   0   0   0   0   0   0   0   0   0   0   0   0  50   0   0   0   0  0.40 0.00
  145 A    3  1 -1 -1 -2  0  0 -1 -1 -2 -2  3 -1 -3 -1  1  0 -3 -2 -1   50   0   0   0   0   0   0   0   0   0   0  50   0   0   0   0   0   0   0   0  0.29 0.00
  146 D   -1 -1  1  4 -2 -1  1 -2 -2 -2 -2 -1 -2 -3 -1  1  3 -3 -2 -1    0   0   0  50   0   0   0   0   0   0   0   0   0   0   0   0  50   0   0   0  0.46 0.00
  147 E   -1  4  0  0 -4  2  4 -2  0 -3 -3  2 -2 -3 -2  0 -1 -3 -2 -3    0  50   0   0   0   0  50   0   0   0   0   0   0   0   0   0   0   0   0   0  0.55 0.00
  148 L   -1  1 -1 -2 -2  0 -1 -3 -2  0  2  3  1 -1 -2 -1 -1 -2 -2  0    0   0   0   0   0   0   0   0   0   0  50  50   0   0   0   0   0   0   0   0  0.19 0.00
  149 K    0  1  0 -1 -2  0  0 -2 -1 -2 -2  3 -1 -3 -1  1  3 -3 -2 -1    0   0   0   0   0   0   0   0   0   0   0  50   0   0   0   0  50   0   0   0  0.32 0.00
  150 S    1 -1  0 -1 -1  0 -1 -1 -1 -2 -2  0 -1 -2 -1  3  4 -3 -2 -1    0   0   0   0   0   0   0   0   0   0   0   0   0   0   0  50  50   0   0   0  0.39 0.00
  151 T    1 -1  0 -1 -1  0 -1 -1 -1 -2 -2  0 -1 -2 -1  3  4 -3 -2 -1    0   0   0   0   0   0   0   0   0   0   0   0   0   0   0  50  50   0   0   0  0.39 0.00
  152 N   -1  0  4  1 -3  1  4 -1  0 -3 -3  0 -2 -3 -2  0  0 -3 -2 -3    0   0  50   0   0   0  50   0   0   0   0   0   0   0   0   0   0   0   0   0  0.54 0.00
  153 Y   -1 -2 -1 -2 -2 -1 -2 -2  0 -1 -1 -1 -1  1 -2  0  3  1  5 -1    0   0   0   0   0   0   0   0   0   0   0   0   0   0   0   0  50   0  50   0  0.40 0.00
  154 D   -1 -2  0  4 -2 -1  0 -2 -2  1 -1 -1 -1 -2 -2 -1 -1 -4 -2  2    0   0   0  50   0   0   0   0   0   0   0   0   0   0   0   0   0   0   0  50  0.29 0.00
  155 R   -2  6  0 -2 -4  1  0 -3  0 -3 -2  2 -1 -3 -2 -1 -1 -3 -2 -3    0 100   0   0   0   0   0   0   0   0   0   0   0   0   0   0   0   0   0   0  0.75 0.00
  156 L    3 -2 -2 -3 -1 -2 -2 -1 -2  0  2 -2  1 -1 -2  0 -1 -2 -2  0   50   0   0   0   0   0   0   0   0   0  50   0   0   0   0   0   0   0   0   0  0.20 0.00
  157 L   -1 -3 -3 -4 -1 -2 -3 -4 -3  2  3 -3  2  0 -3 -2 -1 -2 -1  3    0   0   0   0   0   0   0   0   0   0  50   0   0   0   0   0   0   0   0  50  0.32 0.00
  158 E   -1 -1 -2  0 -2  1  3 -3 -1  0  2  0  1 -1 -2 -1 -1 -2 -2  0    0   0   0   0   0   0  50   0   0   0  50   0   0   0   0   0   0   0   0   0  0.26 0.00
  159 E   -1 -1  1  5 -4  1  4 -2 -1 -3 -3  0 -3 -4 -1  0 -1 -4 -3 -3    0   0   0  50   0   0  50   0   0   0   0   0   0   0   0   0   0   0   0   0  0.69 0.00
  160 F    0 -2 -1 -2 -2 -1 -1 -1 -1 -1 -1 -1 -1  5 -2  2  0  0  2 -1    0   0   0   0   0   0   0   0   0   0   0   0   0  50   0  50   0   0   0   0  0.28 0.00
  161 L   -2 -2 -4 -4 -1 -2 -3 -4 -3  2  4 -3  2  0 -3 -3 -1 -2 -1  1    0   0   0   0   0   0   0   0   0   0 100   0   0   0   0   0   0   0   0   0  0.46 0.00
  162 K    0  1  0 -1 -2  1  0 -1 -1 -3 -3  3 -2 -3 -1  3  1 -3 -2 -2    0   0   0   0   0   0   0   0   0   0   0  50   0   0   0  50   0   0   0   0  0.34 0.00
  163 A    3 -1 -1  0 -2  1  4 -1 -1 -2 -2  0 -2 -3 -1  1  0 -3 -2 -1   50   0   0   0   0   0  50   0   0   0   0   0   0   0   0   0   0   0   0   0  0.36 0.00
  164 G    0  1  0 -1 -3  0  0  4 -1 -3 -3  3 -2 -3 -2  0 -1 -3 -3 -3    0   0   0   0   0   0   0  50   0   0   0  50   0   0   0   0   0   0   0   0  0.49 0.00
  165 K   -1  2  0 -1 -3  1  1 -2 -1 -3 -3  5 -1 -3 -1  0 -1 -3 -2 -2    0   0   0   0   0   0   0   0   0   0   0 100   0   0   0   0   0   0   0   0  0.52 0.00
  166 I   -1 -1 -1 -1 -1 -1 -1 -1 -1  3  1 -1  1  0 -1 -1  0 -1 -1  2    4   3   2   3   1   2   3   4   1  53   5   3   1   2   3   4   3   1   2   3  0.06 0.00
  167 E   -1  1  0  1 -4  2  4 -2  0 -3 -3  3 -2 -3 -1  0 -1 -3 -2 -3    0   0   0   0   0   0  50   0   0   0   0  50   0   0   0   0   0   0   0   0  0.50 0.00
  168 S    1 -1  1  0 -1  0  0  0 -1 -3 -3  0 -2 -3 -1  4  1 -3 -2 -2    0   0   0   0   0   0   0   0   0   0   0   0   0   0   0 100   0   0   0   0  0.46 0.00
  169 S    1 -1  1  0 -1  0  0  0 -1 -3 -3  0 -2 -3 -1  4  1 -3 -2 -2    0   0   0   0   0   0   0   0   0   0   0   0   0   0   0 100   0   0   0   0  0.46 0.00
  170 P   -1 -2 -2 -2 -3 -1 -1 -2 -2 -3 -3 -1 -3 -4  8 -1 -1 -4 -3 -3    0   0   0   0   0   0   0   0   0   0   0   0   0   0 100   0   0   0   0   0  2.05 0.01
  171 T    0 -1  0 -1 -1 -1 -1 -2 -2 -1 -1 -1 -1 -2 -1  1  4 -2 -2  0    0   0   0   0   0   0   0   0   0   0   0   0   0   0   0   0   0   0   0   0  0.00     0.00
  172 G    0 -2  0 -1 -2 -2 -2  5 -2 -4 -4 -2 -3 -3 -2  0 -2 -2 -3 -3    0   0   0   0   0   0   0   0   0   0   0   0   0   0   0   0   0   0   0   0  0.00     0.00
  173 S    1 -1  1  0 -1  0  0  0 -1 -2 -2  0 -1 -2 -1  4  1 -3 -2 -2    0   0   0   0   0   0   0   0   0   0   0   0   0   0   0   0   0   0   0   0  0.00     0.00
  174 G    0 -2  0 -1 -2 -2 -2  5 -2 -4 -4 -2 -3 -3 -2  0 -2 -2 -3 -3    0   0   0   0   0   0   0   0   0   0   0   0   0   0   0   0   0   0   0   0  0.00     0.00
  175 S    1 -1  1  0 -1  0  0  0 -1 -2 -2  0 -1 -2 -1  4  1 -3 -2 -2    0   0   0   0   0   0   0   0   0   0   0   0   0   0   0   0   0   0   0   0  0.00     0.00
  176 G    0 -2  0 -1 -2 -2 -2  5 -2 -4 -4 -2 -3 -3 -2  0 -2 -2 -3 -3    0   0   0   0   0   0   0   0   0   0   0   0   0   0   0   0   0   0   0   0  0.00     0.00
  177 S    1 -1  1  0 -1  0  0  0 -1 -2 -2  0 -1 -2 -1  4  1 -3 -2 -2    0   0   0   0   0   0   0   0   0   0   0   0   0   0   0   0   0   0   0   0  0.00     0.00
  178 K   -1  2  0 -1 -3  1  1 -2 -1 -3 -2  4 -1 -3 -1  0 -1 -3 -2 -2    0   0   0   0   0   0   0   0   0   0   0   0   0   0   0   0   0   0   0   0  0.00     0.00
  179 H   -2  0  1 -1 -3  0  0 -2  7 -3 -3 -1 -2 -1 -2 -1 -2 -2  2 -3    0   0   0   0   0   0   0   0   0   0   0   0   0   0   0   0   0   0   0   0  0.00     0.00
  180 P   -1 -2 -2 -1 -3 -1 -1 -2 -2 -3 -3 -1 -2 -4  7 -1 -1 -4 -3 -2    0   0   0   0   0   0   0   0   0   0   0   0   0   0   0   0   0   0   0   0  0.00     0.00
  181 T    0 -1  0 -1 -1 -1 -1 -2 -2 -1 -1 -1 -1 -2 -1  1  4 -2 -2  0    0   0   0   0   0   0   0   0   0   0   0   0   0   0   0   0   0   0   0   0  0.00     0.00
  182 L   -1 -2 -3 -4 -1 -2 -3 -4 -3  2  4 -2  2  0 -3 -2 -1 -2 -1  1    0   0   0   0   0   0   0   0   0   0   0   0   0   0   0   0   0   0   0   0  0.00     0.00
  183 T    0 -1  0 -1 -1 -1 -1 -2 -2 -1 -1 -1 -1 -2 -1  1  4 -2 -2  0    0   0   0   0   0   0   0   0   0   0   0   0   0   0   0   0   0   0   0   0  0.00     0.00
  184 L   -1 -2 -3 -4 -1 -2 -3 -4 -3  2  4 -2  2  0 -3 -2 -1 -2 -1  1    0   0   0   0   0   0   0   0   0   0   0   0   0   0   0   0   0   0   0   0  0.00     0.00
  185 P   -1 -2 -2 -1 -3 -1 -1 -2 -2 -3 -3 -1 -2 -4  7 -1 -1 -4 -3 -2    0   0   0   0   0   0   0   0   0   0   0   0   0   0   0   0   0   0   0   0  0.00     0.00
  186 T    0 -1  0 -1 -1 -1 -1 -2 -2 -1 -1 -1 -1 -2 -1  1  4 -2 -2  0    0   0   0   0   0   0   0   0   0   0   0   0   0   0   0   0   0   0   0   0  0.00     0.00
  187 T    0 -1  0 -1 -1 -1 -1 -2 -2 -1 -1 -1 -1 -2 -1  1  4 -2 -2  0    0   0   0   0   0   0   0   0   0   0   0   0   0   0   0   0   0   0   0   0  0.00     0.00
  188 T    0 -1  0 -1 -1 -1 -1 -2 -2 -1 -1 -1 -1 -2 -1  1  4 -2 -2  0    0   0   0   0   0   0   0   0   0   0   0   0   0   0   0   0   0   0   0   0  0.00     0.00
  189 S    1 -1  1  0 -1  0  0  0 -1 -2 -2  0 -1 -2 -1  4  1 -3 -2 -2    0   0   0   0   0   0   0   0   0   0   0   0   0   0   0   0   0   0   0   0  0.00     0.00
  190 Q   -1  1  0  0 -3  5  2 -2  0 -3 -2  1  0 -3 -1  0 -1 -2 -1 -2    0   0   0   0   0   0   0   0   0   0   0   0   0   0   0   0   0   0   0   0  0.00     0.00
  191 E   -1  0  0  1 -4  2  5 -2  0 -3 -3  1 -2 -3 -1  0 -1 -3 -2 -2    0   0   0   0   0   0   0   0   0   0   0   0   0   0   0   0   0   0   0   0  0.00     0.00
  192 N   -2  0  6  1 -3  0  0  0  1 -3 -3  0 -2 -3 -2  1  0 -4 -2 -3    0   0   0   0   0   0   0   0   0   0   0   0   0   0   0   0   0   0   0   0  0.00     0.00
  193 L   -1 -2 -3 -4 -1 -2 -3 -4 -3  2  4 -2  2  0 -3 -2 -1 -2 -1  1    0   0   0   0   0   0   0   0   0   0   0   0   0   0   0   0   0   0   0   0  0.00     0.00
  194 P   -1 -2 -2 -1 -3 -1 -1 -2 -2 -3 -3 -1 -2 -4  7 -1 -1 -4 -3 -2    0   0   0   0   0   0   0   0   0   0   0   0   0   0   0   0   0   0   0   0  0.00     0.00
  195 N   -2  0  6  1 -3  0  0  0  1 -3 -3  0 -2 -3 -2  1  0 -4 -2 -3    0   0   0   0   0   0   0   0   0   0   0   0   0   0   0   0   0   0   0   0  0.00     0.00
  196 G    0 -2  0 -1 -2 -2 -2  5 -2 -4 -4 -2 -3 -3 -2  0 -2 -2 -3 -3    0   0   0   0   0   0   0   0   0   0   0   0   0   0   0   0   0   0   0   0  0.00     0.00
  197 S    1 -1  1  0 -1  0  0  0 -1 -2 -2  0 -1 -2 -1  4  1 -3 -2 -2    0   0   0   0   0   0   0   0   0   0   0   0   0   0   0   0   0   0   0   0  0.00     0.00
  198 G    0 -2  0 -1 -2 -2 -2  5 -2 -4 -4 -2 -3 -3 -2  0 -2 -2 -3 -3    0   0   0   0   0   0   0   0   0   0   0   0   0   0   0   0   0   0   0   0  0.00     0.00
  199 S    1 -1  1  0 -1  0  0  0 -1 -2 -2  0 -1 -2 -1  4  1 -3 -2 -2    0   0   0   0   0   0   0   0   0   0   0   0   0   0   0   0   0   0   0   0  0.00     0.00
  200 G    0 -2  0 -1 -2 -2 -2  5 -2 -4 -4 -2 -3 -3 -2  0 -2 -2 -3 -3    0   0   0   0   0   0   0   0   0   0   0   0   0   0   0   0   0   0   0   0  0.00     0.00
  201 S    1 -1  1  0 -1  0  0  0 -1 -2 -2  0 -1 -2 -1  4  1 -3 -2 -2    0   0   0   0   0   0   0   0   0   0   0   0   0   0   0   0   0   0   0   0  0.00     0.00
  202 G    0 -2  0 -1 -2 -2 -2  5 -2 -4 -4 -2 -3 -3 -2  0 -2 -2 -3 -3    0   0   0   0   0   0   0   0   0   0   0   0   0   0   0   0   0   0   0   0  0.00     0.00
  203 T    0 -1  0 -1 -1 -1 -1 -2 -2 -1 -1 -1 -1 -2 -1  1  4 -2 -2  0    0   0   0   0   0   0   0   0   0   0   0   0   0   0   0   0   0   0   0   0  0.00     0.00
  204 M   -1 -1 -2 -3 -1  0 -2 -3 -2  1  2 -1  5  0 -2 -1 -1 -1 -1  1    0   0   0   0   0   0   0   0   0   0   0   0   0   0   0   0   0   0   0   0  0.00     0.00
  205 T    0 -1  0 -1 -1 -1 -1 -2 -2 -1 -1 -1 -1 -2 -1  1  4 -2 -2  0    0   0   0   0   0   0   0   0   0   0   0   0   0   0   0   0   0   0   0   0  0.00     0.00
  206 T    0 -1  0 -1 -1 -1 -1 -2 -2 -1 -1 -1 -1 -2 -1  1  4 -2 -2  0    0   0   0   0   0   0   0   0   0   0   0   0   0   0   0   0   0   0   0   0  0.00     0.00
  207 K   -1  2  0 -1 -3  1  1 -2 -1 -3 -2  4 -1 -3 -1  0 -1 -3 -2 -2    0   0   0   0   0   0   0   0   0   0   0   0   0   0   0   0   0   0   0   0  0.00     0.00
  208 N   -2  0  6  1 -3  0  0  0  1 -3 -3  0 -2 -3 -2  1  0 -4 -2 -3    0   0   0   0   0   0   0   0   0   0   0   0   0   0   0   0   0   0   0   0  0.00     0.00
  209 T    0 -1  0 -1 -1 -1 -1 -2 -2 -1 -1 -1 -1 -2 -1  1  4 -2 -2  0    0   0   0   0   0   0   0   0   0   0   0   0   0   0   0   0   0   0   0   0  0.00     0.00
  210 L   -1 -2 -3 -4 -1 -1 -3 -3 -2  1  3 -2  5  0 -3 -2 -1 -2 -1  1    0   0   0   0   0   0   0   0   0   0  50   0  50   0   0   0   0   0   0   0  0.35 0.00
  211 Q   -1  1  0  0 -3  6  2 -2  0 -3 -2  1  0 -3 -1  0 -1 -2 -2 -2    0   0   0   0   0 100   0   0   0   0   0   0   0   0   0   0   0   0   0   0  0.66 0.01
  212 P   -1 -2 -2 -2 -3 -1 -1 -2 -2 -3 -3 -1 -3 -4  8 -1 -1 -4 -3 -3    0   0   0   0   0   0   0   0   0   0   0   0   0   0 100   0   0   0   0   0  2.05 0.00
  213 T    0 -1  0 -1 -1 -1 -1 -2 -2 -1 -1 -1 -1 -2 -1  1  5 -3 -2  0    0   0   0   0   0   0   0   0   0   0   0   0   0   0   0   0 100   0   0   0  0.48 0.00
  214 E   -1  1  0  1 -4  2  4 -2  0 -3 -3  3 -2 -3 -1  0 -1 -3 -2 -3    0   0   0   0   0   0  50   0   0   0   0  50   0   0   0   0   0   0   0   0  0.50 0.00
  215 A    2 -2 -2 -3 -1 -2 -2 -1 -2 -1  0 -2  0  5 -2  0 -1  0  2 -1   50   0   0   0   0   0   0   0   0   0   0   0   0  50   0   0   0   0   0   0  0.29 0.00
  216 A    4 -1 -1 -1 -1 -1 -1  0 -1 -2 -2 -1 -1 -2 -1  3  1 -3 -2 -1   64   0   0   0   0   0   0   0   0   0   0   0   0   0   0  36   0   0   0   0  0.36 0.01
  217 Y   -2 -2 -3 -4 -3 -2 -3 -3  0 -1 -1 -3 -1  4 -4 -2 -2  7  6 -2    0   0   0   0   0   0   0   0   0   0   0   0   0  29   0   0   0  24  47   0  0.93 0.03
  218 I   -2 -3 -4 -4 -1 -3 -3 -4 -3  4  3 -3  2  0 -3 -3 -1 -2 -1  2    0   0   0   0   0   0   0   0   0  53  47   0   0   0   0   0   0   0   0   0  0.39 0.02
  219 A    4 -2 -1 -2 -1 -1 -1  0 -2 -1 -2 -1 -1 -2 -1  1  2 -3 -2  0   71   0   0   0   0   0   0   0   0   0   0   0   0   0   0   0  29   0   0   0  0.35 0.02
  220 G    0 -3 -1 -2 -3 -2 -2  6 -2 -4 -4 -2 -3 -3 -2  0 -2 -3 -3 -4    0   0   0   0   0   0   0 100   0   0   0   0   0   0   0   0   0   0   0   0  1.11 0.03
  221 F   -3 -3 -3 -4 -3 -4 -4 -4 -1  0  0 -3  0  7 -4 -3 -2  1  3 -1    0   0   0   0   0   0   0   0   0   0   0   0   0 100   0   0   0   0   0   0  0.86 0.04
  222 L    0 -2 -2 -2 -1 -2 -2 -2 -2  2  2 -2  1 -1 -2  1  0 -3 -1  3    0   0   0   0   0   0   0   0   0   0  24   0   0   0   0  29   0   0   0  47  0.17 0.01
  223 D   -2 -2  1  6 -4  0  1 -2 -1 -4 -4 -1 -3 -4 -2  0 -1 -5 -3 -4    0   0   0 100   0   0   0   0   0   0   0   0   0   0   0   0   0   0   0   0  1.02 0.03
  224 G    3 -2 -1 -2 -1 -1 -2  4 -2 -2 -3 -1 -2 -3 -2  0 -1 -3 -3 -1   53   0   0   0   0   0   0  47   0   0   0   0   0   0   0   0   0   0   0   0  0.53 0.02
  225 D   -2 -1  1  6 -4  0  3 -2 -1 -4 -4  0 -3 -4 -2  0 -1 -4 -3 -3    0   0   0  71   0   0  29   0   0   0   0   0   0   0   0   0   0   0   0   0  0.81 0.02
  226 G    0 -3 -1 -2 -3 -2 -2  6 -2 -4 -4 -2 -3 -3 -2  0 -2 -3 -3 -4    0   0   0   0   0   0   0 100   0   0   0   0   0   0   0   0   0   0   0   0  1.11 0.03
  227 S    1 -1  0 -1  5 -1 -1 -1 -1 -2 -2 -1 -2 -3 -1  4  1 -3 -2 -2    0   0   0   0  24   0   0   0   0   0   0   0   0   0   0  76   0   0   0   0  0.46 0.03
  228 I   -2 -3 -4 -4 -2 -3 -4 -4 -3  4  1 -3  1  4 -3 -3 -1 -1  1  2    0   0   0   0   0   0   0   0   0  71   0   0   0  29   0   0   0   0   0   0  0.38 0.02
  229 Y   -1 -2  2 -2 -2 -2 -2 -3  0  2  0 -2  0  0 -3 -1 -1 -1  3  2    0   0  24   0   0   0   0   0   0  24   0   0   0   0   0   0   0   0  24  29  0.18 0.01
  230 A    4 -2 -2 -2 -1 -1 -1 -1 -2  0 -1 -1  0 -2 -1  0  0 -3 -2  2   71   0   0   0   0   0   0   0   0   0   0   0   0   0   0   0   0   0   0  29  0.29 0.02
  231 K   -1  1  0 -1 -2  4  1 -2  0 -2 -2  2 -1 -3 -1  0  2 -3 -2 -2    0   0   0   0   0  47   0   0   0   0   0  24   0   0   0   0  29   0   0   0  0.39 0.02
  232 L   -2 -3 -4 -4 -1 -3 -3 -4 -3  4  2 -3  1  0 -3 -3 -1 -3 -1  2    0   0   0   0   0   0   0   0   0  76  24   0   0   0   0   0   0   0   0   0  0.41 0.02
  233 I   -1 -1 -2 -3 -2 -1 -2 -3 -3  2  2  1  1 -1 -2 -2 -1 -3 -1  2    0   0   0   0   0   0   0   0   0  24  29  24   0   0   0   0   0   0   0  24  0.17 0.01
  234 P    0  0 -1 -1 -3  0  0 -2 -2 -3 -3  2 -2 -3  6  1  0 -4 -3 -2    0   0   0   0   0   0   0   0   0   0   0  29   0   0  47  24   0   0   0   0  0.84 0.02
  235 R   -2  4  5  0 -3  0  0 -1  0 -3 -3  1 -2 -3 -2  0 -1 -4 -2 -3    0  47  53   0   0   0   0   0   0   0   0   0   0   0   0   0   0   0   0   0  0.57 0.02
  236 P   -1 -1 -1  0 -3  3  2 -2 -1 -3 -3  0 -2 -4  6 -1 -1 -3 -3 -3    0   0   0   0   0  24  24   0   0   0   0   0   0   0  53   0   0   0   0   0  1.02 0.02
  237 D   -1  3  1  4 -3  0  1 -1 -1 -3 -3  0 -2 -3 -2  1  0 -4 -3 -3    0  29   0  47   0   0   0   0   0   0   0   0   0   0   0  24   0   0   0   0  0.47 0.02
  238 Y   -2 -2 -2 -4 -3 -2 -2 -3  2 -2 -1 -2 -1  3 -3 -2 -2  2  7 -1    0   0   0   0   0   0   0   0   0   0   0   0   0   0   0   0   0   0 100   0  1.01 0.04
  239 K   -1  2 -1 -1 -3  1  0 -2 -1 -1  1  4  0 -2 -2 -1 -1 -3 -2 -1    0   0   0   0   0   0   0   0   0   0  24  76   0   0   0   0   0   0   0   0  0.33 0.02
  240 D    0  0  0  3 -1  0  1  0  0 -1 -1  0 -1 -1  0  0  0 -1 -1 -1    6   4   3  28   1   3   5   6   2   4   7   4   2   3   4   5   4   1   2   5  0.10 0.00
  241 I   -2 -3 -4 -4 -2 -3 -3 -4 -3  3  2 -3  1  3 -3 -3 -1 -1  0  2    0   0   0   0   0   0   0   0   0  53  24   0   0  24   0   0   0   0   0   0  0.34 0.02
  242 K   -1  1  0 -1 -3  1  0  3 -1 -3 -3  4 -2 -3 -2  0 -1 -3 -2 -3    0   0   0   0   0   0   0  29   0   0   0  71   0   0   0   0   0   0   0   0  0.46 0.02
  243 Y   -2 -2 -2 -3 -3 -1 -2 -3  5 -2 -2 -2 -1  2 -3 -2 -2  8  6 -2    0   0   0   0   0   0   0   0  24   0   0   0   0   0   0   0   0  29  47   0  0.95 0.03
  244 Q   -1  1  3  0 -3  5  1 -2  0 -3 -3  1 -1 -4 -2  0 -1 -3 -2 -3    0   0  29   0   0  71   0   0   0   0   0   0   0   0   0   0   0   0   0   0  0.59 0.03
  245 V   -1 -3 -3 -4 -1 -2 -3 -4 -3  2  2 -3  1 -1 -3 -2  0 -3 -1  4    0   0   0   0   0   0   0   0   0   0  24   0   0   0   0   0   0   0   0  76  0.35 0.02
  246 S    0  3  0 -1 -2  3  1 -1  0 -3 -3  1 -1 -3 -1  3  0 -3 -2 -2    0  24   0   0   0  29   0   0   0   0   0   0   0   0   0  47   0   0   0   0  0.38 0.02
  247 L    2 -2 -3 -3 -1 -2 -2 -2 -3  1  3 -2  1 -1 -2 -1 -1 -2 -1  2   29   0   0   0   0   0   0   0   0   0  47   0   0   0   0   0   0   0   0  24  0.21 0.01
  248 A    2  3  0 -1 -1  0 -1 -1 -1 -2 -2  0 -1 -3 -1  2  2 -3 -2 -1   24  29   0   0   0   0   0   0   0   0   0   0   0   0   0  24  24   0   0   0  0.28 0.01
  249 I   -2 -3 -3 -4 -2 -3 -3 -4 -2  2  2 -3  1  5 -4 -3 -2  0  2  1    0   0   0   0   0   0   0   0   0  24  24   0   0  53   0   0   0   0   0   0  0.43 0.02
  250 S    0  0  0 -1 -2  4  1 -2  0 -2 -2  1 -1 -3 -1  2  2 -3 -2 -2    0   0   0   0   0  53   0   0   0   0   0   0   0   0   0  24  24   0   0   0  0.40 0.02
  251 F   -1 -3 -3 -4 -1 -3 -3 -4 -3  3  1 -3  1  3 -3 -2 -1 -2  0  3    0   0   0   0   0   0   0   0   0  29   0   0   0  24   0   0   0   0   0  47  0.31 0.01
  252 I   -1  0 -1 -2 -2 -1 -1 -3 -2  1  0  2  0  3 -2 -1  2 -2  0  0    0   0   0   0   0   0   0   0   0  24   0  29   0  24   0   0  24   0   0   0  0.12 0.01
  253 Q   -1  0 -1 -1 -3  5  1 -3  0 -1  1  1  0 -2 -2 -1 -1 -2 -2 -1    0   0   0   0   0  71   0   0   0   0  29   0   0   0   0   0   0   0   0   0  0.40 0.03
  254 R   -1  3  3  0 -3  1  0 -1  0 -3 -3  2 -2 -3 -2  2  0 -3 -2 -3    0  24  29   0   0   0   0   0   0   0   0  24   0   0   0  24   0   0   0   0  0.37 0.01
  255 K   -1  0  0  0 -2  1  3 -2 -1 -2 -2  2 -1 -3 -1  1  3 -3 -2 -1    0   0   0   0   0   0  29   0   0   0   0  24   0   0   0   0  47   0   0   0  0.34 0.02
  256 D   -1  1  0  3 -3  3  1 -2 -1 -2 -2  2 -1 -3 -1  0  2 -3 -2 -2    0   0   0  24   0  24   0   0   0   0   0  29   0   0   0   0  24   0   0   0  0.34 0.01
  257 K   -2  4  0  3 -4  1  1 -2 -1 -3 -3  3 -2 -3 -2 -1 -1 -3 -2 -3    0  47   0  29   0   0   0   0   0   0   0  24   0   0   0   0   0   0   0   0  0.51 0.02
  258 F   -2  4 -1 -2 -3  0 -1 -3  4 -2 -2  1 -1  3 -3 -1 -2 -1  1 -2    0  53   0   0   0   0   0   0  24   0   0   0   0  24   0   0   0   0   0   0  0.43 0.02
  259 P    1 -2 -3 -3 -2 -2 -2 -2 -2 -2 -1 -2 -1  3  4 -1 -1  7  1 -1   29   0   0   0   0   0   0   0   0   0   0   0   0  24  24   0   0  24   0   0  0.63 0.02
  260 Y   -2 -3 -3 -4 -2 -3 -3 -4 -1  2  2 -3  1  4 -3 -2 -2  0  4  1    0   0   0   0   0   0   0   0   0  24  29   0   0  24   0   0   0   0  24   0  0.35 0.01
  261 L   -2 -2 -4 -4 -1 -2 -3 -4 -3  2  4 -3  2  0 -3 -3 -1 -2 -1  1    0   0   0   0   0   0   0   0   0   0 100   0   0   0   0   0   0   0   0   0  0.51 0.02
  262 Q   -2 -1 -1  2 -2  2  0 -3 -1  0  3 -1  1 -1 -2 -1 -1 -2 -2  0    0   0   0  24   0  24   0   0   0   0  53   0   0   0   0   0   0   0   0   0  0.21 0.01
  263 D   -2  0  0  4 -3  0  1 -2 -2 -1  1  2  0 -2 -2 -1 -1 -3 -2 -1    0   0   0  47   0   0   0   0   0   0  29  24   0   0   0   0   0   0   0   0  0.30 0.02
  264 I   -2 -3 -4 -4 -1 -3 -3 -4 -3  4  2 -3  1  0 -3 -3 -1 -3 -1  2    0   0   0   0   0   0   0   0   0  76  24   0   0   0   0   0   0   0   0   0  0.41 0.02
  265 Y   -1  0 -1 -2 -2  4  1 -3  0  0 -1  0  0  0 -2 -1 -1 -1  3  1    0   0   0   0   0  53   0   0   0   0   0   0   0   0   0   0   0   0  24  24  0.30 0.02
  266 D   -2  0  4  5 -3  0  1 -1 -1 -3 -4  2 -3 -4 -2  0 -1 -4 -3 -3    0   0  29  47   0   0   0   0   0   0   0  24   0   0   0   0   0   0   0   0  0.55 0.02
  267 Q   -1 -1 -1 -1 -3  3  2 -3  0  1 -1  0  0  0 -2 -1 -1  0  4  0    0   0   0   0   0  24  24   0   0  24   0   0   0   0   0   0   0   0  29   0  0.24 0.02
  268 L   -2 -3 -4 -4 -2 -3 -3 -4 -3  2  3 -3  1  4 -3 -3 -1 -1  1  1    0   0   0   0   0   0   0   0   0  24  47   0   0  29   0   0   0   0   0   0  0.36 0.01
  269 G    0 -2  0  3 -3 -1 -1  5 -2 -4 -4 -1 -3 -4 -2  0 -2 -3 -3 -3    0   0   0  29   0   0   0  71   0   0   0   0   0   0   0   0   0   0   0   0  0.78 0.02
  270 K   -1  0  3  0  5  0  0 -1 -1 -2 -2  2 -1 -2 -1  0  0 -2 -2 -2    2   1  30   1  24   1   1   2   1   1   2  25   1   1   1   2   1   0   1   2  0.26 0.01
  271 R   -1  2 -1 -2 -1 -1 -1 -2 -2  2  0  0  0 -1 -2 -1  0 -2 -1  2    2  25   1   1   0   1   1   2   1  30   2   1   1   1   1   2   1   0   1  25  0.11 0.01
  272 G    0 -3 -1 -2 -3 -2 -2  6 -2 -4 -4 -2 -3 -3 -2  0 -2 -3 -3 -4    0   0   0   0   0   0   0 100   0   0   0   0   0   0   0   0   0   0   0   0  1.11 0.03
  273 N   -1 -1  3 -1 -2 -1 -1 -2  1 -2 -2 -1 -1  1 -2  0  2  1  5 -1    0   0  24   0   0   0   0   0   0   0   0   0   0   0   0   0  24   0  53   0  0.42 0.02
  274 L   -1 -3 -3 -4 -1 -3 -3 -4 -3  3  2 -3  1  0 -3 -2 -1 -3 -1  3    0   0   0   0   0   0   0   0   0  29  24   0   0   0   0   0   0   0   0  47  0.34 0.01
  275 R   -1  5  0 -1 -3  1  0 -2 -1 -3 -3  2 -2 -3 -2  2  0 -3 -2 -3    0  71   0   0   0   0   0   0   0   0   0   0   0   0   0  29   0   0   0   0  0.55 0.02
  276 K   -1  2  0 -1 -2  1  1 -1 -1 -2 -2  4 -1 -2 -1  0 -1 -2 -1 -2    2   1   1   1   0   1   1   2   1   1   2  78   1   1   1   2   1   0   1   2  0.37 0.02
  277 D   -1 -2  0  4 -2 -1  0 -2 -1  2 -1 -1 -1 -1 -1 -1 -1 -2 -2  0    2   1   1  49   0   1   1   2   1  30   2   1   1   1   1   2   1   0   1   2  0.25 0.01
  278 R   -2  5  3 -1 -4  1  0 -2  0 -3 -3  2 -2 -3 -2  0 -1 -3 -2 -3    0  71  29   0   0   0   0   0   0   0   0   0   0   0   0   0   0   0   0   0  0.61 0.03
  279 G   -1 -2  3  3 -3 -1  0  4 -1 -4 -4 -1 -3 -4 -2  0 -1 -3 -3 -3    0   0  24  29   0   0   0  47   0   0   0   0   0   0   0   0   0   0   0   0  0.59 0.02
  280 D   -1  3  1  4 -3  0  1 -1 -1 -2 -2  1 -2 -2 -1  0 -1 -2 -2 -2    2  30   1  49   0   1   1   2   1   1   2   1   1   1   1   2   1   0   1   2  0.40 0.01
  281 G    1 -2  0 -1 -2 -1 -1  4 -2 -3 -3 -1 -2 -3 -2  3  0 -3 -3 -3    0   0   0   0   0   0   0  47   0   0   0   0   0   0   0  53   0   0   0   0  0.54 0.02
  282 I   -1 -2 -2 -3 -1 -1 -2 -3 -3  2  1 -2  3 -1 -2 -1  2 -3 -1  2    0   0   0   0   0   0   0   0   0  24   0   0  24   0   0   0  29   0   0  24  0.22 0.01
  283 A    2 -2 -1 -1 -1 -1 -1 -1 -2  0 -1 -1 -1 -2 -1  3  1 -3 -2  2   24   0   0   0   0   0   0   0   0   0   0   0   0   0   0  47   0   0   0  29  0.22 0.02
  284 D   -1 -1  1  5 -4  1  4 -2 -1 -4 -4  0 -3 -4 -1  0 -1 -4 -3 -3    0   0   0  47   0   0  53   0   0   0   0   0   0   0   0   0   0   0   0   0  0.72 0.02
  285 Y   -2 -3 -3 -4 -3 -3 -3 -3  0 -1  0 -3 -1  6 -4 -2 -2  2  6 -1    0   0   0   0   0   0   0   0   0   0   0   0   0  53   0   0   0   0  47   0  0.76 0.03
  286 T   -1  3 -1 -2  5 -1 -2 -3 -2  1 -1  0 -1 -2 -2  0  2 -3 -2  0    0  29   0   0  24   0   0   0   0  24   0   0   0   0   0   0  24   0   0   0  0.25 0.02
  287 I   -1 -3 -3 -4 -1 -3 -3 -4 -3  3  2 -3  1  0 -3 -2 -1 -3 -1  3    0   0   0   0   0   0   0   0   0  24  24   0   0   0   0   0   0   0   0  53  0.34 0.01
  288 I    0 -2 -1 -1 -1 -1 -1 -2 -2  2  0 -1  0 -2 -2  3  1 -3 -2  2    0   0   0   0   0   0   0   0   0  24   0   0   0   0   0  53   0   0   0  24  0.18 0.02
  289 G   -1 -2  0  3 -3  0  2  4 -1 -4 -4 -1 -3 -4 -2  0 -1 -3 -3 -3    0   0   0  29   0   0  24  47   0   0   0   0   0   0   0   0   0   0   0   0  0.57 0.02
  290 S    0 -2 -1 -2 -2 -2 -2  2 -2  3  0 -2  0 -1 -2  1  0 -3 -2  1    0   0   0   0   0   0   0  24   0  53   0   0   0   0   0  24   0   0   0   0  0.17 0.02
  291 T    0  0  0 -1 -1  0 -1 -2 -2 -1 -2  2 -1 -3 -1  1  4 -3 -2 -1    0   0   0   0   0   0   0   0   0   0   0  24   0   0   0   0  76   0   0   0  0.40 0.03
  292 H    0 -1  0 -1 -2  0  0 -1  4 -3 -3 -1 -2 -3  4  3  0 -3 -1 -2    0   0   0   0   0   0   0   0  24   0   0   0   0   0  24  53   0   0   0   0  0.51 0.02
  293 L   -2 -2 -4 -4 -1 -2 -3 -4 -3  2  4 -3  2  0 -3 -3 -1 -2 -1  1    0   0   0   0   0   0   0   0   0   0 100   0   0   0   0   0   0   0   0   0  0.51 0.02
  294 S   -1  0  3  0 -2  3  0 -1  4 -3 -3  0 -2 -3 -2  2  0 -3 -1 -3    0   0  29   0   0  24   0   0  24   0   0   0   0   0   0  24   0   0   0   0  0.39 0.02
  295 I   -1 -1  5  0 -2 -1 -1 -1 -1  1 -1 -1 -1 -2 -2  0  2 -3 -2  0    0   0  53   0   0   0   0   0   0  24   0   0   0   0   0   0  24   0   0   0  0.30 0.02
  296 I   -1 -3 -2 -3 -2 -2 -3 -3 -3  3  1 -2  0  3 -3 -1  2 -1  0  2    0   0   0   0   0   0   0   0   0  53   0   0   0  24   0   0  24   0   0   0  0.24 0.02
  297 L   -2 -3 -4 -4 -1 -3 -3 -4 -3  3  4 -3  2  0 -3 -3 -1 -2 -1  1    0   0   0   0   0   0   0   0   0  29  71   0   0   0   0   0   0   0   0   0  0.42 0.02
  298 P   -1 -1 -1 -1 -3  0  2 -2 -2 -2 -3 -1 -2 -3  6  0  2 -3 -3 -2    0   0   0   0   0   0  24   0   0   0   0   0   0   0  53   0  24   0   0   0  0.95 0.02
  299 D   -1  1  0  3 -3  3  1 -2  5 -3 -3  2 -2 -3 -2  0 -1 -3 -1 -3    0   0   0  24   0  24   0   0  29   0   0  24   0   0   0   0   0   0   0   0  0.43 0.02
  300 L   -2 -3 -4 -4 -2 -3 -3 -4 -3  1  4 -3  2  4 -3 -3 -2 -1  1  0    0   0   0   0   0   0   0   0   0   0  71   0   0  29   0   0   0   0   0   0  0.43 0.02
  301 V   -1 -1 -1 -1 -2  3  3 -3 -1  0  1  0  0 -2 -2 -1 -1 -3 -2  1    0   0   0   0   0  24  29   0   0   0  24   0   0   0   0   0   0   0   0  24  0.19 0.01
  302 P   -1  0 -2 -1 -3  0 -1 -2 -2 -3 -3  2 -2 -4  7 -1 -1 -4 -3 -3    0   0   0   0   0   0   0   0   0   0   0  29   0   0  71   0   0   0   0   0  1.36 0.03
  303 Y   -2 -2 -3 -4 -3 -2 -3 -3  1 -1 -1 -2 -1  4 -3 -2 -2  2  7 -1    0   0   0   0   0   0   0   0   0   0   0   0   0  24   0   0   0   0  76   0  0.85 0.03
  304 L   -1 -1 -2 -2 -2  3 -1 -3 -2  1  3 -1  1  0 -3 -2 -1 -2 -1  0    0   0   0   0   0  29   0   0   0   0  71   0   0   0   0   0   0   0   0   0  0.29 0.02
  305 R   -1  3 -1 -2 -3  3  0 -3 -1 -1  1  2  0 -2 -2 -1 -1 -2 -2 -1    0  24   0   0   0  24   0   0   0   0  29  24   0   0   0   0   0   0   0   0  0.25 0.01
  306 I   -2 -3 -4 -4 -1 -3 -3 -4 -3  4  3 -3  2  0 -3 -3 -1 -2 -1  2    0   0   0   0   0   0   0   0   0  53  47   0   0   0   0   0   0   0   0   0  0.39 0.02
  307 K   -1  1  0 -1 -3  1  0 -2 -1 -2 -2  4 -1 -3 -1  0  2 -3 -2 -2    0   0   0   0   0   0   0   0   0   0   0  71   0   0   0   0  29   0   0   0  0.40 0.02
  308 K   -1  3  3  0 -3  3  1 -2  0 -3 -3  3 -1 -3 -2  0 -1 -3 -2 -3    0  24  29   0   0  24   0   0   0   0   0  24   0   0   0   0   0   0   0   0  0.43 0.02
  309 K    1  2 -1 -1 -2  1  0 -1 -1 -3 -2  4 -1 -3 -1  0 -1 -3 -2 -2   24   0   0   0   0   0   0   0   0   0   0  76   0   0   0   0   0   0   0   0  0.41 0.02
  310 Q   -1  0 -1 -1 -3  5  1 -2  1 -3 -2  1 -1  0 -2 -1 -1  0  4 -2    0   0   0   0   0  71   0   0   0   0   0   0   0   0   0   0   0   0  29   0  0.53 0.03
  311 A    4 -2 -1 -2 -1 -1 -1  3 -2 -2 -2 -1 -2 -3 -1  1 -1 -3 -2 -1   71   0   0   0   0   0   0  29   0   0   0   0   0   0   0   0   0   0   0   0  0.44 0.02
  312 N   -2  0  4  4 -3  0  1 -1  0 -3 -4  2 -2 -3 -2  0 -1 -4 -3 -3    0   0  47  29   0   0   0   0   0   0   0  24   0   0   0   0   0   0   0   0  0.52 0.02
  313 R   -2  2 -3 -3 -2 -1 -2 -4 -2  1  4 -1  2  0 -3 -2 -1 -2 -1  0    0  24   0   0   0   0   0   0   0   0  76   0   0   0   0   0   0   0   0   0  0.32 0.02
  314 I   -1 -3 -3 -3 -1 -3 -3 -4 -3  3  1 -3  1 -1 -3 -2  0 -3 -1  4    0   0   0   0   0   0   0   0   0  24   0   0   0   0   0   0   0   0   0  76  0.39 0.02
  315 L   -2 -3 -4 -4 -1 -3 -3 -4 -3  3  4 -3  2  0 -3 -3 -1 -2 -1  1    0   0   0   0   0   0   0   0   0  29  71   0   0   0   0   0   0   0   0   0  0.42 0.02
  316 H   -1  1  0 -1 -3  4  1 -2  5 -3 -3  2 -1 -3 -2  0 -1 -3 -1 -3    0   0   0   0   0  53   0   0  24   0   0  24   0   0   0   0   0   0   0   0  0.51 0.02
  317 I   -2 -3 -4 -4 -1 -3 -4 -4 -4  5  2 -3  1  0 -3 -3 -1 -3 -2  3    0   0   0   0   0   0   0   0   0 100   0   0   0   0   0   0   0   0   0   0  0.47 0.03
  318 I   -1 -3 -3 -3 -1 -3 -3 -4 -4  4  1 -3  1  0 -3 -2 -1 -3 -1  3    0   0   0   0   0   0   0   0   0  71   0   0   0   0   0   0   0   0   0  29  0.40 0.02
  319 N    0  0  3  1 -2  1  2 -1  0 -3 -3  2 -2 -3 -1  2  0 -3 -2 -2    0   0  24   0   0   0  24   0   0   0   0  24   0   0   0  29   0   0   0   0  0.35 0.01
  320 L   -1  0 -2 -2 -2  2  0 -3 -1  0  3  2  1 -1 -2 -1 -1 -2 -1  0    0   0   0   0   0  24   0   0   0   0  53  24   0   0   0   0   0   0   0   0  0.20 0.01
  321 Y   -2 -2 -3 -4 -2 -2 -3 -4 -1  1  3 -2  4  1 -3 -2 -1  0  3  0    0   0   0   0   0   0   0   0   0   0  47   0  29   0   0   0   0   0  24   0  0.34 0.02
  322 P   -1 -2 -2 -2 -3 -1 -1 -2 -2 -3 -3 -1 -3 -4  8 -1 -1 -4 -3 -3    0   0   0   0   0   0   0   0   0   0   0   0   0   0 100   0   0   0   0   0  2.08 0.02
  323 Q    0  0  4  0 -2  3  1 -1  0 -3 -3  0 -1 -3 -1  2  0 -3 -2 -2    0   0  34   0   0  33   0   0   0   0   0   0   0   0   0  33   0   0   0   0  0.40 0.01
  324 A    3 -1 -1 -2 -1 -1 -1  0 -2 -1 -2 -1 -1 -2 -1  1  3 -3 -2  0   66   0   0   0   0   0   0   0   0   0   0   0   0   0   0   0  34   0   0   0  0.33 0.01
  325 Q   -1  1  0  0 -2  3  1 -1  0 -2 -2  3 -1 -2 -1  0  0 -1 -1 -1    3   2   2   2   1  34   2   2   1   2   3  35   1   1   2   2   2   0   1   2  0.26 0.00
  326 K   -1  2  0  0 -4  2  3 -2 -1 -3 -3  4 -2 -3 -1  0 -1 -3 -2 -3    0   0   0   0   0   0  33   0   0   0   0  67   0   0   0   0   0   0   0   0  0.49 0.01
  327 N    0 -1  4  4 -2  0  0 -1  0 -3 -3  0 -2 -3 -2  2  0 -4 -2 -3    0   0  33  34   0   0   0   0   0   0   0   0   0   0   0  33   0   0   0   0  0.48 0.01
  328 P   -1 -2 -2 -2 -3 -1 -1 -2 -2 -3 -3 -1 -3 -4  8 -1 -1 -4 -3 -3    0   0   0   0   0   0   0   0   0   0   0   0   0   0 100   0   0   0   0   0  2.08 0.02
  329 S    0 -1  1  4 -2  0  1 -1 -1 -3 -3  0 -2 -3 -1  3  1 -3 -2 -2    0   0   0  33   0   0   0   0   0   0   0   0   0   0   0  67   0   0   0   0  0.44 0.01
  330 K   -1  1 -1 -1 -2  0  0 -2 -1  0 -1  4 -1 -2 -2 -1 -1 -3 -2  1    0   0   0   0   0   0   0   0   0   0   0  66   0   0   0   0   0   0   0  34  0.24 0.01
  331 F   -2 -3 -3 -4 -2 -3 -3 -4 -2  1  2 -3  1  6 -4 -3 -2  0  2  0    0   0   0   0   0   0   0   0   0   0  34   0   0  66   0   0   0   0   0   0  0.52 0.01
  332 L   -1 -2 -3 -4 -1 -2 -3 -4 -3  1  4 -2  4  0 -3 -2 -1 -2 -1  1    0   0   0   0   0   0   0   0   0   0  66   0  34   0   0   0   0   0   0   0  0.39 0.01
  333 D   -1 -1  0  4 -4  1  5 -2  0 -3 -3  0 -3 -4 -1  0 -1 -4 -3 -3    0   0   0  33   0   0  67   0   0   0   0   0   0   0   0   0   0   0   0   0  0.69 0.01
  334 L    2 -2 -3 -3 -1 -2 -2 -2 -3  1  2 -2  1 -1 -2 -1  0 -2 -1  2   34   0   0   0   0   0   0   0   0   0  33   0   0   0   0   0   0   0   0  33  0.19 0.00
  335 V    2 -3 -3 -3  6 -2 -2 -2 -3  1 -1 -2  0 -2 -2  0  0 -3 -2  2   34   0   0   0  33   0   0   0   0   0   0   0   0   0   0   0   0   0   0  33  0.35 0.01
  336 K   -1  0 -1 -2 -2  0 -1 -2 -2  0  2  2  0 -1 -2  0  2 -2 -2  0    0   0   0   0   0   0   0   0   0   0  34  33   0   0   0   0  33   0   0   0  0.16 0.01
  337 I   -2 -3 -4 -4 -2 -2 -3 -4 -3  2  2 -3  1  0 -3 -3 -2  8  0  1    0   0   0   0   0   0   0   0   0  33  34   0   0   0   0   0   0  33   0   0  0.67 0.01
  338 V    2 -2 -3 -3 -1 -2 -2 -2 -3  2  0 -2  0 -1 -2  0  0 -3 -2  3   34   0   0   0   0   0   0   0   0   0   0   0   0   0   0   0   0   0   0  66  0.23 0.01
  339 D   -2 -2  1  6 -4  0  2 -1 -1 -3 -4 -1 -3 -4 -2  0 -1 -5 -3 -3    0   0   0 100   0   0   0   0   0   0   0   0   0   0   0   0   0   0   0   0  0.97 0.02
  340 D   -1  1  0  3 -3  3  1 -2  0 -3 -3  3 -2 -4 -1  0 -1 -3 -2 -3    0   0   0  33   0  33   0   0   0   0   0  34   0   0   0   0   0   0   0   0  0.46 0.01
  341 V   -1 -3 -3 -3 -1 -3 -3 -4 -3  3  1 -3  1 -1 -3 -2  0 -3 -1  4    0   0   0   0   0   0   0   0   0  33   0   0   0   0   0   0   0   0   0  67  0.36 0.01
  342 Q    2 -1 -1 -1 -2  3  0  3 -1 -3 -2  0 -1 -3 -2  0 -1 -3 -2 -2   33   0   0   0   0  33   0  34   0   0   0   0   0   0   0   0   0   0   0   0  0.37 0.01
  343 N    2 -1  3 -1 -1 -1 -1 -1 -1  0  1 -1  0 -1 -2  0  0 -3 -2  0   33   0  33   0   0   0   0   0   0   0  34   0   0   0   0   0   0   0   0   0  0.15 0.01
  344 L   -2 -2 -4 -4 -1 -2 -3 -4 -3  2  4 -3  2  0 -3 -3 -1 -2 -1  1    0   0   0   0   0   0   0   0   0   0 100   0   0   0   0   0   0   0   0   0  0.48 0.01
  345 N   -2  0  6  1 -3  0  0  0  1 -3 -4  0 -2 -3 -2  1  0 -4 -2 -3    0   0 100   0   0   0   0   0   0   0   0   0   0   0   0   0   0   0   0   0  0.73 0.00
  346 K   -1  1  1  4 -4  1  1 -2 -1 -3 -3  3 -2 -4 -1  0 -1 -4 -3 -3    0   0   0  50   0   0   0   0   0   0   0  50   0   0   0   0   0   0   0   0  0.51 0.00
  347 R    0  4  0 -1 -2  1  0 -1 -1 -3 -2  1 -2 -3 -2  3  0 -3 -2 -2    0  50   0   0   0   0   0   0   0   0   0   0   0   0   0  50   0   0   0   0  0.40 0.00
  348 A    3  1 -1 -1 -2  0  0 -1 -1 -2 -2  3 -1 -3 -1  1  0 -3 -2 -1   50   0   0   0   0   0   0   0   0   0   0  50   0   0   0   0   0   0   0   0  0.29 0.00
  349 D   -1 -1  1  4 -2 -1  1 -2 -2 -2 -2 -1 -2 -3 -1  1  3 -3 -2 -1    0   0   0  50   0   0   0   0   0   0   0   0   0   0   0   0  50   0   0   0  0.46 0.00
  350 E   -1  4  0  0 -4  2  4 -2  0 -3 -3  2 -2 -3 -2  0 -1 -3 -2 -3    0  50   0   0   0   0  50   0   0   0   0   0   0   0   0   0   0   0   0   0  0.55 0.00
  351 L   -1  1 -1 -2 -2  0 -1 -3 -2  0  2  3  1 -1 -2 -1 -1 -2 -2  0    0   0   0   0   0   0   0   0   0   0  50  50   0   0   0   0   0   0   0   0  0.19 0.00
  352 K    0  1  0 -1 -2  0  0 -2 -1 -2 -2  3 -1 -3 -1  1  3 -3 -2 -1    0   0   0   0   0   0   0   0   0   0   0  50   0   0   0   0  50   0   0   0  0.32 0.00
  353 S    1 -1  0 -1 -1  0 -1 -1 -1 -2 -2  0 -1 -2 -1  3  4 -3 -2 -1    0   0   0   0   0   0   0   0   0   0   0   0   0   0   0  50  50   0   0   0  0.39 0.00
  354 T    1 -1  0 -1 -1  0 -1 -1 -1 -2 -2  0 -1 -2 -1  3  4 -3 -2 -1    0   0   0   0   0   0   0   0   0   0   0   0   0   0   0  50  50   0   0   0  0.39 0.00
  355 N   -1  0  4  1 -3  1  4 -1  0 -3 -3  0 -2 -3 -2  0  0 -3 -2 -3    0   0  50   0   0   0  50   0   0   0   0   0   0   0   0   0   0   0   0   0  0.54 0.00
  356 Y   -1 -2 -1 -2 -2 -1 -2 -2  0 -1 -1 -1 -1  1 -2  0  3  1  5 -1    0   0   0   0   0   0   0   0   0   0   0   0   0   0   0   0  50   0  50   0  0.40 0.00
  357 D   -1 -2  0  4 -2 -1  0 -2 -2  1 -1 -1 -1 -2 -2 -1 -1 -4 -2  2    0   0   0  50   0   0   0   0   0   0   0   0   0   0   0   0   0   0   0  50  0.29 0.00
  358 R   -2  6  0 -2 -4  1  0 -3  0 -3 -2  2 -1 -3 -2 -1 -1 -3 -2 -3    0 100   0   0   0   0   0   0   0   0   0   0   0   0   0   0   0   0   0   0  0.75 0.00
  359 L    3 -2 -2 -3 -1 -2 -2 -1 -2  0  2 -2  1 -1 -2  0 -1 -2 -2  0   50   0   0   0   0   0   0   0   0   0  50   0   0   0   0   0   0   0   0   0  0.20 0.00
  360 L   -1 -3 -3 -4 -1 -2 -3 -4 -3  2  3 -3  2  0 -3 -2 -1 -2 -1  3    0   0   0   0   0   0   0   0   0   0  50   0   0   0   0   0   0   0   0  50  0.32 0.00
  361 E   -1 -1 -2  0 -2  1  3 -3 -1  0  2  0  1 -1 -2 -1 -1 -2 -2  0    0   0   0   0   0   0  50   0   0   0  50   0   0   0   0   0   0   0   0   0  0.26 0.00
  362 E   -1 -1  1  5 -4  1  4 -2 -1 -3 -3  0 -3 -4 -1  0 -1 -4 -3 -3    0   0   0  50   0   0  50   0   0   0   0   0   0   0   0   0   0   0   0   0  0.69 0.00
  363 F    0 -2 -1 -2 -2 -1 -1 -1 -1 -1 -1 -1 -1  5 -2  2  0  0  2 -1    0   0   0   0   0   0   0   0   0   0   0   0   0  50   0  50   0   0   0   0  0.28 0.00
  364 L   -2 -2 -4 -4 -1 -2 -3 -4 -3  2  4 -3  2  0 -3 -3 -1 -2 -1  1    0   0   0   0   0   0   0   0   0   0 100   0   0   0   0   0   0   0   0   0  0.46 0.00
  365 K    0  1  0 -1 -2  1  0 -1 -1 -3 -3  3 -2 -3 -1  3  1 -3 -2 -2    0   0   0   0   0   0   0   0   0   0   0  50   0   0   0  50   0   0   0   0  0.34 0.00
  366 A    3 -1 -1  0 -2  1  4 -1 -1 -2 -2  0 -2 -3 -1  1  0 -3 -2 -1   50   0   0   0   0   0  50   0   0   0   0   0   0   0   0   0   0   0   0   0  0.36 0.00
  367 G    0  1  0 -1 -3  0  0  4 -1 -3 -3  3 -2 -3 -2  0 -1 -3 -3 -3    0   0   0   0   0   0   0  50   0   0   0  50   0   0   0   0   0   0   0   0  0.49 0.00
  368 K   -1  2  0 -1 -3  1  1 -2 -1 -3 -3  5 -1 -3 -1  0 -1 -3 -2 -2    0   0   0   0   0   0   0   0   0   0   0 100   0   0   0   0   0   0   0   0  0.52 0.00
  369 I   -1 -1 -1 -1 -1 -1 -1 -1 -1  3  1 -1  1  0 -1 -1  0 -1 -1  2    4   3   2   3   1   2   3   4   1  53   5   3   1   2   3   4   3   1   2   3  0.06 0.00
  370 E   -1  1  0  1 -4  2  4 -2  0 -3 -3  3 -2 -3 -1  0 -1 -3 -2 -3    0   0   0   0   0   0  50   0   0   0   0  50   0   0   0   0   0   0   0   0  0.50 0.00
  371 S    1 -1  1  0 -1  0  0  0 -1 -3 -3  0 -2 -3 -1  4  1 -3 -2 -2    0   0   0   0   0   0   0   0   0   0   0   0   0   0   0 100   0   0   0   0  0.46 0.00
  372 S    1 -1  1  0 -1  0  0  0 -1 -3 -3  0 -2 -3 -1  4  1 -3 -2 -2    0   0   0   0   0   0   0   0   0   0   0   0   0   0   0 100   0   0   0   0  0.46 0.00
  373 P   -1 -2 -2 -2 -3 -1 -1 -2 -2 -3 -3 -1 -3 -4  8 -1 -1 -4 -3 -3    0   0   0   0   0   0   0   0   0   0   0   0   0   0 100   0   0   0   0   0  2.05 0.01

                      K         Lambda
Standard Ungapped    0.1373     0.3161
Standard Gapped      0.0409     0.2670
PSI Ungapped         0.1336     0.3189
PSI Gapped           0.0409     0.2670
