
Last position-specific scoring matrix computed, weighted observed percentages rounded down, information per position, and relative weight of gapless real matches to pseudocounts
            A   R   N   D   C   Q   E   G   H   I   L   K   M   F   P   S   T   W   Y   V   A   R   N   D   C   Q   E   G   H   I   L   K   M   F   P   S   T   W   Y   V
    1 M    -1  -2  -2  -3  -2  -1  -2  -3  -2   1   2  -2   6   0  -3  -2  -1  -2  -1   1    0   0   0   0   0   0   0   0   0   0   0   0 100   0   0   0   0   0   0   0  0.43 0.02
    2 G     0  -2  -1  -2  -3  -2  -2   3  -2  -3  -3  -1  -3  -4   6  -1  -1  -3  -3  -3    0   0   0   0   0   0   0  41   0   0   0   0   0   0  59   0   0   0   0   0  1.21 0.01
    3 P    -1  -2  -2  -2  -3  -2  -1  -2  -2  -3  -3  -1  -3  -4   8  -1  -1  -4  -3  -3    0   0   0   0   0   0   0   0   0   0   0   0   0   0 100   0   0   0   0   0  2.13 0.05
    4 K    -1   2  -1  -2  -3   0   0  -2  -2   0   0   5  -1  -3  -2  -1  -1  -3  -2  -1    0   8   0   0   0   0   0   0   0   9  12  71   0   0   0   0   0   0   0   0  0.45 0.10
    5 R    -2   6  -1  -3  -4   0  -1  -3  -1  -3  -1   2  -2  -2  -3  -2  -2  -3   1  -3    0  82   0   0   0   0   0   0   0   0   6   6   0   0   0   0   0   0   6   0  0.96 0.19
    6 R    -1   4  -1  -2  -3   2   0  -3   3  -2  -2   2  -1  -3  -2  -1   1  -3  -2   0    0  36   0   0   0  13   0   0  10   0   0  15   0   0   0   0  12   0   0  14  0.38 0.11
    7 Q     3  -1   1  -1  -1   2  -1  -1  -1  -1  -2  -1  -1  -2  -1   2   1  -3  -2   1   35   0   6   0   0  13   0   0   0   0   0   0   0   0   0  22   6   0   0  14  0.24 0.08
    8 L    -2  -3  -4  -4  -2  -3  -3  -4  -2   2   4  -3   1   2  -4  -3  -2  -1   3   1    0   0   0   0   0   0   0   0   0  12  61   0   0   5   0   0   0   0  16   6  0.53 0.13
    9 T    -1  -2   1   1  -2  -1  -1  -2  -2  -2  -3  -1  -2  -3  -2   3   5  -4  -3  -2    0   0   5   7   0   0   0   0   0   0   0   0   0   0   0  31  57   0   0   0  0.64 0.18
   10 F     0  -3  -3  -3  -2  -2  -1  -3  -3   3   3  -2   1   1   1  -2  -1  -2  -1   1   12   0   0   0   0   0   6   0   0  27  41   0   0   6   8   0   0   0   0   0  0.29 0.10
   11 R     1   1   2   1  -3   1   2   0   2  -3  -3   2  -2  -3  -2   0   0  -3  -2  -2   15   8  11   5   0   7  15   7   6   0   0  20   0   0   0   0   4   0   0   0  0.26 0.07
   12 E    -2  -1  -1   3  -4   3   4  -3  -1  -3  -1   0  -2   0  -2  -1  -2  -3  -2  -3    0   0   0  23   0  17  47   0   0   0   5   0   0   7   0   0   0   0   0   0  0.62 0.16
   13 K    -2   2  -1  -2  -4   0   0  -3  -2  -4  -4   6  -2  -4  -2  -1  -2  -4  -3  -3    0   7   0   0   0   0   0   0   0   0   0  93   0   0   0   0   0   0   0   0  1.13 0.25
   14 S    -1   0  -2  -3  -2  -1  -2  -3  -2   2   2   0   2   0  -3  -1  -1  -2   1   1    0   6   0   0   0   0   0   0   0  25  29  11  10   0   0   6   0   0   7   5  0.21 0.08
   15 R     1   1   1   3  -3   1   1   0   0  -3  -2   1   1  -3  -2   0  -1  -3  -2  -2   18  11   7  21   0   8  11   5   2   0   0  10   7   0   0   0   0   0   0   0  0.25 0.07
   16 I     1  -3  -3  -4  -2  -3  -3  -3  -3   4   1  -3   2  -1  -3  -2  -1  -3  -2   3   16   0   0   0   0   0   0   0   0  45   6   0   6   0   0   0   0   0   0  27  0.43 0.13
   17 I    -2   2  -3  -4   5  -2  -3  -4  -3   3   1  -2   0  -1  -3  -2  -1  -3  -2   2    0  18   0   0  17   0   0   0   0  39  14   0   0   0   0   0   0   0   0  13  0.40 0.13
   18 Q    -1   1   1   1  -3   3   2   0   2  -2   0   2  -1  -3  -2   0   0  -3  -2  -2    0   5   4   6   0  18  15   5   6   0  12  17   0   0   0   5   5   0   0   0  0.22 0.07
   19 E     0   4  -2  -2  -3   0   0  -3  -1  -2   0   2   1   0  -3  -1  -2  -1   4  -2   10  31   0   0   0   0   6   0   0   0  10  12   7   0   0   0   0   0  25   0  0.34 0.12
   20 V     1  -3  -3  -3  -2  -2  -3  -3  -2   2   1  -2   0   3  -3   0  -1  -1   1   2   19   0   0   0   0   0   0   0   0  17  16   0   0  17   0   6   0   0   6  19  0.22 0.08
   21 E    -2  -1   1   2  -4   1   5  -3   3  -4  -3   0  -3   0  -2  -1  -2  -3  -1  -3    0   0   6   9   0   0  62   0  12   0   0   4   0   6   0   0   0   0   0   0  0.72 0.17
   22 E     1   1   1   2  -2   2   2   0  -1  -3  -3   0  -2  -3  -2   2  -1  -3  -2  -2   15  12   5  10   0  13  19   4   0   0   0   0   0   0   0  22   0   0   0   0  0.32 0.09
   23 N     0  -2   2  -1  -3   0  -2   5   2  -4  -4  -1  -3  -3  -2   1   0  -3  -2  -3    5   0  11   0   0   6   0  54   7   0   0   0   0   0   0  10   7   0   0   0  0.61 0.13
   24 P     0   1   2   0  -3   0   3  -1  -1  -3  -3   2  -2  -3   3   0   0  -3  -2  -2    7   5  17   0   0   0  27   4   0   0   1  14   0   0  18   0   5   0   0   0  0.40 0.09
   25 D     0   1   1   1  -2   0   1  -1   2  -2  -2   2  -1  -2  -1   2   1  -2  -1  -2    2   8   8   7   0   1   6   2   7   1   2  19   1   1   1  25   7   0   1   1  0.20 0.05
   26 L    -1   0  -1  -2  -1  -1  -1  -2  -1   1   1  -1   2   0   1   0  -1   4   0   0    3   7   1   2   1   1   2   2   1   8  19   2  15   5   7  12   2   7   1   2  0.11 0.04
   27 R     0   2   0  -1  -2   0   0   0  -1  -2  -2   2  -1  -2   1   2   1  -2  -2  -2    2  16   1   1   0   1   1   8   0   1   2  22   0   1   7  21  13   0   1   1  0.24 0.06
   28 K    -1   1  -1  -1  -3   5   1  -2  -1  -3  -2   4  -1  -3  -1  -1  -1  -2  -2  -2    1   1   1   1   0  46   1   1   0   1   2  38   0   1   1   1   1   0   1   1  0.64 0.15
   29 G     2  -1  -1  -1   2   1  -1   1  -1  -1   0   0  -1  -2  -1   1   0  -2  -2  -1   28   1   1   1   8  12   1  13   0   1  12   7   0   1   1  10   1   0   1   1  0.14 0.05
   30 E     0  -1   0   3  -3   2   4  -2  -1  -3  -3   0  -2  -3  -1   2  -1  -3  -2  -2    6   0   0  17   0   8  39   1   0   0   1   1   0   0   0  25   1   0   0   1  0.48 0.11
   31 I     0  -3  -4  -4  -2  -3  -3  -4  -4   3   3  -3   1  -1  -3  -2  -1  -3  -2   3    7   0   0   0   0   0   0   0   0  21  31   0   0   0   0   0   0   0   0  40  0.45 0.12
   32 A     4  -2  -2  -3   1  -2  -2   0  -2   1   0  -2   2  -2  -2   1   0  -3  -2   0   54   0   0   0   4   0   0   6   0  11   4   0  10   0   0   5   6   0   0   0  0.31 0.12
   33 R     0   4  -1   0  -3   1   2  -2  -1  -3  -3   3  -2  -3  -2   0  -1  -3  -2  -2    5  32   0   5   0   5  13   0   0   0   0  30   0   0   0   5   0   0   0   4  0.44 0.11
   34 R    -1   2  -1   2  -3   1   3  -2  -1  -2  -3   0  -2  -2  -2  -1  -2   7  -1  -3    6  16   0  16   0   7  25   0   0   4   0   0   0   0   0   0   0  25   0   0  0.65 0.14
   35 F    -3  -3  -4  -4  -3  -3  -4  -4  -1   1   1  -4   0   6  -4  -3  -3   0   4  -1    0   0   0   0   0   0   0   0   0  10  14   0   0  56   0   0   0   0  21   0  0.88 0.18
   36 N    -1  -2   2   3  -4   1   0   4  -2  -4  -4  -1  -3  -4  -3  -1  -2  -4  -3  -4    0   0  16  18   0  11   5  51   0   0   0   0   0   0   0   0   0   0   0   0  0.69 0.14
   37 I    -1  -3  -3  -4  -2  -3  -3  -4  -4   4   3  -3   1  -1  -3  -1  -1  -3  -2   3    0   0   0   0   0   0   0   0   0  34  29   0   0   0   0   5   0   0   0  32  0.47 0.12
   38 P     1  -2  -1  -2  -2  -1  -1   1  -2  -2   0   0  -1  -3   4   2   0  -3  -3  -2   10   0   0   0   0   0   0  12   0   0  13   4   0   0  29  27   5   0   0   0  0.47 0.11
   39 P    -1   1  -1  -1  -3   4   3  -1  -1  -1  -2   2   1  -3   2  -1  -1  -3  -2  -2    0   8   0   0   0  29  22   4   0   6   0  12   8   0  12   0   0   0   0   0  0.40 0.11
   40 S     0  -1   1  -1  -2   1  -1   1  -2  -3  -3   0  -2  -3   2   4   1  -3  -3  -3    0   0   7   0   0   8   0  11   0   0   0   6   0   0   9  53   7   0   0   0  0.45 0.13
   41 T    -1  -2   1  -2  -2   0  -2  -2  -2  -2  -2  -1  -2  -3  -2   2   6  -4  -3  -1    0   0   6   0   0   4   0   0   0   0   0   0   0   0   0  11  78   0   0   0  0.82 0.21
   42 L    -2  -3  -4  -4  -2  -3  -3  -4  -4   3   3  -3   1   1  -3  -3  -1  -3  -1   3    0   0   0   0   0   0   0   0   0  20  41   0   0   6   0   0   0   0   0  34  0.49 0.11
   43 S     0   3  -1  -2  -2  -1  -1  -2  -1  -3  -3   0  -2  -2  -2   4   0  -2   2  -2    6  26   0   0   0   0   0   0   0   0   0   0   0   0   0  55   0   0  13   0  0.52 0.16
   44 T    -1   2   0   3  -3   2   1   1  -1  -3  -3   0  -2  -3  -2   1   2  -3  -3  -2    0  15   0  24   0  13   5  15   0   0   0   0   0   0   0  11  18   0   0   0  0.34 0.09
   45 I    -2  -4  -4  -4  -2  -3  -4  -4  -4   5   1  -4   0   1  -4  -3  -2   7  -1   2    0   0   0   0   0   0   0   0   0  58   7   0   0   7   0   0   0  21   0   8  0.82 0.17
   46 L    -2   2  -3  -3   4  -1  -2  -3  -2   0   3   1   2  -1  -3  -2  -1  -3  -2   0    0  18   0   0  15   0   0   0   0   0  40  12   7   0   0   0   0   0   0   8  0.32 0.11
   47 K     1   0   2   1  -3   0   0  -2  -1  -3  -3   4  -2  -4  -2   1  -1  -4  -3  -3   14   0  12   6   0   0   0   0   0   0   0  54   0   0   0  14   0   0   0   0  0.48 0.14
   48 N     0   0   4   2  -3  -1  -1  -1   2  -3  -3  -1  -2  -3   0   2  -1  -4  -2  -1    8   7  38  11   0   0   0   0   8   0   0   0   0   0   5  19   0   0   0   6  0.39 0.11
   49 K    -2   2  -1  -1  -4   0   2  -3  -2  -4  -3   6  -2  -4  -2  -1  -2  -4  -3  -3    0   7   0   0   0   0  15   0   0   0   0  79   0   0   0   0   0   0   0   0  0.91 0.20
   50 R     0   0   1   1  -3   1   3  -2  -1  -3  -3   1  -2  -2   2   0   0  -2   1  -2    8   5   8   9   0   5  27   0   0   0   0   6   0   0  10   7   7   0  10   0  0.29 0.07
   51 A     0   1  -1   0  -3   2   1  -2  -1  -3  -1   4  -2  -3  -2   1   0  -3  -2  -2    5   3   0   4   0  13   4   0   0   0   6  49   0   0   0  10   7   0   0   0  0.39 0.11
   52 I    -2  -3  -4  -4  -2  -3  -3  -4  -2   3   3  -3   1   3  -4  -3  -2  -1   3   1    0   0   0   0   0   0   0   0   0  26  33   0   0  19   0   0   0   0  16   7  0.46 0.11
   53 L    -2   1  -3  -3  -3   0   0  -4  -2   1   3   0   2  -1  -3  -2  -2   3  -2   0    0  11   0   0   0   5   6   0   0  11  48   6   7   0   0   0   0   5   0   0  0.33 0.14
   54 A     1   1   2   3  -3   0   1  -2  -1  -3  -2   0  -2   2  -2   0   0  -2   0  -2   15   7  16  19   0   0  12   0   0   0   0   7   0  13   0   4   3   0   3   0  0.24 0.10
   55 S     0  -1   1   0   2  -1   0  -2  -1  -1   0   0   2   2  -2   1  -1  -1   1  -1    7   1  10   5   8   1   8   1   0   1   6   7  11  12   1  12   1   0   7   1  0.08 0.06
   56 E     0  -1  -1   1   2  -1   0  -2  -1   0  -1   0  -1   2  -1   1   0  -2  -1   1    8   1   1  10   6   1   6   1   0   1   2   8   0  14   1  13   6   0   1  19  0.07 0.05
   57 R     0   3   0  -1  -2   2   2  -2  -1  -2  -1   1  -1  -2  -2   0  -1   3  -2  -1    8  28   4   1   0  11  14   1   0   1   6   8   0   1   1   4   1   5   0   6  0.25 0.08
   58 K    -1   0  -1  -1   1   2   1  -2   2  -1  -1   2  -1  -2  -1   2   0  -2  -1  -1    1   1   1   1   5  12  12   1   8   7   6  16   0   1   1  27   1   0   0   1  0.19 0.09
   59 Y     2  -1  -1  -1  -2   1   1   1  -1  -1   0  -1  -1  -1  -2   2   0  -2   0  -1   20   1   0   1   0   6  12  10   0   1  16   1   0   0   1  24   1   0   6   1  0.15 0.09
   60 G     0   0   0   3  -2  -1   0   2  -2  -3  -3   1  -2  -3  -2   1   1  -3  -2  -2    7   7   0  23   0   0   1  21   0   1   1   8   0   0   1  16  13   0   0   1  0.29 0.09
   61 V     0  -2  -1   1  -2  -1   1  -2  -2  -1  -1  -1  -1   0   4   1   1  -3  -2   1    5   1   0   8   0   0  13   1   0   1   1   1   0   6  22  11   8   0   0  21  0.28 0.09
   62 A     2   1   0   2  -2  -1   0   1  -2  -1  -1   0   1   0  -2   0   0  -3  -2   0   26   8   3  14   0   0   4  11   0   0   6   5   7   4   0   0   7   0   0   5  0.10 0.07
   63 S     0   0   3  -1  -3   0   0   0   3  -3  -1  -1  -2  -3   3   1  -1  -4  -2  -3    8   6  26   0   0   4   5   5   9   0   8   0   0   0  17  12   0   0   0   0  0.35 0.13
   64 T     1   1  -1  -1  -2   0   1   0   1  -2   0   0  -1  -2  -2   0   2   3  -1  -1   15   7   0   0   0   0  16   8   5   0  12   7   0   0   0   5  17   5   0   0  0.14 0.08
   65 C    -1   1  -1   1   3   3   1  -1  -1  -1   0   2   1  -2  -2   0  -1  -3  -2  -2    0   7   0  10   9  22   5   4   0   5   8  15   6   0   0   6   0   0   0   0  0.20 0.10
   66 R    -2   6  -2  -3  -4  -1  -2  -4  -2   2  -2   0   2  -3  -3  -2  -2  -4  -3   0    0  71   0   0   0   0   0   0   0  18   0   0   6   0   0   0   0   0   0   5  0.92 0.26
   67 K    -2   4  -1   1  -4   0  -1  -3  -2  -1  -3   5  -2  -4  -2  -1   0  -4  -3  -2    0  24   0   8   0   0   0   0   0   6   0  56   0   0   0   0   6   0   0   0  0.67 0.21
   68 T     0   5  -1  -2  -3   0  -1  -3  -2  -3  -3   2  -2  -4   1   1   2  -4  -3  -2    6  49   0   0   0   0   0   0   0   0   0   9   0   0   7   8  21   0   0   0  0.61 0.19
   69 N    -2  -1   3  -2  -3  -1  -1  -3   4   0   1   2   3   1  -3  -1   0  -3  -1  -1    0   0  23   0   0   0   0   0  14   4  12  17  17   6   0   0   5   0   0   0  0.28 0.15
   70 K    -2   6   1  -2  -4   0  -1  -3   2  -4  -3   2  -2  -4  -3  -1   1  -4  -2  -3    0  59   7   0   0   0   0   0   7   0   0  13   0   0   0   0  13   0   0   0  0.82 0.22
   71 L     1  -2   1  -1  -2   0   0   1  -2  -2   0  -1  -1  -2   3   1   1  -3  -2  -1   10   0   6   0   0   5   5  11   0   0  18   0   0   0  17  15  12   0   0   0  0.24 0.09
   72 S     2  -2   0  -2  -2  -1  -1   0  -2  -3  -3  -1  -2  -3   5   2  -1  -3  -3  -2   27   0   5   0   0   0   0   6   0   0   1   0   0   0  31  26   0   0   0   0  0.65 0.16
   73 P    -1   0   0  -2  -3   0  -1  -2  -2  -1   0   4   1   0   2  -1   0  -3  -2   0    1   0   5   0   0   0   0   1   0   0  12  47   4   6  11   0   4   0   0   7  0.31 0.14
   74 Y    -2   1  -3  -3  -3  -2  -1  -3   0   0   1  -2   2   3  -3  -2  -2   0   6  -1    1   8   0   0   0   0   5   1   0   7  13   0   6  11   0   0   0   0  45   0  0.56 0.17
   75 D     2  -1  -1   2  -2   0   3   0  -1  -2  -3  -1  -2  -3   3   0   0  -3  -2  -2   22   1   1  11   0   1  27   6   0   1   1   1   0   0  15   6   6   0   0   1  0.36 0.10
   76 K    -1  -1  -1   3  -3   0   1   0   2   0   1   1  -1  -2  -2   0  -1  -3  -2  -1    0   0   0  22   0   0  13   6   7   5  23  14   0   0   0   7   0   0   0   0  0.17 0.09
   77 L    -2  -3  -4  -4  -2  -3  -4  -4  -3   2   3  -3   3   2  -4  -3  -2  -2  -1   2    0   0   0   0   0   0   0   0   0  15  46   0  13   8   0   0   0   0   0  18  0.53 0.15
   78 E    -3   2   0   5  -5   0   4  -3  -2  -4  -4  -1  -4  -4  -3  -1  -2  -5  -4  -4    0  12   0  54   0   0  34   0   0   0   0   0   0   0   0   0   0   0   0   0  1.02 0.24
   79 G    -1   3   1   0  -3   2   1   0  -1  -3  -1   3  -2  -3  -2  -1  -1  -3  -2  -2    5  21  10   5   0  13  11   6   0   0   8  22   0   0   0   0   0   0   0   0  0.31 0.11
   80 L     4   0  -3  -3  -2  -2  -2  -2  -3   2   1  -2  -1  -2  -2  -1  -1  -3  -2   2   52   6   0   0   0   0   0   0   0  12  12   0   0   0   0   0   0   0   0  17  0.36 0.16
   81 L    -2  -3  -4  -4  -2  -3  -3  -4  -4   1   4  -3   3  -1  -3  -3   0  -3  -2   3    0   0   0   0   0   0   0   0   0   0  59   0   8   0   0   0   8   0   0  25  0.58 0.18
   82 I     0  -2  -2  -3  -2   0  -2  -3  -1   2   1  -2   1   2  -3   0   0  -1   4   1    6   0   0   0   0   7   0   0   0  15  17   0   5  10   0   6   5   0  22   6  0.23 0.10
   83 A     0   0  -1   1   2   0   4  -2  -2  -2  -1  -1   1  -3   1   0  -1  -3  -3   0   11   5   0   5   5   0  43   0   0   0   6   0   5   0   8   5   0   0   0   6  0.33 0.13
   84 W    -4  -4   1  -5  -4  -4  -4  -4  -3  -4  -4  -4  -3  -1  -5  -4  -4  12   2  -5    0   0   8   0   0   0   0   0   0   0   0   0   0   0   0   0   0  86   6   0  3.17 0.46
   85 F    -2  -3  -3  -3  -3   0  -3  -4  -1   2   1  -3   0   4  -3  -3  -2   0   4   1    0   0   0   0   0   5   0   0   0  19  11   0   0  30   0   0   0   0  24   7  0.52 0.15
   86 Q    -1   2   1   1  -3   3   2  -2   2  -2   0   0  -1  -3  -2   0   1  -3  -2  -2    0  12   8   8   0  25  13   0   5   0  12   0   0   0   0   7  10   0   0   0  0.29 0.12
   87 Q    -2   0  -1   3  -3   4   1  -1  -1   1  -2  -1  -1  -2  -2  -1   0  -3   1   0    0   5   0  21   0  35   5   3   0  11   0   0   0   0   0   0   5   0   6   9  0.34 0.15
   88 I     1   0  -2  -2  -2   3  -1  -2  -2   1   1   1   2  -2  -2   0  -1  -3  -2  -1   16   4   0   0   0  26   0   0   0  11  18  12   6   0   0   7   0   0   0   0  0.21 0.12
   89 R    -1   4   1  -1  -3   3   0   0   1  -3  -1   1  -2  -3  -2   0   0  -3  -2  -3    0  32   5   0   0  22   4   8   5   0   7   4   0   0   0   6   6   0   0   0  0.37 0.13
   90 A     2  -2  -2  -2   2   1  -1   0  -2  -2  -1   0  -1  -2  -2   1   0   5  -1  -1   30   0   0   0   5  11   0   5   0   0   8   5   0   0   0  15   4  12   0   4  0.28 0.12
   91 A     0   1   1   1  -3   1   2  -2   1  -3  -2   2  -2  -3   1   1  -1  -3  -2  -2   11   6   7   9   0   5  17   0   5   0   5  20   0   0   6   8   0   0   0   0  0.25 0.08
   92 G     0  -3   4   2  -4  -2  -2   5  -2  -4  -4  -2  -3  -4  -3  -1  -2  -4  -4  -4    5   0  31  10   0   0   0  53   0   0   0   0   0   0   0   0   0   0   0   0  0.90 0.21
   93 L     0  -3  -1   0  -2  -2  -2  -1  -3   3   1  -3   0   1  -3  -2  -1   3  -1   2   11   0   4   6   0   0   0   5   0  31  10   0   0   8   0   0   0   5   0  19  0.20 0.10
   94 P    -1  -3  -3   0  -3  -2  -2  -3  -3  -3   0  -2  -2  -4   7  -2   1  -4  -4  -2    5   0   0   5   0   0   0   0   0   0  13   0   0   0  65   0  11   0   0   0  1.37 0.25
   95 V    -2  -3  -4  -4  -2  -3  -4  -4  -4   4   2  -3   0   1  -4  -3  -1  -3  -1   4    0   0   0   0   0   0   0   0   0  32  23   0   0   8   0   0   0   0   0  37  0.56 0.16
   96 K    -1   0   1  -1  -2  -1  -1  -2  -2  -3  -3   0  -2  -3  -2   4   4  -4  -3  -2    0   5   5   0   0   0   0   0   0   0   0   6   0   0   0  50  34   0   0   0  0.62 0.22
   97 G     1   0  -1  -2  -3   0  -2   5  -2  -4  -4  -2  -3  -4  -3   0   0  -3  -3  -3   14   6   0   0   0   6   0  61   0   0   0   0   0   0   0   7   5   0   0   0  0.76 0.18
   98 I     0  -2   0   0  -3  -1   1  -2  -2  -1  -3  -1  -2  -3   5   1   1  -4  -3  -1    6   0   5   4   0   0  11   0   0   6   0   0   0   0  39  11  12   0   0   5  0.65 0.15
   99 I     0  -2  -3  -2  -2  -1   1  -3  -3   3   1  -2   4  -1  -3  -2   0  -3  -2   2   11   0   0   0   0   0  13   0   0  32   6   0  22   0   0   0   5   0   0  10  0.31 0.15
  100 L    -2  -3  -4  -4   3  -3  -4  -4  -4   4   3  -3   2   2  -4  -3  -2  -3  -1   1    0   0   0   0   8   0   0   0   0  43  29   0   6   8   0   0   0   0   0   6  0.54 0.16
  101 K     0   2  -1  -2  -3   5   0  -3  -1   0  -1   3  -1  -3   1  -1  -2  -3  -3  -2    8  10   0   0   0  41   0   0   0   7   5  21   0   0   8   0   0   0   0   0  0.49 0.18
  102 E     0   1   1   1  -3   1   2  -2   1  -2   0   2  -1  -3  -2   0   0  -3  -2  -2   10   5   6   7   0   4  19   0   5   0  12  18   0   0   0   5   8   0   0   0  0.19 0.07
  103 K     1   1  -1  -2  -3   3   0  -2  -2  -3  -3   4  -2  -4  -2   0   1  -4  -3  -2   15   4   0   0   0  17   0   0   0   0   0  47   0   0   0   5  12   0   0   0  0.52 0.18
  104 A     6  -2  -3  -3  -2  -2  -2  -1  -3  -3  -3   1  -2  -4  -2   0  -1  -4  -3  -2   92   0   0   0   0   0   0   0   0   0   0   8   0   0   0   0   0   0   0   0  0.98 0.29
  105 L     0   0   1  -1  -3   1   3  -2  -1  -2   1   1  -1  -2  -2  -1   0  -3  -2  -2   10   4  10   0   0   7  28   0   0   0  23  12   0   0   0   0   4   0   0   0  0.23 0.11
  106 R     1   2   1   2  -3   0   2  -2  -1  -1  -2   0  -2   0  -2   1   0  -3  -2  -2   17  15   5  19   0   0  17   0   0   5   0   0   0   8   0   8   6   0   0   0  0.22 0.10
  107 I    -2  -3  -4  -4  -2  -3  -4  -4  -3   2   3  -4   0   5  -4  -3  -2  -1   0   1    0   0   0   0   0   0   0   0   0  17  41   0   0  35   0   0   0   0   0   7  0.65 0.18
  108 A     3  -3  -3  -4  -3   0  -3  -2  -2  -2  -2  -3  -2   4  -3  -2  -2   8   2  -2   38   0   0   0   0   6   0   0   0   0   0   0   0  22   0   0   0  27   7   0  0.90 0.23
  109 E    -2   3   2   1  -4   2   2  -2   3  -3  -3   1  -2  -3  -2   0   0  -3   0  -3    0  21  11   9   0  12  17   0  12   0   0   4   0   0   0   4   5   0   4   0  0.40 0.12
  110 E     0   2  -1  -1   1   2   3  -2  -1  -1  -2   3   0  -3  -2   0  -1  -3  -2  -2    8  12   0   0   5  12  24   0   0   5   0  23   5   0   0   6   0   0   0   0  0.32 0.12
  111 L    -2  -3  -4  -4  -2  -2  -3  -4   2   2   4  -3   5   1  -4  -3  -2  -2  -1   0    0   0   0   0   0   0   0   0   6  17  46   0  25   5   0   0   0   0   0   0  0.60 0.19
  112 G     0  -1   1  -2  -3   0  -2   4  -2  -4  -4  -2  -3  -3   4   0  -2  -3   0  -3    6   4   6   0   0   3   0  40   0   0   0   0   0   0  27   8   0   0   5   0  0.69 0.16
  113 M     0   0  -2  -2  -2   0   2  -1   1   1   1   0   3  -1  -2  -1  -1  -2   0   0    7   5   0   0   0   0  18   5   5  12  20   5  14   0   0   0   0   0   5   0  0.10 0.08
  114 D    -2  -2   1   2  -3   1   3  -3  -2  -2  -3  -1  -2  -4   4  -1   1  -4  -3   0    0   0   5  14   0   5  29   0   0   0   0   0   0   0  26   0  12   0   0   8  0.59 0.16
  115 D    -2   1   2   4  -4   0   4  -2  -1  -3  -4   1  -3  -4  -2  -1  -2  -4  -3  -1    0   6  14  35   0   0  33   0   0   0   0   7   0   0   0   0   0   0   0   6  0.63 0.16
  116 F    -3  -4  -4  -4   3  -4  -4   0  -3  -2  -1  -4  -2   7   0  -3  -3  -1   1  -2    0   0   0   0   8   0   0   9   0   0   0   0   0  78   6   0   0   0   0   0  1.18 0.27
  117 T    -1   0   2  -1  -2   1   1  -2   2  -1  -2   2  -1  -2  -2   1   0  -3  -2   1    1   1  14   1   0   5   7   1   7   1   1  22   0   0   1  10   7   0   0  22  0.17 0.08
  118 A     3  -2  -2  -2   2  -2  -2  -1  -2  -2  -2   0  -1   3   2   0  -1  -2   0  -1   45   1   0   1   6   0   1   1   0   1   1   9   0  22  10   1   1   0   0   1  0.34 0.13
  119 S     0  -2  -1  -2  -2  -1  -1  -2  -2  -4  -4   1  -3  -4  -2   6   0  -4  -3  -3    0   0   0   0   0   0   0   0   0   0   0   9   0   0   0  91   0   0   0   0  1.03 0.30
  120 N    -1   0   4  -1  -3   1  -1   0   2  -1  -1  -1  -1  -2  -3   0   0  -2   1  -1    4   7  36   0   0   6   0   8   5   6   6   0   0   0   0   4   5   0   9   5  0.23 0.11
  121 G    -1  -3  -2  -2  -4  -3  -3   6  -3  -5  -5   0  -4  -4  -3  -1  -3  -4  -4  -4    0   0   0   0   0   0   0  91   0   0   0   9   0   0   0   0   0   0   0   0  1.46 0.27
  122 W    -4  -5  -6  -6  -4  -4  -5  -4  -4  -4  -3  -5  -3  -1  -6  -5  -4  12   0  -5    0   0   0   0   0   0   0   0   0   0   0   0   0   0   0   0   0 100   0   0  3.79 0.45
  123 L    -2  -3  -4  -4   3  -3  -4  -4  -3   2   4  -3   1   3  -4  -3  -2  -2  -1   0    0   0   0   0   7   0   0   0   0   9  70   0   0  13   0   0   0   0   0   0  0.65 0.16
  124 D    -1   0   0   2  -3  -1   1  -2  -2  -1  -2  -1   1   0  -2   0   1   6  -1   0    0   7   5  17   0   0  12   0   0   0   0   0   7   5   0   9   9  14   0  13  0.26 0.09
  125 R    -2   6   1  -2  -4   0  -1   0  -1  -4  -3   2  -3  -4  -3  -2  -2  -4  -3  -4    0  74   9   0   0   0   0   6   0   0   0  11   0   0   0   0   0   0   0   0  1.01 0.22
  126 F    -3  -4  -4  -5  -4  -4  -4  -4  -3  -1  -1  -4   2   7  -5  -4  -3   6   2  -2    0   0   0   0   0   0   0   0   0   0   0   0   7  81   0   0   0  12   0   0  1.47 0.27
  127 R    -2   4  -1  -2  -4   2   0  -3  -1  -3  -2   5   2  -3  -2  -1  -2  -4  -3  -3    0  31   0   0   0   7   0   0   0   0   0  53   8   0   0   0   0   0   0   0  0.73 0.16
  128 R     0   3   1   1  -3   2   2  -2  -1  -3  -3   2  -2  -3  -2   0  -1  -3  -2  -3    9  28   6   6   0  10  16   0   0   0   0  20   0   0   0   6   0   0   0   0  0.41 0.09
  129 R    -2   7  -2  -3   3   0  -1  -3  -2  -4  -3   1  -3  -4  -3  -2  -2  -4  -3  -3    0  92   0   0   8   0   0   0   0   0   0   0   0   0   0   0   0   0   0   0  1.33 0.24
  130 R    -3   0   1  -2  -4  -1  -1  -3   8  -4  -3  -2  -2  -1  -3  -2  -2  -2   4  -4    0   4   8   0   0   0   0   0  71   0   0   0   0   0   0   0   0   0  17   0  1.24 0.20
  131 S     2  -1   3   0  -1   0   0   0  -1  -2  -3   0  -2  -3  -1   3   1  -3  -2  -2   25   0  26   0   0   0   0   0   0   0   0   0   0   0   0  49   0   0   0   0  0.36 0.02

                      K         Lambda
Standard Ungapped    0.1364     0.3203
Standard Gapped      0.0404     0.2670
PSI Ungapped         0.1320     0.3184
PSI Gapped           0.0404     0.2670
