
Last position-specific scoring matrix computed, weighted observed percentages rounded down, information per position, and relative weight of gapless real matches to pseudocounts
            A   R   N   D   C   Q   E   G   H   I   L   K   M   F   P   S   T   W   Y   V   A   R   N   D   C   Q   E   G   H   I   L   K   M   F   P   S   T   W   Y   V
    1 M    -1  -1  -2  -3  -2   0  -2  -3  -2   1   2  -1   6   0  -3  -2  -1  -2  -1   1    0   0   0   0   0   0   0   0   0   0   0   0 100   0   0   0   0   0   0   0  0.36 0.01
    2 R    -1   4   0  -1  -3   4   1  -2   0  -3  -2   2  -1  -3  -2   0  -1  -2  -2  -2    0  50   0   0   0  50   0   0   0   0   0   0   0   0   0   0   0   0   0   0  0.57 0.00
    3 G    -1  -2  -1  -2  -3  -2  -2   4   0  -2  -2  -2  -2   1  -3  -1  -2   1   5  -2    0   0   0   0   0   0   0  50   0   0   0   0   0   0   0   0   0   0  50   0  0.56 0.00
    4 K    -1   2   0  -1  -3   4   1  -2   0  -3  -2   4  -1  -3  -1   0  -1  -3  -2  -2    0   0   0   0   0  50   0   0   0   0   0  50   0   0   0   0   0   0   0   0  0.49 0.00
    5 A     2  -1   4   0  -1   0  -1   0   0  -2  -2   0  -2  -3  -1   1   0  -3  -2  -1   50   0  50   0   0   0   0   0   0   0   0   0   0   0   0   0   0   0   0   0  0.35 0.00
    6 A     3   0  -1  -1  -1   4   1  -1   0  -2  -2   0  -1  -3  -1   1   0  -2  -2  -1   50   0   0   0   0  50   0   0   0   0   0   0   0   0   0   0   0   0   0   0  0.34 0.00
    7 Q    -1   1   0   3  -3   4   1  -2   0  -3  -3   3  -1  -4  -1   0  -1  -3  -2  -3    0   0   0  21   0  38   0   0   0   0   0  40   0   0   0   0   0   0   0   0  0.48 0.03
    8 T     0  -1   2  -1  -2  -1  -1  -2  -2  -1   1  -1  -1  -2  -2   3   3  -3  -2  -1    0   0  11   0   0   0   0   0   0   0  20   0   0   0   0  36  33   0   0   0  0.30 0.08
    9 L    -2  -3  -4  -4  -2  -3  -4  -4  -3   3   3  -3   3   3  -4  -3  -2  -2   0   2    0   0   0   0   0   0   0   0   0  19  28   0  15  21   0   0   0   0   0  18  0.47 0.13
   10 S     1   0  -1  -2  -2  -1  -1   4  -2  -3  -3   1  -2  -3   1   2   0  -3  -3  -3    9   7   0   0   0   0   0  36   0   0   0   8   0   0   7  28   5   0   0   0  0.45 0.12
   11 E     0  -1   0   2  -3   2   4  -2  -1  -1  -3   1  -2  -3  -2   1   0  -4  -3  -2    4   0   4  10   0   7  43   0   0   5   0   6   0   0   0  14   7   0   0   0  0.44 0.13
   12 R    -2   6   2  -2  -4   0  -1  -3  -1  -4  -3   1   1  -4  -3  -2   0  -4  -3  -3    0  75  11   0   0   0   0   0   0   0   0   4   5   0   0   0   5   0   0   0  1.01 0.24
   13 L    -2  -4  -4  -4  -2  -3  -4  -5  -4   4   3  -3   1   1  -4  -3  -2  -3  -1   2    0   0   0   0   0   0   0   0   0  47  39   0   0   6   0   0   0   0   0   8  0.63 0.16
   14 K     0   4   1  -2  -4   0   1  -2  -1  -4  -3   5  -2  -4  -2  -1  -2  -4  -3  -3   11  25   5   0   0   0   7   0   0   0   0  51   0   0   0   0   0   0   0   0  0.65 0.18
   15 K     1   1  -1  -1  -3   2   2  -2   2  -2  -1   1  -1   1  -2   0   0  -1   3  -2   13   6   0   0   0  11  18   0   5   0   4  13   0   6   0   4   4   0  14   0  0.22 0.09
   16 R     2   3  -2  -3   3  -1  -2  -2   0  -1   1   1  -1   0  -2  -1  -1  -2   0  -1   23  23   0   0   9   0   0   0   3   0  20  13   0   6   0   0   0   0   3   0  0.21 0.11
   17 R    -2   6  -2  -3  -4  -1  -2  -4  -2  -2   1   0   1  -3  -3  -2  -2  -4  -3   0    0  73   0   0   0   0   0   0   0   0  16   0   4   0   0   0   0   0   0   7  0.89 0.23
   18 I     1   1  -1   1  -2   2   1  -2  -1   0  -1   2  -1  -3  -2   0   2  -3  -2  -1   19   6   0   7   0  11   8   0   0   8   4  20   0   0   0   0  16   0   0   0  0.19 0.09
   19 A     0   2   0  -1  -3   2   2  -2   1  -2  -1   2   1  -2  -2   0  -1   2  -2  -2   12  11   4   0   0   8  14   0   4   0   8  23   8   0   0   5   0   4   0   0  0.21 0.08
   20 L     1   0  -2  -2  -2   1   0  -3   0  -1   2   1   0   0  -2  -1   0  -2   0  -1   14   4   0   0   0   8   6   0   3   0  38  15   0   3   0   0   5   0   3   0  0.14 0.09
   21 K    -1  -1   4  -1  -4  -1  -2   5  -2  -2  -4   2  -3  -4  -3  -1  -2  -4  -3  -3    0   0  25   0   0   0   0  50   0   4   0  21   0   0   0   0   0   0   0   0  0.73 0.18
   22 M    -2  -2  -3  -3  -2  -2  -3  -3   1   2   3  -2   4   0  -3  -2  -2  -2   2   1    1   0   0   0   0   0   0   1   5   9  43   0  22   0   0   1   0   0  11   6  0.41 0.13
   23 T    -1   0   0   0  -2  -1  -1   0  -2  -2  -3   1  -2  -3  -2   2   5  -4  -3  -2    0   4   4   4   0   0   0   7   0   0   0  10   0   0   0  16  54   0   0   0  0.50 0.17
   24 Q    -2  -1  -2  -2  -5   8   0  -3  -1  -4  -4   0  -2  -5   1  -2  -2  -4  -3  -4    0   0   0   0   0  93   0   0   0   0   0   0   0   0   7   0   0   0   0   0  1.53 0.35
   25 T     1   2  -1  -1  -3   2   3  -2  -1  -3  -3   2  -2  -3  -2   1   1  -3  -2  -2   17  11   0   0   0   9  29   0   0   0   0  14   0   0   0  12   7   0   0   0  0.37 0.11
   26 E     0   0   0   2  -3   1   4  -2  -1  -3  -3   0  -2  -4  -2   0   1  -4  -3  -3    9   5   4   9   0   4  49   0   0   0   0   4   0   0   0   4  11   0   0   0  0.52 0.15
   27 L    -1  -3  -4  -4  -2  -3  -4  -4  -3   1   4  -3   3   2  -4  -3  -2  -2  -1   1    6   0   0   0   0   0   0   0   0   0  72   0   9   7   0   0   0   0   0   6  0.64 0.18
   28 A     5  -3  -2  -2  -2  -2   0   2  -3  -3  -3  -2  -2  -4  -2   0  -1  -4  -3  -2   78   0   0   0   0   0   6  16   0   0   0   0   0   0   0   0   0   0   0   0  0.75 0.22
   29 T     0   3  -1   3  -4   2   3  -2  -1  -3  -3   2  -2  -4  -2  -1   0  -4  -3  -3    6  21   0  18   0   8  26   0   0   0   0  17   0   0   0   0   4   0   0   0  0.49 0.13
   30 K     2   4  -2  -2  -3   0  -1  -2  -2  -3  -2   3   2   0  -2   0  -1  -3  -2  -2   23  29   0   0   0   0   0   0   0   0   0  31   9   5   0   4   0   0   0   0  0.42 0.15
   31 A     0  -3  -3  -3  -2  -2  -3  -3  -3   2   2  -3   1  -1  -3   0   0  -3  -2   3    8   0   0   0   0   0   0   0   0  17  32   0   0   0   0   6   7   0   0  30  0.32 0.11
   32 G    -1  -3   1  -2  -4  -2  -3   6  -3  -5  -5  -1  -4  -4  -3   0  -2  -4  -4  -4    0   0   6   0   0   0   0  84   0   0   0   4   0   0   0   6   0   0   0   0  1.26 0.23
   33 V    -1  -3  -3  -3  -2  -1  -3  -4  -3   3   1  -3   1   1  -3  -2   1  -3  -1   4    0   0   0   0   0   5   0   0   0  28   4   0   4   6   0   0  10   0   0  42  0.41 0.14
   34 K     0   0  -1   0  -2  -1  -1   0  -2  -3  -3   1  -2  -3  -2   4   3  -4  -3  -2    0   6   0   4   0   0   0   6   0   0   0   9   0   0   0  45  30   0   0   0  0.48 0.17
   35 Q    -2   3   1  -2  -4   4   0  -3   1  -3  -1   1  -1   1   1  -1  -2  -3  -1  -3    0  20  10   0   0  37   0   0   4   0   7   4   0  11   6   0   0   0   0   0  0.42 0.15
   36 Q    -1  -1   2  -1  -3   5   1  -2  -1  -3  -3   0  -2  -4   0   0   0  -3  -3   0    4   0  14   0   0  51   6   0   0   0   0   0   0   0   4   7   4   0   0   9  0.56 0.19
   37 S     2  -2   1  -2  -2   2  -1   0  -1  -2  -3  -1  -2  -2  -2   2   3  -3   1  -2   18   0   6   0   0  11   0   5   0   0   0   0   0   0   0  21  33   0   6   0  0.35 0.14
   38 I    -2  -4  -4  -4  -2  -3  -4  -5  -3   5   2  -4   0  -1  -4  -3  -2  -3   2   3    0   0   0   0   0   0   0   0   0  65  12   0   0   0   0   0   0   0   9  14  0.70 0.19
   39 Q    -1   0   2  -1  -2   3   0   0   1  -1  -2  -1  -2  -3  -2   2   1  -3  -2  -1    0   4  11   0   0  19   4   5   4   5   0   0   0   0   0  30  12   0   0   6  0.26 0.11
   40 L     0   2   3  -1  -3   3   0  -2  -1  -3  -2   3  -2   0  -2   0  -1  -3  -2  -2   10  12  21   0   0  18   0   0   0   0   4  24   0   6   0   6   0   0   0   0  0.32 0.12
   41 I    -3  -3  -4  -5  -3  -3  -4  -4  -2   2   2  -4   0   0  -4  -3  -3   8   5  -1    0   0   0   0   0   0   0   0   0  16  32   0   0   0   0   0   0  27  26   0  0.97 0.21
   42 E    -2   1  -2   0   2   0   6  -3  -2  -1  -3  -1  -3   0  -3  -1  -1  -4  -3  -3    0   7   0   0   5   0  73   0   0   6   0   0   0   5   0   0   4   0   0   0  0.78 0.23
   43 A     0   3   1  -2  -3   1  -1  -2  -1  -1  -1   3  -1  -3  -2   1  -1  -3  -2  -1    8  24   8   0   0   4   0   0   0   5   4  32   0   0   0   9   0   0   0   4  0.32 0.11
   44 G    -1   0  -1   0  -4  -2  -3   6  -3  -5  -5  -2  -4  -4  -3   0  -2  -4  -4  -4    0   6   0   6   0   0   0  84   0   0   0   0   0   0   0   4   0   0   0   0  1.24 0.23
   45 V    -1   3  -1   1  -3   0   2  -3  -1  -2  -3   3  -2  -3  -2   0   0  -3   0  -1    0  17   0  11   0   0  16   0   0   0   0  35   0   0   0   4   4   0   6   7  0.37 0.12
   46 T     2   2   2  -2  -2  -1  -1  -1  -1  -2  -2  -1  -2  -2  -2   2   2  -2   2  -2   31  16  11   0   0   0   0   0   0   0   0   0   0   0   0  14  16   0  11   0  0.30 0.13
   47 K     0   1   2   2   1   1   2  -2  -1  -3  -1   1  -2  -3  -2   0  -1  -3  -2  -2   10  11  12  16   4   8  18   0   0   0   6   8   0   0   0   7   0   0   0   0  0.26 0.08
   48 R    -1   2  -2  -2  -3   0  -2   1  -2  -4  -4  -1  -3  -4   6   2  -1  -4  -3  -3    0  13   0   0   0   4   0  12   0   0   0   0   0   0  53  19   0   0   0   0  1.09 0.20
   49 P     1   0   1   1  -2  -1  -1  -2  -2  -3  -3  -1  -2  -3   1   3   3  -4  -3  -2   11   6   4   9   0   0   0   0   0   0   0   0   0   0   8  33  29   0   0   0  0.40 0.14
   50 R    -1   3  -1   0  -3   1   1  -1  -1  -2  -1   2   0  -3  -2   1   0  -3  -2  -1    0  27   0   6   0   4  11   4   0   0   8  13   5   0   0  12   4   0   0   6  0.21 0.08
   51 F     0   1   2  -1  -2  -1  -1  -2  -1  -1  -1   1  -1   1  -2   0   2  -2   2   0    7  11  16   0   0   0   0   0   0   3   3  14   0   8   0   0  21   0  10   5  0.16 0.08
   52 L     0  -3  -3  -4  -2  -3  -3  -3  -3   2   4  -3   1  -1  -3  -2   0   3  -2   0   10   0   0   0   0   0   0   0   0   9  68   0   0   0   0   0   5   5   0   0  0.51 0.15
   53 F     0   0  -2  -3  -2   1  -1  -3  -1   1   1  -1   1   2   0  -1   0  -1   3   1   10   5   0   0   0  14   0   0   0   8  14   0   5  11   4   0   5   0  13  12  0.13 0.07
   54 E     0   1   1   1  -4   3   3  -2  -1  -4  -3   3  -2  -4  -2  -1  -1  -4  -3  -3    9   3   8   4   0  20  31   0   0   0   0  25   0   0   0   0   0   0   0   0  0.52 0.14
   55 I    -2  -4  -4  -4  -2  -4  -4  -5  -4   5   3  -4   1  -1  -4  -3  -2  -3  -2   1    0   0   0   0   0   0   0   0   0  57  43   0   0   0   0   0   0   0   0   0  0.77 0.19
   56 A     4  -2  -1  -2  -2  -1  -2  -1  -2  -3  -3  -2  -2  -3  -2   4   0  -4  -3  -2   54   0   0   0   0   0   0   0   0   0   0   0   0   0   0  46   0   0   0   0  0.72 0.21
   57 M     0   2   3   0  -3   2   2  -2  -1  -3  -3   2   0  -3  -2   1  -1  -3  -2  -3    8  12  19   0   0  10  18   0   0   0   0  20   4   0   0   9   0   0   0   0  0.36 0.10
   58 A     3  -2  -1  -2  -2  -2  -1  -2  -2   2   0   0  -1   0  -2  -1  -1  -3  -2   2   43   0   4   0   0   0   5   0   0  17   6   6   0   3   0   0   0   0   0  16  0.21 0.11
   59 L    -2  -3  -4  -4   2  -3  -4  -4  -3   0   4  -3   1   3  -4  -3   0  -2   1   0    0   0   0   0   5   0   0   0   0   0  69   0   0  14   0   0   7   0   6   0  0.58 0.16
   60 N     0   2   3   0  -3   1  -1   4  -2  -4  -4   0  -3  -4  -3  -1  -2  -4  -3  -4    4  14  18   5   0   9   0  47   0   0   0   4   0   0   0   0   0   0   0   0  0.60 0.14
   61 C     0  -3  -4  -4   4  -3  -3  -4  -3   2   0  -3   0  -1  -3  -2  -1  -3   1   5    5   0   0   0  13   0   0   0   0   6   0   0   0   0   0   0   0   0   7  69  0.61 0.18
   62 D     0   1   1   2  -2  -1   0  -1  -1  -3  -3  -1  -3  -4   1   4   0  -4  -3  -3    0  11   5  11   0   0   5   0   0   0   0   0   0   0   5  62   0   0   0   0  0.52 0.15
   63 P     1  -2  -2  -2  -2  -2  -2  -3   2   1   1  -2  -1  -2   5  -1   1  -3  -2   0   13   0   0   0   0   0   0   0   8  14  14   0   0   0  34   0  12   0   0   5  0.49 0.09
   64 V    -1  -2   0   4  -3  -1   2  -2   2  -1  -1  -1  -2  -3  -2   0   0  -4  -2   1    0   0   0  43   0   0  14   0   6   0   6   0   0   0   0   6   6   0   0  19  0.38 0.10
   65 W    -3  -3  -4  -4  -4  -2   0  -4  -1  -3  -2  -3  -2   2  -4  -3  -3  10   5  -3    0   0   0   0   0   0   8   0   0   0   0   0   0   6   0   0   0  56  30   0  1.88 0.23
   66 L    -2  -3  -4  -4  -2  -3  -4  -4  -3   1   5  -3   1   2  -4  -3  -2  -2  -1   0    0   0   0   0   0   0   0   0   0   6  82   0   0  12   0   0   0   0   0   0  0.69 0.14
   67 Q     2  -2  -3  -3  -2   1  -2  -2  -2   0   3  -2   1  -1  -2  -1  -1  -3  -2   1   29   0   0   0   0  13   0   0   0   0  48   0   0   0   0   0   0   0   0  10  0.26 0.09
   68 Y     0  -1   3  -1  -2  -1  -1   0  -1  -2  -2   2  -2   0  -2   0   3  -2   1  -2    7   0  21   0   0   0   0   8   0   0   0  19   0   7   0   0  32   0   6   0  0.24 0.08
   69 G    -1  -2  -1  -2  -3  -2  -2   6  -3  -4  -4   0  -3  -4   2  -1  -2  -3  -4  -4    0   0   0   0   0   0   0  83   0   0   0   8   0   0  10   0   0   0   0   0  1.09 0.14
   70 T    -1  -1   0   4  -3   0   3  -2  -1  -3  -3  -1  -2  -3  -2   0   3  -4  -3  -2    0   0   0  34   0   0  34   0   0   0   0   0   0   0   0   0  32   0   0   0  0.58 0.10
   71 K    -1   0   0   3  -4   1   4  -2  -1  -3  -3   2  -2  -3  -1   0  -1  -3  -2  -3    0   0   0  26   0   0  49   0   0   0   0  25   0   0   0   0   0   0   0   0  0.55 0.02

                      K         Lambda
Standard Ungapped    0.1309     0.3209
Standard Gapped      0.0385     0.2670
PSI Ungapped         0.1257     0.3165
PSI Gapped           0.0385     0.2670
