
Last position-specific scoring matrix computed, weighted observed percentages rounded down, information per position, and relative weight of gapless real matches to pseudocounts
           A  R  N  D  C  Q  E  G  H  I  L  K  M  F  P  S  T  W  Y  V   A   R   N   D   C   Q   E   G   H   I   L   K   M   F   P   S   T   W   Y   V
    1 G    1 -2  0 -1 -2 -1 -2  5 -2 -3 -3 -1 -2 -3 -2  1 -1 -3 -3 -2   15   0   0   0   0   0   0  69   0   0   0   0   0   0   0  16   0   0   0   0  0.66 0.00
    2 S    0 -1  0 -1 -1 -1 -1 -1  0 -2 -2 -1 -1  0 -1  3  1  0  4 -2    0   0   0   0   0   0   0   0   0   0   0   0   0   0   0  70   0   0  30   0  0.35 0.01
    3 R    2  1 -1 -1 -2  1  2 -1 -1  0 -1  2 -1 -2 -1  0 -1 -3 -2  0   29   9   0   0   0   0  18   0   0  14   0  30   0   0   0   0   0   0   0   0  0.17 0.00
    4 G    0 -2  0  2 -2 -1 -1  4 -2 -3 -3 -1 -2 -3 -2  2  1 -3 -3 -2    0   0   0  16   0   0   0  46   0   0   0   0   0   0   0  29   9   0   0   0  0.45 0.01
    5 S    1 -1  0 -1 -1 -1  0 -1 -1  0 -2 -1 -1 -2  1  4  1 -3 -2 -1    0   0   0   0   0   0   5   0   0  13   0   0   0   0   5  76   0   0   0   0  0.37 0.05
    6 G   -1 -2  4  2 -3 -1 -1  4 -1 -4 -4 -1 -3 -2 -2  0 -1 -2  1 -3    0   0  32  13   0   0   0  44   0   0   0   0   0   0   0   0   0   0  11   0  0.53 0.04
    7 I   -1 -3 -4 -4 -2 -3 -4 -4 -4  4  2 -3  1 -1 -3 -3 -1 -3 -2  3    0   0   0   0   0   0   0   0   0  62  13   0   0   0   0   0   0   0   0  24  0.50 0.06
    8 V   -1  2 -2 -2 -2  0  1 -3 -2  1 -1  2  0 -2 -2  0 -1 -3  0  2    0  12   0   0   0   0   9   0   0   8   0  18   2   0   0   9   0   0   3  37  0.14 0.05
    9 P   -2 -3 -3 -3 -3 -2 -2 -3 -3  0  1 -2 -1 -3  7 -2 -2 -4 -3  0    0   0   0   0   0   0   0   0   0   4  18   0   0   0  69   0   0   0   0   9  1.37 0.14
   10 Q   -1  2  3  0 -3  2  2 -2  1 -2 -3  2 -2 -3 -2  0  0 -4 -2  0    1  13  17   1   0  11  16   0   4   0   0  16   0   0   0   1   8   0   0  11  0.29 0.09
   11 L   -2 -4 -5 -5 -2 -4 -4 -5 -4  6  2 -4  0 -1 -4 -3 -2 -4 -2  3    0   0   0   0   0   0   0   0   0  64  20   0   0   0   0   0   0   0   0  17  0.82 0.20
   12 Q   -1  1 -1 -1 -4  5  4 -3  2 -4 -3  0 -2 -4 -2 -1  1 -4 -3 -2    5   6   0   0   0  32  41   0   5   0   0   0   0   0   0   0  10   0   0   2  0.67 0.19
   13 N   -3 -2  8  0 -5 -2 -2 -2 -1 -5 -5 -2 -4 -5 -4 -1 -2 -6 -4 -5    0   0 100   0   0   0   0   0   0   0   0   0   0   0   0   0   0   0   0   0  1.89 0.35
   14 I   -2 -4 -5 -5 -2 -4 -4 -5 -5  6  0 -4  0 -2 -4 -3 -2 -4 -3  4    0   0   0   0   0   0   0   0   0  62   0   0   0   0   0   0   0   0   0  38  0.96 0.23
   15 V   -2 -4 -5 -5 -2 -4 -4 -5 -5  2 -1 -4 -1 -2 -4 -3 -2 -4 -3  6    0   0   0   0   0   0   0   0   0   5   0   0   0   0   0   0   0   0   0  95  1.18 0.28
   16 S    4 -3 -2 -3  3 -2 -2  0 -3 -2 -3 -2 -2 -3 -2  3 -1 -4 -3  0   58   0   0   0   6   0   0   5   0   0   0   0   0   0   0  24   0   0   0   7  0.58 0.18
   17 T   -1 -2 -1 -2 -2 -2 -2 -2 -3 -2 -3 -2 -2 -3 -2  4  4 -4 -3  1    0   0   0   0   0   0   0   0   0   0   0   0   0   0   0  53  37   0   0  10  0.73 0.22
   18 V    1 -3 -2 -3 -2 -3 -3 -1 -3  0 -1 -3 -1  2 -3  0  3 -3 -1  4   10   0   0   0   0   0   0   5   0   0   0   0   0  14   0   3  27   0   0  42  0.36 0.15
   19 N   -1  2  3  3 -3  1  0  0 -1 -3 -3  1 -3 -4 -2  1  0 -4 -3 -3    1  13  23  26   0   7   2   5   0   2   0   6   0   0   0   9   6   0   0   0  0.41 0.11
   20 L    0 -3 -4 -4 -2 -3 -4 -4 -4  2  4 -3  1 -1 -4 -2  1 -3 -2  1    6   0   0   0   0   0   0   0   0  15  66   0   1   0   0   0  10   0   0   2  0.57 0.16
   21 G    1  1  0  1  2 -1 -1  4 -2 -3 -3  0 -3  0 -3  0 -2 -3 -2 -3   14  10   4  10   6   0   3  41   0   0   0   3   0   7   0   4   0   0   0   0  0.39 0.11
   22 C    0  0 -1  0  6  2  1 -1 -2  0 -2  0 -2 -3 -3 -1  1 -3 -3  0    4   6   2   4  28  14  10   3   0   5   0   4   0   0   0   0  11   0   0   9  0.35 0.12
   23 K   -2  1  2  3 -4  2  3 -2  4 -4 -4  1 -3 -4 -2  0  0 -4 -2 -3    0   5   9  16   0   7  28   0  13   0   0  10   0   0   1   6   6   0   0   0  0.46 0.12
   24 L   -2 -3 -4 -5 -2 -3 -4 -5 -4  3  4 -4  1  2 -4 -3 -2 -3 -1  2    0   0   0   0   0   0   0   0   0  17  65   0   0   8   0   0   0   0   0  10  0.69 0.17
   25 D   -1 -3  4  6 -4 -1  1 -2 -2 -4 -5 -2 -4 -5  1 -1 -2 -5 -4 -3    5   0  22  61   0   0   4   0   0   0   0   0   0   0   6   0   0   0   0   1  1.01 0.21
   26 L   -3 -4 -5 -5 -3 -4 -4 -5 -4  2  5 -4  1 -1 -4 -4 -2 -3 -2  1    0   0   0   0   0   0   0   0   0   6  89   0   0   0   0   0   0   0   0   5  0.97 0.22
   27 K   -2  3  1  2 -4  2  3 -3 -1 -3 -3  3 -2 -3 -1  0  0 -3 -1 -3    0  17   5  12   0   6  24   0   0   0   0  23   0   0   1   4   4   0   3   1  0.43 0.11
   28 T    0  1 -1 -1 -3  1  1 -2 -1 -1  0  2  0 -1  0  0  1 -2  0 -1    8   9   1   2   0   8   7   0   0   1  10  25   1   1   5   4  10   0   6   2  0.15 0.06
   29 I   -1 -4 -4 -4  1 -3 -4 -4 -4  5  2 -3  2 -1 -4 -3 -2 -3 -2  3    4   0   0   0   3   0   0   0   0  50  14   0   6   0   0   0   0   0   0  24  0.60 0.16
   30 A    4 -2 -1  0 -2 -1  2  0 -2 -1 -2 -1 -2 -3 -2  2 -1 -4 -3  0   51   0   2   3   0   0  16   3   0   4   3   0   0   0   0  13   0   0   0   4  0.36 0.14
   31 L   -1  0 -1  1 -2  0  0 -3 -2  0  2 -1  2 -2 -1  1  1 -3 -2  0    0   7   0  10   0   2   8   0   0   0  34   0   6   0   1  15   8   0   0   8  0.15 0.09
   32 R    0  2  0  1 -3  1  2  0  2  0 -2  0 -1 -3 -2  1 -1 -3 -2 -1    8  15   1  10   0   6  13   6   7  11   2   4   0   0   0  14   0   0   0   2  0.15 0.06
   33 A    1 -3 -3 -3  2 -2 -3  0 -3  2  2 -2  2  0 -3 -1  0 -3 -2  1   19   0   0   0   7   0   0  10   0  14  31   0   6   2   0   0   7   0   0   3  0.21 0.09
   34 R   -1  3 -1  1 -4  0  2 -3 -2 -3 -1  1 -2 -4  4 -1  0 -4 -3 -3    3  27   0   9   0   2  17   0   0   0   8   4   0   0  25   0   5   0   0   0  0.53 0.13
   35 N   -2 -2  6  0 -4  0 -2  3  0 -4 -4 -2 -2 -3 -3 -1 -1 -4  0 -4    0   0  54   3   0   3   0  29   1   0   0   0   1   0   0   1   1   0   5   0  0.84 0.20
   36 A    4 -3 -2 -3 -2 -2 -2  0 -3 -1 -2 -2 -2 -3 -2  2  0 -4 -3  2   56   0   0   0   0   0   0   3   0   2   0   0   0   0   0  20   1   0   0  18  0.51 0.17
   37 E   -2 -1 -1  2 -4  0  6 -3 -2  0 -3  1 -2 -4 -3 -2 -2 -4 -3  0    0   0   1   8   0   0  66   0   0  10   0   7   0   0   0   0   0   0   0   8  0.75 0.20
   38 Y   -4 -4 -4 -5 -4 -3 -4 -5  0 -3 -3 -4 -3  2 -5 -4 -4  0  9 -3    0   0   0   0   0   0   0   0   0   0   0   0   0   4   0   0   0   0  96   0  2.17 0.38
   39 N   -3 -1  6  3 -4 -1  2 -2 -1 -4 -5  1 -3 -4 -3  0 -1 -5 -3 -4    0   0  55  18   0   0  13   0   0   0   0  11   0   0   0   2   0   0   0   0  0.90 0.21
   40 P   -2 -1 -3 -3 -4 -2 -2 -3 -3 -4 -3  1 -3 -4  8 -2 -2 -5 -4 -4    0   3   0   0   0   0   0   0   0   0   2   8   0   0  82   0   0   0   0   0  1.98 0.27
   41 K   -1  1  0  1 -4  1  4  0 -1 -4 -4  3 -3 -4 -2  1 -1 -4 -3 -3    0   6   2   7   0   2  37   9   0   0   0  25   0   0   0  10   1   0   0   1  0.47 0.13
   42 R   -2  3  1  1 -4  4  2 -2 -1 -4 -3  2 -2 -4 -2  0 -1 -3 -3 -3    0  24   6   8   0  31  10   0   0   0   0  13   0   0   0   7   0   0   0   0  0.54 0.14
   43 F   -3 -4 -5 -5 -4 -5 -5 -5 -3  0 -1 -5 -1  8 -5 -4 -3 -1  3  1    0   0   0   0   0   0   0   0   0   5   0   0   0  81   0   0   0   0   5  10  1.42 0.27
   44 A    2 -1  0 -2 -3 -2 -2  0  1 -4 -4 -2 -3 -4  7 -1 -2 -5 -3 -3   19   2   5   0   0   0   0   9   5   0   0   0   0   0  57   3   0   0   0   0  1.20 0.21
   45 A    2 -2 -2 -2 -3 -2 -3  6 -3 -4 -4  1 -3 -4 -3 -1  0 -4 -4 -3   19   0   0   0   0   0   0  66   0   0   0  10   0   0   0   0   5   0   0   0  0.94 0.19
   46 V   -1 -3 -4 -4 -2 -3 -4 -4 -4  2  4 -3  2 -1 -4 -3 -2 -3 -2  3    2   0   0   0   0   0   0   0   0   7  51   0   6   0   0   0   0   0   0  34  0.61 0.16
   47 I   -2 -4 -4 -4 -2 -4 -4 -5 -4  5  1 -4  0 -1 -4 -3 -2 -3  1  4    0   0   0   0   0   0   0   0   0  51  10   0   0   0   0   0   0   0   5  34  0.72 0.18
   48 M   -2 -3 -4 -5  4 -3 -4 -4 -2  1  1 -3  6  2 -4 -3 -2 -1  5  0    0   0   0   0  13   0   0   0   0   7   9   0  31   6   0   0   0   0  29   5  0.70 0.20
   49 R   -3  7 -2 -3 -5  0 -1 -4  0 -5 -4  3 -3 -4 -3 -2 -3 -4 -3 -4    0  78   0   0   0   0   0   0   2   0   0  20   0   0   0   0   0   0   0   0  1.36 0.27
   50 I   -2 -3 -4 -4 -2 -3 -4 -1 -4  3  4 -3  1  1 -4 -3  0 -3 -2  1    0   0   0   0   0   0   0   6   0  24  52   0   2   5   0   0   7   0   0   3  0.46 0.13
   51 R   -1  3  1  2 -3  2  2 -2  0 -3 -1  1 -2 -3 -2  1  0 -4 -2 -3    0  27   6  11   0  11  15   0   2   0   6   6   0   0   0  11   3   0   0   0  0.35 0.10
   52 E   -2 -1  1  4 -4  0  4 -2 -2 -4 -4  2 -3 -4 -2  1 -1 -4 -3 -3    0   0   7  35   0   2  30   0   0   0   0  16   0   0   0  10   0   0   0   1  0.66 0.16
   53 P   -2 -3  0 -3 -4 -3 -2 -3 -3 -2 -4 -2 -4 -4  8 -2 -2 -5 -4 -3    0   0   5   0   0   0   0   0   0   3   1   0   0   0  86   0   0   0   0   0  2.11 0.29
   54 R   -2  4 -1 -2 -4  1 -1  0 -2 -4 -4  5 -3 -4 -3  0 -2 -4 -3 -4    0  22   0   0   0   5   0   8   0   0   0  58   0   0   0   6   0   0   0   0  0.78 0.20
   55 T    1 -3 -2 -3  4 -2 -2 -3 -3  1 -1 -2 -1 -3  0  1  3 -4 -3  2   10   0   0   0  14   0   0   0   0  12   0   0   0   0   5  12  29   0   0  18  0.35 0.13
   56 T    3 -2 -2 -3 -2 -2 -2 -2 -3 -2 -1 -2 -2 -3 -2  1  4 -4 -3  0   40   0   0   0   0   0   0   0   0   0   5   0   0   0   0   8  44   0   0   3  0.57 0.19
   57 A    4 -3 -3 -3 -2 -2 -2 -2 -3  0  1 -2 -1  2 -2  0  0 -3 -1  1   53   0   0   0   0   0   0   0   0   5  13   0   0  14   0   1   5   0   0   9  0.37 0.15
   58 L   -2 -3 -4 -4 -3 -3 -4 -5 -4  0  5 -3  1 -1 -4 -1  1 -3 -2 -1    0   0   0   0   0   0   0   0   0   0  86   0   0   0   0   3  11   0   0   0  0.84 0.22
   59 I   -3 -4 -5 -5 -3 -4 -5 -5 -5  6  0 -4  0 -2 -4 -4 -2 -4 -3  3    0   0   0   0   0   0   0   0   0  82   0   0   0   0   0   0   0   0   0  18  1.12 0.25
   60 F   -4 -4 -5 -5 -4 -5 -5 -5 -3 -2 -1 -5 -2  8 -5 -4 -4  5  3 -3    0   0   0   0   0   0   0   0   0   0   0   0   0  86   0   0   0  10   5   0  1.76 0.31
   61 S    1  4 -1 -1 -3  0 -1 -1  0 -3 -3  2 -2 -4 -2  2  1 -4 -3 -2   16  31   0   2   0   2   0   4   2   0   0  12   0   0   0  25   6   0   0   0  0.40 0.13
   62 S    0 -2  1 -2 -3 -2 -2 -2 -2 -4 -4 -2 -3 -4 -2  6  1 -4 -3 -3    0   0   5   0   0   0   0   0   0   0   0   0   0   0   0  89   6   0   0   0  1.09 0.29
   63 G   -1 -4 -2 -3 -4 -3 -4  7 -4 -6 -5 -3 -4 -5 -4 -2 -3 -4 -5 -5    0   0   0   0   0   0   0 100   0   0   0   0   0   0   0   0   0   0   0   0  1.82 0.30
   64 K   -2  2 -2 -2 -5  0 -1 -3 -2 -4 -4  7 -3 -5 -3 -2 -2 -5 -4 -4    0   5   0   0   0   0   0   0   0   0   0  95   0   0   0   0   0   0   0   0  1.40 0.31
   65 M   -1 -3 -4 -4 -2 -3 -4 -4 -3  3  2 -3  6 -1 -4 -3 -2 -3  1  3    2   0   0   0   0   0   0   0   0  19  18   0  33   0   0   0   0   0   5  23  0.58 0.17
   66 V   -2 -4  1 -4 -2 -3 -4 -4 -4  3  0 -3  2 -2 -4 -3 -1 -4 -3  5    0   0  10   0   0   0   0   0   0  17   0   0   5   0   0   0   0   0   0  68  0.71 0.21
   67 C   -2 -5 -4 -5  9 -4 -5 -4 -5  2 -1 -4 -2 -3 -4 -3 -2 -4 -4  2    0   0   0   0  66   0   0   0   0  13   5   0   0   0   0   0   0   0   0  16  1.58 0.28
   68 T    0 -3 -2 -3 -2 -2 -3 -3 -3 -2 -2 -2 -2 -4 -3  0  7 -4 -3 -2    6   0   0   0   0   0   0   0   0   0   1   0   0   0   0   0  93   0   0   0  1.28 0.31
   69 G   -1 -4 -2 -3 -4 -3 -4  7 -4 -6 -5 -3 -4 -5 -4 -2 -3 -4 -5 -5    0   0   0   0   0   0   0 100   0   0   0   0   0   0   0   0   0   0   0   0  1.82 0.30
   70 A    5 -3 -3 -3  2 -2 -2  0 -3 -3 -3 -2 -2 -4 -2  0  1 -4 -3 -2   81   0   0   0   5   0   0   3   0   0   0   0   0   0   0   3   8   0   0   0  0.84 0.23
   71 K   -1  2 -2 -2 -4  1 -1 -3 -2 -4 -4  6 -3 -4 -2 -1  1 -4 -3 -3    5  10   0   0   0   2   0   0   0   0   0  73   0   0   0   0  10   0   0   0  0.90 0.23
   72 S   -1 -2  3 -1  1 -1 -2 -2 -2 -4 -4 -2 -3 -4 -2  5  2 -4 -3 -3    0   1  16   0   3   0   0   0   0   0   0   0   0   0   0  71  10   0   0   0  0.83 0.24
   73 E   -1  0 -2 -1 -3  0  3 -3 -2  2 -1  1  1 -2  1 -1  1 -4 -2  2    0   3   0   0   0   0  31   0   0  16   1  11   5   0   6   0   8   0   0  18  0.25 0.11
   74 E   -1 -1  0  4 -4  1  5 -2 -1 -3 -4  0 -3 -4 -2 -1 -2 -4 -3 -3    2   1   3  33   0   5  46   1   1   2   0   5   0   0   0   0   0   0   0   0  0.77 0.18
   75 Q   -1 -2  1  5 -4  2  3 -2 -1 -4 -4 -1 -3 -4 -2  0 -2 -5 -4 -4    4   0   5  51   0   8  25   0   1   0   1   0   0   0   0   5   0   0   0   0  0.83 0.18
   76 S    2 -2 -2 -2 -2 -2 -2 -2 -2  1  1 -2 -1 -2 -2  3  0 -3  0  2   23   0   0   0   0   0   0   0   0   5  19   0   0   0   0  32   0   0   3  17  0.25 0.12
   77 R   -2  3 -1 -1 -4  0  1 -3  5  1 -2  3 -2 -3 -3 -2 -2 -4 -1 -1    0  23   2   3   0   1   6   0  20  12   0  29   0   0   0   0   0   0   0   4  0.45 0.14
   78 L   -1  1 -1  0 -2  0  1 -3  0  1  2  0  1  0 -2 -1  0 -2 -1  0    3   8   2   5   0   1  11   0   2  13  27   7   5   4   0   3   5   0   0   3  0.08 0.05
   79 A    4 -2 -2 -2 -2 -2 -2  2  2 -1 -2 -2 -2 -3 -2  0  0 -3 -2  0   55   0   0   0   0   0   0  17   6   2   0   0   0   0   0   4   6   0   0   9  0.44 0.15
   80 A    2 -2  0 -2  2 -1  1 -1 -2  2  0 -2  0 -2 -2  0 -1 -3 -2  1   24   0   5   0   5   0  11   2   0  20  10   0   0   0   0   8   0   0   0  14  0.13 0.08
   81 R    0  5  0 -1 -4  0  1 -1  0 -3 -3  3 -2 -2 -3  0 -1 -3 -1 -3    8  43   5   1   0   0   7   5   1   1   0  20   0   2   0   4   2   0   1   0  0.47 0.13
   82 K   -1  3  1 -2 -4  0  0 -3 -2  1 -2  4 -1 -3 -2 -1 -1 -4 -3 -1    3  19   8   0   0   1   5   0   0  11   1  45   1   0   0   0   2   0   0   3  0.43 0.14
   83 Y   -2 -1 -3 -4 -2 -3 -3 -4 -2  3  2 -3  1  2 -4 -3 -1 -1  4  2    0   3   0   0   0   0   0   0   0  20  29   0   3   7   0   0   4   0  21  12  0.39 0.12
   84 A    4 -2 -3 -3 -2 -2 -1 -2  2  1  0 -1  0  1 -2 -1 -1 -3 -1  1   49   0   0   0   0   0   3   0   6  10   7   2   1   8   0   0   0   0   0  13  0.28 0.13
   85 R   -2  4  1  2 -4  1  1  0 -1 -2 -1  3 -2 -3 -3 -1 -2 -4 -3 -3    0  31   5  15   0   3   6   6   0   2   6  26   0   0   0   0   0   0   0   0  0.42 0.12
   86 V   -1 -2 -1  0  2 -1  0 -3 -2  3  1  1  2 -1 -3 -1  0 -3 -1  1    2   0   1   5   7   0   7   0   0  27   8  13  11   0   0   3   5   0   1  10  0.14 0.08
   87 V   -2  0 -4 -4 -2 -3 -2 -4 -3  3  4 -3  2  0 -4 -3 -2 -3 -2  1    0   6   0   0   0   0   3   0   0  22  55   0   3   2   0   0   0   0   0   8  0.51 0.14
   88 Q    0  3  2  0 -4  5  0 -2 -1 -4 -3  4 -2 -4 -2 -1 -2 -4 -3 -3    7  15  10   2   0  34   0   0   0   0   0  30   0   0   0   1   0   0   0   0  0.62 0.17
   89 K   -2  1 -1  2 -4  0  2  0 -2 -1 -3  4 -2 -4 -2  0 -1 -4 -3 -3    0   3   0  16   0   0  13   6   0   5   0  46   0   0   0   8   3   0   0   0  0.46 0.14
   90 L    1 -3 -3 -4  1 -2 -3 -3  0  3  3 -3  2 -1 -3 -2 -2 -3  0  1   14   0   0   0   3   2   0   0   3  20  46   0   5   0   0   0   0   0   3   5  0.35 0.12
   91 G    0 -3 -1  0 -1 -2 -2  6 -3 -4 -4 -1 -3 -4 -3 -1 -1 -4 -4 -4    6   0   1   7   2   1   1  73   0   0   0   2   0   0   0   1   5   0   0   0  1.00 0.19
   92 F   -1 -3 -3 -1  1 -3 -3  0 -2  3  0 -3  1  4 -3 -2 -2 -1  2  1    3   0   0   5   3   0   1   7   0  27   2   0   6  31   0   1   0   0   6   7  0.29 0.10
   93 P   -1 -1  1  2 -3  1  0 -1 -1 -3 -3  2 -2 -3  5  0  0 -3 -2 -2    5   1   5  15   0  10   4   3   0   1   1  16   0   1  28   3   6   0   0   1  0.48 0.09
   94 A    1 -2 -1 -2  2 -1  0 -1 -1  1 -1  0 -1 -1 -2  0  0 -3 -2  3   18   0   3   0   7   0   8   2   2   2   1   6   0   2   0   5   5   0   0  38  0.15 0.09
   95 K   -2  1 -1  2 -4  0  2 -2  0  0 -3  4 -2 -3  0 -1 -1 -4 -3 -2    0   7   0  11   0   2  16   2   2  10   0  43   0   0   4   1   1   0   0   0  0.40 0.13
   96 F   -2 -2  1  1 -3 -2 -1 -3 -2  1 -1 -2 -1  6 -1 -2 -2 -1  2 -1    1   2   8  12   0   0   3   0   0  11   3   2   0  50   2   1   0   0   4   0  0.50 0.15
   97 L    0  0  0  0  2 -1 -1 -2  0  0  0  0  1 -1  2  0  2 -3 -2  0    3   7   2   5   6   1   2   1   3   6  11   6   5   1  12   6  19   0   0   4  0.11 0.05
   98 D   -2 -1  2  4 -4  2  4 -2  0 -4 -4  0 -3 -4  2 -1 -2 -4 -3 -3    0   2   8  31   0  13  30   0   2   0   0   2   0   0   9   0   0   0   0   0  0.64 0.14
   99 F   -2 -4 -4 -4 -3 -4 -4 -4 -3  4  0 -4  0  5 -4 -3 -2 -2  1  3    0   0   0   0   0   0   0   0   0  33   0   0   0  40   0   0   0   0   2  22  0.73 0.18
  100 K   -1  1  0  1 -3  2  1 -2  2 -2 -3  4 -1 -3 -2 -1  1 -3 -2 -1    0   2   4   7   0   8   6   0   6   3   1  46   1   0   0   2  10   0   0   4  0.37 0.12
  101 I   -2 -4 -4 -5 -2 -4 -4 -5 -5  5  0 -4  0 -2 -4 -3 -2 -4 -3  5    0   0   0   0   0   0   0   0   0  43   2   0   0   0   0   0   0   0   0  55  0.88 0.21
  102 Q   -2  1 -2 -2 -4  7  2 -4 -1 -3 -3  0 -2 -5 -3 -2 -2 -4 -3  0    0   6   0   0   0  74  10   0   0   0   0   0   0   0   0   0   0   0   0  10  1.14 0.28
  103 N   -3 -2  8  0 -5 -2 -2 -2 -1 -5 -5 -2 -4 -5 -4 -1 -2 -6 -4 -5    0   0 100   0   0   0   0   0   0   0   0   0   0   0   0   0   0   0   0   0  1.89 0.35
  104 M   -2 -4 -4 -5 -2 -3 -4 -5 -4  6  0 -4  5 -1 -4 -3 -2 -4 -3  3    0   0   0   0   0   0   0   0   0  61   0   0  21   0   0   0   0   0   0  18  0.89 0.22
  105 V   -2 -4 -4 -5 -2 -4 -4 -5 -5  2  1 -4  0 -2 -4 -3 -2 -4 -3  6    0   0   0   0   0   0   0   0   0   5  10   0   0   0   0   0   0   0   0  86  0.98 0.24
  106 G    4 -3 -2 -3  2 -2 -2  2 -3 -3 -3 -2 -2  0 -2  1  0 -3 -2 -2   62   0   0   0   5   0   0  19   0   0   0   0   0   7   0   5   3   0   0   0  0.58 0.18
  107 S    0 -2 -1 -2 -2 -2 -2 -2 -3 -2 -3 -2 -2 -3 -2  5  3 -4 -3  1    0   0   0   0   0   0   0   0   0   0   0   0   0   0   0  67  20   0   0  13  0.73 0.23
  108 C    3 -3 -3 -3  7 -3 -3  0 -3 -1 -1 -3 -2 -3 -3 -1  0 -3  0  1   40   0   0   0  29   0   0   8   0   3   2   0   0   0   0   0   5   0   4   9  0.57 0.16
  109 D   -3 -2  4  6 -4 -1  1 -2 -2 -4 -4 -2  0 -4 -3  0 -1 -5 -4 -4    0   0  21  60   0   0   5   0   0   0   0   0   5   0   0   6   3   0   0   0  0.98 0.21
  110 V    0 -3 -4 -4  2 -1 -3 -4 -3  2  3 -3  3  0 -3 -3 -2 -3 -2  2    6   0   0   0   5   2   0   0   0   6  47   0  12   3   0   0   0   0   0  18  0.43 0.13
  111 K   -1  1  1  1 -2  0  1  3  3 -4 -4  3 -3 -4  2 -1 -2 -4 -2 -4    0   6   6   7   1   0   8  28  10   0   0  26   0   0  10   0   0   0   0   0  0.42 0.12
  112 F   -1  1 -2 -3 -3 -1  0 -3 -1  1  0 -1  2  4 -3  0  0 -2  0  1    1  11   0   0   0   3   6   0   1   7   2   3   8  33   0   6   8   0   0  10  0.23 0.10
  113 P   -1 -2  2  0 -1  1  3 -2 -1 -1 -2 -1 -2 -3  5  0 -1 -4 -1 -2    3   0  16   2   1   6  23   0   0   4   5   0   0   0  28   5   3   0   2   1  0.50 0.12
  114 I   -2 -4 -4 -4 -2 -3 -4 -4 -4  4  3 -3  0  1  1 -3 -2 -3 -2  2    0   0   0   0   0   0   0   0   0  40  30   0   0   7   7   0   0   0   0  17  0.52 0.14
  115 R   -2  4  5  1 -4  0 -1 -2 -1 -4 -4  0 -3 -4  1  0 -1 -5 -3 -4    2  30  44   8   0   1   0   0   0   0   0   1   0   0   6   7   0   0   0   0  0.72 0.19
  116 L   -2 -4 -5 -5 -3 -4 -4 -5 -4  2  5 -4  1 -1 -4 -4 -2 -3 -2  0    2   0   0   0   0   0   0   0   0   6  90   0   1   0   0   0   0   0   0   0  0.99 0.23
  117 E   -2 -1  4  4 -4  0  4 -2 -1 -1 -4  0 -3 -4  0 -1 -1 -5 -3 -3    0   2  25  27   0   0  32   0   0   6   0   2   0   0   3   0   4   0   0   0  0.62 0.16
  118 G    2 -1  0  1 -2  0  1  2 -1 -1 -2  0 -2 -3 -1  0  1 -3 -2  0   27   2   4  11   0   2  12  15   2   1   2   5   0   0   1   0   8   0   0   7  0.17 0.06
  119 L    0  0 -3 -4 -2 -2 -3 -3 -3  3  3 -2  1  2 -3 -2 -1 -2 -1  2    8   7   0   0   0   0   0   0   0  23  37   0   0  10   0   0   0   0   0  13  0.31 0.10
  120 V    4 -2 -1 -2  0 -2 -1  0 -1  1 -1 -2 -1 -2 -2  0  1 -3 -2  1   53   0   3   0   1   0   2   5   1   9   2   0   0   0   0   0  10   0   0  12  0.32 0.13
  121 L   -2 -2 -1 -2 -2  0 -2 -3  2  2  3  0  1  1 -3  0 -1 -2  1  0    0   0   1   2   0   4   0   0   7  18  35  10   4   5   0   9   0   0   4   0  0.18 0.09
  122 T    0 -1  1  1 -2  0  0  0 -2 -1  0 -1  0 -2 -2  2  1 -3 -2  0    7   1   7   8   0   4   6   8   0   1  15   0   3   0   0  23  12   0   0   7  0.12 0.06
  123 H   -1  0  2 -2 -3 -1 -2  2  5 -2  1 -2 -1  1 -3 -1  0 -3  0 -2    2   6  12   0   0   0   0  19  24   0  21   0   0   6   0   0   6   0   2   1  0.28 0.12
  124 Q   -1  1 -1  0 -2  0  2  1 -1 -1  1  0  1 -2  1 -1 -1 -3 -2 -1    0  11   1   3   1   3  17  13   1   2  24   6   6   0   9   2   1   0   0   0  0.14 0.07
  125 Q   -1 -1  3  1 -4  2  4 -2  0 -4 -4  0 -3 -4  3 -1 -1 -4 -3 -3    4   0  18   4   0  12  36   1   1   0   0   4   0   0  16   1   2   0   0   0  0.58 0.15
  126 F   -1 -1  2  0  1 -1 -1  0  2  0 -1 -1 -1  3 -2 -1 -1 -1  2  0    2   2  16   5   4   1   1   9   7   9   2   1   0  22   1   2   1   0   6   8  0.11 0.05
  127 S    2 -2  0 -2  5 -2 -2 -2 -2  0 -1 -2 -1 -2 -2  2  2 -3 -2  1   18   0   3   0  15   0   0   1   0   7   1   0   0   0   0  19  19   0   0  14  0.29 0.10
  128 S   -1 -1  1  0 -3  1  4 -2 -1 -2 -2  0  1 -3 -2  2 -1 -4 -3 -1    0   0   6   0   0   4  46   0   0   0   2   2   6   0   0  26   1   0   0   7  0.48 0.16
  129 Y   -4 -4 -4 -5 -4 -3 -4 -5  0 -3 -3 -4 -3  1 -5 -4 -4  0  9 -3    0   0   0   0   0   0   0   0   0   0   0   0   0   0   0   0   0   0 100   0  2.29 0.39
  130 E   -3 -2 -2  2 -5  0  7 -4 -2 -5 -5 -1 -4 -5 -3 -2 -3 -5 -4 -4    0   0   0   6   0   0  94   0   0   0   0   0   0   0   0   0   0   0   0   0  1.50 0.31
  131 P   -3 -4 -4 -3 -5 -3 -3 -4 -4 -5 -5 -3 -4 -6  9 -3 -3 -6 -5 -4    0   0   0   0   0   0   0   0   0   0   0   0   0   0 100   0   0   0   0   0  2.76 0.37
  132 E   -2 -2 -2  0 -5  0  7  0 -2 -5 -5 -1 -4 -5 -3 -2 -3 -5 -4 -4    0   0   0   0   0   0  94   6   0   0   0   0   0   0   0   0   0   0   0   0  1.43 0.31
  133 L   -2 -1 -2 -2 -3  6 -1 -4 -2  0  2 -1  1 -2 -3  0 -2 -3 -3  0    0   0   0   0   0  51   0   0   0   5  29   0   2   0   0   6   0   0   0   6  0.58 0.20
  134 F   -4 -4 -4 -5 -4 -4 -5 -5  3 -2 -1 -5 -2  8 -5 -4 -4 -1  1 -3    0   0   0   0   0   0   0   0  10   0   0   0   0  90   0   0   0   0   0   0  1.74 0.32
  135 P   -1 -4 -4 -3 -5 -3 -3 -4 -4 -5 -5 -3 -4 -6  8 -2 -3 -6 -5 -4    5   0   0   0   0   0   0   0   0   0   0   0   0   0  95   0   0   0   0   0  2.55 0.35
  136 G    1 -4 -2 -3 -4 -3 -3  7 -4 -5 -5 -3 -4 -5 -4 -2 -3 -4 -4 -4   10   0   0   0   0   0   0  90   0   0   0   0   0   0   0   0   0   0   0   0  1.54 0.26
  137 L   -1 -3 -4 -5 -2 -3 -4 -4 -4  1  5 -3  3 -1 -4 -3 -2 -3 -2  2    3   0   0   0   0   0   0   0   0   0  74   1   6   0   0   0   0   0   0  15  0.72 0.19
  138 I   -2 -4 -4 -4  3 -4 -4 -4 -4  5  0 -4  0 -2 -4 -2 -1 -4 -3  4    0   0   0   0   6   0   0   0   0  43   0   0   0   0   0   3   0   0   0  47  0.75 0.20
  139 Y   -4 -4 -4 -5 -4 -3 -4 -5  1 -3  0 -4 -2  2 -5 -4 -3  0  9 -3    0   0   0   0   0   0   0   0   1   0  10   0   0   2   0   0   0   0  87   0  1.81 0.34
  140 R   -3  7 -2 -3 -5  0 -2 -4 -2 -5 -4  2 -3 -5 -4 -2 -3 -4 -3 -4    0  90   0   0   0   0   0   0   0   0   0  10   0   0   0   0   0   0   0   0  1.56 0.30
  141 M   -2 -3 -3 -4 -2 -2 -2 -1 -3  2  3 -3  5 -1  0 -3 -2 -2  0  2    0   0   0   0   0   0   1   6   0  13  27   0  30   0   5   0   0   0   5  13  0.40 0.14
  142 I    0  0  0  3 -3  0  2 -2 -2 -1 -1  2 -1 -2 -2  0 -1 -3 -2  0    6   3   2  20   0   0  13   0   0   3   8  20   1   2   0   9   0   0   0  12  0.17 0.07
  143 K   -1  0  1  4 -4  1  3 -2 -1 -4 -3  2 -3 -4 -2  1  0 -4 -3 -3    3   1   6  28   0   6  28   0   0   0   1  17   0   0   0   8   3   0   0   0  0.53 0.13
  144 P   -2 -3 -3 -3 -4 -3 -3 -3 -3 -1  0 -2 -3 -4  8 -2 -2 -4 -4 -3    0   0   0   0   0   0   0   0   0   5  10   0   0   0  78   0   2   0   0   0  1.79 0.26
  145 R   -2  5 -1  1 -4  0  0 -1 -2 -4 -4  5 -3 -4 -3  0 -2 -4 -3 -4    0  35   0   7   0   1   1   5   0   0   0  44   0   0   0   7   0   0   0   0  0.71 0.18
  146 I    1 -3 -3 -4  3 -3 -3 -3 -4  3  0 -3  0 -2 -3  0 -1 -4 -2  4   16   0   0   0   6   0   0   0   0  15   0   0   2   0   0  10   0   0   0  50  0.45 0.15
  147 V   -1 -4 -3 -4 -2 -3 -3 -4 -4  1 -1 -3 -1 -2 -3  0  2 -4 -3  6    3   0   0   0   0   0   0   0   0   0   0   0   0   0   0   6  12   0   0  79  0.78 0.23
  148 L   -1 -3 -4 -4 -2 -3 -4 -4 -4  2  4 -3  2  1 -4 -3 -2 -3 -1  3    4   0   0   0   0   0   0   0   0  14  48   0   5   6   0   0   0   0   0  23  0.50 0.13
  149 L   -3 -3 -4 -5 -3  1 -3 -5 -4  0  5 -3  1 -1 -4 -4 -3 -3 -2 -1    0   0   0   0   0  10   0   0   0   0  90   0   0   0   0   0   0   0   0   0  0.95 0.24
  150 I   -2 -4 -4 -4 -2 -4 -4 -5 -4  5  3 -4  0 -1 -4 -3 -2 -3 -2  3    0   0   0   0   0   0   0   0   0  49  28   0   0   0   0   0   0   0   0  23  0.71 0.17
  151 F   -4 -5 -5 -5 -4 -5 -5 -5 -3 -2 -1 -5 -2  9 -6 -4 -4 -1  1 -3    0   0   0   0   0   0   0   0   0   0   0   0   0 100   0   0   0   0   0   0  2.02 0.35
  152 V    1 -2 -1 -2 -2 -2 -2  3 -2 -1 -2 -2 -2 -3 -2  3 -1 -3  0  2   14   2   0   0   0   0   0  27   0   0   0   0   0   0   0  31   0   0   3  23  0.36 0.14
  153 S    0 -2  1 -2 -2 -2 -2 -2 -2 -4 -4 -2 -3 -4 -2  6  2 -4 -3 -3    0   0   7   0   0   0   0   0   0   0   0   0   0   0   0  79  13   0   0   0  0.95 0.26
  154 G   -1 -4 -2 -3 -4 -3 -4  7 -4 -6 -5 -3 -4 -5 -4 -2 -3 -4 -5 -5    0   0   0   0   0   0   0 100   0   0   0   0   0   0   0   0   0   0   0   0  1.82 0.30
  155 K   -2  1  0 -2 -5  0 -1 -3 -2 -4 -4  7 -3 -5 -3  0 -2 -5 -3 -4    0   0   3   0   0   0   0   0   0   0   0  90   0   0   0   6   0   0   0   0  1.23 0.29
  156 V   -1 -3 -4 -4 -2 -3 -4 -4 -4  4  2 -3  4 -1 -4 -3 -1 -3 -2  3    3   0   0   0   0   0   0   0   0  35  17   0  18   0   0   0   0   0   0  27  0.58 0.15
  157 V   -2 -4 -4 -4 -2 -4 -4 -5 -5  2 -1 -4 -1 -2 -4 -3  1 -4 -3  6    0   0   0   0   0   0   0   0   0   5   0   0   0   0   0   0  10   0   0  86  0.97 0.25
  158 L   -2 -4 -4 -4  5 -4 -4 -4 -4  4  2 -4  0  0 -4 -3 -2 -3 -2  2    0   0   0   0  19   0   0   0   0  44  17   0   0   4   0   0   0   0   0  15  0.65 0.16
  159 T    0 -3 -2 -3 -2 -2 -2 -3 -3 -2 -3 -2 -2 -4 -3  1  7 -4 -3 -2    6   0   0   0   0   0   0   0   0   0   0   0   0   0   0   7  87   0   0   0  1.17 0.29
  160 G   -1 -4 -2 -3 -4 -3 -4  7 -4 -6 -5 -3 -4 -5 -4 -2 -3 -4 -5 -5    0   0   0   0   0   0   0 100   0   0   0   0   0   0   0   0   0   0   0   0  1.82 0.30
  161 A    4 -3 -3 -3  2 -2 -2  3 -3 -3 -1 -2 -2 -3  2  0 -2 -4 -3 -2   59   0   0   0   5   0   0  20   0   0   7   0   0   0  10   0   0   0   0   0  0.58 0.18
  162 K   -2  1  1  0 -5  0 -1 -3 -2 -4 -4  6 -3 -5 -3 -1 -2 -5 -3 -4    1   0   7   3   0   1   0   0   0   0   0  86   0   0   0   2   0   0   0   0  1.11 0.27
  163 V   -1  1  1  1  1  0  1 -2 -2 -1 -2  0  0 -3 -2  2  1 -4 -2  1    0   8   6   7   5   1  12   0   0   0   0   2   3   0   0  26   9   0   0  22  0.19 0.10
  164 R   -2  3 -2 -1 -4  1  3 -3 -2 -1 -3  2 -2 -4  3 -1  0 -4 -3 -1    0  21   0   0   0   4  26   0   0   6   0  11   0   0  19   1   7   0   0   6  0.44 0.12
  165 A    1 -1  1  3 -3  1  4 -2  1 -4 -4  0 -3 -4 -2  1 -1 -4 -3 -3   11   1   8  20   0   4  36   0   3   0   0   5   0   0   0  12   1   0   0   0  0.49 0.13
  166 E   -2 -1  0  5 -4  1  4 -2 -1 -3 -3  0 -3 -4 -2  0  0 -4 -3 -3    1   0   2  38   0   3  38   1   0   0   1   5   0   0   1   3   5   0   0   1  0.70 0.15
  167 I    3 -3 -3 -3  2 -3 -3 -2 -3  3  1 -3  0 -2  0 -1 -1 -3 -2  2   32   0   0   0   6   0   0   0   0  24  13   0   0   0   3   0   2   0   0  20  0.32 0.12
  168 Y    0 -1  0 -1 -3  0  3 -3  3 -3 -3  0  0  0 -3 -1 -2  4  5 -3   12   2   6   1   0   1  23   0   8   0   0   3   3   0   0   2   0   7  31   0  0.47 0.14
  169 E   -1  0 -1  1 -3  2  3 -2  1 -1 -1  2 -2 -3 -2  1  1 -3 -2 -2    1   2   0   8   0   8  25   0   5   4   5  13   0   0   0  17  11   0   0   1  0.26 0.09
  170 A    5 -3 -3 -3  1 -2 -2  1 -3 -2 -3 -2 -2 -4 -2  0 -1 -4 -3  0   82   0   0   0   3   0   0   8   0   0   0   0   0   0   0   1   0   0   0   6  0.80 0.22
  171 F   -2 -3 -4 -4 -2 -3 -4 -4 -3  2  2 -4  0  5 -4 -3 -2 -1  2  3    0   0   0   0   0   0   0   0   0   9  17   0   0  30   0   0   0   0   8  36  0.55 0.14
  172 E    0 -1  1  2 -4  2  4 -1 -1 -3 -3  2 -2 -4 -2  0 -1 -4 -2 -3    6   0   5  11   0   8  44   3   0   2   0  13   0   0   0   4   3   0   1   0  0.48 0.12
  173 N   -1  1  3  1 -3  2  1 -2  1 -1 -3  3 -2 -3 -2 -1 -1 -4 -2 -2    5   6  22   5   0   9   8   0   3   6   1  32   0   0   0   1   1   0   0   0  0.35 0.10
  174 I   -2 -4 -4 -4 -2 -4 -4 -5 -4  6  2 -4  2 -1 -4 -3 -2 -4 -2  2    2   0   0   0   0   0   0   0   0  71  13   0   6   0   0   0   0   0   0   7  0.79 0.18
  175 Y    0 -3 -3 -4 -3 -2 -3 -3  1  0 -1 -2 -1  4 -3  0 -2  0  6 -1    8   0   0   0   0   0   0   0   3   7   4   2   0  15   0   8   0   0  51   2  0.68 0.15
  176 P   -1 -1  2  2 -4  1  1 -2 -2 -4 -4  1 -3 -4  5 -1 -1  0 -3 -3    1   2  15  15   0   6   8   0   0   0   0   8   0   0  39   2   2   2   0   0  0.77 0.12
  177 I   -1 -1 -2 -1 -2  0 -1 -3 -2  2  0  2  1  1 -2 -1  2 -3 -1  2    0   0   0   3   0   2   2   0   0  18   4  19   6   8   0   0  19   0   0  20  0.15 0.07
  178 L   -2 -3 -5 -5 -2 -3 -4 -5 -4  1  5 -4  1 -1 -4 -3 -2 -3 -2  1    0   0   0   0   0   0   0   0   0   2  89   0   0   0   0   0   0   0   0  10  0.85 0.17
  179 K   -2  3 -1 -2 -3  0  0 -3 -1 -1 -1  4 -1  2 -2  0  0 -2  0 -2    0  16   1   0   0   0   2   0   0   6   6  44   0  12   0   5   5   0   2   0  0.31 0.10
  180 G    0  0  0  1 -3  2  4  1 -1 -4 -3  1 -2 -4 -2  1 -1 -3 -3 -3    6   0   3   7   0   9  43  10   0   0   0  10   0   0   0  13   0   0   0   0  0.44 0.08
  181 F   -2 -3 -1 -3  2 -2 -3 -3 -1  0  2 -3  0  4 -3  0 -2  0  4  0    0   0   4   0   5   0   0   0   0   0  28   0   0  31   0  10   0   0  19   3  0.37 0.08
  182 R   -2  5  0 -1 -4  2  2 -3 -1 -4 -3  3 -2 -4 -2 -1 -1 -3 -2 -3    0  46   3   0   0  10  16   0   0   0   0  25   0   0   0   0   0   0   0   0  0.64 0.09
  183 K   -1  1  1  0 -4  1  2 -2 -1 -3 -3  5 -2 -4 -2 -1 -1 -4 -2 -3    0   0   9   0   0   3  19   0   0   0   0  69   0   0   0   0   0   0   0   0  0.61 0.09
  184 T    0 -1  2 -1 -1  1 -1 -1 -1 -1 -2 -1 -1 -3 -1  2  4 -3 -2 -1    0   0  14   0   0   7   0   0   0   0   0   0   0   0   0   7  71   0   0   0  0.40 0.02
  185 T    1 -1  0 -1 -1  0 -1 -1 -1 -2 -2  0 -1 -2 -1  3  4 -3 -2 -1    0   0   0   0   0   0   0   0   0   0   0   0   0   0   0  51  49   0   0   0  0.38 0.01

                      K         Lambda
Standard Ungapped    0.1397     0.3246
Standard Gapped      0.0410     0.2670
PSI Ungapped         0.1397     0.3246
PSI Gapped           0.0410     0.2670
