
Last position-specific scoring matrix computed, weighted observed percentages rounded down, information per position, and relative weight of gapless real matches to pseudocounts
            A   R   N   D   C   Q   E   G   H   I   L   K   M   F   P   S   T   W   Y   V   A   R   N   D   C   Q   E   G   H   I   L   K   M   F   P   S   T   W   Y   V
    1 R    -3   7  -2  -3  -5   0  -1  -4  -2  -4  -4   1  -3  -4  -4  -2  -2  -4  -3  -4    0 100   0   0   0   0   0   0   0   0   0   0   0   0   0   0   0   0   0   0  1.59 0.26
    2 Y    -3  -4  -4  -5  -3  -3  -4  -4  -2  -2   0  -4  -2   3  -5  -3  -2  10   4  -3    0   0   0   0   0   0   0   0   0   0  12   0   0  11   0   0   3  56  18   0  1.82 0.23
    3 R    -3   7  -2  -3  -5   0  -1  -4  -2  -4  -4   1  -3  -4  -4  -2  -2  -4  -3  -4    0 100   0   0   0   0   0   0   0   0   0   0   0   0   0   0   0   0   0   0  1.59 0.26
    4 G     5  -3  -3  -3  -2  -2  -2   1  -3  -3  -3  -2  -2  -3  -2   0  -1  -4  -3  -1   92   0   0   0   0   0   0   8   0   0   0   0   0   0   0   0   0   0   0   0  0.90 0.21
    5 S     3  -2  -2  -2   2  -2  -2  -1  -2  -1  -1  -2   0  -2  -2   2   0  -3  -2   1   41   0   0   0   6   0   0   0   0   0   4   0   4   0   0  25   2   0   0  18  0.32 0.11
    6 K    -1   0  -1  -2  -4   5   0  -3  -1  -2  -2   4  -1  -4  -2  -1   0  -3  -3  -2    5   0   0   0   0  46   0   0   0   3   4  38   0   0   0   0   5   0   0   0  0.64 0.17
    7 W    -1  -1  -2  -3  -2   1  -1  -3  -1   0   3   0   2  -1  -3  -1   0   4  -1   0    3   3   0   0   0   7   2   0   2   2  53   5   6   0   0   5   4   7   0   0  0.29 0.11
    8 A     5  -3  -3  -3  -2  -2  -2  -1  -3   0   1  -2  -1  -2  -2   0  -1  -3  -3  -1   76   0   0   0   0   0   0   0   0   4  19   0   0   0   0   0   0   0   0   0  0.63 0.19
    9 G    -1  -2  -1  -1  -4   1   1   5   1  -4  -4   0  -3  -4  -3  -1  -2  -4  -3  -4    0   0   0   2   0  10  10  67   3   0   0   7   0   0   0   0   0   0   0   0  0.87 0.17
   10 K    -2   0  -3  -4  -2  -2  -3  -4  -3   0   3   0   2  -1  -3  -3  -2   6   0   0    2   7   0   0   0   0   0   0   0   2  52  10   5   0   0   0   0  14   4   4  0.47 0.13
   11 K     0   0   0   2  -3   0   2  -2  -1  -2  -2   2  -2  -3   0   1   2  -3  -3  -2    7   0   2  11   0   2  18   0   0   0   4  22   0   0   3   6  24   0   0   0  0.29 0.09
   12 S    -1   0   0   0  -3   2   4  -3  -1   0  -2   1  -2  -1  -2   0   3  -3  -2  -2    0   2   4   0   0  11  37   0   0   7   0   7   0   3   0   3  25   0   0   0  0.38 0.12
   13 I    -2  -4  -4  -4  -2  -4  -4  -5  -4   5   1  -4   0  -1  -4  -3  -1  -4  -2   4    0   0   0   0   0   0   0   0   0  62   3   0   0   0   0   0   0   0   0  35  0.81 0.19
   14 P    -2  -3  -3  -3  -4  -3  -2  -4  -4  -4  -2  -1  -4  -5   8  -1  -2  -5  -4  -4    0   0   0   0   0   0   0   0   0   0   3   3   0   0  91   2   0   0   0   0  2.26 0.29
   15 A     4  -3  -3  -3   1  -2  -2  -2  -3   0  -1  -2  -1  -3  -2  -1  -1  -4  -3   3   62   0   0   0   3   0   0   0   0   3   0   0   0   0   0   0   0   0   0  33  0.56 0.18
   16 F    -2  -3  -4  -4  -2  -3  -4  -4  -3   4   1  -3   2   2  -4  -3  -1  -2   1   3    0   0   0   0   0   0   0   0   0  44   4   0   8  10   0   0   0   0   7  28  0.51 0.13
   17 I    -2  -4  -4  -4  -2  -3  -4  -5  -4   5   1  -3   0  -1  -4  -3  -1  -4  -2   4    0   0   0   0   0   0   0   0   0  56  10   0   0   0   0   0   0   0   0  34  0.72 0.17
   18 D    -1   4  -1   2  -4   0   0  -2  -2  -3  -3   4  -2  -4   2   0  -1  -4  -3  -2    3  27   0  14   0   2   0   0   0   0   0  35   0   0   9   7   0   0   0   3  0.49 0.12
   19 N    -1  -1   3   4  -4   2   2  -2  -1  -3  -1  -1  -2  -3  -1  -1   0  -4  -3  -3    2   0  18  33   0  16  17   0   0   0   7   0   0   0   2   0   4   0   0   0  0.49 0.12
   20 D    -1  -2  -1   1   0   0   1  -1  -2   1   1  -1   0  -1  -2   0   1  -3  -2   0    0   0   0  10   2   4  16   5   0  10  24   0   2   2   0  11   9   0   0   4  0.09 0.05
   21 Y    -1  -2   0   3   1   0   3  -1  -1  -2   0  -1  -1  -2  -1   0   0  -3   1  -2    0   0   3  22   4   3  25   5   0   0  11   0   2   0   2   8   9   0   7   0  0.22 0.08
   22 N     2   0   2   4  -3   0   1  -1   0  -3  -3   1  -2  -3  -2   0   1  -4  -3  -2   29   3  12  29   0   3   5   0   2   0   0   8   0   0   0   0   9   0   0   0  0.35 0.10
   23 E     1   2  -1   1  -3   0   4  -2  -1  -3  -2   1  -2  -3  -2   0   1  -4  -3  -2   18  14   0   9   0   0  39   0   0   0   3   5   0   0   0   0  12   0   0   0  0.39 0.12
   24 A     3  -2   0   1  -2   0   3  -1  -2  -2  -2  -1  -2  -1  -2   1  -1  -3  -2  -1   47   0   2   7   0   0  27   0   0   0   0   0   0   4   0   9   0   0   0   4  0.37 0.13
   25 D     2  -2  -2   1  -2  -2  -2  -2  -3   2   1  -2   2  -2  -2  -1  -1  -3  -2   2   32   0   0  12   0   0   0   0   0  19  11   0  11   0   0   2   0   0   0  13  0.21 0.10
   26 Q     4  -2  -2  -2  -2   2   0   0  -2  -3  -3  -1  -2  -3   0   1   0  -3  -3  -2   58   0   0   0   0  14   3   5   0   0   0   0   0   0   4  11   5   0   0   0  0.46 0.14
   27 V    -2  -3  -4  -4  -2  -3  -4  -4  -4   2   4  -3   4  -1  -4  -3  -2  -3  -2   1    0   0   0   0   0   0   0   0   0   6  71   0  16   0   0   0   0   0   0   7  0.73 0.17
   28 I     0  -3  -4  -4  -2  -3  -3  -4  -4   5   1  -3   0  -1  -3  -2   1  -3  -2   2    7   0   0   0   0   0   0   0   0  64   7   0   0   0   0   0   9   0   0  13  0.58 0.16
   29 E    -2  -1  -2   0  -5   1   7  -4  -1  -5  -4  -1  -3  -5  -3  -2  -2  -4  -3  -4    0   0   0   0   0   0 100   0   0   0   0   0   0   0   0   0   0   0   0   0  1.49 0.29
   30 N    -3  -2   8   0  -4  -1  -2  -2  -1  -5  -5  -2  -4  -5  -4  -1  -1  -5  -4  -4    0   0 100   0   0   0   0   0   0   0   0   0   0   0   0   0   0   0   0   0  1.70 0.31
   31 L    -2  -3  -4  -4  -2  -3  -4   0  -4   4   3  -3   1  -1  -4  -3  -2  -3  -2   1    0   0   0   0   0   0   0   9   0  42  43   0   0   0   0   0   0   0   0   5  0.52 0.14
   32 Q    -2  -1  -1  -2  -4   7   0  -3   5  -4  -4   0  -2  -4  -3  -2  -2  -3  -2  -4    0   0   0   0   0  79   0   0  21   0   0   0   0   0   0   0   0   0   0   0  1.36 0.29
   33 R    -3   7  -2  -3  -5   0  -1  -4  -2  -5  -4   1  -3  -4  -4  -2  -3  -4  -3  -4    0 100   0   0   0   0   0   0   0   0   0   0   0   0   0   0   0   0   0   0  1.64 0.29
   34 N    -1   1   1   1  -4   1   4  -3  -1  -2  -3   1  -2  -4  -2  -1   0  -4  -3   0    3   9   7   5   0   2  52   0   0   0   0   7   0   0   0   2   3   0   0  10  0.48 0.13
   35 E    -2  -2   4   5  -4   1   3  -1  -1  -4  -4  -1  -3  -4  -3  -1  -2  -5  -3  -4    0   0  35  39   0   5  18   3   0   0   0   0   0   0   0   0   0   0   0   0  0.82 0.17
   36 L    -2  -3  -4  -5  -2  -3  -4  -5  -4   1   5  -3   3   1  -4  -3  -2  -3  -2   0    0   0   0   0   0   0   0   0   0   0  87   0   9   4   0   0   0   0   0   0  0.87 0.19
   37 T    -2  -2   5  -1  -3  -1  -1  -1   3  -3  -3  -1  -2  -3  -3   1   3  -4  -2  -3    0   0  47   0   0   0   0   3   9   0   0   0   0   0   0   7  33   0   0   0  0.71 0.18
   38 P     1  -3  -3  -3  -3   0  -2  -3  -3  -2  -1  -2  -2  -4   6  -1  -2  -4  -3   1   14   0   0   0   0   7   0   0   0   0   4   0   0   0  58   3   0   0   0  15  1.12 0.18
   39 R     0   0  -3  -4  -2  -2  -3  -3  -3   4   2  -2   2  -1  -3  -2  -1  -2   0   2    9   7   0   0   0   0   0   0   0  38  27   0   7   0   0   0   0   0   4   7  0.33 0.10
   40 E    -2  -1  -1   2  -5   1   6  -3  -1  -5  -4  -1  -3  -5  -2  -1  -2  -4  -3  -4    0   0   0   9   0   0  91   0   0   0   0   0   0   0   0   0   0   0   0   0  1.32 0.26
   41 I    -2  -1  -2   0  -4   2   6  -3  -1   0  -1  -1   1  -3  -2  -1  -2  -4  -3  -2    0   0   0   0   0   9  72   0   0   7   6   0   5   0   0   0   0   0   0   0  0.80 0.20
   42 A     5  -3  -3  -3  -1  -2  -2  -1  -3   1  -2  -2  -1  -3  -2   0   0  -4  -3   1   77   0   0   0   0   0   0   0   0   9   0   0   0   0   0   0   4   0   0   9  0.63 0.19
   43 D     1   2   0   1  -2   1   1  -2   1  -1  -1   1   0  -2  -2  -1  -1  -3   0  -1   16  15   3  12   0   9  10   0   4   2   7   8   4   0   0   0   2   0   4   4  0.13 0.05
   44 F     3  -2  -2  -2  -2  -2  -2   3  -2  -3  -3   0  -2   0  -2   1  -1  -3  -2  -2   46   0   0   0   0   0   0  32   0   0   0   7   0   7   0   9   0   0   0   0  0.48 0.13
   45 I    -2  -2  -3  -4  -3  -2  -3  -4  -1   1   1   0  -1   4  -4  -3  -2   0   6   0    0   0   0   0   0   0   0   0   0  14  11   9   0  20   0   0   0   0  41   4  0.62 0.15
   46 G     0   2  -1  -1  -3   4   0   0  -1  -2   0   3  -1  -3  -2  -1  -1  -3  -2  -2    8  14   0   2   0  30   2   7   0   0  14  22   0   0   0   2   0   0   0   0  0.33 0.11
   47 R     1   4   0   0  -3   1   1  -2   0  -2  -1   1  -2  -2  -2   0  -1  -3   0  -1   18  34   4   3   0   5   8   0   2   0   4   9   0   0   0   3   0   0   5   3  0.28 0.09
   48 E    -2  -3  -3   0  -2  -2   0  -4  -3   1   4  -3   3  -1  -3  -3  -2  -3  -2   0    0   0   0   7   0   0   7   0   0   6  71   0   9   0   0   0   0   0   0   0  0.55 0.15
   49 L     0  -3  -3  -4  -2  -1  -3  -3  -3   3   3  -2   3  -1  -3  -2  -1  -3  -2   1   11   0   0   0   0   4   0   0   0  20  44   0  12   0   0   0   0   0   0   8  0.38 0.11
   50 A     1  -1   1   4  -3   2   3  -2   1  -2  -3  -1  -2  -3  -2   0  -1  -4  -2  -1   16   0   6  28   0  11  24   0   4   0   0   0   0   0   0   4   0   0   0   7  0.40 0.11
   51 K    -2   0   1   0  -3   1   3  -3   4  -2  -1   2  -1  -3  -2   0  -1  -3  -1  -1    0   0  10   0   0   5  30   0  16   0   9  21   2   0   0   3   0   0   0   5  0.34 0.11
   52 G     0  -1   2   2  -3   0   1   3  -2  -3  -2   0  -2  -3  -2   1   0  -3  -3  -3    4   0  11  13   0   3   9  34   0   0   7   5   0   0   0   9   5   0   0   0  0.33 0.08
   53 K    -2   0  -3  -3  -2  -2  -2  -1  -2   1   3   1   2  -1  -3  -2  -2  -2   1   1    0   3   0   0   0   0   0   7   0   3  54  16   5   0   0   0   0   0   5   6  0.29 0.11
   54 K    -1  -2   0  -2  -2   0  -2  -1  -2  -2  -3   0  -2  -3  -2   1   6  -4  -3  -2    0   0   3   0   0   5   0   4   0   0   0   7   0   0   0   9  72   0   0   0  0.72 0.20
   55 K    -1   0  -1  -2  -3   5   0  -3   4  -2   0   1  -1  -3   2  -1  -2  -3  -2   0    3   0   0   0   0  42   0   0  17   0   9  11   0   0   9   0   0   0   0   9  0.47 0.15
   56 G     1  -1  -1   3  -3   1   4   0  -1  -4  -4   0  -3  -4  -2   0  -1  -4  -3  -3   13   0   0  22   0   4  46   7   0   0   0   4   0   0   0   4   0   0   0   0  0.57 0.13
   57 D     2   0   1   1  -3   3   3  -1  -1  -3  -3   1  -2  -4  -2   0  -1  -3  -3  -2   23   0   6   7   0  20  25   3   0   0   0  11   0   0   0   3   2   0   0   0  0.38 0.10
   58 I    -1  -3  -4  -4  -2  -3  -4  -4  -4   3   3  -3   1  -1  -3  -3  -1  -3  -2   3    3   0   0   0   0   0   0   0   0  23  43   0   0   0   0   0   0   0   0  30  0.53 0.13
   59 A     4  -3  -2  -3  -2  -2  -2   1  -2  -2  -1  -2  -1   2  -2   1  -1  -3  -1  -1   63   0   0   0   0   0   0   9   0   0   7   0   0  14   0   7   0   0   0   0  0.46 0.15
   60 K    -1   1  -1   2  -4   4   3  -2  -1  -3  -2   2  -2  -3  -2   0  -1  -3  -1  -3    2   7   0  11   0  24  27   0   0   0   4  20   0   0   0   2   0   0   2   0  0.47 0.12
   61 E     1   3  -1  -2  -3   0   0  -2  -2  -1   0   2  -1  -3   0   0   0  -3  -2  -1   17  30   0   0   0   0   7   0   0   3  12  16   0   0   4   5   3   0   0   2  0.24 0.08
   62 I    -2  -3  -3  -4  -2  -3  -3  -4   1   3   3  -3   2  -1  -3  -3  -1  -3  -2   3    0   0   0   0   0   0   0   0   7  24  38   0   5   0   0   0   0   0   0  26  0.46 0.12
   63 G    -1  -3  -1  -2  -4   0  -3   6   0  -5  -5  -1  -4  -4  -3  -1  -3  -4  -4  -4    0   0   0   0   0   7   0  87   3   0   0   3   0   0   0   0   0   0   0   0  1.31 0.22
   64 K    -2   3  -1  -2  -4   0   1  -3  -1  -4  -3   5  -2  -3  -2  -1  -2  -3   2  -3    0  17   0   0   0   0   5   0   0   0   0  69   0   0   0   0   0   0   9   0  0.83 0.20
   65 S     0  -2   1  -1  -2  -1   0   2  -2  -3  -3   0   0  -3  -2   4   1  -4  -3  -3    2   0   4   0   0   0   4  14   0   0   0   5   4   0   0  61   5   0   0   0  0.50 0.16
   66 P    -2   6  -2  -2  -4   3   0  -3  -1  -4  -3   1  -2  -4   3  -2  -2  -4  -3  -4    0  60   0   0   0  19   4   0   0   0   0   0   0   0  16   0   0   0   0   0  0.95 0.20
   67 A     1   1  -1  -2  -2  -1  -1  -2  -2  -3  -3  -1  -2  -3   3   4   2  -4  -3  -1   13   9   0   0   0   0   0   0   0   0   0   0   0   0  13  46  16   0   0   2  0.48 0.14
   68 F     0  -2  -1  -3  -3   0  -2  -3   5  -2  -1  -2  -1   3  -3   0   3   4   2  -2    7   0   0   0   0   3   0   0  22   0   5   0   0  21   0   2  30   7   4   0  0.42 0.14
   69 I     0  -3  -4  -4  -2  -3  -3  -4  -4   4   1  -3   0  -1  -3  -2  -1  -4  -2   4    9   0   0   0   0   0   0   0   0  37   7   0   0   0   0   0   0   0   0  47  0.57 0.15
   70 T     3  -1  -1  -2  -2   2  -1  -1  -2  -2  -2   1  -2  -3  -2   2   3  -3  -2  -1   37   0   0   0   0  14   0   0   0   0   0   9   0   0   0  16  25   0   0   0  0.39 0.13
   71 Q    -3   1   7   0  -4   1  -1  -2   2  -4  -4   1  -3  -4  -3  -1  -1  -5  -3  -4    0   9  73   0   0   7   0   0   4   0   0   7   0   0   0   0   0   0   0   0  1.02 0.22
   72 H     0   0  -2  -2  -2  -1  -1  -3   2   0   1   2   3  -1  -2   0   0  -2   1  -1    7   4   0   0   0   0   0   0   9   3  17  24  20   0   0   4   7   0   6   0  0.18 0.10
   73 V    -2  -3  -4  -4  -2  -3  -4  -4  -4   2   4  -3   3  -1  -4  -3  -2  -3  -2   2    0   0   0   0   0   0   0   0   0   5  71   0   8   0   0   0   0   0   0  16  0.70 0.16
   74 T    -1   6  -2  -3  -4   0  -1  -3  -2  -4  -3   2  -2  -4   0  -1   0  -4  -3  -3    6  74   0   0   0   0   0   0   0   0   0   9   0   0   4   0   7   0   0   0  0.99 0.22
   75 L    -3  -3  -5  -5  -2  -3  -4  -5  -4   2   5  -4   1  -1  -4  -4  -2  -3  -2   0    0   0   0   0   0   0   0   0   0  13  87   0   0   0   0   0   0   0   0   0  0.90 0.20
   76 L     0  -3   0  -4  -2  -3  -3  -4  -3   1   5  -3   1   1  -4  -3  -2  -3  -2   0    9   0   8   0   0   0   0   0   0   2  77   0   0   4   0   0   0   0   0   0  0.59 0.17
   77 D     0   0   3   3  -3   1   0  -2   1  -3  -3   2  -2  -4  -2   1   1  -4  -2  -3    5   1  24  19   0   4   3   0   3   0   0  20   0   0   0  10  10   0   0   0  0.39 0.10
   78 L    -3  -3  -5  -5  -2  -3  -4  -5  -3   0   5  -4   1   0  -4  -4  -2   3   1   0    0   0   0   0   0   0   0   0   0   0  91   0   0   0   0   0   0   5   5   0  0.92 0.21
   79 P     0  -3  -1  -1  -4  -2   0  -3  -3  -4  -4  -2  -3  -5   7   1  -2  -5  -4  -3    9   0   2   3   0   0   4   0   0   0   0   0   0   0  71  11   0   0   0   0  1.56 0.23
   80 E    -2  -1   0   2  -4   3   3  -3  -1   0  -2   0  -2  -4   4   0  -1  -4  -3  -2    0   0   2   9   0  20  33   0   0   8   3   2   0   0  20   3   0   0   0   0  0.53 0.13
   81 K     0   0   0   1  -3   1   2  -1  -2  -2  -3   1  -2  -3   4   0   0  -4  -3  -1    4   3   2  10   0   6  23   3   0   0   0   7   0   0  25   5   4   0   0   9  0.44 0.09
   82 I     0  -3  -4  -4  -2  -3  -3  -4  -4   4   1  -3   0  -1  -3  -2   0  -3  -2   4    8   0   0   0   0   0   0   0   0  37   9   0   0   0   0   0   3   0   0  43  0.53 0.14
   83 A     0   0  -2  -2  -3   5   0  -3  -1  -2   1   2  -1  -3  -2  -1  -2  -3  -2  -1    7   3   0   0   0  46   0   0   0   0  22  18   0   0   0   0   0   0   0   5  0.47 0.16
   84 D     0   2   2   3  -3   2   3  -2  -1  -3  -3   0  -2  -4  -2   0   0  -4  -3  -3    7  17   9  18   0   8  31   0   0   0   0   0   0   0   0   3   7   0   0   0  0.46 0.11
   85 A     4   0  -2  -3  -2  -1  -2  -1  -2  -1   1   1   1  -2  -2   0  -1  -3   0  -1   54   5   0   0   0   0   0   0   0   0  18   9   4   0   0   5   0   0   3   0  0.32 0.13
   86 F    -2  -3  -4  -4  -2  -3  -4  -4  -4   3   4  -3   1   1  -4  -3  -2  -2  -1   2    0   0   0   0   0   0   0   0   0  19  58   0   2   7   0   0   0   0   0  14  0.58 0.14
   87 N     1   1   2   0  -2   0   1  -2   1   0   1  -1   0  -2  -2   0  -1  -3  -1   0   21   9  14   4   0   3  11   0   4   6  17   0   3   0   0   2   0   0   2   3  0.09 0.06
   88 T     1   1   0   0  -3   2   4  -2   1  -3  -3   0  -2  -4  -2   2   0  -3  -2  -3   10   6   3   2   0  13  37   0   4   0   0   1   0   0   0  19   6   0   0   0  0.43 0.12
   89 G    -1   2   2   1  -4  -1   0   4  -2  -4  -4   2  -3  -4  -3  -1  -2  -4  -3  -4    0  13  11   9   0   0   3  49   0   0   0  15   0   0   0   0   0   0   0   0  0.62 0.13
   90 R     0   3  -1   0  -3   1   2  -2   0  -1  -2   2  -1  -3  -2   0   0  -3  -2   0    8  22   0   4   0   7  16   0   3   2   0  13   0   0   0   4   8   0   0  14  0.22 0.07
   91 V    -2  -3  -3  -4  -2  -3  -4  -2  -4   5   3  -3   1  -1  -3  -1  -1  -3  -2   1    0   0   0   0   0   0   0   4   0  54  32   0   0   0   0   7   0   0   0   4  0.51 0.14
   92 R     1   0   0  -1  -2  -1   0  -1  -2  -2  -2   0  -2  -3  -2   3   3  -3  -2  -2   10   5   0   0   0   0   4   0   0   0   0   5   0   0   0  44  32   0   0   0  0.44 0.12
   93 D    -2  -1   0   4  -4   2   4  -2  -1  -3  -3   1   0  -3  -2  -1  -1  -4  -3  -3    0   0   0  34   0   8  46   0   0   0   0   5   7   0   0   0   0   0   0   0  0.61 0.07
   94 V    -1   2  -2  -3  -2  -1  -2   0  -1   1   1  -1   2   0  -3  -2  -1  -1   2   2    0  18   0   0   0   0   0  11   0   0  12   0  12   0   0   0   0   0  13  36  0.12 0.03
   95 T    -1  -1   0  -1  -3   0   2   1   5   0  -2  -1  -1  -2  -2   0   2  -3  -1  -1    0   0   0   0   0   0  26  12  29  13   0   0   0   0   0   0  21   0   0   0  0.26 0.04
   96 V     2  -2  -2  -2  -1  -2  -2  -2   2   2   0  -2   0  -2   2  -1  -1  -3  -1   2   29   0   0   0   0   0   0   0  12  13   0   0   0   0  12   0   0   0   0  36  0.21 0.04
   97 V     0   3   1  -2  -2  -1  -1  -2  -1   2   1   0   0  -1  -2  -1  -1  -3  -2   1   12  29  13   0   0   0   0   0   0  25  12   0   0   0   0   0   0   0   0  10  0.13 0.03
   98 N     2   1   4   0  -2  -1  -1  -1  -1  -1  -2   0  -2  -3  -2   0   0  -3  -2   0   29  12  48   0   0   0   0   0   0   0   0   0   0   0   0   0   0   0   0  12  0.32 0.05
   99 E     0  -1  -1   2  -2   1   2  -2  -1  -1   1  -1   0  -2  -2   0   1  -3  -2  -1   12   0   0  13   0  12  21   0   0   0  29   0   0   0   0   0  15   0   0   0  0.16 0.03
  100 L    -1  -2  -3  -3  -2  -2  -2  -4  -3   2   3   0   1   0  -3  -2  -1  -2  -1   2    0   0   0   0   0   0   0   0   0  18  56  12   0   0   0   0   0   0   0  15  0.30 0.04
  101 V     0  -1   1  -2  -2  -1  -1   1  -2   1   0   1   0  -2  -2  -1  -1  -3  -2   2    9   0  13   0   0   0   0  11   0   0  12  15   0   0   0   0   0   0   0  41  0.09 0.03
  102 T    -1  -2  -2  -3  -1  -2  -2  -3  -3   2   2  -2   4  -1  -3  -1   2  -2  -1   2    0   0   0   0   0   0   0   0   0  12  29   0  26   0   0   0  21   0   0  13  0.27 0.04
  103 A     2   0  -1   1  -1   0   0  -1  -2   0   0   1   0  -2  -1   0   0  -2  -2   1   33   1   1  12   0   1   1   1   0   1  13  19   0   0   1   1   1   0   0  16  0.09 0.02
  104 F    -1  -1   0   3  -3   1   4  -2   0  -2  -2   0  -2   1  -1  -1  -1  -1   2  -2    1   1   1  18   0   1  50   1   0   1   1   1   0  11   1   1   1   0  11   1  0.38 0.04
  105 K    -1   2   2  -1  -3   2   0   1  -1  -3  -3   4  -2  -3  -2   0  -1  -3  -2  -3    0  13  11   0   0  12   0  12   0   0   0  53   0   0   0   0   0   0   0   0  0.43 0.05
  106 K    -1   2  -1   0  -3   2   3  -3  -1   0   0   2   0  -2  -2  -1  -1  -3  -2  -1    0  11   0   0   0  13  29   0   0  15  12  21   0   0   0   0   0   0   0   0  0.24 0.03
  107 R    -1   2   4   0  -3   3   0  -1   0  -3  -3   2  -2  -3  -2   0   1  -3  -2  -2    0  10  37   0   0  23   0   0   0   0   0  18   0   0   0   0  13   0   0   0  0.41 0.05
  108 P    -1  -1  -1  -1  -3   3   2  -2  -1  -2  -2   0  -1  -3   5  -1  -1  -3  -2   0    0   0   0   0   0  29  24   0   0   0   0   0   0   0  36   0   0   0   0  12  0.69 0.05
  109 E    -1   1  -1   1  -2   0   3  -3  -1   0   1   0   0  -2  -2  -1  -1  -3  -2   1    0  12   0  10   0   0  34   0   0   0  18   0   0   0   0   0   0   0   0  26  0.18 0.03
  110 E    -1   1  -1   0  -3   2   3   1  -1  -2   0   3  -1  -3  -2  -1  -1  -3  -2  -2    0   0   0   0   0  12  32  11   0   0  13  33   0   0   0   0   0   0   0   0  0.30 0.04
  111 V     2  -2  -3  -3  -1  -2  -2  -2  -3   2   2  -2   1  -1  -2  -1  -1  -3  -2   3   26   0   0   0   0   0   0   0   0  12  29   0   0   0   0   0   0   0   0  33  0.24 0.03
  112 E     1   3  -1  -1  -2   0   2  -2  -1  -1   0   2  -1  -2  -2   0  -1  -3  -2  -1   22  24   0   0   0   0  22   0   0   0  18  15   0   0   0   0   0   0   0   0  0.21 0.03
  113 A     1   0  -1  -1  -3   5   2  -2   3  -3  -3   0  -1  -3  -2   0  -1  -3  -1  -2   21   0   0   0   0  53  15   0  11   0   0   0   0   0   0   0   0   0   0   0  0.48 0.06
  114 W    -2  -2  -2  -2  -2   1   1  -3  -2   0   1  -1   0   0  -3  -2  -2   8   0   0    0   0   0   0   0  12  18   0   0   0  26   0   0   0   0   0   0  33   0  11  0.62 0.06
  115 L    -1  -3  -3  -4  -1  -3  -3  -4  -2   3   2  -3   1   0  -3  -2  -1  -2   2   3    0   0   0   0   0   0   0   0   0  29  21   0   0   0   0   0   0   0  13  37  0.33 0.04
  116 D     2  -1  -1   3  -2   1   0  -1  -1   1  -1   1  -1  -2  -2   0  -1  -3  -2   0   33   0   0  25   0  12   0   0   0  18   0  13   0   0   0   0   0   0   0   0  0.18 0.03
  117 D    -1   0   2   5  -3   2   1  -1  -1  -3  -3   1  -2  -3  -1   0  -1  -3  -2  -3    1   1  13  54   0  12   1   1   0   1   1  12   0   0   1   1   1   0   0   1  0.54 0.04
  118 D    -1   0   0   2  -2   0   1  -1  -1   0   1   1   0  -1  -1  -1  -1  -2  -1  -1    2   2   1  22   1   1  15   2   1   2  29  11   1   1   2   2   2   0   1   2  0.11 0.01
  119 T    -1   2   2  -1  -3   2   0  -2   0  -3  -2   3  -1  -1  -2   1   1  -2   2  -2    0  11  12   0   0   9   0   0   0   0   0  35   0   0   0  10  10   0  13   0  0.27 0.03
  120 Q    -1   0  -1  -1  -3   4   1   1  -1  -2  -1   2  -1  -3  -2   0   1  -3  -2  -2    0   0   0   0   0  53   0  11   0   0   9  15   0   0   0   0  13   0   0   0  0.36 0.06
  121 E    -1   0   2   0  -2   0   2  -2  -1  -1   1   1   0  -1  -2  -1  -1  -2  -2  -1    1   1  21   1   0   1  22   1   0   1  33  13   0   1   1   1   1   0   0   1  0.14 0.02
  122 I     0  -1   1  -1  -1  -1  -1  -2  -2   1   1  -1   0  -1  -1   1   2  -2  -1   2    1   1   9   1   0   1   1   1   0  11  12   1   0   1   1  14  23   0   0  21  0.11 0.02
  123 T    -1  -1  -1  -2  -2  -1  -1  -2  -2   0  -1   0  -1  -2   4   0   3  -3  -2   2    0   0   0   0   0   0   0   0   0   0   0   9   0   0  24   0  36   0   0  31  0.40 0.05
  124 R    -2   5   2  -1  -4   2   0  -2   0  -3  -3   2  -2  -3  -2  -1  -1  -3  -2  -3    0  70  13   0   0   9   0   0   0   0   0   9   0   0   0   0   0   0   0   0  0.68 0.06
  125 G    -1  -1   2   0  -3   3   1   3  -1  -3  -3   0  -2  -3  -2   0   0  -3  -2  -3    0   0  13   0   0  31  12  36   0   0   0   0   0   0   0   0   9   0   0   0  0.43 0.04
  126 T     0  -1   2   0  -2   0   1  -2  -1  -2  -2  -1  -1  -3  -1   2   4  -3  -2  -1    0   0  15   0   0   0  11   0   0   0   0   0   0   0   0  13  62   0   0   0  0.42 0.05
  127 V    -1   0   2   2  -3   1   3  -2  -1  -1  -2   1  -1  -3  -2  -1  -1  -3  -2   1    0   0  15  11   0   0  37   0   0   0   0  13   0   0   0   0   0   0   0  25  0.26 0.03
  128 K     0   2   0   1  -3   2   1  -2  -1  -3  -3   4  -2  -3  -1   0  -1  -3  -2  -2   13  11   0  10   0  14   0   0   0   0   0  53   0   0   0   0   0   0   0   0  0.40 0.04
  129 L    -1   1  -3  -3  -2  -2  -3  -4  -3   2   3  -2   1   0  -3  -2  -1  -2  -1   2    0  12   0   0   0   0   0   0   0  17  58   0   0   0   0   0   0   0   0  12  0.30 0.02
  130 L    -1  -3  -3  -3  -1  -2  -3   1  -3   2   2  -2   1  -1  -3  -2  -1  -2  -2   3    0   0   0   0   0   0   0  17   0   0  40   0   0   0   0   0   0   0   0  43  0.24 0.03
  131 R    -1   4  -1  -2  -3   1   0  -2  -1  -2   0   4  -1  -3  -2  -1  -1  -3  -2  -2    0  43   0   0   0   0   0   0   0   0  12  45   0   0   0   0   0   0   0   0  0.47 0.04
  132 E    -1   3   0   0  -4   3   3  -2   0  -3  -3   3  -2  -3  -1   0  -1  -3  -2  -3    0  19   0   0   0  17  30   0   0   0   0  35   0   0   0   0   0   0   0   0  0.49 0.03
  133 F    -2  -3  -3  -4   4  -3  -3  -3  -2   0   1  -3   0   5  -4  -2  -2   6   2  -1    0   0   0   0  17   0   0   0   0   0  18   0   0  49   0   0   0  17   0   0  0.63 0.04
  134 L    -2  -2  -4  -4  -2  -2  -3  -4  -3   1   4  -3   2   0  -3  -3  -1  -2  -1   1    0   0   0   0   0   0   0   0   0   0 100   0   0   0   0   0   0   0   0   0  0.56 0.04
  135 D     0   0   0   2  -3   1   3  -1  -1  -3  -3   2  -2  -3  -1   2   0  -3  -2  -2    0   0   0  15   0   0  33   0   0   0   0  19   0   0   0  33   0   0   0   0  0.39 0.02
  136 E     1  -2   1   5  -3   0   2  -1  -1  -3  -3  -1  -3  -3  -2   0  -1  -4  -3  -3   18   0   0  67   0   0  15   0   0   0   0   0   0   0   0   0   0   0   0   0  0.66 0.04
  137 K    -1   1   2  -1  -3   0   0   2  -1  -3  -3   3  -2  -3   3   0  -1  -3  -2  -3    0   0  19   0   0   0   0  18   0   0   0  46   0   0  17   0   0   0   0   0  0.43 0.03
  138 G     2  -1   0   2  -2   0   2   2  -1  -3  -3   0  -2  -3  -1   2   0  -3  -2  -2   22   0   0  17   0   0  22  17   0   0   0   0   0   0   0  22   0   0   0   0  0.31 0.01
  139 R    -1   4   0   2  -3   0   0  -2  -1  -3  -2   1  -2  -3  -2   0   2  -3  -2  -2    0  55   0  22   0   0   0   0   0   0   0   0   0   0   0   0  22   0   0   0  0.44 0.02
  140 D     1   0   0   5  -3   0   1  -1  -1  -3  -3   2  -2  -3  -1   0  -1  -4  -3  -2   22   0   0  56   0   0   0   0   0   0   0  22   0   0   0   0   0   0   0   0  0.47 0.02
  141 P    -1   0  -2  -1  -3   0  -1  -2  -2  -3  -3   2  -2  -4   7  -1  -1  -4  -3  -3    0   0   0   0   0   0   0   0   0   0   0  29   0   0  71   0   0   0   0   0  1.35 0.02
  142 N    -2   0   6   1  -3   0   0   0   1  -3  -4   0  -2  -3  -2   1   0  -4  -2  -3    0   0 100   0   0   0   0   0   0   0   0   0   0   0   0   0   0   0   0   0  0.74 0.01
  143 T     0  -2  -1  -2  -1  -1  -2  -2  -2   1   0  -1   0  -2  -2   0   4  -3  -2   2    0   0   0   0   0   0   0   0   0   0   0   0   0   0   0   0  57   0   0  43  0.27 0.00
  144 V     0  -2  -1  -2  -1  -1  -1  -2  -2   1   0  -1   0  -1  -2   2   1  -3  -1   3    0   0   0   0   0   0   0   0   0   0   0   0   0   0   0  43   0   0   0  57  0.18 0.00
  145 D    -1  -1   1   5  -4   1   4  -2  -1  -3  -3   0  -3  -4  -1   0  -1  -4  -3  -3    0   0   0  57   0   0  43   0   0   0   0   0   0   0   0   0   0   0   0   0  0.71 0.00
  146 A     3  -2   0   4  -1  -1   0   0  -1  -2  -2  -1  -2  -3  -1   1   0  -3  -2  -1   57   0   0  43   0   0   0   0   0   0   0   0   0   0   0   0   0   0   0   0  0.37 0.00
  147 F    -2  -2  -3  -4  -2  -3  -3  -4  -2   1   3  -3   2   3  -3  -3  -2  -1   1   0    0   0   0   0   0   0   0   0   0   0  71   0   0  29   0   0   0   0   0   0  0.40 0.00
  148 N    -1  -1   3   1  -2   1   3  -1   0  -2  -3   0  -2  -3  -1   1   2  -3  -2  -2    0   0  29   0   0   0  43   0   0   0   0   0   0   0   0   0  28   0   0   0  0.39 0.00
  149 G     0  -3  -1  -2  -2  -2  -3   4  -3   2   0  -2   0  -2  -3  -1  -1  -3  -2   1    0   0   0   0   0   0   0  57   0  43   0   0   0   0   0   0   0   0   0   0  0.39 0.00
  150 Q    -1   1   0   0  -3   5   2  -2   0  -3  -2   3  -1  -3  -1   0  -1  -2  -2  -2    0   0   0   0   0  72   0   0   0   0   0  28   0   0   0   0   0   0   0   0  0.55 0.01
  151 T     0   0   0  -1  -2   4   1  -2  -1  -2  -2   0  -1  -3  -1   1   3  -2  -2  -1    0   0   0   0   0  43   0   0   0   0   0   0   0   0   0   0  57   0   0   0  0.37 0.01
  152 D    -1  -1   0   3  -1  -1   0  -2  -1   0   2  -1   1  -1  -1  -1  -1  -2  -1   0    2   1   1  30   1   1   2   2   1   1  45   2   1   1   1   2   2   0   1   2  0.14 0.00
  153 A     2  -1   0  -1  -1   0   0   0  -1  -1  -1   0  -1  -2   0   3   1  -2  -1  -1   31   1   1   2   1   1   2   2   1   1   3   2   1   1   1  45   2   0   1   2  0.22 0.00
  154 E    -1   0   0   0  -2   4   3  -1   0  -2  -2   1  -1  -2  -1   0  -1  -2  -1  -2    2   1   1   2   1  44  30   2   1   1   3   2   1   1   1   2   2   0   1   2  0.36 0.00
  155 R    -1   3   4   0  -2   0   0  -1   0  -2  -2   1  -1  -2  -1   0   0  -2  -1  -2    2  30  44   2   1   1   2   2   1   1   3   2   1   1   1   2   2   0   1   2  0.30 0.00
  156 D    -2  -2   0   4  -2  -1   0  -2  -2   0   2  -1   0  -1  -2  -1  -1  -3  -2  -1    0   0   0  57   0   0   0   0   0   0  43   0   0   0   0   0   0   0   0   0  0.36 0.00
  157 A     3  -1   0  -1  -1  -1  -1   0  -1  -2  -2  -1  -1  -2  -1   3   1  -3  -2  -1   57   0   0   0   0   0   0   0   0   0   0   0   0   0   0  43   0   0   0   0  0.35 0.00
  158 E    -1   0   0   2  -4   2   5  -2   0  -3  -3   1  -2  -3  -1   0  -1  -3  -2  -3    0   0   0   0   0   0 100   0   0   0   0   0   0   0   0   0   0   0   0   0  0.75 0.01
  159 A     4  -1  -2  -2   0  -1  -1   0  -2  -1  -2  -1  -1  -2  -1   1   0  -3  -2   0  100   0   0   0   0   0   0   0   0   0   0   0   0   0   0   0   0   0   0   0  0.40 0.00
  160 G     0  -2   0  -1  -3  -2  -2   6  -2  -4  -4  -2  -3  -3  -2   0  -2  -3  -3  -3    0   0   0   0   0   0   0 100   0   0   0   0   0   0   0   0   0   0   0   0  1.04 0.00
  161 D    -2  -2   1   6  -4   0   2  -1  -1  -3  -4  -1  -3  -4  -2   0  -1  -4  -3  -3    0   0   0 100   0   0   0   0   0   0   0   0   0   0   0   0   0   0   0   0  0.92 0.00
  162 G     0  -2   0  -1  -3  -2  -2   6  -2  -4  -4  -2  -3  -3  -2   0  -2  -3  -3  -3    0   0   0   0   0   0   0 100   0   0   0   0   0   0   0   0   0   0   0   0  1.04 0.00
  163 Q    -1   1   0   1  -3   4   4  -2   0  -3  -3   1  -1  -3  -1   0  -1  -2  -2  -2    0   0   0   0   0  50  50   0   0   0   0   0   0   0   0   0   0   0   0   0  0.60 0.01
  164 D    -1   0   1   4  -3   4   2  -2   0  -3  -3   0  -2  -3  -1   0  -1  -3  -2  -3    0   0   0  50   0  50   0   0   0   0   0   0   0   0   0   0   0   0   0   0  0.58 0.01
  165 G     0  -2   0  -1  -3  -2  -2   6  -2  -4  -4  -2  -3  -3  -2   0  -2  -3  -3  -3    0   0   0   0   0   0   0 100   0   0   0   0   0   0   0   0   0   0   0   0  1.04 0.00
  166 E    -1   1   0   1  -3   4   4  -2   0  -3  -3   1  -1  -3  -1   0  -1  -2  -2  -2    0   0   0   0   0  50  50   0   0   0   0   0   0   0   0   0   0   0   0   0  0.60 0.01
  167 D    -2  -2   1   6  -4   0   2  -1  -1  -3  -4  -1  -3  -4  -2   0  -1  -4  -3  -3    0   0   0 100   0   0   0   0   0   0   0   0   0   0   0   0   0   0   0   0  0.92 0.00
  168 G    -1  -2   1   4  -3  -1   0   4  -2  -4  -4  -1  -3  -3  -2   0  -1  -3  -3  -3    0   0   0  50   0   0   0  50   0   0   0   0   0   0   0   0   0   0   0   0  0.66 0.01
  169 D    -2  -2   1   6  -4   0   2  -1  -1  -3  -4  -1  -3  -4  -2   0  -1  -4  -3  -3    0   0   0 100   0   0   0   0   0   0   0   0   0   0   0   0   0   0   0   0  0.92 0.00
  170 Q     3   0  -1  -1  -1   4   1  -1   0  -2  -2   0  -1  -3  -1   1   0  -2  -2  -1   50   0   0   0   0  50   0   0   0   0   0   0   0   0   0   0   0   0   0   0  0.34 0.01
  171 D    -1   1   1   4  -3   1   1  -1  -1  -3  -3   3  -2  -3  -1   0  -1  -4  -2  -3    0   0   0  50   0   0   0   0   0   0   0  50   0   0   0   0   0   0   0   0  0.50 0.01
  172 G     0  -2   0  -1  -3  -2  -2   6  -2  -4  -4  -2  -3  -3  -2   0  -2  -3  -3  -3    0   0   0   0   0   0   0 100   0   0   0   0   0   0   0   0   0   0   0   0  1.04 0.00
  173 K    -1   2   0  -1  -3   1   1  -2  -1  -3  -3   5  -1  -3  -1   0  -1  -3  -2  -2    0   0   0   0   0   0   0   0   0   0   0 100   0   0   0   0   0   0   0   0  0.51 0.00
  174 D    -2  -2   1   6  -3   0   1  -1  -1  -3  -3  -1  -3  -3  -1   0  -1  -4  -3  -3    0   0   0   0   0   0   0   0   0   0   0   0   0   0   0   0   0   0   0   0  0.00     0.00
  175 A     4  -1  -1  -2   0  -1  -1   0  -2  -1  -1  -1  -1  -2  -1   1   0  -2  -2   0    0   0   0   0   0   0   0   0   0   0   0   0   0   0   0   0   0   0   0   0  0.00     0.00
  176 K    -1   2   0  -1  -3   1   1  -1  -1  -3  -2   4  -1  -3  -1   0  -1  -3  -2  -2    0   0   0   0   0   0   0   0   0   0   0   0   0   0   0   0   0   0   0   0  0.00     0.00
  177 E    -1   0   0   1  -3   2   5  -2   0  -3  -3   1  -2  -3  -1   0  -1  -3  -2  -2    0   0   0   0   0   0   0   0   0   0   0   0   0   0   0   0   0   0   0   0  0.00     0.00
  178 K    -1   2   0  -1  -3   1   1  -1  -1  -3  -2   4  -1  -3  -1   0  -1  -3  -2  -2    0   0   0   0   0   0   0   0   0   0   0   0   0   0   0   0   0   0   0   0  0.00     0.00

                      K         Lambda
Standard Ungapped    0.1337     0.3112
Standard Gapped      0.0386     0.2670
PSI Ungapped         0.1263     0.3163
PSI Gapped           0.0386     0.2670
