
Last position-specific scoring matrix computed, weighted observed percentages rounded down, information per position, and relative weight of gapless real matches to pseudocounts
            A   R   N   D   C   Q   E   G   H   I   L   K   M   F   P   S   T   W   Y   V   A   R   N   D   C   Q   E   G   H   I   L   K   M   F   P   S   T   W   Y   V
    1 G     0  -2   0  -1  -2  -2  -2   6  -2  -4  -4  -2  -3  -3  -2   0  -2  -2  -3  -3    0   0   0   0   0   0   0   0   0   0   0   0   0   0   0   0   0   0   0   0  0.00     0.00
    2 S     1  -1   1   0  -1   0   0   0  -1  -2  -2   0  -1  -2  -1   4   1  -3  -2  -2    0   0   0   0   0   0   0   0   0   0   0   0   0   0   0   0   0   0   0   0  0.00     0.00
    3 H    -2   0   1  -1  -3   0   0  -2   7  -3  -3  -1  -2  -1  -2  -1  -2  -2   2  -3    0   0   0   0   0   0   0   0   0   0   0   0   0   0   0   0   0   0   0   0  0.00     0.00
    4 M    -1  -1  -2  -3  -1   0  -2  -3  -2   1   2  -1   5   0  -2  -1  -1  -1  -1   1    0   0   0   0   0   0   0   0   0   0   0   0   0   0   0   0   0   0   0   0  0.00     0.00
    5 T     0  -1   0  -1  -1  -1  -1  -2  -2  -1  -1  -1  -1  -2  -1   1   4  -2  -2   0    0   0   0   0   0   0   0   0   0   0   0   0   0   0   0   0   0   0   0   0  0.00     0.00
    6 E    -1   0   0   1  -4   2   5  -2   0  -3  -3   1  -2  -3  -1   0  -1  -3  -2  -2    0   0   0   0   0   0   0   0   0   0   0   0   0   0   0   0   0   0   0   0  0.00     0.00
    7 A     4  -1  -2  -2   0  -1  -1   0  -2  -1  -1  -1  -1  -2  -1   1   0  -2  -2   0    0   0   0   0   0   0   0   0   0   0   0   0   0   0   0   0   0   0   0   0  0.00     0.00
    8 E    -1   0   0   1  -4   2   5  -2   0  -3  -3   1  -2  -3  -1   0  -1  -3  -2  -2    0   0   0   0   0   0   0   0   0   0   0   0   0   0   0   0   0   0   0   0  0.00     0.00
    9 Y    -2  -2  -2  -3  -2  -1  -2  -3   2  -1  -1  -2  -1   3  -3  -2  -2   2   7  -1    0   0   0   0   0   0   0   0   0   0   0   0   0   0   0   0   0   0   0   0  0.00     0.00
   10 L    -1  -2  -3  -4  -1  -2  -3  -4  -3   2   4  -2   2   0  -3  -2  -1  -2  -1   1    0   0   0   0   0   0   0   0   0   0   0   0   0   0   0   0   0   0   0   0  0.00     0.00
   11 A     4  -1  -2  -2   0  -1  -1   0  -2  -1  -1  -1  -1  -2  -1   1   0  -2  -2   0    0   0   0   0   0   0   0   0   0   0   0   0   0   0   0   0   0   0   0   0  0.00     0.00
   12 N    -2   0   6   1  -3   0   0   0   1  -3  -3   0  -2  -3  -2   1   0  -4  -2  -3    0   0   0   0   0   0   0   0   0   0   0   0   0   0   0   0   0   0   0   0  0.00     0.00
   13 Y    -2  -2  -2  -3  -2  -1  -2  -3   2  -1  -1  -2  -1   3  -3  -2  -2   2   7  -1    0   0   0   0   0   0   0   0   0   0   0   0   0   0   0   0   0   0   0   0  0.00     0.00
   14 D    -2  -2   1   6  -4   0   2  -1  -1  -3  -4  -1  -3  -4  -2   0  -1  -5  -3  -3    0   0   0 100   0   0   0   0   0   0   0   0   0   0   0   0   0   0   0   0  0.93 0.00
   15 P    -1  -2  -2  -2  -3  -1  -1  -2  -2  -3  -3  -1  -3  -4   8  -1  -1  -4  -3  -3    0   0   0   0   0   0   0   0   0   0   0   0   0   0 100   0   0   0   0   0  2.05 0.01
   16 K    -1   1   1   4  -4   1   1  -2  -1  -3  -3   3  -2  -4  -1   0  -1  -4  -3  -3    0   0   0  50   0   0   0   0   0   0   0  50   0   0   0   0   0   0   0   0  0.51 0.00
   17 A     3  -2  -1  -2  -1  -1  -2   4  -2  -2  -3  -1  -2  -3  -2   1  -1  -3  -3  -1   50   0   0   0   0   0   0  50   0   0   0   0   0   0   0   0   0   0   0   0  0.52 0.00
   18 F    -2  -3  -3  -4  -3  -3  -3  -3   0  -1   0  -3   0   6  -4  -2  -2   1   5  -1    0   0   0   0   0   0   0   0   0   0   0   0   0  69   0   0   0   0  31   0  0.71 0.01
   19 K     2   4  -1  -1  -2   1   0  -1  -1  -2  -2   3  -1  -3  -1   0  -1  -3  -2  -2   31  35   0   0   0   0   0   0   0   0   0  34   0   0   0   0   0   0   0   0  0.35 0.01
   20 A     2  -2  -2  -2  -2  -1  -1  -1  -2  -2  -3  -1  -2  -3   7   0  -1  -4  -3  -2   34   0   0   0   0   0   0   0   0   0   0   0   0   0  66   0   0   0   0   0  1.21 0.01
   21 Q    -1   0   4   0  -2   3   1  -1   0  -2  -2   0  -1  -3  -2   1   2  -3  -2  -2    0   0  35   0   0  34   0   0   0   0   0   0   0   0   0   0  31   0   0   0  0.37 0.01
   22 L    -1  -1  -2  -2  -1  -1  -2  -2  -1   1   2  -2   1   4  -1  -1  -1   0   1   0    3   2   2   2   1   1   2   3   1   2  37   2   1  32   2   2   2   0   1   2  0.16 0.00
   23 L    -1  -2  -2  -2  -1  -2  -2  -2  -2   3   2  -2   1   0  -2  -2   0  -2  -1   3    2   1   1   1   0   1   1   2   0  19  23   1   0   1   1   2   1   0   1  40  0.18 0.01
   24 T     2  -1   0  -1  -1   0  -1  -1  -1  -1  -1   0  -1  -2  -1   2   3  -2  -1   0   21   1   1   1   0   1   1   2   0   1   2   1   0   1   1  21  41   0   1   1  0.24 0.01
   25 V     0  -2  -1  -2  -1  -1  -1  -2  -2   1   0  -1   0  -1  -1   0   3  -2  -1   3    1   1   1   1   0   1   1   1   0   1   2   1   0   1   1   1  34   0   1  50  0.19 0.02
   26 D     1  -1   0   4  -2   2   1  -1  -1  -2  -2   0  -2  -3  -1   0  -1  -3  -2  -2   18   1   1  49   0  18   1   1   0   1   2   1   0   1   1   1   1   0   1   1  0.38 0.02
   27 A     3  -2  -1  -1  -1  -1  -1   4  -2  -2  -2  -1  -2  -2  -1   0  -1  -2  -2  -1   42   1   1   1   0   1   1  46   0   1   1   1   0   1   1   1   1   0   0   1  0.46 0.04
   28 V     0  -3  -3  -4  -1  -3  -3  -3  -4   3   0  -3   0  -1  -3  -2  -1  -3  -2   5    9   0   0   0   0   0   0   0   0  15   0   0   0   0   0   0   0   0   0  76  0.49 0.09
   29 L     0  -3  -3  -3  -2  -3  -3   0  -3   2   2  -3   1   1  -3  -2  -1  -2  -1   3    7   0   0   0   0   0   0   9   0  13  22   0   0   8   0   0   0   0   0  42  0.24 0.06
   30 F     1  -3  -2  -3  -2  -2  -2   1  -2   1   0  -2   0   3  -2  -1  -1  -2   0   2   19   0   0   0   0   0   0  15   0   9   7   0   0  18   0   0   0   0   0  29  0.16 0.05
   31 T     0   1  -2  -2   3  -1  -2  -2  -2   2   0  -1   0  -1  -2  -1   1  -3  -2   3   10  13   1   1   8   1   1   1   0  14   1   1   0   0   1   1  11   0   0  35  0.15 0.05
   32 Y    -1  -2   0  -2  -2  -2  -2  -2  -1   1   2  -2   1   3  -2  -2  -1  -1   2   1    2   1   7   1   0   1   1   1   0  10  26   1   0  19   1   1   1   0  11  14  0.16 0.03
   33 H    -1  -1   1  -2  -2   0  -1  -2   2   2   2  -1   3  -1  -2  -1  -1  -2  -1   1    2   1   9   1   0   7   1   1  11  26  18   1  15   1   1   1   1   0   1   1  0.12 0.04
   34 D    -1   1   3   2  -3   0   2   0  -1  -2  -1   1  -1  -2  -2   0  -1  -3  -2  -2    1   9  19  16   0   1  22   7   0   1  10   7   0   1   1   6   1   0   0   1  0.23 0.04
   35 Q    -2   2   1   1  -4   4   3  -2   2  -4  -3   2  -2  -4  -2  -1  -1  -3  -2  -3    0  15   8   5   0  30  25   0   7   0   0  10   0   0   0   0   0   0   0   0  0.51 0.09
   36 Q     0   0   0   4  -3   2   2   0   2  -3  -3   0  -2  -4  -2   0   0  -4  -2  -3    6   5   0  36   0  16  13   7   6   0   0   0   0   0   0   5   6   0   0   0  0.42 0.08
   37 L    -1  -1   3   2  -3   0  -1   4  -1  -3  -1   1  -2  -3  -2  -1   0  -3  -3  -3    0   0  18  16   0   5   0  37   0   0   8  12   0   0   0   0   4   0   0   0  0.38 0.08
   38 K    -1   2  -1  -1  -4   3   3  -2   2  -4  -3   4  -2  -4  -2   0  -1  -3  -2  -3    0  10   0   0   0  19  24   0   6   0   0  34   0   0   0   7   0   0   0   0  0.52 0.11
   39 V    -1  -4  -4  -4  -2  -3  -4  -4  -4   4   1  -3   0  -1  -3  -3  -1  -4  -2   5    0   0   0   0   0   0   0   0   0  30   5   0   0   0   0   0   0   0   0  65  0.65 0.14
   40 L    -2  -3  -4  -5  -2  -3  -4  -5  -4   1   5  -3   1   2  -4  -3  -2  -2  -1   0    0   0   0   0   0   0   0   0   0   0  93   0   0   7   0   0   0   0   0   0  0.81 0.16
   41 L    -1  -3  -4  -4  -2  -3  -3  -4  -3   1   4  -3   3   0  -4  -3  -2   3  -1   1    4   0   0   0   0   0   0   0   0   0  69   0  10   0   0   0   0   6   0  12  0.56 0.13
   42 V     1  -3  -3  -3   2  -3  -3  -1  -3   3   1  -3   1  -1  -3  -2  -1  -3  -2   3   13   0   0   0   6   0   0   6   0  25   9   0   4   0   0   0   0   0   0  37  0.28 0.08
   43 Q    -2   4  -1  -2  -4   5   0  -1  -1  -4  -3   3  -2  -4  -2  -1  -2  -3  -3  -3    0  29   0   0   0  46   0   5   0   0   0  19   0   0   0   0   0   0   0   0  0.73 0.16
   44 R    -2   6  -1  -1  -4   1   3  -3  -1  -4  -3   1  -2  -3  -2  -1  -2  -3  -2  -3    1  63   0   0   0   0  30   1   0   0   1   0   0   0   0   1   1   0   0   1  0.80 0.15
   45 S     1   1   1  -1  -2   1   0  -1  -1   0  -2   2  -1  -2   1   1   0  -3  -2   0   21   7   7   0   0   6   1   1   0   6   1  22   0   0   8   9   1   0   0  12  0.15 0.05
   46 N     1   1   2   3  -2   0   0  -1   2  -1  -2   1  -2  -3  -2   1  -1  -3  -2  -2   20   6  12  25   0   0   1   1   7   7   1  12   0   0   0   7   1   0   0   1  0.21 0.06
   47 H    -1   3   2   1  -3   2   0   0   2  -3  -3   2  -2  -3   1   0  -1  -3  -2  -2    0  18  13   7   0  13   0   5   8   0   0  19   0   0   6   6   0   0   0   5  0.29 0.07
   48 P    -1   0  -1   1  -3  -1   1  -2   1  -1  -2  -1  -2  -3   5   1  -1  -3  -2  -2    1   6   0   6   0   0  14   1   5   7   1   1   0   0  38  18   1   0   0   1  0.61 0.09
   49 F    -1   0  -1   0   3  -1  -1   2  -2   0  -1  -1  -1   2  -2   0  -1  -1   0  -1    2  10   1   8  12   1   1  25   0   7   2   1   0  18   1   8   1   0   1   1  0.15 0.05
   50 L    -1   3   1  -1  -2   1   0  -2   2  -1   0   1   0  -2  -1  -1   0  -2  -1  -1    2  26   8   1   0   8   2   2   7   1  16  10   1   1   1   2   8   0   1   2  0.16 0.04
   51 G     0  -2  -1  -2  -2  -2  -2   6  -2  -3  -1  -2  -2  -3  -2   0  -1  -2  -3  -3    1   1   1   1   0   1   1  72   0   1   7   1   0   1   1   8   1   0   1   1  0.79 0.11
   52 L    -1  -2  -3  -3   3  -2  -2  -3  -3   0   3  -1   1  -1  -3  -1   1   4  -1   0    0   0   0   0   8   0   0   0   0   0  51   4   0   0   0   4  15   9   0   6  0.31 0.09
   53 W    -4  -4  -5  -6  -4  -4  -4  -4  -4   0  -3  -5  -2   2  -5  -4  -4  12   1  -3    0   0   0   0   0   0   0   0   0   6   0   0   0  10   0   0   0  84   0   0  2.80 0.31
   54 G     1  -1  -1   0  -2   1   1   1  -1  -2  -2   1  -1  -1  -2   1   0  -2   2   0   16   0   0   5   0   6  12  12   0   0   0  12   0   0   0  12   6   0  11   9  0.14 0.05
   55 L     0  -3  -4  -4  -2  -3  -3  -4  -3   1   4  -3   2   3  -4  -3  -2  -2  -1   0    9   0   0   0   0   0   0   0   0   0  75   0   4  13   0   0   0   0   0   0  0.57 0.14
   56 P     0  -3  -3  -3  -4  -2  -2  -3  -3  -4  -4  -2  -4  -5   8  -2  -2  -5  -4  -3    7   0   0   0   0   0   0   0   0   0   0   0   0   0  93   0   0   0   0   0  2.27 0.25
   57 G     2  -2  -1  -2  -2   0  -2   5  -2  -3  -3   0  -2  -4  -2   0   1  -3  -3  -2   17   0   0   0   0   6   0  55   0   0   0   5   0   0   0   4  12   0   0   0  0.61 0.11
   58 G    -1  -3  -1  -2  -4  -3  -3   7  -3  -5  -5  -3  -4  -4  -3  -1  -3  -4  -4  -4    0   0   0   0   0   0   0 100   0   0   0   0   0   0   0   0   0   0   0   0  1.57 0.21
   59 F    -2   2  -1  -2  -3  -1  -2  -1   4  -1  -1   0  -1   4  -3  -2  -2  -1   2   0    1  16   0   0   0   0   1   6  16   0   1   8   0  31   0   1   1   0   7  10  0.27 0.08
   60 I    -1  -3  -3  -3   2  -2  -3  -3  -3   3   2  -3   3  -1  -3  -2  -1  -2  -2   3    1   0   0   0   7   0   1   1   0  26  18   0  13   0   0   1   1   0   0  30  0.34 0.08
   61 D    -2   0   2   2  -4   1   5  -2  -1  -4  -4   2  -3  -4  -2  -1  -2  -4  -3  -3    0   0  12  12   0   0  56   0   0   0   0  20   0   0   0   0   0   0   0   0  0.71 0.14
   62 E    -1   0  -1   0  -2   1   2  -1  -1  -1  -1   0   1  -2   4   0   0  -2  -1  -1    3   6   2   2   1   8  22   3   1   2   3   2   9   1  21   3   8   0   1   2  0.28 0.04
   63 T     0   0   0   0  -1   0   1   0   0  -1  -1   0   0  -1   0   1   1   0   0   0    6   4   3   4   1   3  13   6   2   4   7   4   2   3   4  12  12   1   2   5  0.05 0.00
   64 C     0  -1  -1  -1   4  -1  -1  -1  -1   1   1  -1   0   1  -1   0   0  -1   0   1    8   2   2   3  12   2   3   3   1   9  14   3   1   8   2  12   3   1   2   9  0.04 0.01
   65 D    -1  -3   1   3  -3  -2  -1   5  -2  -4  -4  -2  -3  -4  -2  -1  -2  -3  -3  -4    0   0   6  26   0   0   0  63   0   0   1   0   0   0   0   0   0   0   0   0  0.85 0.13
   66 E    -2  -1  -1   0  -5   1   6  -3  -1  -4  -1   0  -3  -4  -2  -1  -2  -4  -3  -3    0   0   0   0   0   0  93   0   0   0   7   0   0   0   0   0   0   0   0   0  1.13 0.22
   67 S     0  -2   1  -1  -2  -1   0  -2  -2  -3  -3  -1  -2  -3  -2   4   4  -4  -3  -2    0   0   5   0   0   0   6   0   0   0   0   0   0   0   0  52  37   0   0   0  0.58 0.15
   68 L     1  -2  -3  -3  -2   0  -2  -3  -3   2   1  -2   0   1   3  -1  -1  -3  -1   2   16   0   0   0   0   7   0   0   0  23  14   0   0   6  17   0   0   0   0  17  0.25 0.07
   69 E     1   2  -2  -1  -3   0   4  -3  -1  -1  -2   0  -2   0  -2  -1  -1   3  -1   1   13  16   0   0   0   0  41   0   0   0   0   0   0   6   0   0   0   5   0  19  0.30 0.11
   70 Q    -2  -1  -1   2  -4   4   5  -3  -1  -4  -4   0  -2  -4  -2   0   0  -4  -3  -3    0   0   0   9   0  27  54   0   0   0   0   0   0   0   0   6   4   0   0   0  0.74 0.15
   71 T     3  -2   1  -2   2  -2  -2   3  -2  -3  -3  -2  -2  -3  -2   1   1  -3  -3  -2   37   0   7   0   6   0   0  28   0   0   0   0   0   0   0   9  13   0   0   0  0.40 0.10
   72 V     3  -3  -3  -3  -1  -2  -2  -2  -3   1   1  -2   3  -1  -2  -1  -1  -3  -2   3   34   0   0   0   0   0   0   0   0   4  11   0  15   0   0   0   0   0   0  35  0.32 0.11
   73 L     0  -2  -3  -3  -2   0  -2  -3  -2   2   2  -2   2  -1  -3  -2  -1  -2   1   3   11   0   0   0   0   7   0   0   0  14  19   0   6   0   0   0   0   0   6  37  0.25 0.08
   74 R    -3   7  -2  -3  -5   0  -1  -3  -1  -4  -3   2  -3  -4  -3  -2  -2  -4  -3  -4    0  93   0   0   0   0   0   0   0   0   0   7   0   0   0   0   0   0   0   0  1.34 0.23
   75 K    -2  -1  -1   0  -5   1   6  -3  -1  -4  -4   1  -3  -4  -2  -1  -2  -4  -3  -4    0   0   0   0   0   0  92   0   0   0   0   8   0   0   0   0   0   0   0   0  1.18 0.22
   76 L    -1  -3  -3  -4  -2  -3  -3  -4  -3   3   2  -3   1   0  -3  -2   0  -2   2   3    0   0   0   0   0   0   0   0   0  19  27   0   0   0   0   0   6   0   9  39  0.38 0.10
   77 A     1   3  -1  -2  -3   0   0  -2  -2  -2  -1   3   1  -2  -2  -1  -1   5  -2  -2   13  26   0   0   0   0   5   0   0   0   5  34   6   0   0   0   0  11   0   0  0.43 0.11
   78 E    -2  -1  -1   1  -5   1   7  -3  -1  -5  -4   0  -3  -5  -2  -1  -2  -4  -3  -4    0   0   0   0   0   0 100   0   0   0   0   0   0   0   0   0   0   0   0   0  1.34 0.24
   79 K    -2  -1  -1   0  -5   1   6  -3  -1  -4  -4   1  -3  -4  -2  -1  -2  -4  -3  -4    0   0   0   0   0   0  92   0   0   0   0   8   0   0   0   0   0   0   0   0  1.18 0.22
   80 T     1  -2  -1  -2  -2  -2  -2  -2  -3  -2  -1  -2  -1  -3  -2   1   5  -3  -3  -1   14   0   0   0   0   0   0   0   0   0   7   0   0   0   0   7  73   0   0   0  0.65 0.17
   81 A     1   0  -1  -2  -3  -2  -3   6  -3  -5  -4  -2  -3  -4  -3  -1  -2  -4  -4  -4    8   6   0   0   0   0   0  86   0   0   0   0   0   0   0   0   0   0   0   0  1.20 0.18
   82 V    -1  -3  -4  -4  -2  -3  -3  -4  -2   3   3  -3   1   0  -3  -2  -1  -2   3   2    6   0   0   0   0   0   0   0   0  31  34   0   0   0   0   0   0   0  15  14  0.37 0.09
   83 V    -1   1   0   1  -2   1   1  -2   1   0   0   1  -1  -1  -2   0   0  -2   1   0    0  10   5  13   0   4   7   0   4   4   9  12   0   0   0   4   6   0   9  14  0.08 0.03
   84 P     1  -3  -2  -3   4  -2  -2  -1  -3   1  -1  -2  -1  -2   4  -1   2  -3  -3   1   12   0   0   0  11   0   0   5   0  15   0   0   0   0  23   0  18   0   0  15  0.38 0.09
   85 P     0  -1  -1   1  -3   0   4  -3  -1   0  -1   1  -2  -3   1   0   0  -4  -3  -2    5   0   0   4   0   0  47   0   0   9   6   9   0   0   8   5   7   0   0   0  0.35 0.10
   86 Y    -1  -2   1  -2  -2  -2  -2  -3   1   0   0   0  -1   2   3  -2  -1  -2   2   2    0   0   9   0   0   0   0   0   6   0   5   6   0  12  20   0   0   0   8  35  0.29 0.09
   87 I    -1  -2  -2   0  -2  -1  -1  -2  -2   2   0  -1   2  -1   2   1   0  -3  -2   2    1   0   0   5   0   0   4   1   0  15   6   4  11   0   9  18   0   0   0  25  0.14 0.06
   88 E     0   2  -1   0  -2   2   3  -2  -1  -2  -1   1  -1  -3  -2   1   1  -3  -2  -2   11  11   0   0   0   9  34   1   0   0   7   7   0   0   0  10   8   0   0   0  0.28 0.07
   89 Q     0   0  -2  -3  -2   1  -2  -3  -2   1   3   0   1  -1   1  -2  -1  -2  -2   1    6   6   0   0   0   8   0   1   0   0  52   5   0   0   7   1   0   0   0  12  0.22 0.07
   90 L    -2  -2  -3  -3  -2  -2  -3   1  -3   2   3   0   1   1  -3  -2  -1  -2  -1   1    0   0   0   0   0   0   0  13   0  11  52   9   0   6   0   0   4   0   0   4  0.25 0.08
   91 C     2  -2  -1  -2   3  -1   0   4  -2  -3  -3  -1  -2  -3  -2   2   0  -3  -3  -2   24   0   0   0   8   0   7  37   0   0   0   0   0   0   0  17   6   0   0   0  0.44 0.09
   92 T    -1   0  -3  -3  -2   0  -2  -4  -2   2   1  -2   0   2  -3  -2   0  -2   2   3    0   6   0   0   0   7   0   0   0   6   9   0   0  12   0   0   8   0   8  44  0.23 0.09
   93 V    -1   1  -2  -3  -2  -1  -2  -3  -1   1   1  -1   0   2  -2  -1   0  -1   3   2    1  13   1   1   0   1   1   1   0   7  14   1   0   9   1   1   7   0  19  23  0.17 0.06
   94 G     0  -1   1   3  -2   1   1   1   2  -3  -3   0  -2  -3  -1   1   1  -3  -2  -2    9   1   7  26   0   5   6   9   7   1   1   6   0   0   1   9  10   0   0   1  0.25 0.05
   95 N     0   0   3   1  -2  -1  -1  -1  -1  -1  -2  -1  -1   1  -2   2   0  -2   1  -1    8   6  20   6   0   1   1   1   0   7   1   1   0   9   1  31   1   0   7   1  0.17 0.07
   96 N    -2  -2   1  -2  -3  -1  -1  -2   6   0  -2  -1  -1  -2   4  -1   0   4   0   0    1   1   9   1   0   1   1   1  33  10   1   1   0   0  21   1   6   6   0   8  0.48 0.10
   97 S    -1   0   1   0  -2   2   1  -2  -1   0  -1   1  -1   2  -2   0   0  -2  -1   0    1   0   7   5   0  19   6   1   0  10   1  13   0  14   0   9   6   0   0   7  0.10 0.05
   98 R    -1   3  -1  -2  -2   0  -1  -2   2  -1  -1   2  -1   2  -2   0  -1  -2   0   1    1  27   1   1   0   1   1   1   8   1   1  17   0  13   1   7   1   0   0  19  0.18 0.06
   99 D     0  -1   0   4  -3   3   3  -2  -1  -3  -3   0  -2  -3  -2   1   0  -3  -2  -2    8   0   0  30   0  17  25   0   0   0   1   0   0   0   0   8   8   0   0   0  0.44 0.08
  100 A     1  -2  -1   2  -2  -1   1   1   2  -2  -2  -1  -2   0   2   0  -1  -2  -1   0   23   0   0  13   0   0   9  15   8   0   1   0   0   8  11   0   0   0   0   9  0.17 0.05
  101 R     0   3  -1   1  -3   0   1   0  -1  -3  -3   0  -2  -3   4   1  -1  -3  -2  -2    7  22   0   7   0   0  14   8   0   0   1   1   0   0  23  13   1   0   0   1  0.40 0.07
  102 G    -1   0  -1   1  -3   0  -1   4  -2  -4  -3   0  -3   0   1   0  -1  -3  -2  -3    0   7   0  10   0   6   0  48   0   0   0   8   0   7   8   8   0   0   0   0  0.45 0.09
  103 W     0   3  -1  -2  -3   1  -1  -2   5  -3  -1   0  -2  -2   0   0  -2   6   0  -3   11  22   0   0   0   8   0   0  27   0   7   0   0   0   5   8   0  13   0   0  0.44 0.11
  104 S     0  -2  -1   1  -2  -1   0  -2  -1   1  -1  -1  -1  -1   2   2   0  -2   1   1    8   0   0   8   0   0   7   0   0  18   1   0   0   0   9  25   0   0   8  13  0.13 0.07
  105 V    -1  -2  -3  -3  -2  -2  -3  -3   2   2   1  -2   0   0  -3  -2   0   5   2   2    0   0   0   0   0   0   0   0   7  21  16   0   0   0   0   0   8  10   9  26  0.29 0.08
  106 T    -1   0   0  -1  -2   1   0  -2   4  -2  -2   1  -1   1  -1   2   2  -2   0  -2    1   1   1   1   0   8   1   1  17   1   1  15   0   9   1  24  16   0   1   1  0.22 0.08
  107 V    -1  -2  -2  -3  -2  -2  -3  -3  -2   2   1  -2   2   3  -3  -1   1  -1   2   2    0   0   0   0   0   0   0   0   0  18   9   0   9  16   0   0  15   0   9  21  0.23 0.07
  108 C    -1   1  -1   0   3  -1  -1  -2  -2   1   0  -1   2  -1  -1   0   1  -2  -1   2    2  11   1   8   9   1   1   2   1   9   2   1   9   1   1  10   8   0   1  22  0.07 0.04
  109 Y    -2  -3  -2  -3   3  -2  -3  -4   5   1  -1  -3  -1   4  -4  -2   0  -1   4  -1    0   0   0   0   8   0   0   0  22  15   0   0   0  24   0   0   7   0  23   0  0.52 0.14
  110 T     1   2  -1  -2  -2  -1  -1  -2   2   0  -1   1   1   0  -2   0   2  -3  -1   1   22  14   0   0   0   0   0   0   7   6   0   9   8   7   0   0  17   0   0  10  0.12 0.07
  111 A     1  -3  -3  -3   3  -2  -3  -3  -1   1   0  -3  -1   4  -3  -2  -2   5   4  -1   17   0   0   0   7   0   0   0   0   9   9   0   0  26   0   0   0   8  20   0  0.40 0.10
  112 L    -1   0  -2  -3  -2  -2  -2  -3   2   0   2  -2   0   3  -3  -2  -1  -1   0   1    6   8   0   0   0   0   0   0   8   0  33   0   0  23   0   0   0   0   0  17  0.22 0.08
  113 M     1   0  -2  -3   2  -2  -2  -2  -2   2   1  -1   3   1   1  -1  -1  -2  -1   1   19   8   0   0   7   0   0   0   0  16   9   0  16   6   8   0   0   0   0   9  0.14 0.06
  114 S     0   2  -1  -1   2   1   0  -2  -1  -1   0   0  -1  -2   1   1  -1  -2   1   0    9  17   0   0   7   7   7   0   0   0   9   0   0   0   9  18   0   0   6   8  0.13 0.05
  115 Y    -2  -2  -2   2   4  -2   0  -3  -1  -1   1  -2  -1   1   2   0  -1  -1   3  -2    0   0   0  16  15   0   7   0   0   0  19   0   0   7  10   8   0   0  17   0  0.24 0.09
  116 Q    -1  -2   1   2  -2   1   1  -2  -2  -2  -1  -1  -1   1   3   1   2  -3  -2  -2    0   0   6  14   0   8   7   0   0   0   7   0   0   8  15   9  26   0   0   0  0.27 0.08
  117 A     0  -2  -1  -2  -2  -1  -2   3   2   0  -1   0   1  -2   1   0  -1  -3  -2   0    8   0   0   0   0   0   0  33   8   6   0   8   9   0   7   8   0   0   0  13  0.22 0.08
  118 C    -1  -2  -1  -2   3   2  -2   4  -2   1  -2  -1  -2  -3  -3  -1   2  -3  -3  -1    0   0   0   0   8  17   0  39   0  14   0   0   0   0   0   0  22   0   0   0  0.39 0.13
  119 Q    -1  -1   1   1  -3   1   2   2  -1   0  -2  -1  -1  -3  -2   0   1  -3  -3   0    0   0   9   9   0   8  22  19   0  13   0   0   0   0   0   0  15   0   0   5  0.21 0.08
  120 I     0  -3  -3  -3  -2  -3  -3   2  -3   2   2  -3   0   1   1  -2  -1  -2  -1   1    7   0   0   0   0   0   0  20   0  16  32   0   0   7   8   0   0   0   0   9  0.21 0.07
  121 Q    -1   0  -1   2  -3   3   3  -2  -1  -3  -1   2  -2  -3   1   0  -1  -3  -3  -3    0   0   0  14   0  25  20   0   0   0   7  18   0   0   7   9   0   0   0   0  0.39 0.10
  122 I     1  -2   1   1  -2  -1   0   0  -2   1   0  -1   0  -2  -2   0   1  -3  -2   1   23   0   8   7   0   0   9   9   0  15  12   0   0   0   0   0  10   0   0   7  0.08 0.05
  123 A     0   1  -1  -1  -2   0   1  -2   2  -1   1   2   1  -2  -2   1  -1  -3  -1   0    8   7   0   0   0   0   9   0   8   0  15  19   8   0   0  19   0   0   0   7  0.12 0.07
  124 S     0   0  -1   0  -3   0   4  -2  -1  -3  -3   3  -2  -4  -2   1   2  -4  -3  -2    6   0   0   0   0   0  41   0   0   0   0  23   0   0   0   8  22   0   0   0  0.47 0.13
  125 V    -1  -2  -1   0  -3   1   2   3   2   0  -2  -1  -2  -3   1  -1  -1  -3  -2   1    0   0   0   5   0   7  20  28   8   8   0   0   0   0   8   0   0   0   0  16  0.24 0.08
  126 S     2  -1  -1   2  -2   1   1   2  -2  -1  -2   1  -2  -3   1   1  -1  -3  -3  -1   24   0   0  13   0   8   8  16   0   9   0   8   0   0   6   8   0   0   0   0  0.20 0.06
  127 D     1  -1   0   4  -3   0   3  -2  -1  -3  -3   2  -3  -4  -2   1  -1  -4  -3  -3   16   0   0  36   0   0  23   0   0   0   0  17   0   0   0   7   0   0   0   0  0.51 0.12
  128 V     3  -2  -2  -3   3  -2  -2  -2  -3   0   1   0   0  -2  -2   0   2  -3  -2   1   36   0   0   0   8   0   0   0   0   0  17   7   0   0   0   0  16   0   0  16  0.22 0.09
  129 K     1   0   1  -1  -3   2   2   0  -1  -2  -1   3  -1  -3  -2   0  -1  -3  -2   0   19   0   9   0   0   9  14   5   0   0   7  29   0   0   0   0   0   0   0   8  0.19 0.08
  130 W    -3  -3  -3   0  -4  -2  -1   0   3  -4  -3  -3  -3  -1  -4  -3  -3  11   0  -4    0   0   0   7   0   0   6   8   9   0   0   0   0   0   0   0   0  70   0   0  2.11 0.29
  131 W     1  -3  -3  -4   3  -2  -3  -3   3  -1  -1  -3   3   0  -3  -2  -2   7   3   1   14   0   0   0   8   0   0   0   9   0   0   0  15   0   0   0   0  23  16  14  0.60 0.15
  132 P     0  -2   2   2  -3  -1   0  -2  -2  -4  -4  -1  -3  -4   6   1  -1  -4  -3  -3    9   0  13  17   0   0   6   0   0   0   0   0   0   0  40  15   0   0   0   0  0.80 0.13
  133 L    -2   0  -3  -4  -2  -2  -3  -4  -2   2   2  -2   0   3   1  -2  -2   4   2   1    0  10   0   0   0   0   0   0   0  20  23   0   0  14   8   0   0   8   7   9  0.29 0.08
  134 A     1   1   1  -1  -2  -1   1  -2  -1  -2  -2   0  -1   3  -2  -1   0  -1   2  -1   23   7   9   0   0   0  15   0   0   0   0   6   0  22   0   0   5   0   8   5  0.16 0.08
  135 D    -2  -2   0   5  -4   0   4  -2  -2  -4  -4  -1  -3  -4   2   1  -1  -4  -3  -4    0   0   0  44   0   0  38   0   0   0   0   0   0   0   9  10   0   0   0   0  0.79 0.16
  136 V     1  -2  -3  -3  -2  -2   0  -3  -2   1   2  -2   0   2  -3  -2  -1   4   2   1   16   0   0   0   0   0   9   0   0   9  35   0   0   8   0   0   0   8   7   8  0.23 0.08
  137 L    -1  -1   0   1  -3   1   2  -3  -1  -1   1   0  -1  -1   3  -1  -1  -2   1   1    0   0   6   9   0   9  15   0   0   0  17   6   0   0  17   0   0   0   7  15  0.21 0.07
  138 Q     0   2   4   0  -3   3   2  -2  -1  -3  -3   0  -2  -4  -2   1   1  -4  -2  -3    6  16  30   0   0  17  15   0   0   0   0   0   0   0   0   7  10   0   0   0  0.41 0.11
  139 M    -2   1   0  -2  -3   2   0  -3  -1   0   2  -1   2  -1   2  -2  -2  -2   1  -1    0   7   6   0   0  15   7   0   0   0  39   0   8   0  10   0   0   0   8   0  0.21 0.09
  140 P    -2  -2  -3  -3  -4   1  -2  -3  -3  -2   1   0  -2  -3   7  -2  -2  -4  -3  -3    0   0   0   0   0   7   0   0   0   0  17   6   0   0  70   0   0   0   0   0  1.46 0.21
  141 L     0   1  -3  -3  -2  -1  -2  -3  -2   2   3  -1   4  -1  -3  -2  -1  -2  -2   1   11  14   0   0   0   0   0   0   0  10  32   0  25   0   0   0   0   0   0   9  0.24 0.06
  142 A     4  -2  -2  -2  -1   1  -1  -1  -1  -2  -2  -1  -1   0  -2   0  -1  -1   4  -1   66   0   0   0   0  11   0   0   0   0   0   0   0   0   0   0   0   0  24   0  0.40 0.09
  143 F     0  -2  -2  -2  -2  -1   1  -2   4  -1   0  -1  -1   3   3  -1  -2  -1   1  -1   14   0   0   0   0   0  13   0  18   0  13   0   0  27  15   0   0   0   0   0  0.25 0.04
  144 D     0   1   1   6  -3  -1   1  -2  -1  -3  -4  -1  -3  -4  -2   0  -1  -4  -3  -3   15  13   0  72   0   0   0   0   0   0   0   0   0   0   0   0   0   0   0   0  0.71 0.08
  145 H    -1  -1   0   2  -3   0   1   1   6   0  -2  -1  -2  -2  -2  -1  -2  -3   0   0    0   0   0  15   0   0  14  13  40   9   0   0   0   0   0   0   0   0   0   9  0.34 0.05
  146 L    -2   3  -2  -2  -2  -1   1  -3  -2   1   2   0   0   2  -3  -2  -1  -2  -1   0    0  27   0   0   0   0  13   0   0  15  32   0   0  13   0   0   0   0   0   0  0.18 0.04
  147 Q    -1   2   0   2  -4   3   1  -2   4  -3  -3   2  -2  -3   3  -1  -1  -3  -1  -3    0  14   0  13   0  27   0   0  18   0   0  13   0   0  15   0   0   0   0   0  0.46 0.05
  148 L    -2  -3  -4  -4  -2  -3  -3  -4  -3   3   4  -3   1   2  -3  -3  -1  -2   0   1    0   0   0   0   0   0   0   0   0  26  61   0   0  13   0   0   0   0   0   0  0.44 0.05
  149 I     1  -3  -3  -3  -1  -3  -3  -3  -3   4   2  -3   1  -1  -3  -2  -1  -3  -2   3   14   0   0   0   0   0   0   0   0  53  15   0   0   0   0   0   0   0   0  18  0.32 0.05
  150 E    -1   0   0   1  -3   3   5  -2   0  -3  -3   2  -2  -3  -1   0  -1  -3  -2  -2    1   1   1   1   0  13  62   1   0   1   1  14   0   0   1   1   1   0   0   1  0.56 0.06
  151 Q    -1  -1  -1   2  -2   2   0  -2   3   0   1  -1   0  -1  -2  -1  -1  -2  -1   1    1   1   1  16   0  18   1   1  16   1  22   1   0   1   1   1   1   0   0  18  0.11 0.02
  152 A     3  -1  -1  -1  -1  -1  -1   2  -1  -1  -2  -1  -1  -2  -1   1   0  -2  -2  -1   65   1   1   1   0   1   1  17   0   1   2   1   0   1   1   2   1   0   1   1  0.28 0.02
  153 R     1   3   0   3  -2   0   0  -1  -1  -2  -2   1  -1  -2  -1   0   0  -2  -1  -1   17  28   2  25   1   2   2   3   1   2   3   2   1   1   2   3   2   0   1   2  0.18 0.01
  154 E     1   0   0   1  -2   2   4  -1   0  -2  -2   1  -1  -2  -1   0  -1  -2  -2  -2   17   1   1   1   0  15  50   2   0   1   2   1   0   1   1   2   1   0   1   1  0.34 0.01
  155 R    -1   5   0  -1  -3   1   0  -2   0  -2  -2   3  -1  -2  -1  -1  -1  -2  -1  -2    2  62   1   1   0   1   1   1   0   1   2  21   0   1   1   1   1   0   1   1  0.46 0.01
  156 L    -2  -2  -3  -4  -2  -2  -3  -4  -1   1   3  -3   1   3  -3  -2  -2   0   3   0    0   0   0   0   0   0   0   0   0   0  61   0   0  20   0   0   0   0  19   0  0.38 0.01
  157 T     0   2  -1  -2   5  -1  -2  -3  -2   0  -1  -1  -1  -2  -2   0   2  -3  -2   2    0  19   0   0  20   0   0   0   0   0   0   0   0   0   0   0  33   0   0  28  0.22 0.01
  158 Q    -1   0   0   3  -3   5   2  -2   0  -3  -3   1  -1  -4  -2   0  -1  -3  -2  -3    0   0   0  28   0  72   0   0   0   0   0   0   0   0   0   0   0   0   0   0  0.59 0.02
  159 K    -1   1   0   0  -3   4   3  -2   0  -3  -3   3  -1  -3  -1   0  -1  -3  -2  -3    0   0   0   0   0  39  28   0   0   0   0  33   0   0   0   0   0   0   0   0  0.51 0.01
  160 A     4  -2  -2  -2  -1  -1  -1   0  -2  -2  -2  -1  -1  -2  -1   1   0  -3  -2   0  100   0   0   0   0   0   0   0   0   0   0   0   0   0   0   0   0   0   0   0  0.44 0.02
  161 L    -1   2  -2  -3  -2  -1  -2  -3  -2   1   2  -1   3  -1  -3  -2  -1  -2  -1   2    0  19   0   0   0   0   0   0   0   0  33   0  20   0   0   0   0   0   0  28  0.20 0.01
  162 Y    -1  -1   0  -2  -2   0  -1  -2   6  -2  -2  -1  -1   1  -2   0   2   0   4  -2    0   0   0   0   0   0   0   0  39   0   0   0   0   0   0   0  28   0  33   0  0.44 0.02
  163 S     0  -2  -1  -2  -2  -1  -1  -2   0  -2  -2  -1  -2   0   5   2   0  -1   4  -2    0   0   0   0   0   0   0   0   0   0   0   0   0   0  39  33   0   0  28   0  0.67 0.01
  164 L    -2   3  -2  -3  -2  -1  -2  -3  -2   1   3   0   1   0  -3  -2  -1  -2  -1   0    0  28   0   0   0   0   0   0   0   0  72   0   0   0   0   0   0   0   0   0  0.30 0.01
  165 V    -1  -2  -2  -3  -1  -2  -2  -3  -3   3   1  -2   1  -1  -2  -1   2  -3  -2   3    0   0   0   0   0   0   0   0   0  39   0   0   0   0   0   0  28   0   0  33  0.25 0.01
  166 P    -1  -1   0  -1  -3   0  -1  -2   6  -3  -3  -1  -2  -2   6  -1  -1  -3   0  -3    0   0   0   0   0   0   0   0  50   0   0   0   0   0  50   0   0   0   0   0  1.03 0.00
  167 G     0  -3   0  -1  -3  -2  -2   6  -2  -4  -4  -2  -3  -3  -2   0  -2  -3  -3  -3    0   0   0   0   0   0   0 100   0   0   0   0   0   0   0   0   0   0   0   0  1.04 0.00
  168 F    -2  -3  -3  -3  -3  -2  -2  -3  -2  -1  -1  -2  -1   5   6  -2  -2  -1   1  -2    0   0   0   0   0   0   0   0   0   0   0   0   0  50  50   0   0   0   0   0  0.91 0.00
  169 A     3  -2  -2  -3  -1  -2  -2  -1  -2   1   0  -2   0  -2  -2   0   0  -3  -2   3   50   0   0   0   0   0   0   0   0   0   0   0   0   0   0   0   0   0   0  50  0.21 0.00
  170 L    -2  -2   0   4  -2  -1   0  -2  -2   0   2  -2   0  -1  -2  -1  -1  -3  -2  -1    0   0   0  50   0   0   0   0   0   0  50   0   0   0   0   0   0   0   0   0  0.31 0.00
  171 S     1  -1   1   0  -1   0   0   0  -1  -3  -3   0  -2  -3  -1   4   1  -3  -2  -2    0   0   0   0   0   0   0   0   0   0   0   0   0   0   0 100   0   0   0   0  0.46 0.00
  172 E    -1  -1  -1   0  -2   0   3  -3  -1   2   0  -1   0  -1  -2  -1  -1  -3  -2   1    0   0   0   0   0   0  50   0   0  50   0   0   0   0   0   0   0   0   0   0  0.22 0.00
  173 P    -1  -2  -2  -2  -3  -1  -1  -2  -2  -3  -3  -1  -3  -4   8  -1  -1  -4  -3  -3    0   0   0   0   0   0   0   0   0   0   0   0   0   0 100   0   0   0   0   0  2.05 0.01
  174 F    -2   4  -2  -3  -3   0  -1  -3  -1  -1  -1   1  -1   5  -3  -2  -2   0   2  -2    0  50   0   0   0   0   0   0   0   0   0   0   0  50   0   0   0   0   0   0  0.40 0.00
  175 T     0  -2  -1  -2  -1  -1  -2  -2  -3   1   0  -1   0  -2  -2   0   3  -3  -2   3    0   0   0   0   0   0   0   0   0   0   0   0   0   0   0   0  50   0   0  50  0.25 0.00
  176 L    -1  -2  -3  -4  -1  -1  -3  -3  -2   1   3  -2   5   0  -3  -2  -1  -2  -1   1    0   0   0   0   0   0   0   0   0   0  50   0  50   0   0   0   0   0   0   0  0.35 0.00
  177 P    -1  -2  -2  -2  -3  -1  -1  -2  -2  -3  -3  -1  -3  -4   8  -1  -1  -4  -3  -3    0   0   0   0   0   0   0   0   0   0   0   0   0   0 100   0   0   0   0   0  2.05 0.01
  178 E    -1  -1  -2   0  -2   1   3  -3  -1   0   2   0   1  -1  -2  -1  -1  -2  -2   0    0   0   0   0   0   0  50   0   0   0  50   0   0   0   0   0   0   0   0   0  0.26 0.00
  179 L    -2  -1   4   0  -2  -1  -1  -2  -1   0   2  -1   1  -1  -3  -1  -1  -3  -2  -1    0   0  50   0   0   0   0   0   0   0  50   0   0   0   0   0   0   0   0   0  0.24 0.00
  180 Q    -1   1   0   0  -3   6   2  -2   0  -3  -2   1   0  -3  -1   0  -1  -2  -2  -2    0   0   0   0   0 100   0   0   0   0   0   0   0   0   0   0   0   0   0   0  0.66 0.01
  181 H    -2   0   4   0  -3   0   0  -1   6  -3  -3   0  -2  -2  -2   0  -1  -3   0  -3    0   0  50   0   0   0   0   0  50   0   0   0   0   0   0   0   0   0   0   0  0.59 0.00
  182 V     0  -3  -3  -3  -1  -2  -3  -3  -3   3   1  -2   1  -1  -3  -2   0  -3  -1   4    0   0   0   0   0   0   0   0   0   0   0   0   0   0   0   0   0   0   0 100  0.35 0.00
  183 H     3  -1   0  -2  -2   0  -1  -1   6  -2  -2  -1  -1  -2  -2   0  -1  -3   0  -1   50   0   0   0   0   0   0   0  50   0   0   0   0   0   0   0   0   0   0   0  0.39 0.00
  184 E     0  -1   0   0  -3   1   3   4  -1  -4  -3   0  -3  -3  -2   0  -1  -3  -3  -3    0   0   0   0   0   0  50  50   0   0   0   0   0   0   0   0   0   0   0   0  0.56 0.00
  185 V    -1  -3  -3  -4  -1  -2  -3  -4  -3   2   3  -3   2   0  -3  -2  -1  -2  -1   3    0   0   0   0   0   0   0   0   0   0  50   0   0   0   0   0   0   0   0  50  0.32 0.00
  186 L    -2  -3  -3  -4  -2  -3  -3  -4  -2   1   3  -3   1   5  -3  -3  -2   0   2   0    0   0   0   0   0   0   0   0   0   0  50   0   0  50   0   0   0   0   0   0  0.43 0.00
  187 L    -2  -2  -4  -4  -1  -2  -3  -4  -3   2   4  -3   2   0  -3  -3  -1  -2  -1   1    0   0   0   0   0   0   0   0   0   0 100   0   0   0   0   0   0   0   0   0  0.46 0.00
  188 G     0  -2   0  -1  -2  -2  -2   6  -2  -4  -4  -2  -3  -3  -2   0  -2  -2  -3  -3    0   0   0   0   0   0   0   0   0   0   0   0   0   0   0   0   0   0   0   0  0.00     0.00
  189 K    -1   2   0  -1  -3   1   1  -2  -1  -3  -2   4  -1  -3  -1   0  -1  -3  -2  -2    0   0   0   0   0   0   0   0   0   0   0   0   0   0   0   0   0   0   0   0  0.00     0.00
  190 P    -1  -2  -2  -1  -3  -1  -1  -2  -2  -3  -3  -1  -2  -4   7  -1  -1  -4  -3  -2    0   0   0   0   0   0   0   0   0   0   0   0   0   0   0   0   0   0   0   0  0.00     0.00
  191 I    -1  -3  -3  -3  -1  -3  -3  -4  -3   4   2  -3   1   0  -3  -2  -1  -3  -1   3    0   0   0   0   0   0   0   0   0   0   0   0   0   0   0   0   0   0   0   0  0.00     0.00
  192 Q    -1   1   0   0  -3   5   2  -2   0  -3  -2   1   0  -3  -1   0  -1  -2  -1  -2    0   0   0   0   0   0   0   0   0   0   0   0   0   0   0   0   0   0   0   0  0.00     0.00
  193 G     0  -2   0  -1  -2  -2  -2   6  -2  -4  -4  -2  -3  -3  -2   0  -2  -2  -3  -3    0   0   0   0   0   0   0   0   0   0   0   0   0   0   0   0   0   0   0   0  0.00     0.00
  194 K    -1   2   0  -1  -3   1   1  -2  -1  -3  -2   4  -1  -3  -1   0  -1  -3  -2  -2    0   0   0   0   0   0   0   0   0   0   0   0   0   0   0   0   0   0   0   0  0.00     0.00
  195 S     1  -1   1   0  -1   0   0   0  -1  -2  -2   0  -1  -2  -1   4   1  -3  -2  -2    0   0   0   0   0   0   0   0   0   0   0   0   0   0   0   0   0   0   0   0  0.00     0.00
  196 F    -2  -3  -3  -3  -2  -3  -3  -3  -1   0   0  -3   0   6  -4  -2  -2   1   3  -1    0   0   0   0   0   0   0   0   0   0   0   0   0   0   0   0   0   0   0   0  0.00     0.00
  197 R    -1   5   0  -2  -3   1   0  -2   0  -3  -2   2  -1  -3  -2  -1  -1  -3  -2  -2    0   0   0   0   0   0   0   0   0   0   0   0   0   0   0   0   0   0   0   0  0.00     0.00
  198 R    -1   5   0  -2  -3   1   0  -2   0  -3  -2   2  -1  -3  -2  -1  -1  -3  -2  -2    0   0   0   0   0   0   0   0   0   0   0   0   0   0   0   0   0   0   0   0  0.00     0.00
  199 R    -1   5   0  -2  -3   1   0  -2   0  -3  -2   2  -1  -3  -2  -1  -1  -3  -2  -2    0   0   0   0   0   0   0   0   0   0   0   0   0   0   0   0   0   0   0   0  0.00     0.00
  200 V     0  -2  -3  -3  -1  -2  -2  -3  -3   3   1  -2   1  -1  -2  -2   0  -3  -1   4    0   0   0   0   0   0   0   0   0   0   0   0   0   0   0   0   0   0   0   0  0.00     0.00
  201 E    -1   0   0   1  -4   2   5  -2   0  -3  -3   1  -2  -3  -1   0  -1  -3  -2  -2    0   0   0   0   0   0   0   0   0   0   0   0   0   0   0   0   0   0   0   0  0.00     0.00
  202 Q    -1   1   0   0  -3   5   2  -2   0  -3  -2   1   0  -3  -1   0  -1  -2  -1  -2    0   0   0   0   0   0   0   0   0   0   0   0   0   0   0   0   0   0   0   0  0.00     0.00
  203 A     4  -1  -2  -2   0  -1  -1   0  -2  -1  -1  -1  -1  -2  -1   1   0  -2  -2   0    0   0   0   0   0   0   0   0   0   0   0   0   0   0   0   0   0   0   0   0  0.00     0.00
  204 D    -2  -2   1   6  -3   0   1  -1  -1  -3  -4  -1  -3  -3  -1   0  -1  -4  -3  -3    0   0   0   0   0   0   0   0   0   0   0   0   0   0   0   0   0   0   0   0  0.00     0.00
  205 L    -1  -2  -3  -4  -1  -2  -3  -4  -3   2   4  -2   2   0  -3  -2  -1  -2  -1   1    0   0   0   0   0   0   0   0   0   0   0   0   0   0   0   0   0   0   0   0  0.00     0.00
  206 L    -1  -2  -3  -4  -1  -2  -3  -4  -3   2   4  -2   2   0  -3  -2  -1  -2  -1   1    0   0   0   0   0   0   0   0   0   0   0   0   0   0   0   0   0   0   0   0  0.00     0.00
  207 I    -1  -3  -3  -3  -1  -3  -3  -4  -3   4   2  -3   1   0  -3  -2  -1  -3  -1   3    0   0   0   0   0   0   0   0   0   0   0   0   0   0   0   0   0   0   0   0  0.00     0.00
  208 D    -2  -2   1   6  -3   0   1  -1  -1  -3  -4  -1  -3  -3  -1   0  -1  -4  -3  -3    0   0   0   0   0   0   0   0   0   0   0   0   0   0   0   0   0   0   0   0  0.00     0.00
  209 T     0  -1   0  -1  -1  -1  -1  -2  -2  -1  -1  -1  -1  -2  -1   1   4  -2  -2   0    0   0   0   0   0   0   0   0   0   0   0   0   0   0   0   0   0   0   0   0  0.00     0.00
  210 G     0  -2   0  -1  -2  -2  -2   6  -2  -4  -4  -2  -3  -3  -2   0  -2  -2  -3  -3    0   0   0   0   0   0   0   0   0   0   0   0   0   0   0   0   0   0   0   0  0.00     0.00
  211 L    -1  -2  -3  -4  -1  -2  -3  -4  -3   2   4  -2   2   0  -3  -2  -1  -2  -1   1    0   0   0   0   0   0   0   0   0   0   0   0   0   0   0   0   0   0   0   0  0.00     0.00
  212 K    -1   2   0  -1  -3   1   1  -2  -1  -3  -2   4  -1  -3  -1   0  -1  -3  -2  -2    0   0   0   0   0   0   0   0   0   0   0   0   0   0   0   0   0   0   0   0  0.00     0.00
  213 R    -1   5   0  -2  -3   1   0  -2   0  -3  -2   2  -1  -3  -2  -1  -1  -3  -2  -2    0   0   0   0   0   0   0   0   0   0   0   0   0   0   0   0   0   0   0   0  0.00     0.00
  214 T     0  -1   0  -1  -1  -1  -1  -2  -2  -1  -1  -1  -1  -2  -1   1   4  -2  -2   0    0   0   0   0   0   0   0   0   0   0   0   0   0   0   0   0   0   0   0   0  0.00     0.00
  215 E    -1   0   0   1  -4   2   5  -2   0  -3  -3   1  -2  -3  -1   0  -1  -3  -2  -2    0   0   0   0   0   0   0   0   0   0   0   0   0   0   0   0   0   0   0   0  0.00     0.00
  216 R    -1   5   0  -2  -3   1   0  -2   0  -3  -2   2  -1  -3  -2  -1  -1  -3  -2  -2    0   0   0   0   0   0   0   0   0   0   0   0   0   0   0   0   0   0   0   0  0.00     0.00
  217 G     0  -2   0  -1  -2  -2  -2   6  -2  -4  -4  -2  -3  -3  -2   0  -2  -2  -3  -3    0   0   0   0   0   0   0   0   0   0   0   0   0   0   0   0   0   0   0   0  0.00     0.00
  218 R    -1   5   0  -2  -3   1   0  -2   0  -3  -2   2  -1  -3  -2  -1  -1  -3  -2  -2    0   0   0   0   0   0   0   0   0   0   0   0   0   0   0   0   0   0   0   0  0.00     0.00
  219 P    -1  -2  -2  -1  -3  -1  -1  -2  -2  -3  -3  -1  -2  -4   7  -1  -1  -4  -3  -2    0   0   0   0   0   0   0   0   0   0   0   0   0   0   0   0   0   0   0   0  0.00     0.00
  220 A     4  -1  -2  -2   0  -1  -1   0  -2  -1  -1  -1  -1  -2  -1   1   0  -2  -2   0    0   0   0   0   0   0   0   0   0   0   0   0   0   0   0   0   0   0   0   0  0.00     0.00
  221 N    -2   0   6   1  -3   0   0   0   1  -3  -3   0  -2  -3  -2   1   0  -4  -2  -3    0   0   0   0   0   0   0   0   0   0   0   0   0   0   0   0   0   0   0   0  0.00     0.00
  222 L    -1  -2  -3  -4  -1  -2  -3  -4  -3   2   4  -2   2   0  -3  -2  -1  -2  -1   1    0   0   0   0   0   0   0   0   0   0   0   0   0   0   0   0   0   0   0   0  0.00     0.00
  223 Y    -2  -2  -2  -3  -2  -1  -2  -3   2  -1  -1  -2  -1   3  -3  -2  -2   2   7  -1    0   0   0   0   0   0   0   0   0   0   0   0   0   0   0   0   0   0   0   0  0.00     0.00
  224 C     0  -3  -3  -3   8  -3  -4  -2  -3  -1  -1  -3  -1  -2  -3  -1  -1  -2  -2  -1    0   0   0   0   0   0   0   0   0   0   0   0   0   0   0   0   0   0   0   0  0.00     0.00
  225 L    -1  -2  -3  -4  -1  -2  -3  -4  -3   2   4  -2   2   0  -3  -2  -1  -2  -1   1    0   0   0   0   0   0   0   0   0   0   0   0   0   0   0   0   0   0   0   0  0.00     0.00
  226 K    -1   2   0  -1  -3   1   1  -2  -1  -3  -2   4  -1  -3  -1   0  -1  -3  -2  -2    0   0   0   0   0   0   0   0   0   0   0   0   0   0   0   0   0   0   0   0  0.00     0.00
  227 P    -1  -2  -2  -1  -3  -1  -1  -2  -2  -3  -3  -1  -2  -4   7  -1  -1  -4  -3  -2    0   0   0   0   0   0   0   0   0   0   0   0   0   0   0   0   0   0   0   0  0.00     0.00
  228 D    -2  -2   1   6  -3   0   1  -1  -1  -3  -4  -1  -3  -3  -1   0  -1  -4  -3  -3    0   0   0   0   0   0   0   0   0   0   0   0   0   0   0   0   0   0   0   0  0.00     0.00
  229 T     0  -1   0  -1  -1  -1  -1  -2  -2  -1  -1  -1  -1  -2  -1   1   4  -2  -2   0    0   0   0   0   0   0   0   0   0   0   0   0   0   0   0   0   0   0   0   0  0.00     0.00
  230 A     4  -1  -2  -2   0  -1  -1   0  -2  -1  -1  -1  -1  -2  -1   1   0  -2  -2   0    0   0   0   0   0   0   0   0   0   0   0   0   0   0   0   0   0   0   0   0  0.00     0.00
  231 S     1  -1   1   0  -1   0   0   0  -1  -2  -2   0  -1  -2  -1   4   1  -3  -2  -2    0   0   0   0   0   0   0   0   0   0   0   0   0   0   0   0   0   0   0   0  0.00     0.00
  232 Y    -2  -2  -2  -3  -2  -1  -2  -3   2  -1  -1  -2  -1   3  -3  -2  -2   2   7  -1    0   0   0   0   0   0   0   0   0   0   0   0   0   0   0   0   0   0   0   0  0.00     0.00
  233 R    -1   5   0  -2  -3   1   0  -2   0  -3  -2   2  -1  -3  -2  -1  -1  -3  -2  -2    0   0   0   0   0   0   0   0   0   0   0   0   0   0   0   0   0   0   0   0  0.00     0.00
  234 F    -2  -3  -3  -3  -2  -3  -3  -3  -1   0   0  -3   0   6  -4  -2  -2   1   3  -1    0   0   0   0   0   0   0   0   0   0   0   0   0   0   0   0   0   0   0   0  0.00     0.00
  235 L    -1  -2  -3  -4  -1  -2  -3  -4  -3   2   4  -2   2   0  -3  -2  -1  -2  -1   1    0   0   0   0   0   0   0   0   0   0   0   0   0   0   0   0   0   0   0   0  0.00     0.00
  236 R    -1   5   0  -2  -3   1   0  -2   0  -3  -2   2  -1  -3  -2  -1  -1  -3  -2  -2    0   0   0   0   0   0   0   0   0   0   0   0   0   0   0   0   0   0   0   0  0.00     0.00
  237 N    -2   0   6   1  -3   0   0   0   1  -3  -3   0  -2  -3  -2   1   0  -4  -2  -3    0   0   0   0   0   0   0   0   0   0   0   0   0   0   0   0   0   0   0   0  0.00     0.00
  238 L    -1  -2  -3  -4  -1  -2  -3  -4  -3   2   4  -2   2   0  -3  -2  -1  -2  -1   1    0   0   0   0   0   0   0   0   0   0   0   0   0   0   0   0   0   0   0   0  0.00     0.00
  239 E    -1   0   0   1  -4   2   5  -2   0  -3  -3   1  -2  -3  -1   0  -1  -3  -2  -2    0   0   0   0   0   0   0   0   0   0   0   0   0   0   0   0   0   0   0   0  0.00     0.00
  240 C     0  -3  -3  -3   8  -3  -4  -2  -3  -1  -1  -3  -1  -2  -3  -1  -1  -2  -2  -1    0   0   0   0   0   0   0   0   0   0   0   0   0   0   0   0   0   0   0   0  0.00     0.00

                      K         Lambda
Standard Ungapped    0.1364     0.3217
Standard Gapped      0.0415     0.2670
PSI Ungapped         0.1356     0.3193
PSI Gapped           0.0415     0.2670
