
Last position-specific scoring matrix computed, weighted observed percentages rounded down, information per position, and relative weight of gapless real matches to pseudocounts
           A  R  N  D  C  Q  E  G  H  I  L  K  M  F  P  S  T  W  Y  V   A   R   N   D   C   Q   E   G   H   I   L   K   M   F   P   S   T   W   Y   V
    1 M   -3 -4 -5 -6 -4 -4 -5 -6 -5  3  3 -4  7 -2 -5 -4 -3 -4 -3  3    0   0   0   0   0   0   0   0   0  18  26   0  36   0   0   0   0   0   0  21  1.12 0.42
    2 S    0 -2  3  0 -4 -1 -1 -1  0 -5 -5  0 -4 -5  1  5  1 -6 -4 -4    6   1  12   4   0   1   3   4   2   0   0   5   0   0   7  45   9   0   0   0  0.68 0.41
    3 K   -2  4  1 -3 -2  1  1 -3  0 -3 -5  3 -4 -4  4 -2 -2 -5 -1 -3    2  20   8   0   1   7   8   1   2   2   0  20   0   0  23   1   1   0   3   1  0.69 0.40
    4 S    1 -1  0 -1 -4 -1  0 -1 -1 -2 -3  2 -3 -2 -2  4  0 -5 -1 -1   12   3   5   3   0   1   4   5   1   3   2  15   0   2   1  34   3   0   2   3  0.34 0.30
    5 E   -2  1  1  3 -5  3  4 -2  0 -5 -3  1 -1 -5 -4  0  0 -5 -4 -2    3   9   6  15   0  12  24   3   2   0   2   7   1   0   0   7   5   0   0   3  0.47 0.32
    6 S    0  2  1  1 -4  3  1 -2  1 -2 -2  0 -2 -3  1  2  0 -4 -1 -2    6  11   7   7   0  14   7   1   4   2   5   5   0   1   7  16   4   0   2   2  0.24 0.22
    7 P   -2 -1 -2 -3 -6  0  3  0 -2 -4 -3  0 -2 -4  5  0 -2 -6 -1 -4    2   3   2   1   0   5  23   8   1   1   3   6   1   1  34   7   2   0   3   0  0.78 0.47
    8 K    0  2  1  1 -4  2  1 -1 -2 -3 -3  2  0 -5  0  1  0 -5 -2 -3    7  13   5   8   0  10   9   4   0   1   1  15   3   0   4  11   6   0   1   1  0.28 0.24
    9 E    0 -1  0  2 -5  1  4 -2 -1 -4 -3  2 -2 -4  2  1  0 -5 -3 -4    7   2   3  12   0   4  25   3   2   0   2  10   1   1  11  10   5   0   1   0  0.44 0.33
   10 P    0  0 -1  0 -4  0  1 -2 -1 -2 -1  0 -3 -1  4  0  0 -3 -2 -1    8   6   3   4   0   4  11   2   2   2   6   4   0   3  25   7   7   0   1   4  0.34 0.25
   11 E   -2  1  1  3 -5  2  2 -2  0 -1 -3  1 -2 -5  0  1 -1 -5 -3 -2    1   9   6  20   0   8  16   2   2   3   2   7   1   0   4  10   4   0   0   3  0.37 0.28
   12 Q    0 -1  1  3 -4  2  2 -1  1 -3 -3  0 -3 -3  1  0  0 -5 -1 -2    8   3   6  18   0   8  15   4   4   1   2   5   0   1   8   8   5   0   2   2  0.30 0.24
   13 L    0  0  0 -1 -2 -1  0  0 -2  0 -1  0  2 -1  2  2  0 -4 -2 -1    6   6   4   3   1   2   6   7   1   5   5   6   8   2   9  19   6   0   1   3  0.14 0.17
   14 R    0  5  2 -3  3 -3 -3 -1 -2 -3 -4  1 -3 -2 -4  0  2 -3  0 -3    7  31  11   1   5   0   0   4   1   1   1  10   0   2   1   6  13   0   3   2  0.58 0.40
   15 K   -3  3  2 -3  1 -3 -3 -5 -3 -2 -4  3 -5 -6 -3  1  5 -3 -5 -3    1  13  10   1   3   0   1   0   0   3   1  18   0   0   1  12  32   0   0   2  0.77 0.51
   16 L   -4 -7 -7 -8 -1 -6 -7 -5 -7  4  4 -7  0 -2 -7 -6 -5 -6 -5  4    1   0   0   0   1   0   0   1   0  21  44   0   2   1   0   0   0   0   0  28  1.33 0.64
   17 F   -7 -1 -6 -8 -7 -7 -7 -5  0 -2 -2 -3 -3  7 -8 -7 -7  5  7 -3    0   4   0   0   0   0   0   1   2   2   4   2   1  45   0   0   0   6  32   1  1.98 0.87
   18 I   -3 -8 -8 -8 -2 -7 -8 -8 -8  5 -1 -7  1 -5 -7 -7 -5 -8 -6  7    3   0   0   0   1   0   0   0   0  25   5   0   3   0   0   0   0   0   0  63  1.88 0.85
   19 G   -2  1 -1 -4 -1 -2 -4  6 -4 -7 -6  1 -3 -3 -6  2  0 -7 -5 -6    2   8   2   1   1   1   1  54   0   0   1   8   1   1   0  13   5   0   0   0  1.11 0.62
   20 G   -5  0  7  1 -7  0 -4  4 -2 -8 -6 -1 -7 -6 -3 -2 -5 -8 -2 -7    0   4  47   6   0   4   1  27   1   0   1   3   0   0   2   3   0   0   1   0  1.42 0.74
   21 L   -6 -7 -8 -8 -6 -7 -7 -8 -7  3  6 -7 -1  1 -7 -7 -6 -6 -5  1    0   0   0   0   0   0   0   0   0  16  69   0   1   5   0   0   0   0   0   9  1.67 0.78
   22 S   -2 -4  3  3 -6 -2 -2 -2  1 -6 -5 -4 -6 -7  5  3 -1 -7 -4 -6    3   1  13  15   0   2   2   3   4   0   1   1   0   0  32  20   3   0   0   0  0.99 0.60
   23 F   -1  0  0 -2 -5  0  1 -3  1 -2 -3  0 -3  3  3  0 -1  5  3 -3    4   5   4   2   0   4   9   1   3   2   2   5   0  14  15   7   3   8  10   1  0.41 0.32
   24 E   -1  0  2  3 -4  0  1 -1  0 -4 -4  0 -2 -3 -4  1  1  1  1 -3    4   6  11  20   0   4  10   5   2   1   1   7   1   1   0  13   7   2   4   1  0.36 0.30
   25 T    1 -5 -5 -5  3 -4 -5 -5 -6  2 -1 -5  3 -1 -6 -2  4  0 -3  4   11   0   0   0   5   0   0   1   0  12   6   0   8   2   0   2  24   1   1  25  0.76 0.49
   26 T   -3  1  2  3 -4 -1  0 -3 -3 -5 -5 -1 -4 -5 -4  2  5 -7 -1 -3    1   6   8  15   0   2   5   1   0   0   1   4   0   0   1  12  39   0   2   1  0.80 0.55
   27 D   -1 -3  0  3 -5  0  6 -4 -1 -4 -5  0 -3 -7 -1 -1 -3 -1 -3 -4    5   1   5  14   0   4  48   1   1   1   1   6   1   0   4   5   1   1   1   1  0.94 0.59
   28 E    0  0  0  3 -3  2  4 -2 -1 -4 -5  2 -3 -5 -1  1 -1 -6 -3 -4    9   5   5  13   1   9  25   2   2   1   1  11   1   0   2   9   4   0   1   0  0.47 0.36
   29 S   -1 -3 -1  5 -3  2  3 -2  1 -3 -4 -1 -1 -2 -5  0  0 -1 -2 -4    6   1   2  28   0  10  22   3   3   2   2   4   2   2   0   6   5   1   2   1  0.61 0.43
   30 L   -5 -7 -8 -8 -6 -7 -8 -8 -8  3  6 -7  1  0 -8 -7 -6 -6 -6  1    1   0   0   0   0   0   0   0   0  16  68   0   3   3   0   0   0   0   0  10  1.64 0.78
   31 R   -1  3 -2 -3 -2  1  2 -2  2 -1 -2  3 -1 -1 -4 -2  0  1  2 -2    5  19   1   0   1   6  14   3   5   3   3  16   2   2   0   3   6   2   7   3  0.35 0.30
   32 S    0  2  1  3 -3  1  3 -2 -3 -3 -4  1 -2 -4 -1  0 -1 -6 -2 -3    7   9   7  16   0   6  22   2   0   1   1   8   1   0   3   8   4   0   1   2  0.40 0.32
   33 H    0 -3 -4 -5  1 -3 -2 -5  2  1  3 -2  1  3 -5 -2  0 -4  2  1    7   1   0   0   3   1   3   0   5   8  31   2   3  12   0   2   6   0   7   9  0.44 0.32
   34 F   -8 -8 -8 -9  0 -8 -9 -9 -7 -5 -2 -8 -1  9 -9 -6 -6 -1 -2 -3    0   0   0   0   2   0   0   0   0   0   4   0   1  87   0   1   0   1   1   2  3.07 1.23
   35 E    0  0  0 -2 -2  1  2  1 -1 -3 -4  2 -3 -4 -4  3 -2 -5 -2 -4    8   6   4   2   1   7  13  12   1   2   2  14   0   0   0  24   1   0   2   1  0.40 0.36
   36 Q   -1  2 -1  1 -3  4  1 -2  0 -4 -5  3 -4 -5  2  0 -1 -3 -4 -2    5  12   2   7   0  18   9   3   2   1   0  16   0   0   9   7   4   0   0   3  0.44 0.36
   37 W   -1 -6 -6 -6  4 -4 -4 -5  0  0 -1 -4 -2  6 -6 -4 -2  1  6  0    5   0   0   0   7   1   1   1   3   6   5   1   1  33   0   1   2   1  26   6  1.21 0.62
   38 G   -3 -6 -2 -1 -4 -4 -4  7 -4 -6 -6 -3  0 -4 -3 -2 -4 -6 -6 -6    2   0   2   4   0   1   1  78   0   0   1   2   2   1   2   2   1   0   0   0  1.87 0.85
   39 T   -1  0  0  1 -5  0  3 -1  0 -2 -3  2 -3 -5  3  0  0 -5 -3 -2    4   5   5   9   0   4  17   4   2   3   2  13   0   0  17   5   5   0   1   3  0.36 0.28
   40 L   -2 -6 -6 -6 -2 -3 -6 -6 -3  5  1 -5 -2  0 -4 -5 -2 -5 -3  5    3   0   0   0   1   1   0   0   1  36  10   1   1   4   1   0   2   0   1  37  1.15 0.59
   41 T   -1  1  0 -1 -3  0  1 -2 -2  0  0  2 -1 -2 -2  0  1 -2 -1  2    4   8   4   2   0   5   8   2   1   6  10  13   1   1   1   6   9   0   2  16  0.11 0.15
   42 D   -2  2  1  3 -5  0  2 -1 -1 -2 -4  0 -1 -3 -4  3 -1 -5 -1 -3    3  11   6  16   0   3  14   5   2   2   2   6   1   1   0  22   3   0   2   2  0.38 0.32
   43 C    1 -4 -4 -6  5 -2 -4 -4 -5  3  0 -5  1 -1 -5 -2 -2 -5 -3  4   14   1   1   0  13   2   1   1   0  19   8   0   3   2   0   3   2   0   1  30  0.73 0.45
   44 V   -2  3  0  1 -5  1  0 -4  2  0 -3  3 -2  0 -4 -1  1  2  0  0    2  19   5   7   0   5   4   1   4   5   2  18   1   4   0   3   8   3   3   7  0.31 0.27
   45 V   -2 -4 -6 -4 -3 -5 -5 -4 -6  5  2 -4  3  0 -3 -4 -2 -1 -2  4    3   1   0   1   0   0   0   1   0  27  21   1   7   3   2   1   2   1   1  27  0.84 0.47
   46 M    0 -2  0 -3  1 -2 -2 -1 -1  3  0  0  3 -2  2 -1 -2  1 -2  2    9   1   5   1   3   1   1   4   2  16   7   6   8   1  11   5   1   2   1  14  0.20 0.20
   47 R   -2  4 -2 -4  0 -1 -2 -3 -2 -2  0  3  1  0 -2 -1  1  1  1 -1    2  24   1   0   3   3   1   2   1   2  10  17   4   5   2   3   9   2   4   5  0.35 0.30
   48 D   -3 -1  4  6 -5 -2  0 -4  0 -3 -3  0 -2 -3 -2 -1 -2 -5  1 -5    2   3  16  45   0   2   5   1   2   1   3   6   1   1   2   4   2   0   4   1  0.97 0.52
   49 P   -1  4 -2 -2 -2 -1 -1 -1 -1 -1 -3  4 -2 -2  3 -1 -1 -2 -1 -3    5  20   1   1   1   2   3   5   1   4   3  24   1   2  16   4   3   1   2   2  0.47 0.33
   50 N   -1  1  2  1 -3  1  2 -2  1 -1 -1  1 -1  0 -1 -1 -1 -1  1  0    3   8  12   7   0   5  15   2   3   3   5   8   1   5   3   4   4   1   5   7  0.14 0.14
   51 T   -1 -1 -1 -1 -4 -1  0  0  1 -2 -3 -1 -2 -1  0  2  5 -4 -3 -2    3   3   2   3   0   2   5   6   3   2   2   4   1   3   5  14  37   0   1   2  0.48 0.36
   52 K   -1  1  1 -1 -3 -1  0  5 -2 -4 -2  1 -1 -3  0 -1 -2 -4 -4 -3    3   7   8   3   1   2   6  41   1   1   4   9   1   1   5   4   2   0   0   2  0.57 0.35
   53 R   -2  4  0 -1 -4  2 -1 -2  1 -2 -1  3  0 -1 -2 -1  0 -4 -1 -1    3  21   3   3   0  10   3   3   4   2   7  17   2   3   2   3   7   0   2   4  0.30 0.24
   54 S   -1 -2  0 -1  1 -2 -2 -2  2 -4 -2  0 -2 -1  3  4 -1 -4  0 -3    5   2   5   2   3   1   2   3   6   1   4   5   1   3  13  36   4   0   4   1  0.48 0.37
   55 R   -2  5 -1 -4  2 -1 -2 -4 -2 -4 -1  5  0 -3 -2 -1 -2 -5 -4 -3    2  31   2   0   4   2   2   1   1   0   8  32   3   1   2   4   3   0   1   1  0.86 0.51
   56 G   -2 -1 -1 -4  1 -1 -4  7 -4 -4 -6  0 -5 -6 -3 -3 -4 -5 -5 -5    2   3   3   1   3   3   1  71   0   1   1   5   0   0   2   2   1   0   0   1  1.55 0.72
   57 F   -6 -4 -4 -4  3 -5 -2 -7 -3 -2 -3 -6 -2  7 -3 -6 -2 -3  7 -3    0   1   1   1   5   1   3   0   1   2   2   0   1  42   1   0   3   0  33   2  1.72 0.81
   58 G    5 -5 -5 -5  4 -3 -5  4 -6 -4 -6 -5 -5 -4 -5 -3 -3 -6 -6 -1   46   1   0   0   9   1   0  32   0   1   0   0   0   1   0   1   2   0   0   5  1.27 0.70
   59 F   -6 -7 -7 -5 -4 -7 -5 -7  0 -2 -3 -7 -1  8 -7 -4 -3  0  5 -4    0   0   0   1   0   0   1   0   2   2   2   0   2  68   0   1   2   1  15   1  2.30 1.00
   60 V   -3 -4 -5 -5  0 -6 -7 -7 -7  4  0 -7  0 -4 -5 -5 -3 -7 -6  6    2   1   0   1   2   0   0   0   0  19   9   0   2   1   1   1   1   0   0  61  1.51 0.76
   61 T   -2 -1  0  1  0  1  4 -3  2 -2 -2 -1 -1 -3 -2  0  2 -2 -2  0    1   3   4   8   2   6  29   1   5   2   3   3   2   1   2   7  14   1   1   6  0.38 0.34
   62 Y   -6 -7 -3 -5  2 -7 -5 -8 -2 -3 -2 -7  3  8 -8 -5 -4 -4  6 -3    0   0   1   1   3   0   1   0   1   1   4   0   6  56   0   1   1   0  21   1  2.00 0.92
   63 A    1  0 -1  0  0  0  3 -2  0 -2 -3  2 -1 -3  0  0  0 -5  1 -2   11   6   2   5   2   3  24   2   2   2   2  12   1   1   5   8   5   0   5   3  0.26 0.26
   64 T   -2 -2  3  4 -2 -2  0 -4  1 -5 -4 -1 -2 -4 -5  3  2 -6 -1 -2    2   2  13  26   1   1   5   1   3   0   2   3   1   1   0  19  14   0   2   3  0.63 0.46
   65 V   -1  3 -2 -1 -4  1  3 -3  1 -1 -2  1 -2 -4  2 -1 -1 -5 -2  0    4  15   1   3   0   5  23   1   3   4   5   9   0   1  11   5   2   0   1   6  0.34 0.30
   66 E    1  2 -1  2 -4  1  4 -2 -1 -4 -5  1 -4 -4 -1  0 -2 -4 -3 -3   10  11   3  10   0   7  29   3   1   1   1   7   0   1   3   7   2   0   1   2  0.48 0.38
   67 E    1 -4 -1  5 -1  1  2 -1  0 -5 -4 -3 -1 -4 -2  2 -2  1 -4 -3   14   1   2  29   1   5  12   5   2   0   1   1   2   1   2  16   2   2   1   2  0.60 0.45
   68 V    6 -5 -6 -7 -2 -4 -3 -4 -6 -1 -2 -5  1 -5 -3 -1 -2 -7 -2  3   62   1   0   0   1   1   1   1   0   3   3   0   3   0   1   3   2   0   2  16  1.25 0.75
   69 D   -1  0  1  3  0  2  2 -2  0 -2 -1  1  0 -2 -1 -1  0 -4 -1 -2    4   5   6  19   2   8  14   3   3   2   6   8   2   2   3   4   5   0   2   3  0.22 0.22
   70 A    2  2  1  0  0  1  0 -2  0 -2 -2  2 -1 -2 -1  0 -1 -4  0 -2   16  11   7   5   2   7   6   2   2   2   4  15   2   2   2   5   4   0   3   2  0.17 0.20
   71 A    5 -2 -2 -2  2 -2 -4 -2  0 -1 -2 -2  0 -2 -2 -2 -2  2 -1  0   53   2   2   2   4   2   0   2   2   3   3   3   2   2   2   2   2   2   2   6  0.74 0.56
   72 M   -1 -2 -4 -3  0  0 -2 -3 -1  3  2 -1  4 -1 -2 -2 -2  1  0  1    4   2   0   2   2   4   3   2   2  19  21   3  13   2   2   3   2   2   3   9  0.35 0.30
   73 N    1  2  2  0 -1  2  2 -1  0 -3 -3  2 -1 -4 -2  0 -1 -5 -2 -3   11  12   9   5   1   8  12   3   2   2   2  15   2   0   2   8   4   0   2   2  0.27 0.27
   74 A    2 -1  0  0 -1  0  1  0 -1  0  0 -1  2  0 -2  0  0 -3 -2 -1   18   2   4   6   1   4   8   7   1   4  11   4   7   4   1   8   6   0   1   4  0.07 0.13
   75 R   -2  2  3  1  0 -1 -1 -2  0 -1  1  0  3 -1  0 -1 -1 -4 -2 -2    2  12  16   7   2   2   3   4   2   2  15   5   9   2   5   5   4   0   1   1  0.21 0.25
   76 P   -1 -1  4  1 -2  1  0  3  2 -3 -4  0 -4 -5  1  0 -1 -5 -1 -3    4   3  18   7   1   7   6  22   5   2   1   5   0   0   7   6   3   0   2   1  0.41 0.34
   77 H   -1  0  0 -1 -2  1  0  2  4 -1 -2  1  1  0 -2 -1  0 -3  2 -1    5   4   4   2   1   7   5  18  11   4   3   7   4   3   1   3   6   0   6   4  0.18 0.20
   78 K   -1  2 -2  1 -2  0  1 -2 -1 -1 -1  4  0 -3  0  0  0 -1  0 -2    3  10   2   7   1   4   9   3   1   4   6  26   3   1   4   6   5   1   3   3  0.26 0.26
   79 V   -3 -3 -3 -3 -1 -3 -2 -3 -4  3  3 -2  2  1 -2 -2 -2  0  0  2    2   1   1   2   1   1   3   2   0  17  33   2   5   5   3   2   2   1   3  13  0.46 0.32
   80 D   -2 -1  3  4 -1  0  0  0  1 -2 -1 -1  0 -3 -1  0 -1 -4  0 -2    2   3  13  27   1   3   5   7   3   2   6   4   3   1   3   5   3   0   3   3  0.34 0.29
   81 G   -1 -1  1  0  1  0  0  2  2 -1 -1  1  1  0  1 -1 -1  2  0 -1    4   4   6   5   3   4   6  16   4   4   5   7   4   3   6   6   3   3   3   4  0.10 0.10
   82 R   -1  0  0  0  2  0  0 -1  2  0 -1  0  2  1  0 -1  0  4  1 -1    5   5   5   5   5   5   5   5   5   5   5   5   5   5   5   5   5   5   5   5  0.09 0.08
   83 V   -1  2 -1 -2 -1  0  0 -1  0  0  0  1  2  0  1 -1  0  1  0  0    4  10   3   3   1   5   6   5   2   6   7   7   5   4   9   4   7   2   3   7  0.08 0.08
   84 V   -1  0 -1 -1  1  0 -1  0  0  2  0  0  2  0  0 -1 -1 -4 -1  1    5   5   3   4   3   4   4   8   2  13  10   5   5   4   5   4   4   0   2  10  0.07 0.06
   85 E   -1  2  1  0  0  0  0  0  2 -1 -1  1  1  0 -1 -1  0  1  0 -1    4  13   6   5   2   3   6   7   5   3   7   7   4   5   4   4   6   2   3   4  0.10 0.09
   86 P   -1  0 -1  0  1 -1  0  0  0  0 -1  0  0 -2  2 -1 -1  1 -1  3    5   6   4   5   3   3   6   6   2   5   7   5   2   2  11   4   3   2   2  18  0.14 0.13
   87 K   -1  0  0  0  2  0  0 -1  2  0 -1  0  2  1  0 -1  0  4  1 -1    5   5   5   5   5   5   5   5   5   5   5   5   5   5   5   5   5   5   5   5  0.09 0.08
   88 R   -1  0  0  0  2  0  0 -1  2  0 -1  0  2  1  0 -1  0  4  1 -1    5   5   5   5   5   5   5   5   5   5   5   5   5   5   5   5   5   5   5   5  0.09 0.08
   89 A    1  0  0  0  2  0 -1 -1  3 -1 -2 -1  1  0  0  0 -1  1  0 -1   14   5   4   6   4   5   4   5   6   3   5   4   4   5   5   8   4   2   3   4  0.10 0.10
   90 V   -1  0  0  0  2  0  0 -1  2  0 -1  0  2  1  0 -1  0  4  1 -1    5   5   5   5   5   5   5   5   5   5   5   5   5   5   5   5   5   5   5   5  0.09 0.08
   91 S    0  1  1  0  1  0 -1  0  0 -1 -2  0  0  0  1  0 -1  2  0 -1    7   8   7   5   3   4   4   7   2   3   4   6   3   3   8   8   4   3   4   4  0.07 0.08
   92 R    0  2  0 -1  1  0 -1 -1  1  0 -2  1  0  0  0  0 -1  2  1  0    6  11   5   4   3   4   4   5   3   5   4  10   3   4   6   7   4   3   4   6  0.08 0.08
   93 E    0  0  0  0  2  0  0 -1  1  0 -1  0  1  0  0  0  0 -2  1  0    5   5   5   5   5   5   5   5   5   5   5   5   5   5   5   5   5   0   5   5  0.03 0.05
   94 D    0  0  0  0  2  0  0 -1  1  0 -1  0  1  0  0  0  0 -2  1  0    5   5   5   5   5   5   5   5   5   5   5   5   5   5   5   5   5   0   5   5  0.03 0.05
   95 S   -1  0  0  0  2  0  0 -1  2  0 -1  0  2  1  0 -1  0  4  1 -1    5   5   5   5   5   5   5   5   5   5   5   5   5   5   5   5   5   5   5   5  0.09 0.08
   96 Q    0  1  0  0  0  1  0 -1  1 -1 -1  0  1  0  1  0  0 -2  0 -1    5   8   5   4   3   5   7   5   4   5   7   6   4   4   6   8   5   0   4   5  0.03 0.05
   97 R   -1  0  0  0 -3  0  0 -1  2  0 -1  0  1  0  0  0  0  3  1  0    5   5   5   5   0   5   5   5   5   5   5   5   5   5   5   5   5   5   5   5  0.06 0.08
   98 P   -1  0  0  0 -3  0  0 -1  2  0 -1  0  1  0  0  0  0  3  1  0    5   5   5   5   0   5   5   5   5   5   5   5   5   5   5   5   5   5   5   5  0.06 0.08
   99 G   -1  0  0  0  2  0  0 -1  2  0 -1  0  2  1  0 -1  0  4  1 -1    5   5   5   5   5   5   5   5   5   5   5   5   5   5   5   5   5   5   5   5  0.09 0.08
  100 A    0  0  0  0  2  0  0 -1  1  0 -1  0  1  0  0  0  0 -2  1  0    5   5   5   5   5   5   5   5   5   5   5   5   5   5   5   5   5   0   5   5  0.03 0.05
  101 H    0  0  0  0  2  0  0 -1  1  0 -1  0 -2  0  0  0  0  3  1 -1    5   5   5   5   5   5   5   5   5   5   5   5   0   5   5   5   5   5   5   5  0.06 0.08
  102 L   -1  0  0  0  2  0  0 -1  2  0 -1  0  2  1  0 -1  0  4  1 -1    5   5   5   5   5   5   5   5   5   5   5   5   5   5   5   5   5   5   5   5  0.09 0.08
  103 T   -1  0  1  2  0  0  0 -1 -1 -2 -2  0 -2 -2  3  1  1 -4 -3 -2    3   5   7  13   2   4   5   4   1   2   3   6   1   2  17  12   9   0   1   2  0.27 0.21
  104 V    0 -1  0  0 -1  0  0  0 -1 -1 -2  0  0 -1  1  1  1 -2 -1  0    7   3   3   5   1   3   7   9   1   3   3   7   2   3   8  14  10   0   2   8  0.09 0.10
  105 K    0  3  2 -1  1 -2 -2  1  1 -4 -3  2 -2 -2 -2  1  2 -2 -1 -3    6  18  11   2   3   1   1  11   3   1   2  11   1   2   2   9  12   1   3   1  0.30 0.25
  106 K   -2  3  2 -2  2  1 -2 -4 -4 -3 -4  3 -2 -4 -4  1  3 -3 -4 -1    3  15  11   1   4   6   2   1   0   2   1  20   1   0   0   8  20   0   0   4  0.53 0.38
  107 I   -3 -5 -6 -6 -1 -6 -5 -5 -5  4  4 -6 -2 -3 -3 -5 -4 -6 -5  4    2   1   0   0   1   0   1   1   0  22  42   0   1   1   2   1   0   0   0  26  1.13 0.56
  108 F   -4 -1 -4 -6 -3 -2 -5 -3  1 -1 -2 -1 -2  7 -5 -5 -4  2  6 -2    1   4   1   0   1   2   0   2   4   4   4   4   1  38   1   1   1   2  27   3  1.29 0.61
  109 V   -4 -6 -6 -7  1 -6 -6 -7 -6  4  0 -6 -1 -3 -6 -6 -4 -6 -4  6    1   0   0   0   3   0   0   0   0  24   7   0   1   1   0   0   0   0   1  60  1.63 0.72
  110 G   -1  1 -1 -1 -1 -2 -2  5 -2 -4 -5  1 -3 -2 -4  2  1 -5 -3 -4    4   8   2   3   1   1   2  40   1   1   1   8   0   2   0  15   8   0   1   1  0.66 0.41
  111 G   -3 -1  7 -1 -6 -2 -5  4 -1 -7 -5 -2  0 -5 -5 -1 -5 -6 -2 -6    2   4  48   4   0   2   0  27   1   0   1   2   2   0   0   3   0   0   2   0  1.36 0.69
  112 I   -5 -5 -7 -7 -3 -6 -6 -7 -3  4  5 -5 -1  0 -6 -5 -4 -6 -5  1    0   1   0   0   1   0   0   0   1  20  61   1   1   4   0   1   1   0   0   9  1.38 0.65
  113 K   -1 -3  2  3 -6 -4 -3 -1  1 -6 -6 -2 -6 -7  6  3 -1 -7 -6 -6    5   1   8  14   0   0   1   6   4   0   0   2   0   0  34  21   4   0   0   0  1.00 0.58
  114 E   -2  0 -1  0 -5 -1  2 -2  0 -3 -2  1 -2  3  3  0 -1  3  2 -3    3   4   2   5   0   2  12   2   2   1   4   7   1  13  17   7   4   5   8   1  0.35 0.28
  115 D   -1  0  2  3 -4  0  2 -1  1 -4 -3  0  0 -2 -2  1  0 -1  1 -3    4   6  10  16   0   4  13   5   3   0   1   6   2   1   2  13   5   1   5   2  0.27 0.23
  116 T    0 -3 -3 -4  2 -3 -3 -3 -3  1  1 -1  3  0 -5 -2  3 -2 -2  3    8   1   1   1   4   1   1   1   1   8  10   3   7   4   0   2  20   0   1  25  0.45 0.33
  117 E   -3  0  1  3 -4 -1 -1 -3 -3 -3 -5  0 -4 -4 -3  2  5 -6 -4 -2    2   5   7  15   0   3   3   2   0   1   1   6   0   1   1  17  34   0   0   3  0.70 0.49
  118 E   -1 -1  1  2 -6  0  5 -5 -2 -4 -5  1 -5 -6 -2 -1 -2  4 -5 -4    6   3   6  12   0   4  40   0   1   1   1   9   0   0   2   5   2   5   0   1  0.82 0.52
  119 H   -1  0  0  3 -3  3  4 -2  0 -4 -5  0  0 -4 -2  0 -1 -6 -2 -3    6   4   4  14   0  11  30   2   2   1   0   6   2   1   2   7   4   0   2   2  0.52 0.38
  120 H   -1 -1 -2  5 -4  2  3 -3  1 -3 -2  0  1 -4 -4 -1 -1 -2 -4 -2    5   2   1  29   0  11  21   1   3   1   4   5   4   1   0   4   3   1   0   3  0.60 0.41
  121 L   -5 -7 -5 -4 -6 -7 -7 -6 -7  4  6 -7  0 -1 -7 -7 -5 -6 -5  1    0   0   0   1   0   0   0   1   0  19  65   0   2   3   0   0   0   0   0   8  1.51 0.71
  122 R   -1  4 -2 -1 -4  1  2 -3  2 -3  0  3 -2 -2 -5 -2 -2  0  1 -3    4  22   1   2   0   5  15   1   5   1  10  17   1   1   0   2   2   1   5   2  0.46 0.34
  123 D   -1  1  1  3 -3  2  4 -2 -3 -4 -3  1 -1 -5 -3  0 -1 -3 -3 -4    6   7   5  14   1   8  28   2   0   1   2   8   2   0   1   8   4   0   1   1  0.48 0.35
  124 Y    0 -4 -3 -4 -1 -2  0 -3  3  2  3 -2  1  2 -4 -2 -1 -2  2  1    7   0   1   1   1   1   6   1   9  12  25   1   4  10   0   3   4   0   6   8  0.33 0.25
  125 F   -7 -7 -8 -8 -1 -5 -8 -8 -6 -3  1 -6  3  9 -8 -6 -7 -5 -2 -2    0   0   0   0   1   1   0   0   0   2  12   0   6  75   0   0   0   0   0   2  2.49 1.01
  126 E    1  0  0 -1 -2  1  2  2 -2 -4 -4  1 -1 -4 -3  3 -2 -5 -2 -3    9   5   3   3   1   6  14  13   1   1   1  10   1   1   1  26   1   0   1   1  0.39 0.33
  127 Q    0  2 -2  0 -4  3  1 -1 -1 -3 -4  3 -2 -5  2  1 -1 -5 -3 -2    7  12   1   6   0  13   9   5   1   1   1  18   1   0  10   8   2   0   1   3  0.36 0.29
  128 Y   -2 -5 -4 -5  4 -4 -5 -3  1 -1 -2 -4 -4  7 -7 -5 -5 -2  6 -1    4   0   1   1   8   1   1   2   3   3   4   1   0  37   0   1   0   0  28   5  1.41 0.67
  129 G   -3 -6 -4 -4 -2 -5 -5  7 -5 -7 -6 -5 -7 -4 -1 -2 -3 -7 -7 -6    2   0   1   1   1   0   1  83   0   0   1   1   0   1   4   3   2   0   0   1  2.10 0.91
  130 K   -2  0  0  2 -3  1  3 -2  0 -3 -3  2 -1 -5  3  1  0 -5 -4 -1    2   3   5   9   0   6  17   3   2   1   2  13   2   0  14   9   6   0   0   5  0.35 0.28
  131 I   -4 -6 -5 -5 -1 -5 -6 -5 -3  6  1 -6 -1 -2 -4 -6 -3 -6 -3  5    1   0   1   1   1   0   0   1   1  40  10   0   1   1   1   0   1   0   1  39  1.35 0.64
  132 E   -2  2 -1  0  0 -1  2 -4 -1  0 -1  2 -1 -3 -3 -1  1 -5 -2  2    2  10   2   5   2   2  16   1   1   6   6  14   1   1   1   5  10   0   1  14  0.22 0.22
  133 V   -1  3  1  2 -2  0  2 -1 -1 -4 -5  1 -2 -2 -4  2 -1 -5  1 -2    3  15   7  10   1   4  14   4   1   0   0   8   1   2   0  19   3   0   5   2  0.35 0.29
  134 I    2 -5 -4 -4  4 -5 -3 -2 -5  4  0 -4  0  0 -4 -1 -1 -5 -3  4   16   0   0   1   9   0   2   3   0  23   6   1   2   3   1   4   3   0   1  26  0.62 0.38
  135 E   -2  3  0  1 -4  0  0 -2  0  0 -2  2 -2  0 -2  0  1  0  0  0    2  20   4   7   0   4   6   3   2   5   2  13   1   4   2   6   8   1   3   7  0.19 0.18
  136 I   -3 -4 -6 -6 -4 -4 -4 -6 -3  5  3 -5  3 -2 -5 -3 -3 -5 -1  4    1   1   0   0   0   1   1   0   1  27  26   0   7   1   0   2   1   0   2  27  0.97 0.49
  137 M    0 -4  0 -1 -3 -2 -1  0  0  2  1 -2  3 -1  3 -2 -2 -4 -1  3    8   0   4   4   0   1   3   6   3  10  11   1   7   2  14   3   1   0   2  20  0.25 0.21
  138 T   -2  4 -2 -3  1 -1 -2 -3  0 -1  0  2  1  0 -1 -1  2 -1  0 -1    2  21   2   1   3   2   1   2   2   4  10  13   4   4   3   4  13   1   3   5  0.25 0.22
  139 D   -3 -2  2  7 -5 -2  0 -2  0 -4 -5 -3 -3 -4 -1 -2 -2 -5 -1 -3    3   2   8  58   0   1   5   3   2   1   1   1   1   1   4   3   3   0   2   2  1.25 0.58
  140 R   -1  4 -2 -2 -4  1 -1 -3 -1 -3 -2  4 -2 -3  2  0 -1 -1  0 -3    5  22   2   2   0   5   4   2   2   1   3  26   1   1  10   7   3   1   3   2  0.50 0.31
  141 G   -1  0  1  2 -2  1  3 -1  1 -2 -2  0 -2  1 -1  0 -1 -2  0 -1    4   5   6  11   1   5  21   4   3   3   3   7   1   6   2   6   3   0   3   5  0.18 0.16
  142 S   -2 -1  1 -1 -3 -1 -1 -2  0 -2 -2  1 -2 -2 -2  2  5 -4 -3 -2    2   3   5   3   0   2   3   4   2   2   4  10   1   2   2  13  39   0   1   2  0.58 0.36
  143 G   -1  0  1 -3 -4  0 -2  5 -2 -4 -4  1 -2 -3  0 -2 -2 -4 -4 -3    4   4   7   1   0   5   3  50   1   1   1   9   1   1   5   3   2   0   0   2  0.83 0.42
  144 K   -1  3  0 -1 -4  1  0 -2  1 -2 -1  3 -1 -1 -2  0  0 -3 -1  0    4  16   5   3   0   5   4   3   4   2   5  23   1   2   1   5   7   0   2   7  0.25 0.20
  145 K   -1 -1  1 -2  0 -1 -2  0  2 -4 -3  0 -2 -2  3  4 -1 -4 -4 -2    5   3   6   2   2   2   1   6   5   1   3   5   1   2  16  36   3   0   0   3  0.53 0.37
  146 R   -4  6 -1 -4  2 -2 -3 -5 -4 -5 -2  5 -3 -4 -2 -3 -1 -5 -5 -5    1  35   3   1   4   1   1   1   0   1   5  37   1   1   2   1   4   0   0   1  1.20 0.59
  147 G   -3 -3  0 -4  0 -2 -5  7 -1 -5 -5 -3 -5 -4 -4 -3 -4 -5 -5 -4    1   2   5   1   2   2   1  74   2   1   1   2   0   1   1   2   1   0   0   2  1.69 0.71
  148 F   -3 -5 -5 -4  4 -3 -1 -6  0 -1 -2 -4  0  7 -6 -4 -2 -2  5 -1    2   0   0   1   7   1   4   0   2   4   3   1   2  42   0   1   3   0  20   4  1.28 0.60
  149 A    5 -4 -5 -6  4 -5 -5  4 -6 -4 -5 -4 -5 -6 -5 -3 -5 -6 -6 -4   50   1   0   0   9   0   0  33   0   1   1   1   0   0   0   1   0   0   0   1  1.45 0.72
  150 F   -6 -3 -7 -5 -4 -7 -5 -7 -4 -1 -1 -7 -2  8 -7 -6 -2 -2  4 -2    0   2   0   1   0   0   1   0   0   3   7   0   1  66   0   1   2   0  12   3  2.10 0.88
  151 V   -2 -8 -8 -8 -1 -7 -8 -8 -8  4 -1 -7 -2 -3 -8 -7 -5 -8 -6  7    3   0   0   0   1   0   0   0   0  18   5   0   1   1   0   0   0   0   0  71  1.98 0.89
  152 T   -2  1  0 -1  1  2  4 -5  2 -3 -3  1 -3 -5 -5  0  3 -3 -2 -1    2   6   4   3   3   9  26   0   4   1   2   7   1   0   0   7  17   0   1   5  0.49 0.39
  153 F   -8 -8 -8 -9 -3 -8 -8 -9 -6 -4 -2 -8  3  8 -9 -8 -7 -4  7 -6    0   0   0   0   1   0   0   0   0   1   3   0   7  59   0   0   0   0  30   0  2.61 1.08
  154 D    1 -1 -1  1 -2  0  3 -2 -1 -3 -3  2 -1 -3 -3  1  0 -5  1 -1   10   3   2   8   1   2  24   3   1   1   2  11   2   1   1  13   6   0   5   5  0.29 0.28
  155 D   -2 -1  3  4 -2 -1  0 -4  1 -6 -4  0 -2 -4 -5  3  2 -6 -2 -5    2   3  12  23   1   2   6   1   4   0   1   5   1   1   0  24  13   0   1   0  0.69 0.48
  156 H    0  3 -2 -2 -3  1  2 -4  4 -1 -2  1 -2 -1  1 -1 -1 -5 -1 -1    7  16   1   2   1   5  17   0  10   4   3   8   1   2   8   5   3   0   2   5  0.33 0.29
  157 D    0  2 -1  3 -4  2  4 -1 -2 -4 -4  0 -3 -3 -2  0 -2 -6 -3 -3    7  12   3  15   0   7  29   4   1   1   2   6   1   1   1   6   2   0   1   1  0.53 0.39
  158 S    2 -4 -2  5 -3  0  3 -2 -2 -4 -4 -2 -1 -4 -2  2 -1 -6 -5 -2   15   0   1  28   1   4  16   3   1   1   1   2   2   1   2  18   3   0   0   2  0.62 0.45
  159 V    6 -3 -6 -6  1 -2 -4 -4 -6 -2 -3 -4  2 -3 -6 -2 -1 -7 -1  2   63   2   0   0   2   2   1   1   0   2   3   1   5   1   0   2   3   0   2  12  1.24 0.71
  160 D    0  0  0  1 -4  3  3 -3  0 -1 -2  2  0 -1 -3 -1 -1 -5 -3 -1    9   5   3   9   0  13  20   1   2   3   5  12   2   2   1   4   3   0   0   5  0.27 0.25
  161 K    2  3  1  0 -4  2  0 -4 -1 -2 -3  4 -1 -5 -3 -1 -1 -6 -1 -2   20  14   7   4   0   7   5   0   1   2   2  23   2   0   1   4   3   0   2   2  0.44 0.35
  162 I    7 -7 -7 -7  0 -6 -5 -4 -7  1 -3 -4 -3 -7 -6 -2 -3 -3 -7 -1   78   0   0   0   2   0   0   1   0   7   3   1   1   0   0   2   1   0   0   5  1.78 0.91
  163 V   -1 -2 -6 -6  2 -4 -3 -6 -3  4  3 -2  4 -2 -6 -4 -3 -5 -2  2    4   2   0   0   4   1   2   0   1  24  30   3  10   1   0   1   1   0   2  14  0.78 0.44
  164 I    1  0  0  1 -2  1  3 -2  0 -1  0  1 -1 -2 -3  0  0 -4 -2 -2   11   4   5   8   1   6  22   2   2   3   9   7   1   1   0   7   5   0   1   3  0.20 0.19
  165 Q   -1 -1 -1 -1 -1  1  1 -3  2 -2  1  2  5 -1 -2 -1 -1 -4 -2 -2    6   3   2   3   1   6  11   1   5   2  16  14  15   2   2   5   3   0   1   1  0.28 0.25
  166 K   -2 -1  5  1 -2 -1 -1  1  2 -3  0  0  2 -3  0  0 -2 -4 -3 -3    3   3  29   9   1   2   2  10   5   1  11   5   5   1   4   5   2   0   0   1  0.41 0.29
  167 Y   -2  0  3  1 -3  1 -1  4  1 -3 -3 -1 -2  0 -1  0 -1 -4  0 -4    2   6  12   7   1   6   3  32   4   1   2   3   1   5   3   6   3   0   4   1  0.42 0.28
  168 H   -1  1  1 -2 -3  1 -1  0  3  0 -1  3  0  0 -2  0  0 -3  1 -1    4   8   7   1   0   6   3   7   9   6   4  18   2   4   2   6   4   0   4   5  0.16 0.17
  169 T   -1  0 -1  1 -2  1  2 -1  0  0 -1  1  0 -1 -1  0  1 -1  0  0    3   4   2   7   1   7  14   4   3   6   4   8   3   3   3   7  12   1   3   7  0.10 0.13
  170 V   -3 -5 -7 -5 -4 -6 -5 -7 -6  4  4 -5  3  3 -5 -5 -4  0 -1  1    2   0   0   1   0   0   0   0   0  23  40   0   7  12   0   1   1   1   2   8  1.03 0.54
  171 N   -2  0  4  3 -1 -2  0  1  2 -4 -2  0  1 -1 -1 -1 -2  1 -1 -4    3   4  18  18   2   1   5  12   6   1   5   6   3   2   4   4   1   2   2   1  0.34 0.28
  172 G   -4 -6  1  0 -7 -4 -5  7 -1 -8 -7 -5 -6 -4 -4 -1 -3 -7 -5 -8    1   0   5   6   0   1   1  74   2   0   0   0   0   1   1   5   2   0   0   0  1.84 0.87
  173 H   -4  5 -1 -4 -4  2 -1 -4  3 -3 -2  4 -2 -4 -4 -1 -2 -1 -1 -3    1  36   3   0   0   7   3   1   6   1   4  22   1   1   0   4   2   1   3   2  0.85 0.52
  174 N   -1  2  0 -2 -3  1  0 -4  0 -1 -3  3  0 -2  3 -1  0 -5  0  0    4  13   5   2   1   7   4   0   2   4   2  18   2   2  13   5   7   0   3   8  0.29 0.26
  175 C   -3 -6 -7 -7  1 -5 -6 -7 -2  6  4 -6  1 -3 -7 -5 -5 -3 -5  2    2   0   0   0   3   0   0   0   1  36  39   0   3   1   0   1   0   0   0  11  1.29 0.63
  176 E   -2  4  0  0 -4  0  1 -2  2 -3 -3  3 -4  0 -3  0  0 -3  0 -1    2  20   5   6   0   4   9   3   5   1   1  17   0   4   1   5   6   0   4   6  0.34 0.28
  177 V   -3 -7 -5 -2  2 -6 -6 -2 -7  3  1 -6 -2 -5 -7 -4 -3 -7 -4  6    2   0   0   3   4   0   0   4   0  13  11   0   1   0   0   1   2   0   0  59  1.34 0.69
  178 R   -1  3  2  3 -2  1  2  0  0 -4 -4  2 -1 -2 -3  0 -1 -4 -4 -3    4  16   8  14   1   5  11   8   2   1   1  13   1   2   1   8   2   0   0   2  0.35 0.28
  179 K   -4  2 -3 -5 -4 -1 -2 -6  1  0  0  2 -1  3  3 -4 -3  7  2  0    1  11   1   0   0   2   3   0   3   4   9  11   1  11  13   0   1  15   6   6  0.64 0.42
  180 A    6 -2 -3 -3 -3 -4 -4 -1 -2 -2 -4 -4 -5 -2 -4  2 -3 -6 -3 -1   60   2   1   1   0   0   0   4   1   3   1   1   0   2   1  16   1   0   1   4  1.11 0.66
  181 L   -2  2 -1  0 -3  2  1 -3 -2  0 -1  2 -1 -1 -2 -1  1 -2 -2  0    2  10   2   5   1  12  10   1   1   7   7  16   1   3   1   3  10   0   1   6  0.22 0.21
  182 S   -1  1 -1 -2 -2  0  0 -3 -4 -4 -4  2 -4 -5  5  2  1 -2 -5 -2    5   6   3   2   1   3   5   2   0   1   2  13   0   0  28  18   8   1   0   2  0.63 0.44
  183 K   -2  4 -2  1 -4  2  1 -3 -1 -4 -6  5 -4 -5  0 -2 -4 -7 -4 -2    3  18   2   7   0   7   7   1   1   1   0  40   0   0   5   2   0   0   0   3  0.90 0.54
  184 Q   -2  2 -1 -1 -5  2  3 -2  1 -3 -4  3 -4 -3  1  0 -1  0 -3  0    3  12   3   3   0   8  19   3   3   2   1  17   0   1   7   8   2   2   0   7  0.34 0.29
  185 E   -1  0  1  2 -5  1  4 -2 -1 -5 -4  2 -2 -1  0  0 -1 -5 -4 -2    4   5   7  11   0   6  26   2   1   0   0  13   1   3   5   6   4   0   0   4  0.42 0.32
  186 M   -1  3 -1 -2 -3  0 -1 -1 -1  0  0  1  2  0  0  0 -1 -2 -1  0    5  20   3   2   0   5   3   3   1   6   9   7   6   4   5   9   3   0   2   6  0.12 0.15
  187 A    0  2  0 -1 -1  1  1  1 -1 -3 -3  2 -1 -3  0  1 -1 -3 -3 -2    7  14   4   3   1   8  11  12   1   1   2  11   1   1   5  11   3   0   1   3  0.21 0.19
  188 S    0  1 -1 -1  0  2  0  1 -1 -3 -4  2 -4 -2  3  2  0 -5 -3 -3    8   8   2   2   2   8   4  10   1   2   0  12   0   2  17  15   5   0   1   2  0.33 0.27
  189 A    2 -2  0  1 -4  1  0  0  1 -1 -3  0 -1 -3  3  0  0 -2 -2 -1   19   1   3   8   0   8   6   6   3   5   1   6   1   1  13   8   4   0   1   5  0.21 0.20
  190 S   -1  2  2  0 -2  1  0  0 -1 -2 -1  1  0 -3  1  2  0 -4 -2 -1    4  12  11   4   1   5   7   6   1   1   7   8   2   0   6  15   5   0   1   3  0.16 0.16
  191 S    0  1  1  1 -4  0  1  2 -1 -4 -4  1 -2 -2 -1  2  0 -3 -1 -3    5   7   7   8   0   3   9  18   1   0   0   7   1   2   2  19   5   0   2   1  0.28 0.24
  192 S    1  1  2 -2 -2  0 -2  1 -2 -2 -3 -1 -3 -3  0  3  1 -5 -3 -2   12   7  11   1   1   4   1  12   1   3   1   4   0   1   4  27   8   0   0   2  0.34 0.29
  193 Q   -2  2 -1  2 -6  5 -1 -2 -2 -4 -4  2 -1 -3  3 -1 -2  0 -1 -4    3  10   2  13   0  26   2   4   1   1   1  10   2   1  16   4   2   1   2   1  0.59 0.40
  194 R   -3  5  2 -1 -5 -1 -1  0 -3 -4 -4  3  0 -3 -3  0 -2 -1  1 -5    1  35   9   3   0   2   3   6   0   1   1  18   2   1   1   9   1   1   6   0  0.65 0.40
  195 G    1 -4 -1 -4 -5 -4 -1  6 -5 -6 -4 -3 -2 -4 -1 -1 -2 -6 -6 -4    9   1   2   0   0   0   4  69   0   0   2   1   1   1   3   4   3   0   0   1  1.33 0.57
  196 R   -4  7 -4 -5 -7  0 -3 -5 -4 -6 -6  4 -5 -6 -5 -4 -4 -6 -5 -6    0  74   0   0   0   3   0   0   0   0   0  23   0   0   0   0   0   0   0   0  1.99 0.69

                      K         Lambda
Standard Ungapped    0.1320     0.3159
Standard Gapped      0.0453     0.2670
PSI Ungapped         0.1481     0.3176
PSI Gapped           0.0453     0.2670
