
Last position-specific scoring matrix computed, weighted observed percentages rounded down, information per position, and relative weight of gapless real matches to pseudocounts
            A   R   N   D   C   Q   E   G   H   I   L   K   M   F   P   S   T   W   Y   V   A   R   N   D   C   Q   E   G   H   I   L   K   M   F   P   S   T   W   Y   V
    1 M    -1  -3  -3  -4  -2  -2  -3  -4  -3   2   2  -2   5  -1  -3  -2  -1  -2  -2   3    0   0   0   0   0   0   0   0   0  14  13   0  43   0   0   0   0   0   0  30  0.44 0.08
    2 E    -2   1  -1   2  -4   0   5  -3  -2  -4  -4   1  -3  -4  -2  -1   2  -4  -3  -3    0   7   0   8   0   0  61   0   0   0   0   9   0   0   0   0  15   0   0   0  0.81 0.22
    3 L     0   0  -2  -3   7   4   0  -3  -2  -3  -3   0  -2  -4   0   0  -1  -4  -3  -1    8   5   0   0  33  24   6   0   0   0   1   5   0   0   4   7   3   0   0   3  0.68 0.24
    4 K     0   2  -2  -2  -4   2   2  -1  -2  -4  -3   5  -3  -4   0  -2  -2  -4  -1  -4    8  10   0   0   0   8  15   3   0   0   3  46   0   0   5   0   0   0   3   0  0.62 0.26
    5 R    -2   6   1  -3  -5   1   1  -4  -2  -5  -3   3  -3  -5  -2  -1  -3  -5  -1  -4    3  53   8   0   0   4   7   0   0   0   2  19   0   0   1   2   0   0   2   0  0.99 0.36
    6 K     0   2   0  -1   0   0   1  -1  -2  -2  -2   2  -2  -1   4  -1   0  -4  -3  -2    6  16   5   2   3   2   8   3   0   2   3  18   1   3  19   3   4   0   0   1  0.32 0.16
    7 T     0   0  -1   1  -3   0   2  -2  -1  -2  -2   0  -2  -3   2   2   1  -4  -2   0    8   4   1   6   0   4  14   1   2   1   3   5   0   0  10  20  10   0   1   9  0.21 0.14
    8 T     0   3  -1  -1  -3   0   2   1   0  -2  -2   1  -1  -3  -1   0   1  -3  -1  -1    7  19   1   2   0   2  13  12   2   1   2   7   1   0   3   6  12   0   2   6  0.18 0.13
    9 N     0   1   1   1  -1   0   1   1  -2  -1  -2   1  -2  -1   0   2   1  -3  -2  -1    8   8   6   7   2   3   7  10   0   3   1   8   0   2   5  18   8   0   0   5  0.13 0.09
   10 A     1   1  -2  -1  -3  -1   1   1  -2   0  -1   2   1  -3  -1   0   0  -3  -2   1   16  10   0   2   0   0   8  10   0   5   3  18   4   0   1   6   5   0   1  10  0.14 0.12
   11 D     1   0   1   2  -3   2   2   1  -2  -2  -3   2  -3  -2  -2   0  -1  -4  -1  -2   11   4   8  13   0   9  17  11   0   2   0  13   0   1   0   3   3   0   2   3  0.27 0.15
   12 R    -2   6  -1  -3  -5   3  -1  -3  -2  -2  -3   2  -3  -3  -4  -2   0  -4  -1  -4    2  53   2   0   0  15   2   1   1   3   3   9   0   1   0   1   5   0   2   0  0.98 0.39
   13 R    -4   8  -4  -5  -7   0  -2  -5  -3  -6  -5   2  -5  -6  -5  -2  -4  -6  -5  -6    1  83   0   0   0   2   1   0   0   0   0  11   0   0   0   2   0   0   0   0  2.02 0.62
   14 K     0   2   0  -2  -3   2   1  -2  -1   0   1   2   3  -3  -2   0   0  -4  -3   0    6  13   4   1   0   9   7   1   0   4  12  15  11   0   0   4   5   0   0   6  0.17 0.14
   15 A     3  -1   1  -2   0   0  -1  -1   0  -2  -2   2  -1  -1   0   1   2  -4  -3  -1   27   2   6   0   2   3   2   2   2   2   2  13   1   2   5  11  16   0   0   3  0.23 0.17
   16 A     4  -1   0  -4  -4  -3  -3  -3   8  -2  -4  -2  -4  -4  -2  -2  -2  -5  -2  -3   40   2   4   0   0   0   0   1  42   3   0   1   0   0   2   2   2   0   0   1  1.24 0.46
   17 T    -2  -3   7  -2  -5  -3  -3  -2  -3   0  -3  -1  -4  -2  -3   1   1  -6  -4  -2    3   0  60   0   0   0   0   2   0   5   3   4   0   1   1  10  10   0   0   2  1.09 0.43
   18 M     3  -1  -2  -1  -1   0   2  -1  -3   1   0  -1   1  -1  -3   0   0  -4  -3   1   30   2   0   2   1   3  14   3   0   8  10   3   6   2   0   4   5   0   0   8  0.18 0.16
   19 R    -1   6  -1  -2  -4  -2  -2  -4  -3   0   0   0   0  -4  -4  -1   0  -4  -2   1    6  46   2   2   0   0   1   0   0   7  10   4   2   0   0   3   5   0   1  11  0.59 0.29
   20 E    -4  -4  -4  -2  -7  -2   8  -6  -4  -7  -7  -3  -6  -7  -5  -4  -4  -7  -6  -6    0   0   0   0   0   0 100   0   0   0   0   0   0   0   0   0   0   0   0   0  2.48 0.73
   21 R    -4   8  -4  -5  -7   2  -3  -5  -3  -6  -5   3  -5  -6  -5  -4  -4  -6  -5  -6    0  77   0   0   0   8   0   0   0   0   0  15   0   0   0   0   0   0   0   0  1.97 0.61
   22 R    -2   5   2  -1  -3   3   0  -4   0  -2  -1   2  -2  -4  -4  -1  -1   1  -3  -4    2  34  10   3   1  14   3   0   2   2   7  14   0   0   0   2   3   2   0   0  0.56 0.27
   23 R    -5   8  -4  -5  -7  -3  -4  -6  -4  -6  -3  -1  -5  -6  -6  -4  -5  -6   1  -6    0  93   0   0   0   0   0   0   0   0   2   0   0   0   0   0   0   0   5   0  2.39 0.70
   24 L    -3   6  -4  -5  -5  -1  -3  -5  -4   0   1  -1   5  -4  -5  -4  -1  -5  -4   1    1  47   0   0   0   2   0   0   0   4  10   2  19   0   0   0   4   0   0  11  0.97 0.42
   25 S    -2   3   1   1   0   2   1  -2   3  -3  -3   3  -3   0  -3   0  -2  -4  -1  -4    2  16   6  10   2   9  10   2   9   1   2  18   0   4   0   8   0   0   2   0  0.35 0.20
   26 K    -1  -1   2   3  -1   2   0  -1   2  -3  -4   3  -3  -5  -3   1   0  -5  -3  -3    3   1  11  15   1   9   5   4   5   1   1  27   0   0   0   9   6   0   0   2  0.41 0.23
   27 V    -4  -5  -6  -6  -4  -4  -5  -6  -5   5   4  -5   4  -1  -5  -5  -3  -4  -1   2    0   0   0   0   0   0   0   0   0  34  38   0  12   1   0   0   0   0   2  13  1.01 0.38
   28 N    -1   1   8  -2  -6  -3  -3  -4  -3  -6  -7   1  -5  -6  -5  -1  -3  -7  -5  -6    4   6  78   0   0   0   0   0   0   0   0   9   0   0   0   2   0   0   0   0  1.93 0.65
   29 E    -1   0   1   3  -4   2   4  -2   1  -3  -1  -1  -2  -4  -3   0   0  -5  -4  -3    4   4   7  18   0   8  32   2   3   1   6   2   0   0   0   7   6   0   0   1  0.47 0.25
   30 A     4   2  -3  -4   2  -2  -3   1   1  -3  -1   0  -1  -4  -3   1  -2   1  -1  -3   41  15   0   0   5   0   0  11   4   0   7   5   2   0   0   8   0   2   2   0  0.47 0.29
   31 F    -5  -5  -6  -6  -5  -5  -6  -6  -4   2   2  -6   1   7  -6  -5  -4  -2   3  -2    0   0   0   0   0   0   0   0   0  14  17   0   4  56   0   0   0   0   9   0  1.49 0.49
   32 E     0  -2   1   2  -3   1   2  -3   2  -1  -1   1  -1  -1  -3   1   0  -3   0  -1    9   0   6  14   0   6  15   0   5   4   7   8   1   3   0  11   4   0   4   3  0.17 0.13
   33 T     2   1   0  -1  -3   1   2  -1  -2  -2  -2   1  -1  -4  -3   1   2  -4  -3   0   19   9   3   2   0   4  20   3   0   2   2   6   1   0   0  10  12   0   0   7  0.25 0.18
   34 L    -5  -5  -7  -7  -4  -5  -6  -7  -6   0   6  -6  -1  -3  -6  -6  -4  -5  -4  -1    0   0   0   0   0   0   0   0   0   2  96   0   0   0   0   0   0   0   0   2  1.86 0.61
   35 K    -4   7  -3  -4  -6   1  -3   0  -1  -6  -4   4  -2  -6  -5  -1  -4  -6  -5  -5    0  60   0   0   0   5   0   6   1   0   1  21   1   0   0   5   0   0   0   0  1.37 0.50
   36 R     0   3   0   2  -4   2   2  -2  -1  -3  -3   1   0  -4  -3   1   0  -4  -3  -3    9  17   3  14   0   8  13   2   1   1   1  10   3   0   0  12   5   0   0   1  0.33 0.19
   37 S    -1  -1  -2  -4   3  -1  -2  -4   2   1   3  -2   1   0  -4  -1  -1  -3   0   1    5   3   2   0   8   3   2   0   7   7  34   2   4   2   0   3   3   0   3  13  0.26 0.17
   38 T    -3  -5  -5  -5  -3  -2  -5  -6  -5   4   3  -4   3  -2  -5  -3   0  -5  -3   4    0   0   0   0   0   1   0   0   0  30  25   0   7   0   0   1   6   0   0  30  0.84 0.34
   39 S    -4  -4  -4  -5   0  -2  -4  -4  -1  -5  -2  -4  -5  -6   8  -2  -3  -7  -6  -3    0   1   1   0   2   2   0   1   2   0   4   0   0   0  81   3   1   0   0   2  2.28 0.66
   40 S     0   0   2  -1   3   0   0  -1   2  -2  -1  -1  -1  -2   1   1   2  -3  -1  -1    7   4  11   2   7   4   5   3   7   0   4   1   2   2   8  11  17   0   2   3  0.18 0.14
   41 N     0  -2   2   0   1  -2  -2   0  -1   0   1  -2   0   0   2   0  -1  -3  -1   0    5   1  13   5   3   0   1   8   1   7  20   1   1   4  10   8   1   0   1   9  0.11 0.11
   42 P     0  -1  -1   0  -3   1  -1  -1   2  -3  -3   0  -3  -1   5   0   0  -3   2  -2    7   2   2   4   0   6   3   4   5   0   2   7   0   3  30   7   7   0   7   1  0.48 0.21
   43 N     0  -2   3   3  -3   0   0   2   0  -3  -3  -2  -1  -3  -2   2   0  -4  -1  -2    7   1  17  20   0   3   6  13   2   1   2   1   1   0   1  15   6   0   2   2  0.34 0.18
   44 Q    -1   1   0   0  -4   4   2  -3   0  -4  -2   4  -2  -4  -2   0   1  -4  -3  -3    3   7   3   6   0  20  11   0   1   0   4  26   1   0   1   7   8   0   0   1  0.44 0.24
   45 R    -4   5  -2  -4  -6  -1  -2  -5  -4  -6  -6   7  -4  -6  -1  -2  -4  -6  -5  -5    0  28   1   0   0   1   1   0   0   0   0  65   0   0   3   2   0   0   0   0  1.59 0.56
   46 L     0  -2  -4  -3  -3   0  -3  -1  -4   0   4  -3   3  -2  -4  -1   0   1  -3   0    8   2   0   1   0   6   0   5   0   2  49   1   9   0   0   3   6   2   0   6  0.46 0.27
   47 P    -1  -4   0   3  -4  -3  -2  -3   0  -5  -5  -3  -4  -5   2   5   2  -6  -4  -4    3   0   4  15   0   0   1   0   2   0   0   0   0   0  11  50  13   0   0   0  0.90 0.42
   48 K    -4   0  -2  -4  -6   2  -2  -5  -4  -2  -5   7  -4  -6  -4  -3  -4  -6  -5  -4    0   3   1   0   0   7   0   0   0   3   0  83   0   0   0   0   0   0   0   1  1.78 0.61
   49 V     2  -4  -1  -4  -3  -3  -3  -1  -3   3   1  -3   0  -2  -1  -1  -2  -1  -1   3   22   0   3   0   0   0   0   5   1  20  11   0   1   1   2   5   0   1   2  26  0.35 0.22
   50 E     1  -2  -1   1  -3   1   4   0  -2  -2  -2  -1  -1  -4  -3   2   0  -4  -3  -1   11   1   1   7   0   5  28   6   1   1   4   1   2   0   0  20   6   0   0   6  0.34 0.22
   51 I    -3  -5  -4  -5  -4  -5  -5  -6  -5   6  -1  -5   0  -1  -5  -3   5  -5  -4   1    0   0   0   0   0   0   0   0   0  49   4   0   1   3   0   0  35   0   0   8  1.15 0.47
   52 L    -4  -5  -7  -7  -4  -5  -6  -7  -6   0   6  -6  -1  -3  -6  -6  -4  -5  -4   1    0   0   0   0   0   0   0   0   0   2  90   0   0   0   0   0   0   0   0   8  1.67 0.56
   53 R    -2   5  -1   0  -4   3  -1   0   1  -4  -1   2  -3  -4  -4   0   0  -5  -3  -3    1  35   2   5   0  12   1   9   3   0   6  12   0   0   0   8   4   0   0   1  0.51 0.27
   54 N    -1   1   0   1  -1   1   0   0   0  -1   1   2   2  -1  -3   0  -1  -3  -1  -2    4   9   3  10   1   7   5   6   3   2  20  15   6   2   0   6   1   0   1   0  0.12 0.13
   55 A     6  -4  -4  -5  -3  -4  -4  -2  -5  -4  -4  -4  -4  -5  -4   0   1  -6  -5   1   75   0   0   0   0   0   0   2   0   0   0   0   0   0   0   4   9   0   0  10  1.29 0.53
   56 I    -1  -2  -4  -4   1  -2  -4  -5  -1   5   0  -1   0   0  -4  -1   1  -4  -2   2    5   3   0   0   3   2   0   0   1  43   6   4   2   3   0   3  11   0   0  13  0.53 0.27
   57 R    -1   1   3   3  -2   1   3  -3   0  -4  -4   1  -3  -5  -3   1  -1  -5  -4  -4    5   7  13  20   1   5  21   1   1   1   0  10   0   0   0  13   2   0   0   1  0.49 0.25
   58 Y    -6  -2  -6  -7  -1  -5  -4  -7   1  -5  -5  -6  -5   0  -7  -6  -5  -2  10  -1    0   2   0   0   1   0   1   0   2   0   0   0   0   2   0   0   0   0  87   4  2.74 0.80
   59 I    -3  -6  -7  -7  -4  -6  -6  -7  -7   8   0  -6  -2  -3  -6  -5  -3  -6  -5   1    2   0   0   0   0   0   0   0   0  83   7   0   0   0   0   0   1   0   0   8  1.87 0.59
   60 E     0   1   1   0  -2   2   1  -1   1  -2   0   2   0  -2   0   0  -1   2  -2  -2    6   8   8   3   1  12   8   3   3   2  12  13   2   1   3   7   3   3   0   1  0.13 0.11
   61 G     1   0  -1   0  -2   0   2  -1   3  -3  -3  -1   1   1  -3   2   0  -3   2  -2   12   4   1   5   1   2  18   3   8   1   1   2   6   8   0  16   4   0   8   1  0.23 0.18
   62 L    -5  -5  -7  -7  -5  -3  -6  -7  -6  -1   6  -6   3  -3  -6  -6  -4  -5  -4  -2    0   0   0   0   0   1   0   0   0   1  90   0   7   0   0   0   0   0   0   0  1.76 0.58
   63 Q    -1   2  -1  -1  -2   5   2  -2  -1  -4  -4   1  -1  -5  -4   1   1  -5  -3  -3    4   9   1   2   1  36  13   2   1   0   1   8   2   0   0  10   8   0   1   1  0.63 0.33
   64 A     0   3   0   1  -2   3   2  -2   2  -3  -2   1  -3  -4  -3   0  -2  -4  -3  -2    8  16   3   8   1  19  16   2   5   1   3   7   0   0   0   8   1   0   0   2  0.39 0.22
   65 L    -1   0  -3  -2  -3   1  -2  -4  -1   1   2   1   2  -1  -3  -1   0  -4  -2   2    3   3   0   2   0  10   1   0   1   9  26   9   7   1   0   5   4   0   0  19  0.23 0.16
   66 L    -4  -3  -6  -6  -4  -2  -5  -6  -5   2   5  -5  -1  -2  -5  -5  -3  -4  -4   2    0   1   0   0   0   3   0   0   0  11  69   0   0   0   0   0   0   0   0  16  1.11 0.38
   67 R    -1   4  -1   0  -5   5   2  -2   1  -5  -4   1  -3  -5  -4  -1  -2  -5  -4  -4    4  27   1   4   0  36  14   2   3   0   0   4   0   0   0   3   2   0   0   0  0.82 0.32
   68 D    -3  -2   3   3  -5   3   5  -3  -2  -5  -5  -1  -4  -5  -3  -2  -2  -5  -4  -4    0   0  15  18   0  11  56   0   0   0   0   0   0   0   0   0   0   0   0   0  1.07 0.30

                      K         Lambda
Standard Ungapped    0.1279     0.3161
Standard Gapped      0.0489     0.2670
PSI Ungapped         0.1597     0.3181
PSI Gapped           0.0489     0.2670
