
Last position-specific scoring matrix computed, weighted observed percentages rounded down, information per position, and relative weight of gapless real matches to pseudocounts
            A   R   N   D   C   Q   E   G   H   I   L   K   M   F   P   S   T   W   Y   V   A   R   N   D   C   Q   E   G   H   I   L   K   M   F   P   S   T   W   Y   V
    1 M    -3  -3  -4  -5  -3  -2  -4  -5  -3   0   0  -3  10  -2  -4  -3  -2  -3  -3  -1    0   0   0   0   0   0   0   0   0   0   0   0 100   0   0   0   0   0   0   0  1.83 0.34
    2 I     0  -2   2   1  -3  -1   0  -2  -2  -1   0   0   5  -1  -1   0   1  -3  -2  -1   10   0  11  10   0   0   7   0   0   1   6   4  26   3   2   7  11   0   0   3  0.19 0.12
    3 M     0   2  -1  -1  -3   2   1  -2   0  -1  -1   3   3  -2  -2  -1  -1  -3  -1  -2    9  11   2   3   0   9   8   1   1   4   4  31  12   1   0   1   1   0   1   0  0.25 0.12
    4 D     0   1   1   3  -3   1   2  -2   1  -3  -3   2   1  -3  -2   1   0  -4  -3  -2    6   5   6  18   0   7  15   0   3   0   0  17   7   0   0  10   3   0   0   3  0.28 0.11
    5 K    -1   1   0  -1  -3   2   1  -2  -1  -1  -1   3  -1  -2   1  -1   2  -3  -2  -1    3   7   4   2   0  12  11   2   1   4   6  24   0   1   5   0  16   0   0   2  0.22 0.11
    6 S    -2   0   3   0  -4   0   0  -1   2  -3  -4   5  -3  -4  -3   0   0  -4  -3  -3    0   1  14   3   0   3   3   5   6   1   0  54   0   0   0   6   4   0   0   1  0.62 0.22
    7 I    -2  -4  -5  -5  -3  -4  -5  -5  -5   6   2  -4   1  -2  -1  -4  -2  -4  -3   3    2   0   0   0   0   0   0   0   0  66  12   0   2   0   4   0   0   0   0  15  0.94 0.27
    8 P    -3  -4  -4  -3  -5  -1  -3  -4  -4  -5  -5  -3  -5  -6   8   2  -3  -6  -5  -5    0   0   0   0   0   3   0   0   0   0   0   0   0   0  79  18   0   0   0   0  2.13 0.42
    9 K    -1   3  -1   0  -4   2   3  -3  -2  -2  -1   2   3  -3  -1  -1   0  -4  -3  -2    3  18   1   4   0  12  20   0   0   1   4  17  12   0   3   0   4   0   0   0  0.37 0.16
   10 A     5  -3  -3  -3  -2  -3  -3  -1  -4  -3  -3  -3  -3  -4   3   1  -2  -5  -4  -1   73   0   0   0   0   0   0   3   0   0   0   0   0   0  13   6   0   0   0   4  0.94 0.30
   11 T    -1  -3  -2  -3  -3  -3  -3  -4  -4  -1  -1  -3  -2  -4  -3   0   6  -4  -3   3    4   0   0   0   0   0   0   0   0   0   3   0   0   0   0   3  66   0   0  25  0.95 0.32
   12 A     3  -3  -4  -4  -2  -3  -3  -3  -4   4   1  -3  -1   0  -3  -1   0  -4  -2   2   30   0   0   0   0   0   0   0   0  34  10   0   0   4   0   1   6   0   0  15  0.42 0.18
   13 K    -1   4   0  -2  -4   0   0  -1  -2  -2  -4   5  -1  -4  -3  -1  -1  -4  -3  -3    3  25   3   0   0   1   4   4   0   3   0  50   1   0   0   3   4   0   0   0  0.70 0.23
   14 R    -4   8  -3  -4  -6  -1  -2  -5  -3  -6  -5   0  -4  -5  -5  -3  -4  -5  -4  -5    0 100   0   0   0   0   0   0   0   0   0   0   0   0   0   0   0   0   0   0  2.15 0.47
   15 L    -3  -4  -6  -6  -3  -4  -5  -6  -5   0   6  -5   0  -1  -5  -5  -3  -4  -3   0    0   0   0   0   0   0   0   0   0   2  96   0   0   0   0   0   0   0   0   2  1.36 0.35
   16 S     0  -3  -3  -3  -4  -3  -3  -2  -4  -3  -4  -1  -4  -5   7   2  -1  -5  -4  -2    6   0   0   0   0   0   0   2   0   2   0   4   0   0  63  18   3   0   0   3  1.45 0.32
   17 L    -2   0  -3  -4  -3  -1  -3  -4  -3   2   3   1   2  -1  -3  -1  -1   3  -2   1    0   4   0   0   0   1   0   0   0  16  38  12   7   0   0   4   4   5   0   9  0.33 0.14
   18 Y    -5  -4  -5  -6  -5  -4  -5  -6  -1  -4  -4  -5  -4   1  -6  -4  -4   0  10  -4    0   0   0   0   0   0   0   0   0   0   0   0   0   0   0   0   0   0 100   0  2.70 0.55
   19 Y    -1  -1  -2  -4  -3  -2  -3  -4   4   0   2  -3   0   1  -4   0  -2  -1   6  -1    4   4   2   0   0   0   0   0  11   4  22   0   2   2   0   7   0   0  42   2  0.65 0.23
   20 R    -3   7  -2  -4  -5   1  -2  -4   1  -5  -4   1  -1  -5  -4  -1  -3  -5  -2  -5    0  82   0   0   0   3   0   0   3   0   0   4   1   0   0   5   0   0   1   0  1.51 0.37
   21 I    -1  -3  -1  -4   3  -3  -2  -4   0   1   0  -3  -1   4  -4  -1  -1  -1   5   1    3   0   3   0   7   0   2   0   1   8   6   0   0  20   0   4   2   0  31  13  0.52 0.19
   22 F    -3  -4  -5  -5  -3  -4  -4  -5  -4   2   5  -4   0   2  -4  -4  -1  -3  -2   2    0   0   0   0   0   0   0   0   0   6  66   0   0  10   0   0   3   0   0  15  0.78 0.23
   23 K    -1   2   2   0  -4   2   3  -2   1  -3  -3   3  -2  -4  -2   0   0  -4  -2  -3    1   9  10   1   0  12  24   2   2   1   1  23   0   0   0   6   7   0   1   0  0.41 0.15
   24 R     0   2   2   0  -3   1   2  -2  -1  -1  -1   0   0  -1  -2   0   0  -2   1  -1    6  15  12   5   0   5  17   2   0   3   8   4   2   2   0   6   4   0   7   2  0.14 0.08
   25 F    -2  -4  -5  -5  -3  -2  -4  -5  -4   0   5  -4   1   2  -5  -4  -1  -3  -2  -1    3   0   0   0   0   1   0   0   0   0  81   0   1   8   0   0   4   0   0   1  0.96 0.28
   26 N    -1   0   0   0  -3   0   1  -2   4   0   1   2   1  -2  -3  -1  -2  -3   1  -1    2   2   5   4   0   1  10   2  17   4  21  15   5   0   0   5   0   0   5   3  0.17 0.11
   27 T     2   2   0   2  -3   2   3  -2  -1  -3  -2   1  -2  -3  -2   0   0  -4  -3  -2   20  10   5  11   0  11  22   1   0   0   3   8   0   0   0   4   3   0   0   0  0.30 0.12
   28 D     0   1   2   2  -3   1   3  -2   0  -3  -3   2  -2  -4  -2   1  -1  -4  -3  -2   10   8  10  14   0   6  22   0   2   0   0  12   0   0   0  12   1   0   0   2  0.35 0.12
   29 G    -2  -3   1   2  -4  -1   0   5  -3  -5  -5  -1  -4  -4  -3  -1  -2  -4  -4  -4    0   0   7  16   0   2   5  60   0   0   0   4   0   0   0   3   0   0   0   0  0.91 0.23
   30 I    -2   0  -3  -3   0  -2   0  -4  -3   4   0   3   0  -2  -3  -2  -1  -4  -3   3    0   3   0   0   2   0   7   0   0  28   3  22   2   0   0   2   1   0   0  31  0.39 0.18
   31 E    -2   0   0   3  -4   2   3  -3   1  -3  -2   1  -1  -4   1  -1   0  -4  -3  -2    0   3   3  21   0  11  26   0   5   0   4   6   1   0   8   2   7   0   0   3  0.40 0.14
   32 K    -1   5  -2  -3  -4  -1  -2  -3  -2  -3  -3   2  -2  -1  -3   1   1  -3   2   0    3  46   0   0   0   0   0   0   0   0   0  11   0   2   0  10  11   0  10   8  0.58 0.22
   33 A     0  -4  -4  -4  -2  -4  -4  -4  -5   4  -1  -4  -1  -2  -4  -3   1  -4  -3   5    8   0   0   0   0   0   0   0   0  33   0   0   0   0   0   0   8   0   0  51  0.79 0.25
   34 S    -1  -3   2  -2  -3  -2  -2  -2  -3  -5  -5  -1  -4  -5  -3   6  -1  -5  -4  -4    2   0  11   0   0   0   0   0   0   0   0   3   0   0   0  84   0   0   0   0  1.23 0.38
   35 S    -1  -3  -2  -3  -3  -2  -2  -1  -3  -5  -5  -2  -4  -5  -3   7  -1  -5  -4  -4    0   0   0   0   0   0   0   3   0   0   0   0   0   0   0  97   0   0   0   0  1.54 0.44
   36 K     1   1  -1   0  -3   1   2   0   0  -3  -3   4  -2  -4  -2   0   2  -4  -3  -3   11   5   0   3   0   7  12   6   2   0   0  32   0   0   0   5  16   0   0   0  0.36 0.15
   37 Q    -1   0  -2   1  -5   3   6  -4  -2  -4  -2   0  -3  -4  -3  -1  -1  -4  -4  -1    3   4   0   7   0  14  59   0   0   0   3   2   0   0   0   1   2   0   0   4  0.82 0.26
   38 I    -3  -4  -5  -5  -3  -4  -5  -5  -5   5   5  -4   1   0  -5  -4  -3  -4  -3   0    0   0   0   0   0   0   0   0   0  38  59   0   1   2   0   0   0   0   0   0  0.97 0.27
   39 A     4  -3  -2  -2  -2  -2  -1   2  -3  -4  -4  -2  -3  -4  -3   4  -1  -4  -4  -3   40   0   0   0   0   0   2  15   0   0   0   0   0   0   0  43   0   0   0   0  0.76 0.26
   40 D    -1   2  -1   2  -5   1   5  -3  -2  -5  -4   2  -3  -5  -3  -2  -2  -5  -4  -4    5  14   0  13   0   4  52   0   0   0   0  12   0   0   0   0   1   0   0   0  0.81 0.24
   41 A     3   2  -1  -2  -3   0   0   1  -2  -2  -1   1   1   0  -2  -1  -1  -3  -2  -2   41  12   1   0   0   2   7   8   0   1   6  10   4   6   0   0   2   0   0   0  0.25 0.14
   42 L     0  -4  -4  -4   2  -3  -4  -4  -4   4   2  -3   3  -2  -4  -3   0  -4  -2   3    6   0   0   0   5   0   0   0   0  26  22   0   8   0   0   0   4   0   0  30  0.51 0.17
   43 G    -1  -1   2   0  -4   2   0   4  -2  -5  -4   2  -3  -5  -3   0  -2  -4  -4  -4    2   0  13   4   0   9   6  44   0   0   0  18   0   0   0   3   0   0   0   0  0.65 0.20
   44 I    -2  -4  -5  -5  -3  -4  -4  -5  -4   4   0  -4  -1   3  -4  -4  -2  -3   0   5    0   0   0   0   0   0   0   0   0  32   4   0   0  13   0   0   0   0   2  48  0.82 0.25
   45 D    -2  -2   3   5  -4  -1   0  -3  -2  -4  -4   0  -3  -5   0   1   3  -5  -4  -3    0   0  15  41   0   0   4   0   0   0   0   6   0   0   3   8  23   0   0   0  0.72 0.23
   46 S     4  -3  -2  -3  -3  -2  -2  -2  -3  -4  -4  -2  -3  -4   5   4  -1  -5  -4  -3   35   0   0   0   0   0   0   0   0   0   0   0   0   0  26  39   0   0   0   0  0.92 0.28
   47 A     5  -3  -2  -1  -2  -2  -2  -2  -3  -1  -3  -2  -3  -1  -3   3  -1  -4  -3  -1   59   0   0   3   0   0   1   0   0   3   0   0   0   3   0  27   0   0   0   2  0.70 0.26
   48 T    -2  -2  -2  -3  -4   6  -1  -4  -2  -3  -1   0  -2  -4  -3   0   4  -4  -3  -2    0   0   0   0   0  49   0   0   0   0   6   3   0   0   0   3  37   0   0   2  0.95 0.33
   49 V    -3  -5  -5  -5  -3  -4  -5  -5  -5   6   0  -4  -1  -2  -4  -4  -2  -5  -3   5    0   0   0   0   0   0   0   0   0  57   3   0   0   0   0   0   0   0   0  40  1.12 0.30
   50 R    -1   8  -3  -4  -6  -1  -2  -5  -3  -5  -5   0  -4  -5  -4  -3  -3  -5  -4  -5    5  95   0   0   0   0   0   0   0   0   0   0   0   0   0   0   0   0   0   0  1.92 0.44
   51 R    -3   6  -2  -3  -5   3  -1  -4  -2  -5  -4   5  -3  -5  -3  -2  -3  -5  -4  -4    0  45   0   0   0  13   0   0   0   0   0  42   0   0   0   0   0   0   0   0  1.18 0.31
   52 D    -4  -4  -1   8  -6  -3  -1  -4  -4  -6  -6  -3  -6  -6  -4  -3  -3  -7  -6  -6    0   0   0 100   0   0   0   0   0   0   0   0   0   0   0   0   0   0   0   0  2.23 0.46
   53 F    -4  -4  -5  -6  -4  -5  -5  -5  -4  -1   4  -5   0   7  -5  -4  -4  -2   0  -2    0   0   0   0   0   0   0   0   0   0  51   0   0  49   0   0   0   0   0   0  1.23 0.32
   54 S     2  -3   3  -2  -3  -2  -2  -2  -2  -4  -4  -2  -3  -4  -3   5   1  -5  -4  -3   15   0  15   0   0   0   0   0   0   0   0   0   0   0   0  65   5   0   0   0  0.91 0.30
   55 Y    -2  -4   0  -5   3  -3  -4  -5   1  -1  -2  -4  -3   1  -5  -2  -3   0   8  -3    4   0   6   0   7   0   0   0   2   3   1   0   0   1   0   2   0   0  74   0  1.55 0.38
   56 F    -4  -5  -5  -6  -4  -5  -5  -5  -4   1   0  -5  -2   8  -5  -4  -2  -1   1   0    0   0   0   0   0   0   0   0   0   6   6   0   0  78   0   0   3   0   0   7  1.52 0.36
   57 G    -2  -4   1  -3  -5  -4  -4   7  -4  -6  -6  -3  -5  -5  -4  -1  -3  -5  -5  -5    0   0   6   0   0   0   0  91   0   0   0   0   0   0   0   2   0   0   0   0  1.77 0.37
   58 E     2  -1  -2   2   1   0   4   0  -2  -1  -3  -1  -3  -2  -3   0  -2  -4  -3  -2   20   2   0  11   3   2  41   5   0   6   0   0   0   2   0   7   0   0   0   2  0.41 0.18
   59 L    -3  -4  -4  -2  -3  -1  -4  -4  -3   0   3  -4   0   6  -4  -1  -3  -2   2  -1    0   0   0   2   0   3   0   0   0   2  39   0   2  40   0   5   0   0   4   3  0.69 0.22
   60 G    -2  -5  -3  -4  -5  -4  -4   7  -4  -6  -6  -4  -5  -6  -4  -2  -4  -5  -5  -6    0   0   0   0   0   0   0 100   0   0   0   0   0   0   0   0   0   0   0   0  2.07 0.41
   61 R    -2   4  -2  -3  -4   3  -1  -3  -2  -3  -3   5  -2  -4  -3  -1   2  -4  -3  -1    0  21   0   0   0  13   0   0   0   0   0  44   0   0   0   0  17   0   0   5  0.73 0.25
   62 R    -3   6  -2  -3  -5   3  -1  -4  -2  -4  -4   3  -3  -5   1  -1   0  -4  -3  -4    0  49   0   0   0  17   0   0   0   0   0  19   0   0   6   3   5   0   0   0  0.91 0.27
   63 G    -2   1  -2  -3  -5  -3  -4   7  -4  -6  -6  -1  -5  -5  -4  -2  -4  -5  -5  -5    0   9   0   0   0   0   0  89   0   0   0   3   0   0   0   0   0   0   0   0  1.66 0.36
   64 F    -3  -4  -4  -5  -3  -4  -4  -5  -2   1  -2  -2  -2   3  -4  -3  -2  -1   7   4    0   0   0   0   0   0   0   0   0   7   0   3   0   9   0   0   1   0  45  35  0.98 0.29
   65 G    -2  -5  -3  -4  -5  -4  -4   7  -4  -6  -6  -4  -5  -6  -4  -2  -4  -5  -5  -6    0   0   0   0   0   0   0 100   0   0   0   0   0   0   0   0   0   0   0   0  2.07 0.41
   66 Y    -4  -4  -5  -6  -5  -4  -5  -6  -1  -4  -4  -5  -4   1  -6  -4  -4   0  10  -4    0   0   0   0   0   0   0   0   0   0   0   0   0   0   0   0   0   0 100   0  2.69 0.54
   67 D    -3   0   5   5  -5   0   1  -3   0  -5  -5  -1  -4  -4  -1  -1  -1  -5  -2  -4    0   4  39  36   0   2   6   0   2   0   0   1   0   0   3   2   3   0   2   0  0.87 0.25
   68 V    -1  -4  -5  -5  -3  -4  -4  -5  -5   2  -1  -4  -1  -3  -4  -3   1  -5  -3   6    2   0   0   0   0   0   0   0   0   4   0   0   0   0   0   0   8   0   0  86  1.20 0.34
   69 K     0   0   1   2  -4   2   3  -2   0  -4  -4   3  -3  -3   0   0  -1  -4   0  -3    6   2   8  10   0   8  21   0   2   0   0  26   0   0   3   7   2   0   4   0  0.39 0.14
   70 K     0  -1   0   2  -3  -1   2  -3   2  -1  -2   1  -2  -1  -3   0  -1  -2   3   0    7   1   4  14   0   0  18   0   5   4   3  12   0   0   0   8   1   0  17   7  0.22 0.12
   71 L    -3  -4  -5  -6  -3  -4  -5  -6  -5   0   6  -4   2  -1  -5  -4  -3  -4  -3  -1    0   0   0   0   0   0   0   0   0   1  96   0   3   0   0   0   0   0   0   0  1.36 0.35
   72 M    -1   0  -3  -4   0  -2  -3  -4   1   2   3  -2   3  -1  -4  -2  -2  -2   2   1    2   8   0   0   2   0   0   0   4  16  33   2  11   0   0   1   0   0  11  10  0.33 0.14
   73 N     0   1   2   2  -3   1   2  -1   2  -3  -3   0  -2  -3  -2   1   1  -3   0  -3    6   7  12  11   0   6  20   2   5   0   2   5   0   0   0   9  10   0   4   0  0.28 0.11
   74 F    -1   0   0  -2  -1   2   1  -2   1  -1  -1  -1  -1   5  -3  -1  -2  -2   1   0    6   5   5   0   1  12  10   1   4   2   2   3   0  35   0   3   0   0   4   7  0.30 0.15
   75 F    -3  -4  -5  -5  -3  -4  -5  -5  -4   4   2  -4   0   6  -5  -4  -1  -2   0   1    0   0   0   0   0   0   0   0   0  32  19   0   1  40   0   0   3   0   0   5  0.82 0.24
   76 A     0   2   0   0  -1   0   1   0   0  -2  -1   2  -2  -3  -2   1   0  -4  -2  -1   10  15   5   5   1   0  11   8   2   0   8  16   0   0   0  14   2   0   0   3  0.17 0.08
   77 E    -1   2   2   3  -4   1   2  -1   2  -4  -4   3  -3  -4  -2   0  -1  -4  -3  -3    5   9   9  17   0   3  12   4   5   0   0  28   0   0   0   6   1   0   0   0  0.41 0.14
   78 I    -1  -3  -3  -3  -3  -2  -1  -4  -4   5   2  -2   0   1  -4  -1   1  -4  -2   2    3   0   0   0   0   1   6   0   0  46  14   2   0   5   0   3  13   0   0   8  0.45 0.21
   79 L    -4  -4  -6  -6  -3  -4  -5  -6  -5   1   6  -5   0   1  -5  -5  -3  -4  -3  -1    0   0   0   0   0   0   0   0   0   5  91   0   0   4   0   0   0   0   0   0  1.32 0.39
   80 N    -2  -3   3   1  -4  -2  -2   5   0  -5  -5   0  -4   0  -4   1  -2  -4  -3  -4    0   0  16  10   0   0   1  54   2   0   0   5   0   4   0   9   0   0   0   0  0.84 0.27
   81 D    -2  -2  -2   1  -3   3   0  -4  -3   0   3  -2   0   0  -3  -2  -1   0  -2   1    1   0   0   9   0  23   6   0   0   4  34   0   0   4   0   2   3   1   0  12  0.30 0.19
   82 H    -3  -1   3   5  -4  -1   0  -2   3  -4  -5  -1  -4  -5  -3   0   2  -5  -3  -4    0   2  17  43   0   1   2   2   8   0   0   3   0   0   0   7  16   0   0   0  0.77 0.28
   83 S    -2   3   1   1  -4   2   3  -3   1  -3  -3   3  -3  -4  -2   1   0  -4  -3  -2    1  15   7   9   0  11  18   0   3   1   0  19   0   0   0  10   4   0   0   2  0.41 0.17
   84 T    -1   0   0   1  -3   0   1  -2   1   0   0  -1   1  -2   1  -1   2  -3  -1   0    1   5   4   7   0   5  13   1   4   7  12   2   5   0   7   0  20   0   1   7  0.12 0.10
   85 T    -2  -4  -2  -4  -4  -3  -4  -4   1   1  -3  -2  -3  -1  -4  -2   5   9   3  -2    1   0   2   0   0   0   0   0   4   8   0   3   0   2   0   0  39  29  12   1  1.17 0.38
   86 N    -3   1   6   0  -5  -1   0  -1   1  -5  -5   3  -4  -5   1   0  -2  -5  -4  -4    0   7  42   2   0   0   4   3   3   0   0  26   0   0   8   4   0   0   0   0  0.76 0.29
   87 V     1  -4  -4  -5   2  -3  -4  -4  -4   3   0  -4   3  -2  -4  -3   0  -4  -3   5   10   0   0   0   4   0   0   0   0  15   6   0   8   0   0   0   6   0   0  52  0.66 0.26
   88 M     4  -4  -4  -4   2  -3  -3  -2  -4   2  -1  -3   2   0  -3  -1  -1  -4  -3   3   45   0   0   0   5   0   0   1   0  16   2   0   5   5   0   0   1   0   0  20  0.50 0.25
   89 L    -3  -4  -5  -5  -3  -4  -5  -5  -5   4   4  -4   1  -1  -5  -4  -3  -4  -3   2    0   0   0   0   0   0   0   0   0  31  54   0   3   0   0   0   0   0   0  12  0.91 0.29
   90 V    -2  -4  -5  -5  -3   0  -4  -5  -5   5   0  -4  -1   1  -4  -4  -2  -4  -3   5    1   0   0   0   0   6   0   0   0  34   1   0   0   6   0   0   0   0   0  53  0.90 0.32
   91 G    -2  -5  -3  -4  -5  -4  -5   7  -5  -6  -6  -4  -5  -6  -5  -3  -4  -5  -6  -6    0   0   0   0   0   0   0 100   0   0   0   0   0   0   0   0   0   0   0   0  2.19 0.51
   92 C     3  -4  -4  -4   2  -3  -4  -3  -4   3  -1  -3   2  -3  -3  -2  -1  -4  -3   4   29   0   0   0   5   0   0   1   0  16   2   0   5   0   0   0   2   0   0  41  0.58 0.26
   93 G    -2  -5   0  -4  -5  -4  -5   7  -4  -6  -6  -4  -5  -6  -5  -3  -4  -5  -6  -6    0   0   4   0   0   0   0  96   0   0   0   0   0   0   0   0   0   0   0   0  2.04 0.49
   94 N    -3   0   7   0  -5  -2  -2  -3   2  -5  -3  -2  -4  -4  -4   1  -2  -5   0  -5    0   3  72   4   0   0   0   0   6   0   2   1   0   0   0   9   0   0   3   0  1.34 0.42
   95 I    -3  -4  -5  -5  -3   0  -4  -6  -5   3   5  -4   2  -2  -5  -4  -3  -4  -3  -1    0   0   0   0   0   6   0   0   0  16  75   0   3   0   0   0   0   0   0   0  1.03 0.34
   96 G    -1  -5  -3  -4  -5  -4  -5   7  -5  -6  -6  -4  -5  -6  -5  -3  -4  -5  -6  -6    4   0   0   0   0   0   0  96   0   0   0   0   0   0   0   0   0   0   0   0  2.04 0.49
   97 R    -1   3   0  -2  -3   3   0  -2   3  -3  -3   1  -2  -3  -3   1   2  -4  -2  -2    4  21   2   0   0  20   2   2   8   0   1   9   0   1   0  15  13   0   0   2  0.40 0.20
   98 A     7  -3  -4  -4  -3  -3  -3  -2  -4  -3  -3  -3  -3  -4  -3  -1  -2  -4  -4  -2   95   0   0   0   0   0   0   0   0   0   1   0   0   0   0   0   0   0   0   0  1.44 0.45
   99 L    -3  -4  -4  -5  -3  -4  -4  -5  -4   3   5  -4   0   2  -4  -4  -3  -3  -2   0    0   0   0   0   0   0   0   0   0  21  62   0   0  10   0   0   0   0   0   2  0.81 0.27
  100 L     3  -3  -4  -4   1  -3  -3  -3  -4   0   4  -3   1   1  -3   0  -1  -3  -2   0   28   0   0   0   3   0   0   0   0   4  47   0   3   6   0   6   1   0   0   2  0.46 0.23
  101 H    -2   2   5  -1  -4   0  -1  -2   6  -4  -3   0  -3  -4  -3   0   1  -5  -2  -4    1  13  34   2   0   4   1   1  21   0   1   6   0   0   0   7   9   0   0   0  0.68 0.27
  102 Y    -4  -4  -1  -1  -5  -4  -4  -5   2  -4  -2  -4  -3   2  -5  -1  -1  -1   8  -4    0   0   3   4   0   0   0   0   5   0   4   0   0   6   0   4   3   0  72   0  1.60 0.46
  103 R    -1   2   5   0  -4   1   1  -1  -1  -3  -4   1  -3  -4   1   0   0  -4  -3  -3    2  16  33   4   0   6   8   4   0   2   0   6   0   0   7   6   7   0   0   0  0.46 0.20
  104 F    -2   0   0  -2  -4  -3  -1   3  -3  -2  -1  -2  -2   6  -4  -2  -3  -2   0  -2    1   7   5   1   0   0   4  28   0   2   3   1   0  45   0   2   0   0   0   2  0.68 0.27
  105 H    -2  -1  -2  -3  -3   0  -3  -4   4  -1   1  -2   3   5  -4   0  -1  -2   1  -1    2   4   0   0   0   4   0   0  15   2  12   2   8  35   0   9   3   0   1   2  0.47 0.22
  106 D    -1   3   0   1  -3   1   2  -2   0   0  -1   2  -2  -3  -1   0  -1  -4  -1  -2    4  18   2   7   0   7  13   2   2   8   5  20   0   0   2   8   2   0   2   0  0.23 0.12
  107 R    -2   2   3   1  -4   1   1  -3   3  -4  -3   3  -3  -2  -3   1  -1  -4  -2  -4    0  12  20   8   0   5   7   0   9   0   1  22   0   1   0  10   3   0   0   0  0.44 0.19
  108 N    -1   2   3   1  -3   0   0  -1   2  -3  -1   0  -1   0  -2   1  -1  -3   2  -3    5  14  23   8   0   2   5   2   5   0   8   3   2   4   1   9   2   0   9   0  0.21 0.13
  109 K    -2  -2   4  -1  -4  -1   0   5  -1  -5  -5   1  -4  -4  -3  -1  -2  -4  -2  -4    0   1  24   1   0   2   5  51   1   0   0  12   0   0   0   2   0   0   1   0  0.86 0.28
  110 M    -2  -4  -4  -5  -3  -3  -4  -4  -3   2   1  -4   5   5  -4  -3   2  -2   0   0    1   0   0   0   0   0   0   0   0  11  10   0  18  36   0   0  17   0   2   6  0.68 0.27
  111 Q    -2   3   1   0  -4   2   1  -3   0  -2  -3   3   0  -2  -3   0   0  -4  -2  -1    0  22   7   4   0  10  10   0   2   1   0  22   2   2   0   5   7   0   1   4  0.36 0.16
  112 I    -3  -5  -3  -5  -3  -5  -5  -6  -5   6   2  -5  -1  -1  -5  -4  -3  -4  -3   3    0   0   2   0   0   0   0   0   0  69  13   0   0   2   0   0   0   0   0  15  1.13 0.35
  113 S     1   0  -2  -3  -1  -2  -1  -3  -1   1  -2   1  -1  -3  -3   1   2  -4  -3   4   12   4   0   0   1   0   2   0   2   4   0   9   0   0   0  12  15   0   0  37  0.31 0.20
  114 M     4  -3  -3  -2   2  -1   0   3  -2  -2  -2  -2   4  -3  -3  -1  -2  -4  -3  -1   41   0   0   2   5   2   6  22   1   2   0   0  17   0   0   1   0   0   0   2  0.52 0.26
  115 A     4  -3  -3  -4  -2  -3  -3   1  -4   2   1  -3   0  -1  -3  -1  -2  -4  -3   1   50   0   0   0   0   0   0   9   0  15  12   0   1   2   0   0   0   0   0  11  0.49 0.24
  116 F    -4  -5  -5  -5  -4  -5  -5  -5  -3  -1  -2  -5  -1   9  -5  -4  -4  -1   2  -3    0   0   0   0   0   0   0   0   0   3   1   0   1  88   0   0   0   0   3   0  1.99 0.47
  117 D    -4  -4  -1   8  -5  -2   0  -3  -3  -5  -5  -3  -5  -5  -4  -2  -3  -6  -5  -5    0   0   0  93   0   0   2   0   0   0   1   0   0   0   0   0   0   0   0   0  2.04 0.49
  118 L     1  -3   2  -3   1  -3  -3  -3  -3   2  -1  -3  -1  -3  -3   0   2  -4  -3   4   12   0  11   0   3   0   0   0   0  15   2   0   0   0   0   8  13   0   0  35  0.35 0.19
  119 D    -2  -2   4   6  -4  -2   0  -3   1  -4  -5  -1  -4  -5  -3   0  -1  -5  -4  -4    2   1  25  52   0   0   4   0   3   0   0   3   0   0   0   4   3   0   0   0  1.01 0.31
  120 S    -2   1  -3   1  -5  -2   2  -3  -3  -4  -2   0  -4  -5   7  -1  -3  -5  -4  -4    2   8   0   7   0   0  14   2   0   0   4   4   0   0  55   3   0   0   0   0  1.22 0.33
  121 N     0   1   1   1  -2   2   2   0   0  -3  -2   1  -2  -2  -1   1   1  -3  -1  -2   11   8  10   6   0   9  15   5   2   1   1  10   0   2   2   7   9   0   2   1  0.18 0.08
  122 D    -2   1   0   1  -3   0   1  -2  -2  -3  -3   6  -2  -3   1  -1  -2  -3  -3  -3    2   2   5  10   0   1   5   1   0   1   2  58   0   1   7   1   1   0   1   1  0.67 0.23
  123 L     0  -1  -1  -1  -1   0  -1  -1  -1   2   2   0   1   0  -1  -1   0  -1   0   1    5   2   2   4   1   4   4   3   1  14  22   5   5   2   2   4   3   1   3  11  0.05 0.03
  124 V    -1  -3  -3  -3  -2  -3  -3  -2  -3   4   0  -3   0   0  -3  -2  -1  -3  -1   4    3   1   1   1   0   1   1   3   0  36   4   1   2   3   1   1   1   0   2  36  0.48 0.17
  125 G     1  -3  -1  -1  -3  -3  -3   6   0  -4  -4  -3  -3  -4  -3  -1  -1  -3  -3  -2    9   1   2   2   0   1   1  70   2   1   1   1   0   0   1   1   3   0   0   4  1.04 0.27
  126 K    -1   1   1  -1  -3   1   0   3  -2  -2  -1   2  -1  -3  -2   0   1  -3  -3  -2    0   7   6   2   0   6   6  23   0   3   7  20   1   0   0   6  12   0   0   0  0.24 0.13
  127 T    -1   1  -1  -2  -3   1   2  -3  -2  -2  -3   3  -2  -1   0   0   4  -4  -3  -2    1   6   2   0   0   5  13   0   0   2   0  23   0   4   3   3  37   0   0   2  0.44 0.22
  128 T    -2  -3  -1  -3  -3  -3  -1  -4  -4   5   1  -2   0  -2  -2  -2   2  -4  -3   3    1   0   3   1   0   0   5   0   0  43   8   2   2   0   1   0  15   0   0  18  0.46 0.21
  129 E     0   2  -1  -1  -2   1  -1   1   0   1   0   0   0  -2   0  -1  -1  -3  -2   1    9  15   1   4   0   6   3  16   2   9   7   3   3   1   4   2   1   0   0  15  0.08 0.07
  130 D     0  -1   3   4  -3  -1   2   1  -2  -4  -3  -1  -3  -4  -1   2  -1  -4  -3  -3    5   1  16  29   0   1  12  13   0   0   3   0   0   0   3  16   0   0   0   0  0.46 0.19
  131 G    -1  -2   1  -1  -2  -2  -1   5  -2  -3  -2  -1  -2  -3  -2  -1  -1  -2  -2  -3    2   1   6   3   1   1   4  59   1   1   5   4   1   1   1   2   3   0   1   2  0.69 0.17
  132 I    -2  -4  -5  -5  -3  -4  -4  -5  -4   5   2  -4   1   1  -4  -4  -1  -4  -1   4    0   0   0   0   0   0   0   0   0  37  16   0   3   5   0   0   2   0   1  36  0.75 0.26
  133 P    -1  -3  -3  -2  -4  -2   2  -3  -3  -1  -3  -1  -3  -4   6  -2   1  -5  -4  -1    5   0   0   0   0   0  19   0   0   4   2   4   0   0  49   1   9   0   0   5  1.03 0.29
  134 V    -3  -5  -5  -5  -3  -5  -5  -6  -5   5  -1  -5  -1  -3  -5  -4  -2  -5  -3   6    0   0   0   0   0   0   0   0   0  41   0   0   0   0   0   0   0   0   0  59  1.26 0.39
  135 Y    -3   1  -1  -2  -4   2   0  -4   2  -3  -1   1   0   2  -4  -2  -3  -1   6  -1    0   9   3   2   0  11   4   0   6   0   6   8   3   7   0   2   0   0  36   3  0.53 0.23
  136 G    -1  -2   1   3   1  -1   0   0   6  -4  -4  -1  -3  -4   3   0  -2  -4  -2  -4    4   0   4  22   3   0   4   8  28   0   1   2   0   0  15   7   0   0   0   0  0.63 0.23
  137 I    -2  -3  -2  -3  -2  -3  -3  -4  -3   4   2  -2   3   1  -1  -1   0   0  -2   2    0   0   1   0   0   0   0   0   0  30  18   2  13   6   3   6   6   1   0  12  0.34 0.16
  138 S    -1  -1   1   5  -4   0   2  -2  -2  -5  -5   0  -4  -5  -3   2  -1  -5  -4  -4    2   3   5  45   0   2  15   2   0   0   0   4   0   0   0  21   1   0   0   0  0.79 0.28
  139 T    -2   1   1   3  -4   2   3  -3  -1  -3  -2   1  -2  -4  -3   0   0  -4  -1  -2    0   6   5  22   0   7  28   0   1   0   5   7   0   0   0   6   6   0   2   4  0.41 0.18
  140 I    -2  -4  -5  -5  -3  -4  -4  -5  -4   2   5  -4   4   1  -4  -4  -3  -3  -2   1    2   0   0   0   0   0   0   0   0  13  58   0  14   4   0   0   0   0   0   9  0.81 0.28
  141 N    -1   0   0   1  -4   1   4  -1  -2  -3  -3   4  -2  -4   1  -1  -1  -4  -3  -3    3   3   2   4   0   5  35   4   0   1   1  30   1   0   5   2   2   0   0   1  0.52 0.22
  142 D    -1   2   0   3  -4   2   4  -2  -2  -4  -4   2  -3  -4  -1   0   0  -4  -3  -4    3  10   3  16   0   7  34   1   0   0   0  12   0   0   2   7   6   0   0   0  0.53 0.20
  143 H    -1   2  -1  -3  -3   1  -1  -3   1   1  -1   1  -1   2  -3  -1  -1  -2   1   2    4  11   2   0   0   9   2   0   5  10   2  11   0  13   0   2   3   0   3  23  0.16 0.13
  144 L    -2  -4  -3  -5   0  -4  -4  -5  -4   4   3  -4   2  -1  -4  -3  -2  -4  -1   4    1   0   2   0   2   0   0   0   0  31  28   0   4   1   0   0   0   0   2  30  0.65 0.23
  145 I     1   3   0  -1  -3   1   1  -2   0  -2  -3   3  -2  -4   0   0   0  -4  -3  -2   15  17   3   3   0   5   8   1   1   3   0  29   0   0   3   5   5   0   0   1  0.34 0.16
  146 D     0   2   0   2  -4   1   4  -2   0  -4  -3   2  -3  -4  -2   0  -1  -4  -3  -3    6   9   5   8   0   4  38   1   1   0   2  14   0   0   0   7   2   0   0   1  0.47 0.19
  147 S     1   0   3   0  -3   2   2  -1   2  -3  -2   0  -2   0  -2   0   0  -3   1  -2   12   5  18   3   0  12  13   3   5   0   5   5   0   4   0   4   5   0   5   0  0.20 0.12
  148 D    -2   1   3   4  -4   2   1   2   0  -3  -4   2  -3  -4  -3  -1  -2  -4  -3  -3    0   6  14  29   0  13   4  17   2   1   0  12   0   0   0   1   0   0   0   1  0.52 0.20
  149 I     1  -4  -4  -4  -3  -4  -3  -4  -4   5   0  -4  -1  -1  -1  -2  -1  -4  -3   4   11   0   0   0   0   0   2   0   0  45   3   0   0   2   3   2   2   0   0  30  0.65 0.26
  150 E    -2   0   2   3  -4   2   4  -3   1  -4  -4   1  -3  -4  -1   0   1  -4  -3  -3    0   4   8  21   0   8  28   0   4   0   0   8   0   0   3   6   9   0   0   2  0.50 0.20
  151 T     0  -4  -4  -4  -3  -4  -4  -4  -4   5   1  -4   1  -2  -4  -3   1  -4  -3   3    7   0   0   0   0   0   0   0   0  46   8   0   3   0   0   0  11   0   0  25  0.70 0.26
  152 A     4  -4  -3  -3  -3  -3  -3   4  -4  -3  -4  -3  -3  -4  -3   0  -2  -4  -4   0   51   0   0   0   0   0   0  34   0   0   0   0   0   0   0   6   0   0   0   9  0.83 0.31
  153 I    -1  -5  -5  -5  -3  -5  -5  -5  -5   6   1  -5  -1  -2  -5  -4  -3  -5  -3   3    4   0   0   0   0   0   0   0   0  70   8   0   0   0   0   0   0   0   0  19  1.16 0.36
  154 L    -3  -4  -5  -5  -3  -4  -5  -6  -5   5   5  -4   0  -2  -5  -2  -3  -4  -3   0    0   0   0   0   0   0   0   0   0  38  59   0   0   0   0   3   0   0   0   0  1.03 0.34
  155 T     2  -4  -3  -4   6  -3  -3  -3  -4  -3  -3  -3  -3   0  -3   0   6  -4  -3  -2   16   0   0   0  16   0   0   0   0   0   0   0   0   6   0   3  60   0   0   0  1.03 0.38
  156 V    -2  -5  -5  -5  -3  -4  -4  -5  -5   1  -1  -4  -2  -3  -4  -3   2  -5  -3   6    0   0   0   0   0   0   0   0   0   4   0   0   0   0   0   0  14   0   0  82  1.27 0.42
  157 P    -3  -3  -4  -4  -5  -4  -4  -5  -5  -6  -6  -4  -5  -6   9  -1  -3  -6  -6  -5    0   2   0   0   0   0   0   0   0   0   0   0   0   0  92   5   1   0   0   0  2.66 0.58
  158 S     3   0  -1  -1  -2   0   0   0  -1  -1  -3   1  -2  -4   0   3  -1  -4  -3  -2   35   3   1   1   0   2   4   5   1   4   1  10   0   0   4  25   1   0   0   1  0.33 0.19
  159 T    -1   1   1   1  -3   0   2  -1   0  -2  -2   1  -2  -3   2   1   0  -4  -3  -1    3  10   8  10   0   3  16   5   1   3   1   7   0   0  11  11   6   0   0   6  0.22 0.10
  160 E     2   1   1  -2  -3   1   1  -2   2  -1  -2   0  -2   0  -2   1  -1  -3   1   1   22   6  10   0   0   7   8   1   7   2   0   6   0   6   0   8   0   0   5  12  0.14 0.11
  161 A     6  -4  -4  -4  -3  -3  -3  -2  -4  -3  -4  -3  -3  -5  -3   0  -2  -5  -4  -1   93   0   0   0   0   0   0   1   0   0   0   0   0   0   0   3   0   0   0   3  1.40 0.44
  162 Q    -1  -2  -3  -2  -6   8  -1  -4  -2  -6  -5  -1  -3  -6  -4  -1  -3  -5  -4  -5    5   0   0   1   0  92   0   0   0   0   0   0   0   0   0   2   0   0   0   0  2.01 0.56
  163 E     0   2  -1   2   0   2   3  -3  -1  -4  -3   2  -1  -4  -1   1  -2  -1  -1  -2    9  10   0  11   2   7  26   0   1   0   0  18   1   0   1   9   0   1   2   2  0.38 0.16
  164 V     1  -4  -4  -4  -2  -3  -4  -4  -4   3  -1  -3   1  -3  -4  -1   1  -4  -3   5   15   0   0   0   0   0   0   0   0  14   1   0   3   0   0   2   8   0   0  56  0.69 0.27
  165 A     5  -3  -3  -4   4  -3  -3  -2  -4  -1  -3  -3  -2  -4  -3  -1   3  -4  -4   1   57   0   0   0   9   0   0   0   0   2   0   0   0   0   0   1  20   0   0  11  0.75 0.30
  166 D    -4  -3   4   7  -5  -1   1  -3  -3  -5  -5  -2   1  -5  -4  -2  -1  -6  -5  -5    0   0  20  63   0   2   7   0   0   0   0   0   5   0   0   0   3   0   0   0  1.28 0.36
  167 I    -1   3  -2  -1  -3   3   2  -3  -2   1   0   1   0   0  -3  -2   0  -3  -1  -1    4  23   0   2   0  17  14   0   0  12   8   6   1   5   0   0   5   0   1   2  0.25 0.15
  168 L    -1  -4  -5  -5  -3  -4  -5  -5  -5   1   5  -4   4  -2  -5  -4  -3  -4  -3   0    6   0   0   0   0   0   0   0   0   5  75   0  11   0   0   0   0   0   0   3  1.00 0.32
  169 V     1  -4  -4  -5  -3  -4  -2  -5  -5   3   0  -4  -1  -2  -4  -3  -1  -5  -3   6    9   0   0   0   0   0   3   0   0  19   2   0   0   1   0   0   2   0   0  64  0.85 0.30
  170 K     1   0  -1   3  -4   1   4  -2  -2  -4  -3   2  -1  -4  -3  -1  -2  -4  -2  -3   16   4   2  18   0   5  29   2   0   0   2  17   2   0   0   1   0   0   1   1  0.46 0.19
  171 A     5  -3   1  -3  -3  -2  -2   1   0  -3  -2   0  -1  -3  -3   0  -1  -4  -2  -2   61   0   7   0   0   1   1  11   3   0   3   5   2   1   0   2   2   0   1   1  0.57 0.25
  172 G    -2  -4   2  -1  -5  -4  -4   7  -4  -6  -6  -4  -5  -5  -4  -1  -3  -5  -5  -5    0   0   9   3   0   0   0  86   0   0   0   0   0   0   0   3   0   0   0   0  1.69 0.41
  173 I    -2  -5  -5  -5  -3  -4  -5  -5  -5   6   0  -4  -1  -2  -5  -4  -2  -5  -3   5    2   0   0   0   0   0   0   0   0  54   4   0   0   0   0   0   0   0   0  40  1.11 0.34
  174 K    -3   2   0  -2  -5   1   0  -2   0  -4  -3   6  -3  -5  -3  -1   0  -5  -4  -4    0  10   3   0   0   6   3   2   3   0   1  66   0   0   0   1   6   0   0   0  0.96 0.33
  175 G     3  -4  -3  -3  -4  -3  -4   6  -4  -4  -4  -3  -4  -5  -4   0  -3  -5  -4   0   24   0   0   0   0   0   0  66   0   0   0   0   0   0   0   4   0   0   0   7  1.15 0.33
  176 I    -4  -5  -6  -6  -3  -5  -6  -6  -6   7   0  -5  -1  -1  -5  -5  -3  -5  -3   2    0   0   0   0   0   0   0   0   0  88   4   0   0   2   0   0   0   0   0   7  1.55 0.42
  177 L    -3  -4  -5  -6  -3  -4  -5  -5  -5   0   5  -5   2  -1  -5  -4  -3   8  -2   1    0   0   0   0   0   0   0   0   0   2  65   0   4   0   0   0   0  21   0   9  1.22 0.35
  178 S    -3  -3   8  -1   3  -2  -3  -3  -2  -5  -6  -3  -4  -5  -4   1  -1  -6  -5  -5    0   0  81   0   7   0   0   0   0   0   0   0   0   0   0  10   2   0   0   0  1.73 0.47
  179 F    -5  -5  -6  -6  -5  -6  -6  -6  -3   0  -2  -6  -2   9  -6  -5  -5  -1   3  -3    0   0   0   0   0   0   0   0   0   5   0   0   0  88   0   0   0   0   7   0  2.11 0.49
  180 S     4  -3  -2  -3  -3  -3  -3  -1  -4  -3  -3  -3  -3  -4  -3   2   5  -5  -4  -2   42   0   0   0   0   0   0   2   0   0   0   0   0   0   0  12  44   0   0   0  0.88 0.33
  181 P    -2  -4  -2  -2  -5  -2  -3  -2  -4  -5  -5  -3  -4  -5   8  -3  -2  -5  -5  -4    3   0   1   2   0   2   0   4   0   0   0   0   0   0  84   0   2   0   0   0  2.21 0.45
  182 V     1  -1  -3  -2  -2  -2  -1  -2  -3   2   0  -1   0  -1  -3  -1   1   0  -2   3   16   2   0   2   0   0   4   1   0  12   6   2   2   2   0   1  13   1   0  33  0.22 0.13
  183 H    -2   5   0   2  -4   0  -1  -3   3  -1  -2   1  -1  -3  -3  -1   0  -4  -2   1    0  37   2  13   0   2   2   0   9   4   2   7   2   0   0   2   5   0   0  12  0.40 0.18
  184 L    -3  -4  -5  -5  -3  -4  -4  -5  -4   4   5  -4   0  -1  -4  -4  -2  -3  -3   1    0   0   0   0   0   0   0   0   0  25  65   0   0   0   0   0   0   0   0   6  0.89 0.27
  185 T    -1   1   3   1  -3   2   1  -2   2  -2  -3   1  -1  -3  -2   2   2  -4  -2  -2    1   7  18   9   0  11   5   0   5   1   0   8   1   0   0  15  14   0   0   3  0.29 0.13
  186 L     0  -4  -4  -4  -2  -3  -4  -3  -4   1   1  -4  -1  -2  -4  -2   0  -4  -3   6    5   0   0   0   0   0   0   2   0   0  11   0   0   0   0   2   6   0   0  72  0.84 0.30
  187 P    -2  -4  -4  -2  -4  -3  -3  -3  -4  -4  -5  -2  -4  -5   8  -2  -3  -5  -5  -4    2   0   0   2   0   0   0   2   0   0   1   2   0   0  86   2   0   0   0   0  2.29 0.45
  188 K    -1   0   1   3  -4   0   4  -1  -2  -4  -4   2  -3  -4   1   0  -1  -4  -2  -4    4   3   5  18   0   1  32   3   0   0   0  18   0   0   8   6   1   0   1   0  0.50 0.19
  189 D    -2  -1   2   4  -1  -1   0   3   4  -5  -5  -1  -4  -4  -3   0  -1  -5  -3  -4    0   2  12  31   2   1   5  24  12   0   0   3   0   0   0   5   3   0   0   0  0.60 0.21
  190 I    -2  -5  -5  -5   0  -4  -5  -5  -5   4  -1  -4   0  -3  -5  -4  -1  -5  -3   6    0   0   0   0   2   0   0   0   0  21   0   0   2   0   0   0   2   0   0  73  1.17 0.36
  191 I    -1   3  -1  -1  -3   1  -1  -3   0   1  -1   0  -1  -1   2  -1   0   3  -1   1    4  22   1   2   0   8   2   0   2  14   2   3   0   1   9   3   5   4   2  17  0.19 0.12
  192 V    -2  -5  -5  -5  -3  -4  -5  -5  -5   3   1  -4  -1  -3  -4  -4  -1  -5  -3   6    1   0   0   0   0   0   0   0   0  13   8   0   0   0   0   0   1   0   0  76  1.15 0.36
  193 Q    -3   3  -2  -2  -5   4   4  -4   6  -2  -3  -1  -3  -4  -4  -2  -3  -4  -2  -2    0  15   0   0   0  25  26   0  26   2   2   0   0   0   0   0   0   0   0   3  0.87 0.31
  194 Y    -3  -1   6   0  -4   0   0  -3   4  -4  -4   0  -3  -2  -4   0  -1  -3   4  -4    0   2  45   3   0   2   5   0  13   0   0   5   0   0   0   4   2   0  18   0  0.80 0.25
  195 V    -2  -4  -4  -4  -3  -3  -1  -5  -4   4   0  -4  -1  -2  -4  -3   0  -4  -3   5    1   0   0   0   0   0   6   0   0  31   2   0   0   0   0   0   5   0   0  54  0.78 0.25
  196 D    -4  -3   0   7  -5  -2  -1  -3   4  -5  -6  -3  -5  -5  -4   0  -3  -6  -4  -5    0   0   1  82   0   0   0   0  12   0   0   0   0   0   0   5   0   0   0   0  1.68 0.39
  197 L    -3  -4  -5  -5  -3  -4  -4  -5  -4   1   5  -4   1   3   1  -4  -3  -3  -2   0    0   0   0   0   0   0   0   0   0   4  75   0   2  11   6   0   0   0   0   1  0.89 0.26
  198 T     1  -3  -2  -2  -2  -2  -2   0  -3  -1  -1  -2  -2  -1  -3   3   4  -3   1   0   14   0   0   0   0   0   0   5   0   2   3   0   0   2   0  25  38   0   5   6  0.43 0.20
  199 S     1  -2   1   0  -2   0   0  -2   0   2  -1  -1  -1  -2  -2   1   0  -4  -2   2   18   0   6   6   0   3   7   0   3  16   3   1   0   0   0  14   5   0   0  16  0.13 0.09
  200 E    -2  -2   1  -1  -4   1   5   0   2  -2  -4   0  -3  -4  -3   2  -2  -4  -3  -2    0   0   6   0   0   4  45   7   6   2   0   4   0   0   0  21   0   0   0   3  0.56 0.21
  201 L    -3  -4  -5  -6  -3  -4  -5  -6  -4   0   6  -4   2   2  -5  -4  -3  -3   0  -1    0   0   0   0   0   0   0   0   0   0  85   0   5   6   0   0   0   0   3   1  1.11 0.30
  202 Q     0   0  -2  -1  -4   6   1  -3   0  -3   0   1   1  -1  -3  -1  -1  -3   0  -3    8   3   0   2   0  49   8   0   2   0  10   5   5   3   0   1   2   0   3   0  0.58 0.23
  203 T     0  -1  -2  -2  -2  -1  -2  -3   0   0  -2  -2   0  -3  -3   3   4  -4  -3   1    5   3   0   0   0   2   0   0   2   5   1   0   3   0   0  27  40   0   0  12  0.47 0.21
  204 L    -3  -4  -5  -5  -3  -4  -5  -5  -4   1   5  -4   3  -1  -5  -4  -1  -3  -3   0    0   0   0   0   0   0   0   0   0   6  78   0   9   0   0   0   2   0   0   4  1.00 0.28
  205 L     1  -2  -2  -3  -2  -2  -2  -1  -3   2   1  -1   0   0  -3   1   2  -3  -2   1   15   0   0   0   0   0   0   3   0  18  18   3   0   5   0  13  15   0   0  10  0.18 0.11
  206 Y    -4  -4   0  -5   1  -4  -4  -5   2  -3  -2  -4  -2   5  -5  -4  -4   0   7  -2    0   0   5   0   3   0   0   0   3   0   2   0   0  30   0   0   0   0  54   3  1.38 0.34
  207 F    -3   1   1  -3  -4  -2  -3  -4   2  -2   1  -1   1   6  -4  -1  -3  -1   3  -2    0  10   8   0   0   1   0   0   6   0  14   4   3  40   0   3   0   0  12   0  0.54 0.19
  208 M    -2  -4  -5  -5  -3  -3  -4  -5  -4   3   4  -4   6  -1  -4  -4  -2  -3  -3   1    2   0   0   0   0   0   0   0   0  17  48   0  29   0   0   0   0   0   0   4  0.84 0.24
  209 N    -1   1   4   1  -4   1   1  -1   0  -4  -4   3  -3  -4  -2   0   1  -4  -3  -2    5   5  30   6   0   5   7   2   2   0   0  26   0   0   0   2   8   0   0   2  0.43 0.15
  210 Q    -2   2   3   1  -4   2   2  -2   4  -4  -3   1  -2  -3  -2   1   0  -4  -2  -3    0  10  21   5   0  14  12   0  13   0   3   8   0   0   0   9   6   0   0   0  0.40 0.13
  211 Q    -2   1   3   3  -4   2   3  -1  -1  -3  -2   2  -2  -4  -2   0  -1  -4  -3  -3    0   8  16  20   0  12  21   3   0   0   4  14   0   0   0   2   0   0   0   0  0.42 0.09
  212 R    -2   4  -1  -1  -4   3   3  -3  -1  -4  -3   3  -2  -4  -2  -1  -1  -3  -2  -3    0  26   0   0   0  18  27   0   0   0   0  30   0   0   0   0   0   0   0   0  0.62 0.10

                      K         Lambda
Standard Ungapped    0.1383     0.3219
Standard Gapped      0.0550     0.2670
PSI Ungapped         0.1796     0.3176
PSI Gapped           0.0550     0.2670
