
Last position-specific scoring matrix computed, weighted observed percentages rounded down, information per position, and relative weight of gapless real matches to pseudocounts
            A   R   N   D   C   Q   E   G   H   I   L   K   M   F   P   S   T   W   Y   V   A   R   N   D   C   Q   E   G   H   I   L   K   M   F   P   S   T   W   Y   V
    1 M    -1  -1  -2  -3  -2   0  -2  -3  -2   1   2  -1   6   0  -3  -2  -1  -2  -1   1    0   0   0   0   0   0   0   0   0   0   0   0 100   0   0   0   0   0   0   0  0.33 0.00
    2 E    -1   0   0   2  -4   2   5  -2   0  -3  -3   1  -2  -3  -1   0  -1  -3  -2  -3    0   0   0   0   0   0 100   0   0   0   0   0   0   0   0   0   0   0   0   0  0.73 0.00
    3 L    -1  -2  -3  -3  -2  -2  -2  -3  -3   0   2  -2   1  -1   6  -2  -1  -3  -2   0    0   0   0   0   0   0   0   0   0   0  50   0   0   0  50   0   0   0   0   0  0.80 0.00
    4 A     3  -2  -2  -3  -1  -1  -2  -1  -2   0   2  -2   1  -1  -2   0  -1  -2  -1   0   50   0   0   0   0   0   0   0   0   0  50   0   0   0   0   0   0   0   0   0  0.20 0.00
    5 D    -2  -1   1   4  -3   0   1  -2   6  -3  -3  -1  -2  -2  -2  -1  -1  -3   0  -3    0   0   0  50   0   0   0   0  50   0   0   0   0   0   0   0   0   0   0   0  0.62 0.00
    6 V     3  -2  -2  -3  -1  -2  -2  -1  -2   1   0  -1   0  -2  -2   0   0  -3  -2   3   50   0   0   0   0   0   0   0   0   0   0   0   0   0   0   0   0   0   0  50  0.21 0.00
    7 G     0  -2   0  -1  -3  -2  -2   6  -2  -4  -4  -2  -3  -3  -2   0  -2  -3  -3  -3    0   0   0   0   0   0   0 100   0   0   0   0   0   0   0   0   0   0   0   0  1.04 0.00
    8 A     3  -1   0  -1  -1  -1  -1   0  -1  -2  -2  -1  -1  -2  -1   3   1  -3  -2  -1   56   0   0   0   0   0   0   0   0   0   0   0   0   0   0  44   0   0   0   0  0.35 0.00
    9 A     4  -2  -2  -2   0  -1  -1   0  -2  -1  -2  -1  -1  -2  -1   1   0  -3  -2   0  100   0   0   0   0   0   0   0   0   0   0   0   0   0   0   0   0   0   0   0  0.41 0.01
   10 A     4  -2  -1  -2  -1  -1  -1   3  -2  -2  -2  -1  -1  -3  -1   1   0  -3  -2  -1   72   0   0   0   0   0   0  28   0   0   0   0   0   0   0   0   0   0   0   0  0.41 0.00
   11 S     0  -1   0  -1  -2  -1  -1  -1  -1  -3  -3  -1  -2  -3   6   3   1  -3  -2  -2    0   0   0   0   0   0   0   0   0   0   0   0   0   0  44  56   0   0   0   0  0.81 0.01
   12 S     0  -1   0  -1  -2  -1  -1  -1  -1  -3  -3  -1  -2  -3   6   3   1  -3  -2  -2    0   0   0   0   0   0   0   0   0   0   0   0   0   0  44  56   0   0   0   0  0.81 0.01
   13 Q     0   3   0  -1  -2   3   1  -1   0  -3  -2   1  -1  -3  -1   2   0  -3  -2  -2    0  28   0   0   0  28   0   0   0   0   0   0   0   0   0  44   0   0   0   0  0.36 0.00
   14 G     2  -2  -1  -2  -2  -2  -2   5  -2  -3  -3  -1  -2  -3  -2   0  -1  -3  -3  -2   28   0   0   0   0   0   0  72   0   0   0   0   0   0   0   0   0   0   0   0  0.70 0.00
   15 V    -1  -3  -3  -4  -2  -3  -3  -3  -2   2   1  -3   0   4  -3  -2  -1  -1   1   3    0   0   0   0   0   0   0   0   0   0   0   0   0  44   0   0   0   0   0  56  0.33 0.00
   16 H    -1  -2  -1  -3   8  -2  -2  -3   4  -2  -2  -2  -2  -2  -3  -1  -1  -3  -1  -1    0   0   0   0  72   0   0   0  28   0   0   0   0   0   0   0   0   0   0   0  0.83 0.01
   17 D    -1   3   0   3  -3   1   3  -2  -1  -3  -3   1  -2  -3  -2   1   0  -3  -2  -3    0  29   0  21   0   0  29   0   0   0   0   0   0   0   0  21   0   0   0   0  0.40 0.01
   18 Q    -1   3   0   3  -3   4   1  -2   0  -3  -3   1  -1  -3  -2   0  -1  -3  -2  -3    0  29   0  29   0  42   0   0   0   0   0   0   0   0   0   0   0   0   0   0  0.49 0.01
   19 V    -1  -3  -3  -3   3  -2  -3   0  -3   3   1  -3   2  -1  -3  -2   0  -3  -2   2    0   0   0   0  10   0   0  10   0  42  11   0   8   0   0   0   9   0   0  10  0.22 0.04
   20 L    -2  -3  -3  -4  -3  -3  -3  -4  -2   0   1  -3   2   5   3  -2  -2  -1   1   0    0   0   0   0   0   0   0   0   0   0  16   0  10  52  16   0   0   0   0   6  0.56 0.09
   21 P    -2   1  -2  -2  -4  -1  -2   0  -3  -4  -4   2  -3  -4   7  -1  -2  -4  -4  -3    0   8   0   0   0   0   0   7   0   0   0  14   0   0  71   0   0   0   0   0  1.49 0.15
   22 T     1   1  -1   1  -2  -1   1  -2  -2   0   1   0   0  -2  -2   0   2  -3  -2  -1   13   9   0   7   0   0  10   0   0   4  23   5   0   0   0   6  21   0   0   0  0.11 0.05
   23 P    -2   2  -2  -2  -3   3   0  -3  -2   1  -1   3  -1  -3   3  -1  -1  -4  -3  -1    0   8   0   0   0  23   0   0   0  18   2  34   0   0  16   0   0   0   0   0  0.43 0.13
   24 N     0   0   5   1  -3  -1  -1   0  -1  -1  -3  -1  -2  -3  -2   1   1  -4  -3   0    9   5  45   7   0   0   0   4   0   5   0   0   0   0   0   9   9   0   0   7  0.40 0.13
   25 A     2   0   1   3  -2  -1   0   1  -2  -3  -3   1  -2  -3  -2   2   0  -4  -3  -2   19   6   5  24   0   0   0   8   0   0   0  12   0   0   0  19   5   0   0   0  0.32 0.12
   26 S     0  -1   1   1  -2  -1   0  -1   1  -2   0   2  -2  -3   0   2   2  -3  -2  -2    5   0   5   9   0   0   3   4   4   0  10  17   0   0   5  16  21   0   0   0  0.20 0.12
   27 S    -1  -1   1  -1  -3   3   2  -1  -1  -2  -1   0  -2  -3   0   3   1  -1  -3  -2    3   0   6   0   0  16  14   3   1   2   8   3   0   0   3  29  11   1   0   0  0.30 0.18
   28 R    -2   7  -1  -4  -5   0  -2  -4  -2  -5  -4   2  -4  -5  -4  -2  -3  -5  -1  -5    3  76   3   0   0   2   0   0   0   0   0  11   0   0   0   2   0   0   3   0  1.51 0.44
   29 V    -2   1  -3  -2  -3  -2  -2  -4  -3   3  -1   4  -2  -2  -3  -2   1   3  -3   3    0   6   0   2   0   0   0   0   0  19   1  32   0   1   0   1   8   5   0  23  0.43 0.23
   30 I    -3  -5  -5  -5   0  -5  -5  -6  -5   7   0  -5  -1   0  -5  -4  -3   0  -3   3    0   0   0   0   2   0   0   0   0  75   3   0   0   2   0   0   0   1   0  17  1.28 0.37
   31 V     0  -4  -4  -5  -3  -3  -4  -4  -4   4   2  -4   3   3  -4  -3  -2  -3  -1   2   10   0   0   0   0   0   0   0   0  34  23   0   9  14   0   0   0   0   0  10  0.56 0.21
   32 H    -4  -3  -2  -4   3  -2  -3  -5  10  -5  -1  -4  -1  -1  -5  -4  -4  -5   0  -5    0   0   0   0   6   0   0   0  81   0   8   0   1   3   0   0   0   0   1   0  2.24 0.54
   33 V    -2  -5  -5  -5   1  -4  -5  -5  -5   5   1  -4   0  -1  -4  -4  -2  -4  -1   5    2   0   0   0   3   0   0   0   0  39   6   0   1   1   0   0   0   0   2  46  0.92 0.30
   34 D    -5  -4  -1   8  -6  -3  -1  -4  -4  -6  -7  -3  -6  -6  -4  -3  -4  -7  -6  -6    0   0   0 100   0   0   0   0   0   0   0   0   0   0   0   0   0   0   0   0  2.44 0.59
   35 L    -2  -4  -5  -5   3  -1  -4  -5  -4   0   1  -4   8   2  -5  -4  -3  -4  -3   1    3   0   0   0   7   2   0   0   0   3   8   0  59   9   0   0   0   0   0   8  1.27 0.42
   36 D    -4  -3   4   7  -6  -2  -1  -4  -3  -6  -6  -1  -5  -6  -4  -2  -3  -7  -5  -6    0   0  20  74   0   1   1   0   0   0   0   4   0   0   0   0   0   0   0   0  1.70 0.46
   37 C     4  -4  -2  -4   7  -2  -3  -1  -3  -3  -4  -3  -3  -3  -3   2  -2  -4   2  -3   41   0   2   0  29   2   0   2   0   0   0   0   0   0   0  16   0   0   9   0  0.93 0.34
   38 F    -3  -5  -6  -6  -5  -6  -6  -6  -4  -3  -2  -6   0   9  -6  -5  -5  -2   2  -3    2   0   0   0   0   0   0   0   0   0   0   0   2  92   0   0   0   0   4   0  2.32 0.56
   39 Y    -5  -5  -5  -6  -5  -5  -5  -6  -2  -3  -2  -5  -3   7  -6  -5  -4  -1   8  -4    0   0   0   0   0   0   0   0   0   0   2   0   0  44   0   0   0   0  55   0  2.02 0.51
   40 A     6  -4  -4  -4  -3  -3  -3  -2  -4  -1  -2  -3  -3  -4  -3  -1  -2  -5  -4   1   86   0   0   0   0   0   0   0   0   2   2   0   0   0   0   0   0   0   0  10  1.28 0.44
   41 Q     2  -3  -2  -3  -3   3  -2  -3  -3  -4  -4  -2  -3  -5  -3   5   0  -5  -4  -3   20   0   0   0   0  17   0   0   0   0   0   0   0   0   0  58   4   0   0   0  0.97 0.40
   42 V    -3  -5  -5  -6   6  -5  -5  -6  -6   3  -1  -5  -2  -3  -5  -4  -2  -5  -4   6    0   0   0   0  16   0   0   0   0  14   1   0   0   0   0   0   0   0   0  69  1.33 0.43
   43 E    -2  -3  -3  -1  -6  -1   7  -2   0  -6  -5  -2  -4  -6  -4   0  -3  -5  -4  -4    2   0   0   0   0   0  85   3   2   0   0   0   0   0   0   7   0   0   0   1  1.57 0.50
   44 M    -2  -1  -3  -3  -1   4   2  -4  -2   1   0   1   6  -3  -3  -1   0  -4  -1  -1    0   2   0   0   1  24  13   0   0   7   5   8  27   0   0   3   5   0   2   3  0.51 0.28
   45 I     0   5  -1  -4  -4  -1  -2  -1  -3   0   1   0   0  -3  -4  -2  -1  -4  -3   1   11  45   2   0   0   0   0   4   0   6  16   2   2   0   0   1   2   0   0   9  0.50 0.25
   46 S    -2   2   1   4   0  -1   1  -3  -1  -3   0   0  -1   1  -3  -1  -1  -3   0  -2    1  12   6  33   2   2   7   0   1   0  12   3   1   9   0   3   3   0   3   1  0.32 0.17
   47 N    -3   3   5   3   0   0   0  -3   3  -4  -3   0  -3  -1  -4  -1  -2  -5  -3  -4    0  21  36  15   2   2   3   0   8   0   2   4   0   4   0   3   0   0   0   0  0.69 0.28
   48 P    -4  -5  -5  -4   0  -4  -4  -1  -1  -6  -4  -3  -5  -6   8  -3  -4  -6  -6  -5    0   0   0   0   2   0   0   6   1   0   1   1   0   0  88   1   0   0   0   0  2.52 0.59
   49 E     0   0  -1   2  -4   0   4  -2   1  -3  -1   1  -2  -4  -3   2   0  -4  -3  -3    8   3   1  13   0   2  32   1   3   0   8   7   0   0   0  17   4   0   0   0  0.39 0.20
   50 L    -3  -4  -5  -3  -3  -4  -5  -5  -4   0   5  -4   0   0  -5  -2  -1  -3   2  -1    0   0   0   2   0   0   0   0   0   3  77   0   0   3   0   2   4   0   8   0  0.99 0.36
   51 K     0   5  -2  -3   2   0  -2  -4   1  -2  -3   4  -2  -4  -4  -2  -3   0  -3  -2    7  40   0   0   5   1   0   0   3   3   1  35   0   0   0   1   0   1   0   2  0.84 0.32
   52 D    -2  -1   2   3  -4  -2  -1   5  -2  -5  -4  -2  -4  -4  -4   0  -1  -4   0  -4    0   2  13  16   0   0   4  49   0   0   2   2   0   0   0   5   2   0   4   1  0.74 0.27
   53 K    -2   3  -2   0  -4   0  -1  -4  -2   0   0   5  -2  -2  -3  -2  -1  -4  -3   0    1  17   0   5   0   3   1   0   0   5   9  48   0   2   0   0   2   0   0   6  0.57 0.27
   54 P     1  -5  -5  -4  -3  -4  -4  -4  -5  -5  -5  -2  -5  -6   8  -2  -4  -6  -6  -5   13   0   0   0   1   0   0   0   0   0   0   2   0   0  83   2   0   0   0   0  2.36 0.57
   55 L    -1  -4  -4  -3   1  -4  -4  -5  -5   2   2  -4   2  -1  -4  -2  -2  -4  -3   5    3   0   0   1   3   0   0   0   0  11  24   0   5   1   0   3   0   0   0  49  0.68 0.27
   56 G     4  -4  -4  -4   0  -3  -3  -2  -4   3   0  -3  -1  -3  -3  -1  -1  -4  -3   3   41   0   0   0   1   0   0   2   0  21   5   0   0   0   0   2   1   0   0  28  0.60 0.28
   57 V    -3  -5  -5  -6   0  -5  -5  -2  -6   3  -1  -5  -2  -3  -5  -4  -2  -5  -4   7    0   0   0   0   2   0   0   4   0  12   0   0   0   0   0   0   0   0   0  82  1.37 0.45
   58 Q    -1  -3   2  -1  -4   0   0   5  -3  -4  -2  -1  -4  -4  -4  -1  -2   2  -4  -3    3   0  13   2   0   4   6  57   0   0   4   2   0   0   0   2   2   3   0   2  0.81 0.29
   59 Q    -1   3   2  -1  -4   2  -1   4  -2  -4  -3   0  -1  -4  -3   0  -2   0  -3  -4    1  22   9   3   0  11   2  34   0   0   1   5   1   0   0   7   1   2   0   0  0.53 0.22
   60 K    -2   5   1   1  -4  -1  -1   0   1  -4  -2   1  -1  -4  -3   1  -1   3  -3  -2    1  41   6   9   0   0   1   8   4   0   3   7   2   0   0   9   3   4   0   2  0.49 0.23
   61 Y     0  -4  -1  -3  -4  -2  -3   6  -4  -5  -5  -3  -4  -5  -4   2  -3  -4  -1  -4    7   0   2   0   0   2   0  70   0   0   0   0   0   0   0  15   0   0   2   0  1.26 0.37
   62 L     0  -4  -2  -2   2  -3  -1   0  -4   2  -1  -3   1  -3  -4  -1  -2  -4  -3   4    7   0   2   2   5   0   6   9   0  13   2   0   3   0   0   3   0   0   0  47  0.43 0.23
   63 V    -3  -1  -5  -5  -3  -4  -5  -5  -5   5   1  -4  -1  -2  -5  -4  -2  -5  -3   5    0   5   0   0   0   0   0   0   0  34   9   0   0   0   0   0   0   0   0  52  1.00 0.35
   64 V     3  -3  -2  -3   2  -2  -3  -1  -3   2   1  -2  -1  -3  -3   3   1  -4  -3   0   25   0   0   0   4   0   0   4   0  13  12   0   0   0   0  28   7   0   0   7  0.33 0.21
   65 T     3  -3  -2  -3  -1  -3  -3  -2  -4  -3  -3  -3  -3  -4  -1   2   5  -5  -4  -1   32   0   0   0   1   0   0   1   0   0   0   0   0   0   2  11  50   0   0   4  0.86 0.37
   66 C     4   0  -4  -4   8  -3  -3  -3  -4  -3  -3  -1  -3  -4  -2   0  -2  -5  -4   0   43   6   0   0  32   0   0   0   0   0   0   3   0   0   2   6   0   0   0   8  1.00 0.36
   67 N    -2  -3   6  -2   2  -3  -3  -3  -3  -5  -5  -3  -4  -5  -4   5  -2  -6  -4  -5    0   0  45   0   5   0   0   0   0   0   0   0   0   0   0  50   0   0   0   0  1.33 0.47
   68 Y    -1  -5  -5  -6  -5  -4  -5  -6  -1  -4  -4  -5  -4   0   1  -4  -3  -1   9  -3    4   0   0   0   0   0   0   0   0   0   0   0   0   0   6   0   1   0  87   1  2.34 0.63
   69 E     1  -2  -3  -1  -4   0   6  -4  -1  -1  -1  -2  -3  -4   0  -2  -2  -5  -4   0   10   1   0   0   0   1  62   0   1   5   7   0   0   0   5   0   1   0   0   7  0.81 0.35
   70 A     7  -4  -4  -5  -3  -3  -4  -2  -4  -4  -2  -3  -3  -5  -4  -1  -3  -5  -4  -3   96   0   0   0   0   0   0   0   0   0   4   0   0   0   0   0   0   0   0   0  1.62 0.53
   71 R    -4   8  -3  -4  -6  -1  -3  -5  -3  -6  -5   3  -4  -6  -5  -3  -4  -6  -4  -5    0  83   0   0   0   0   0   0   0   0   0  17   0   0   0   0   0   0   0   0  1.94 0.54
   72 K     2   2  -2  -2  -4   2   1  -2  -2  -2  -3   5  -2  -4  -3   0  -1  -4  -3  -2   22   8   0   0   0   9   6   1   0   2   0  42   1   0   0   5   2   0   0   2  0.55 0.26
   73 L    -1  -2  -4  -5   1  -4  -4  -5   0  -2   1  -2  -2   6  -5  -3  -3  -1   6  -2    5   2   0   0   4   0   0   0   2   0  12   2   0  40   0   1   0   0  31   2  1.04 0.35
   74 G    -2  -5  -1  -2  -5  -4  -5   7  -5  -6  -6  -2  -5  -6  -5  -3  -4  -5  -6  -6    0   0   2   2   0   0   0  95   0   0   0   2   0   0   0   0   0   0   0   0  2.05 0.52
   75 V     0  -5  -5  -5  -3  -4  -5  -5  -5   5   0  -4  -1  -3  -5  -4  -2  -5  -3   5    6   0   0   0   0   0   0   0   0  37   5   0   0   0   0   0   0   0   0  52  1.06 0.36
   76 K    -2   5  -2  -3  -5  -1  -1  -4   5  -5  -4   4  -3  -4  -4  -1  -1  -5  -1  -3    1  36   0   0   0   0   1   0  18   0   0  33   0   0   0   4   3   0   2   2  0.97 0.35
   77 K     1   1   2  -2  -3  -2  -2  -2  -3  -4  -4  -1   2  -4  -2   5   2  -5  -4  -3    9   7   8   0   0   0   0   1   0   0   0   2   6   0   1  52  14   0   0   0  0.66 0.32
   78 L     4  -4  -2  -3  -3  -3  -3   4  -1  -4  -3  -3  -1  -4  -1  -1  -1  -4  -4  -3   49   0   1   0   0   0   0  37   2   0   2   0   2   0   2   2   3   0   0   0  0.85 0.33
   79 M    -4  -4  -4   0  -4   0   0  -5  -4  -1  -1  -4  10  -3  -5  -1  -3  -4  -4  -1    0   0   0   6   0   3   7   0   0   2   0   0  75   0   0   5   0   0   0   2  1.78 0.57
   80 N    -1   0  -1  -3  -4  -3  -3  -4  -4  -4  -4  -1  -4   0   7   1   1   2  -2  -3    5   7   2   0   0   0   0   0   0   0   0   2   0   4  56  10   8   3   1   1  1.25 0.37
   81 V     0  -3  -2  -3   0  -2  -2   0  -3   2   1  -2   3   0  -3   0   1   3   0   2    7   0   0   0   2   0   1   8   0  13  13   0  10   4   0  10  10   4   4  15  0.17 0.12
   82 R     1   1  -1  -1  -3  -1  -2   0   1  -1  -1  -1  -1   3  -3   1   0   4   1  -1   11   9   1   3   0   2   0   8   4   3   2   3   0  20   0  12   4   7   4   5  0.18 0.13
   83 D    -2   2  -1   1  -4   3   3  -3   2  -1  -2   2   0  -2  -3  -1   0  -2   0  -2    1   9   1   6   0  18  19   0   6   6   2  15   3   1   0   1   7   1   4   1  0.32 0.18
   84 A     6  -4  -4  -4  -3  -1  -3  -2  -4  -3  -2  -3  -3  -4  -3  -1  -2  -5  -4   0   87   0   0   0   0   3   0   0   0   0   2   0   0   0   0   1   0   0   0   4  1.28 0.44
   85 K    -1   3  -1  -3  -4   0   0  -3   0  -2   2   4   0  -1  -3  -2  -2  -3   1  -2    4  16   1   0   0   2   4   0   2   1  23  35   2   2   0   0   0   0   5   1  0.40 0.21
   86 E     0   3   0  -1  -4   2   3  -3  -1  -4  -3   4  -3  -4  -1  -2  -2  -4  -3  -3    7  16   4   2   0   9  17   1   1   0   2  37   0   0   2   0   0   0   0   0  0.58 0.24
   87 K    -1   2  -3  -4  -3  -2  -3  -4  -2   1   4   2   1  -1  -4  -3  -2  -3  -3  -1    4  14   0   0   0   0   0   0   1   7  54  15   2   1   0   0   0   0   0   2  0.54 0.25
   88 C    -2  -6  -3  -6  10  -6  -6  -3  -6   1  -1  -6  -3  -1  -6  -4  -4  -5  -5  -2    3   0   1   0  75   0   0   2   0   8   6   0   0   3   0   0   0   0   0   1  2.33 0.57
   89 P    -3  -1  -4  -4  -5  -4  -3  -2  -5  -5  -6  -1  -5  -6   8  -2  -4  -6  -5  -5    0   4   0   0   0   0   1   4   0   0   0   3   0   0  84   2   0   0   0   0  2.34 0.56
   90 Q    -2   0   3   3  -4   3   2  -2   3  -4  -4   0  -2  -3  -2   0  -1  -4  -2  -3    1   4  20  20   0  16  16   2   8   0   0   4   1   1   1   4   2   0   0   1  0.51 0.21
   91 L     2   0  -2  -4  -3  -3  -3   1  -3   0   4  -1   0  -2  -2  -2  -2  -4  -3  -1   25   6   2   0   0   0   0  11   0   2  46   3   1   0   2   0   1   0   0   0  0.38 0.23
   92 V     0  -3  -4  -4   0   0  -3  -3  -3   5   0  -2  -1  -2  -4  -3   0  -4  -1   3    6   1   0   1   2   5   0   1   0  43   4   1   0   0   0   0   5   0   2  28  0.57 0.26
   93 L    -1  -4  -4  -3  -3  -3  -4  -4   0   2   1  -3   0   4  -2  -3  -1  -2   2   2    6   0   0   1   0   0   0   0   3  13  16   0   2  26   2   0   3   0   6  22  0.43 0.19
   94 V     0  -4  -4  -5   1  -4  -4  -4  -4   3   2  -4   0  -1  -4  -2  -2  -4  -3   4    8   0   0   0   3   0   0   0   0  22  22   0   1   1   0   2   0   0   0  41  0.63 0.25
   95 N    -2   1  -1  -3  -4   0  -1  -3   1  -3  -2   1  -3   2   6  -1  -1  -4  -2  -1    0   8   3   0   0   4   2   1   4   0   4   8   0  10  44   4   2   0   0   7  0.78 0.26
   96 G    -1  -2   1  -1  -1  -2  -2   3   0  -2  -3  -2   0  -3   4   1   0  -3  -3  -1    3   1   7   2   1   1   1  22   2   1   2   1   3   1  25  15   4   0   1   6  0.45 0.15
   97 E    -1   4  -2  -2  -3  -1   0  -2  -1  -1  -2  -1  -2  -2   4   0  -1  -2   2   0    2  27   1   1   0   1   7   2   1   2   3   1   0   1  20   9   3   0   8  10  0.37 0.15
   98 D    -2   1   5   4  -3   0  -1  -1   2  -3  -3   0  -3  -3  -2  -1  -1  -3  -2  -3    1   8  35  24   0   5   1   3   6   1   2   5   0   1   1   1   3   0   1   1  0.59 0.20
   99 L    -3  -2  -3  -4  -3  -3  -3  -3   3  -1   0  -1   5   6  -2  -3  -3  -1   4  -2    1   1   0   0   0   0   1   2   7   1   8   4  22  35   2   1   1   0  14   1  0.78 0.28
  100 T     1   0   0   3  -2   1   2  -1   0  -2  -3   0  -3  -4   0   1   1  -4  -3  -2   13   3   4  21   1   4  19   4   3   1   0   5   0   0   4   7  10   0   0   2  0.30 0.14
  101 R     0   1  -2  -3  -3   0  -1  -3   0   0   2   1   0   0   0  -1  -1  -3   0   1   11   9   1   0   0   3   3   0   3   3  23  15   0   5   4   1   2   0   3  16  0.12 0.11
  102 Y    -5  -5  -5  -6  -1  -5  -5  -6  -1  -4  -4  -5  -4   2  -6  -5  -5  -1   9  -4    0   0   0   0   2   0   0   0   0   0   0   0   0   5   0   0   0   0  93   0  2.72 0.68
  103 R     0   4  -1  -2  -4   2   0  -2   0   0  -3   3  -2  -4  -3   0   0  -4  -1  -2   10  32   1   0   0   8   4   1   2   8   0  19   0   0   0   5   5   0   2   2  0.42 0.21
  104 E     1   2  -1   0  -3   1   3  -2   1  -2  -2   1  -2  -4  -2   2  -1  -4  -3  -3   15  13   2   4   0   6  26   1   3   2   2   8   0   0   0  16   3   0   0   0  0.35 0.18
  105 M     1  -3  -4  -4  -3  -2   0  -4  -2   1  -1  -1   3   0  -3  -2  -1  -3   1   4   16   0   0   0   0   0   6   0   1   4   1   5  11   4   0   2   2   0   6  43  0.42 0.24
  106 S     0  -3  -2  -3  -4  -3  -3   0  -4  -5  -5  -3  -4  -5  -3   7  -1  -5  -4  -4    5   0   0   0   0   0   0   7   0   0   0   0   0   0   0  88   0   0   0   0  1.49 0.53
  107 Y     0   3   1   1  -3   2   1  -2  -1  -3  -2   2  -1  -3  -3   0   0  -3  -1  -1   11  22   9   6   0  10  11   0   1   0   3  10   1   1   0   3   5   0   2   5  0.26 0.14
  108 K     0   3  -1  -1  -4   4   3  -3   1  -4  -3   2  -3  -4  -3  -1  -1  -4  -1  -2    6  19   0   0   0  26  20   1   4   0   2  12   0   0   0   3   2   0   2   2  0.56 0.25
  109 V     0  -4  -5  -5  -3  -4  -5  -5  -5   5   0  -4   2   2  -4  -3  -2  -4  -2   4    6   0   0   0   0   0   0   0   0  44   2   0   7  10   0   0   1   0   0  31  0.83 0.31
  110 T    -2   3  -3  -4  -4  -1  -3  -4   3  -1   0  -1   5   3  -4  -1   0  -3   2  -1    2  20   0   0   0   2   0   0  10   2   5   2  24  13   0   3   7   0   7   3  0.47 0.25
  111 E     1   0   2   1  -2   2   3  -1  -2  -3  -3   1  -3  -4  -2   1   0  -4  -3  -2   16   4  10   7   0   9  25   2   0   0   1  11   0   0   0  10   5   0   0   2  0.35 0.17
  112 L    -3  -4  -5  -5  -3  -4  -5  -5  -1   6   2  -3   1  -2  -4  -4   1  -4  -3   2    0   0   0   0   0   0   0   0   2  58  16   1   3   0   0   0   9   0   0  11  0.90 0.32
  113 L    -3  -4  -5  -5  -1  -4  -5  -5  -4   1   4  -4   3   6  -5  -4  -3  -2   1   0    0   0   0   0   2   0   0   0   0   8  40   0   7  36   0   0   0   0   2   6  0.89 0.30
  114 E     1   3   0  -1  -3   1   3  -3   2  -3  -2   2  -1  -3  -3   1  -1  -3   1  -3   12  16   4   2   0   3  20   0   7   0   4  12   1   0   0  13   1   0   6   0  0.31 0.17
  115 E    -2   4  -1   1  -3   0   3  -1  -1  -4  -4   2  -3  -4  -3   1  -1  -4  -1  -4    0  28   1   9   0   2  23   5   0   0   0  11   0   0   0  15   3   0   2   0  0.51 0.23
  116 F    -2  -2  -4  -5  -4  -4  -4  -5   3  -1   2  -4   1   5  -5  -4  -3  -1   7  -2    2   1   0   0   0   0   0   0   6   3  19   0   3  22   0   0   0   0  42   0  1.06 0.35
  117 S     1  -3  -1   0   2  -3  -3  -1  -1  -3  -3  -3  -3  -4  -3   2   5  -5  -4   0   13   0   2   5   4   0   0   4   1   0   0   0   0   0   0  14  51   0   0   6  0.67 0.31
  118 P    -3  -2   1   4  -5  -2   1  -1   1  -4  -4  -2  -4  -5   5   0  -2  -5  -2  -4    0   1   6  30   0   0   7   4   4   0   2   1   0   0  35   7   1   0   2   0  0.91 0.30
  119 V    -1   1   0  -2  -3  -1   0  -3   1   1   2   1   0  -1   0  -1  -1  -2  -1   1    2   7   5   2   0   1   5   0   5   5  33  13   1   2   4   2   2   0   2  11  0.14 0.12
  120 V    -3  -5  -5  -5  -1  -5  -5  -6  -5   5   0  -5   0   1  -5  -4  -2  -4  -3   5    0   0   0   0   1   0   0   0   0  35   3   0   1   6   0   0   0   0   0  54  1.07 0.36
  121 E    -3  -1  -3  -1  -2   2   7  -3   2  -4  -3   0  -2  -5  -4  -3  -3  -5  -4  -5    0   1   0   1   1   7  77   1   4   1   2   3   1   0   0   0   0   0   0   0  1.36 0.46
  122 R     0   2  -3  -3  -4   2  -1  -4  -2   0  -3   0  -1  -2   6  -1   0  -4  -2  -1    8  11   0   0   0   9   1   0   0   7   0   6   2   2  43   2   4   0   1   4  0.81 0.28
  123 L     1  -3  -2  -4  -3  -3  -3  -3  -3   1   3  -3   2   1  -4  -2  -1   0   3   2   13   0   2   0   0   0   0   1   0   9  34   0   7   4   0   1   2   1  13  13  0.37 0.19
  124 G    -1  -4  -2  -3  -4  -3  -3   1  -4  -5  -5  -3  -4  -5  -4   7  -1  -6  -4  -4    3   0   0   0   0   0   0   8   0   0   0   0   0   0   0  90   0   0   0   0  1.55 0.54
  125 F    -3  -3  -5  -5   2  -4  -5  -5  -5   5   3  -4   0   1  -5  -4  -2   0  -3   1    0   1   0   0   4   0   0   0   0  50  34   0   0   4   0   0   2   1   0   3  0.88 0.32
  126 D    -5  -5  -2   8  -7  -3  -1  -4  -4  -6  -7  -4  -6  -7  -4  -3  -4  -7  -6  -6    0   0   0 100   0   0   0   0   0   0   0   0   0   0   0   0   0   0   0   0  2.49 0.63
  127 E    -4  -3  -4  -2  -7  -1   8  -6  -3  -7  -6  -2  -5  -7  -5  -3  -4  -6  -5  -6    0   0   0   0   0   0 100   0   0   0   0   0   0   0   0   0   0   0   0   0  2.39 0.72
  128 N     5  -4  -1  -4   3  -2  -3   1  -4  -3  -3  -3   0  -3  -4  -1  -2  -5  -4  -1   67   0   3   0   6   2   0  10   0   0   2   0   2   1   0   2   0   0   0   4  0.92 0.40
  129 F    -5  -5  -5  -6  -5  -5  -5  -6  -2  -3  -1  -5  -3   6  -6  -5  -4   3   8  -4    0   0   0   0   0   0   0   0   0   0   4   0   0  39   0   0   0   4  51   0  1.93 0.54
  130 V    -2  -4  -5  -5   0  -4  -5  -5  -5   3   5  -4   3  -2  -4  -4  -3  -4  -3   2    2   0   0   0   2   0   0   0   0  13  60   0   8   0   0   0   0   0   0  12  0.91 0.33
  131 D    -3  -4   1   8  -2  -3   1  -4  -4  -5  -6  -3  -5  -6  -4  -3  -4  -6  -5  -5    1   0   5  81   1   0   8   0   0   0   0   0   0   0   0   0   0   0   0   0  1.88 0.54
  132 L    -2  -4  -4  -4   0  -4  -4  -4  -4   3   3  -4   1  -1  -1  -3  -2  -4  -3   4    2   0   0   0   2   0   0   0   0  16  26   0   3   2   3   1   0   0   0  41  0.65 0.26
  133 T    -1   0  -2  -2  -3  -3  -2  -1  -3  -3  -3  -1  -3  -4  -1   2   6  -4  -4  -3    3   4   0   1   0   0   1   5   0   0   1   2   0   0   2  13  65   0   0   0  1.00 0.40
  134 E    -1   0   0   4  -4   0   2   2   1  -4  -4   0  -3  -4  -1   1  -2  -4  -2  -3    2   4   4  25   0   4  17  19   4   1   1   4   0   0   3   9   1   0   1   1  0.43 0.18
  135 M     0   0   0  -1   3  -1  -1  -1   1   1   0  -1   1  -1  -2   1   1  -2   0   0    8   4   5   3   9   1   1   2   5  10   9   3   4   1   1  14   8   0   3   7  0.07 0.07
  136 V     0   0  -1  -1   1  -1   0  -1  -1   1   0   0   0  -1   0   0   1  -2   0   2    6   4   2   3   4   2   5   4   1   6  11   5   1   2   4   5  12   0   3  20  0.04 0.04
  137 E     0   1   0   0  -2   2   1   0   1  -2  -2   1  -1   0   0   0  -1  -2  -1  -2   10  10   4   3   1  10  11   7   5   2   3  13   1   5   4   6   3   0   2   2  0.12 0.05
  138 K     0   0   1   0   4   0   1   0  -1  -1  -1   1  -1  -1   0   0  -1  -2  -1  -1    8   5   7   4  12   1  11   7   1   3   7   9   1   2   5   8   2   0   2   3  0.09 0.05
  139 R    -1   2   0   0  -2   0   0  -1   1   0  -1   1   1   0  -1   0   0  -1   0  -1    3  14   6   7   1   5   5   4   5   7   4   7   8   5   3   5   5   1   4   4  0.05 0.04
  140 L     0   0   0   0  -1   0   0   0   1   0   1   0   0   0   0   0   0  -1  -1   0    7   4   5   7   1   6   5   7   4   3  17   3   1   5   4   8   6   1   2   6  0.02 0.01
  141 Q     0   0   1   1  -1   1   1  -1   0  -1   0   0   0  -1   1   0   0  -1  -1  -1    8   3   6   6   1  10  11   4   2   3  12   4   4   3   6   5   4   1   2   4  0.05 0.02
  142 Q     0   0   0   1   0   1   1   0  -1  -1  -1   1  -1  -1   2   0   0   2  -1  -1    6   3   5   8   2   6  12   5   1   3   6  11   1   2  10   4   4   4   2   5  0.10 0.02
  143 L     0   0  -1  -1  -1   0   0  -1  -1   0   1   0   0   0   1   0   0  -1   0   0   11   3   3   4   1   3   4   5   1   6  18   7   2   5   6   5   4   1   2   9  0.02 0.01
  144 Q     0   0   0   0  -1   1   1   0   0   0   0   0   0  -1   1   0   0   2   0   0    6   6   4   5   1   7  10   5   2   6   7   5   2   3   7   5   9   3   2   5  0.05 0.01
  145 S     0   0   0   0  -1   0   0   0   0  -1   0   0   0   0   2   0   0   0   0   0    7   4   3   7   1   5   5   8   2   4   9   4   2   5  10   9   6   1   2   6  0.06 0.01
  146 D     0   0   0   0  -1   1   1   0   0  -1  -1   1   0  -1   0   0   0   0   0  -1   11   4   4   6   2   6  12   6   2   4   7  10   2   3   4   6   5   1   3   5  0.05 0.01
  147 E     0   1   0   0  -1   0   1   0   0  -1  -1   0   0  -1   1   0   0   0   0   0    7   9   5   4   2   3  10   6   2   4   7   7   2   3   7   7   5   1   3   7  0.05 0.00
  148 L     0   0   0   0  -1   0   0   0   0   0   0   0   0   0   0   0   0   0   0   0    6   7   4   4   2   3   7   6   3  11  10   5   2   5   4   6   5   1   3   7  -0.00 0.07
  149 S     0   0   0   0  -1   0   0   0   0  -1  -1   0   0   0   1   0   0   0   0  -1    6   4   4   6   2   3   7  10   2   4   7   7   2   3   6  10   5   1   6   5  0.04 0.00
  150 A     0   0   0   0   0   0   0   0   0   0   0   0   0   0   0   0   0   0   0   0   11   4   4   4   2   4   5   6   2   4  11   5   4   6   4  10   5   1   3   5  0.01 0.00
  151 V     0   0   0   0  -1   0   0   0   0   0   0   0   0   0   0   0   0   0   0   0    6   4   4   7   2   4   5   6   2   9  10   7   2   3   4   6   5   1   3  11  0.00 0.06
  152 T     0   0   0   0  -1   0   0   0   0   0   0   1   0   0   0   0   0   0   0   0    6   4   4   6   2   4   5   6   2   9  10  10   2   3   4   6   8   1   3   5  0.01 0.00
  153 V     0   0   0   0  -1   0   1   0   0   0   0   0   0   0   0   0   0   0   0   0    6   4   4   4   2   4  11   6   2   4  10   5   5   6   4   6   5   1   3   8  0.01 0.00
  154 S     0   0   0   0  -1   0   1   0   0  -1  -1   0   0   0   1   0   0   0   0   0    6   4   4   4   2   4  14   8   2   4   7   5   2   5   7   9   5   1   3   5  0.05 0.00
  155 G     0   0   0   0  -1   0   1   1   0  -1  -1   0   0  -1   1   1   0   0   0  -1    6   4   4   4   2   4   9  12   2   4   7   5   2   3   6  12   5   1   3   5  0.04 0.00
  156 H     0   0   0   0  -1   1   0   0   1   0   0   0   0   0   0   0   0   0   0   0    6   4   4   7   2   6   5   6   5   6   7   5   2   5   4   9   5   1   3   8  0.02 0.00
  157 V     0   0   0   0   1   0   0   0   0   0   0   0   0   0   0   0   0   2   0   1    6   4   4   4   4   5   5   6   2   4   7   5   2   3   4   6   5   4   3  16  0.01 0.00
  158 Y     0   0   0   0  -1   0   0   0   0   0   0   0   0   0   1   0   0   0   1   0    6   6   4   7   2   4   7   6   2   4  12   5   2   6   6   6   5   1   6   5  0.02 0.00
  159 N     0   0   2   1  -1   0   0   0   0  -1  -1   0   0  -1   0   0   0   0   0  -1    6   6  14   7   2   4   5   6   2   4   7   7   2   3   4   6   5   1   3   5  0.04 0.01
  160 N     0   0   1   0   1   0   0   0   0   0   0   0   0  -1   1   1   0   1   0   0    6   4   7   6   4   3   5   6   2   4   7   5   2   3   7  10   7   3   3   7  0.04 0.00
  161 Q     0   0   0   0   0   1   1   0   0   0   0   0   0  -1   0   0   0   0   0   0    6   4   5   4   3   7  11   6   2   6  10   7   2   3   4   6   5   1   3   5  0.02 0.00
  162 S     0   0   0   0   0   1   1   0   0  -1  -1   0   0  -1   1   0   0   0   0   0    6   4   4   4   3   6   9   9   2   4   7   7   2   3   6   9   5   1   3   7  0.03 0.00
  163 I     0   1   0   0  -1   0   0   0   0   0   0   0   0  -1   0   0   0   0   0   0    6  10   4   7   2   5   5   7   2   7   7   5   2   3   4   9   5   1   3   7  0.02 0.00
  164 N     0   0   1   1  -1   0   1   0   0   0  -1   0   0   0   0   0   0   0   0   0    6   6   8  10   2   3   8   6   2   6   7   6   2   3   4   6   5   1   5   5  0.03 0.00
  165 L     0   0   0   1  -1   0   1   0   0   0   0   0   0  -1   0   0   0   0   0   0    7   4   6   8   1   3   9   6   2   7  13   7   2   3   4   5   4   1   2   6  0.02 0.00
  166 L     0   0   0   0  -1   0   0   0   0   0   0   0   0  -1   2   0   0   0   0   0   10   6   3   4   1   3   5   7   3   6  10   4   2   3   9   5   7   1   2   6  0.04 0.00
  167 D     0   0   1   2   0   0   0   0   0  -1  -1   0  -1  -1   0   0   0   0   0  -1    6   4   7  15   3   5   5   7   2   4   7   4   2   3   4   5   7   1   5   5  0.05 0.01
  168 V     0   0   0   0  -1   0   0   0   0   0   0   0   0   0   0   0   0   3   1   0    6   6   5   4   1   3   5   6   2   7   7   6   2   5   4   9   5   6   5   7  0.03 0.00
  169 L     0   0   1   1  -1   0   0   0   0   0   0   0   0   0   1   0   0  -1  -1  -1    7   5   8  11   1   4   5   6   1   5   9   4   3   4   7   6   4   1   2   4  0.04 0.01
  170 H     0   0   0   2  -1   1   1   0   2  -1  -1   1  -1  -1   0   0   0  -1  -1  -1    5   4   4  15   1   8   7   5   9   3   5   9   1   2   5   6   3   1   2   5  0.10 0.03
  171 I     0   1   0  -1   0   0   0  -1   0   0   1   0   0  -1   0   0   0   0  -1   1    7   8   6   3   2   3   4   4   3   6  15   7   2   2   3   6   4   1   2  12  0.01 0.01
  172 R     0   0   0  -1   0   0   0   0   0   0   0   0   0   1  -1   0   0  -1   0  -1    5   8   5   3   2   4   5   9   3   6  14   3   1   9   2   6   7   1   3   3  0.01 0.01
  173 L     0   0   0  -1  -1   0  -1   0   0   0   1   0   0   2  -1   0  -1   0   0   0    6   4   4   2   1   3   3   8   3   8  19   8   3  12   2   5   2   1   2   4  0.02 0.02
  174 L     0  -1  -1   0  -2   0   0   3  -1  -1  -1   0  -1  -1   0   0   1  -2  -1  -1    6   2   1   5   1   3   6  29   1   2   8   6   2   3   4   5   9   0   1   6  0.15 0.07
  175 V     0  -1  -1   0   1  -1  -1  -1  -1  -1   0   0  -1  -1  -1   3   1  -2   0   0    4   3   1   5   3   1   4   2   1   2  11   4   1   3   2  33   7   0   4   9  0.14 0.10
  176 G     4  -2  -1  -2  -2  -2  -2   2  -2  -2  -2  -1  -2  -3   3   0  -2  -3  -3  -2   43   1   3   1   0   1   1  19   0   2   3   2   0   1  14   4   1   0   1   1  0.52 0.21
  177 S     1   0  -1  -1  -2   0   0  -1  -2   0  -1  -1  -1   0  -2   1   3  -2   0   0   14   6   1   2   0   3   5   3   0   7   4   2   1   5   1  10  27   0   3   6  0.16 0.12
  178 Q    -2   1  -1   1  -3   2   3  -2   0  -1   1   1   0  -2  -2  -1  -1   1  -2  -1    1   8   1   8   0  10  28   3   2   2  15   8   3   0   1   2   2   2   0   3  0.24 0.14
  179 I    -2  -4  -4  -5  -3  -4  -3  -5  -4   5   2  -4   3   3  -4  -4  -1   1  -1   2    2   0   0   0   0   0   2   0   0  43  14   0   8  11   0   0   3   2   1  13  0.73 0.29
  180 A     6  -4  -4  -5   2  -4  -4   1  -4  -3  -2  -4  -3  -5  -4  -2  -3  -5  -4   1   71   0   0   0   4   0   0  12   0   0   4   0   0   0   0   0   0   0   0   8  1.14 0.47
  181 A     0   3   0  -2  -4   3   3  -3   0  -2  -2   3  -1  -4  -3  -1  -1  -4  -3  -2    8  14   4   1   0  14  19   0   2   3   4  22   1   0   0   3   3   0   0   2  0.40 0.22
  182 E     1   1  -1   0  -2   2   4  -2  -1  -3  -1   2  -1  -2  -3  -1  -1  -4  -1  -3   12   9   1   4   1   8  31   2   1   1   6  14   2   1   0   2   2   0   2   0  0.36 0.21
  183 M    -4  -6  -6  -6  -4  -6  -6  -7  -6   7   2  -6   2   0  -6  -5  -4  -5  -4   0    0   0   0   0   0   0   0   0   0  72  19   0   4   4   0   0   0   0   0   2  1.56 0.52
  184 R    -3   7  -3  -4  -2   4  -2  -5  -3  -6  -4   3  -1  -6  -5  -3  -3  -6  -5  -5    1  58   0   0   1  18   0   0   0   0   1  18   2   0   0   1   1   0   0   0  1.48 0.53
  185 E     1   3   1   0  -4   3   2  -2   1  -3  -3   2  -2  -1  -3   0  -1  -4  -2  -3   16  15   6   5   0  15  11   2   4   1   1  11   1   3   0   6   2   0   1   0  0.32 0.19
  186 A     0   4  -2   2  -4   1   3  -3   1  -4  -3   0  -3  -2  -3   0   0  -5  -3  -2   10  26   0  14   0   7  20   0   4   0   1   3   0   2   0   7   6   0   0   2  0.48 0.26
  187 M    -4  -6  -6  -6  -4  -6  -6  -7  -6   7  -1  -6   2  -3  -6  -5  -3  -6  -4   4    0   0   0   0   0   0   0   0   0  68   2   0   4   0   0   0   0   0   0  26  1.64 0.53
  188 Y    -1   2  -2  -3  -4  -1   1  -4   0  -3   1   2   0   3  -4  -2  -2   5   2  -3    4  14   2   0   0   2  10   0   2   0  14  17   2  12   0   2   2  10   8   0  0.39 0.23
  189 N     0   2   3   1  -4   3   3  -3   0  -4  -3   1  -3  -5  -3   1  -1  -5  -4  -3    7  12  13   7   0  12  26   0   2   0   2   7   0   0   0   8   2   0   0   1  0.48 0.25
  190 Q    -2   0  -1  -1  -5   3   5  -2   0  -2  -2   2  -3  -5  -4  -2  -2   0  -4  -2    2   5   2   1   0  13  47   3   2   3   3  13   0   0   0   1   2   1   0   3  0.71 0.34
  191 L    -3  -3  -4  -4  -4  -3  -1  -5  -5   0   3  -4   0  -1  -4  -2   5  -5  -4   0    0   1   0   0   0   1   5   0   0   4  33   0   2   3   0   0  47   0   0   6  0.84 0.40
  192 G    -3  -1   2  -1  -5   1  -2   5   3  -6  -4   1  -3  -5  -4  -2  -1  -5  -4  -5    0   3   9   3   0   6   2  54   9   0   1   7   1   0   0   2   3   0   0   0  0.93 0.36
  193 L    -4  -5  -6  -6   2  -5  -5  -6  -5   3   5  -5  -1   1  -5  -5  -4  -4   0   1    0   0   0   0   5   0   0   0   0  16  63   0   0   5   0   0   0   0   3   6  1.06 0.40
  194 T    -2  -2  -1  -3  -4  -1  -3  -4  -1  -3  -4  -1   0  -5   1   1   6  -1  -2  -2    1   2   2   1   0   2   1   0   2   1   1   3   2   0   7   7  66   1   1   2  1.08 0.47
  195 G     4  -5  -4  -5   7  -4  -4  -1  -5   1  -3  -4  -1  -4  -4  -1  -1  -5  -4   3   37   0   0   0  24   0   0   4   0   7   0   0   1   0   0   4   3   0   0  20  0.91 0.38
  196 C    -2  -2  -2  -4   0  -3  -4   0  -4  -6  -6  -3  -5  -6  -4   7   1  -6  -5  -5    0   2   1   0   2   0   0   6   0   0   0   0   0   0   0  83   6   0   0   0  1.60 0.62
  197 A     4  -5  -5  -5   1  -4  -4  -4  -5   3  -2  -4  -2  -2  -4  -3  -2  -5  -4   4   45   0   0   0   3   0   0   0   0  18   0   0   0   1   0   0   1   0   0  31  0.93 0.41
  198 G    -3  -6  -4  -5  -6  -5  -6   8  -6  -7  -7  -5  -6  -7  -6  -4  -5  -6  -7  -7    0   0   0   0   0   0   0 100   0   0   0   0   0   0   0   0   0   0   0   0  2.56 0.71
  199 V    -3  -5  -6  -6   1  -5  -6  -5  -6   6   1  -5   1  -3  -5  -5  -3  -5  -4   4    1   0   0   0   3   0   0   1   0  55   8   0   3   0   0   0   0   0   0  29  1.25 0.44
  200 A     5  -4  -3  -4  -4  -3  -3   3  -4  -5  -5  -3  -4  -5  -4   4  -2  -5  -5  -4   46   0   0   0   0   0   0  19   0   0   0   0   0   0   0  35   0   0   0   0  1.09 0.47
  201 S    -1  -1   0   0  -3  -1  -1  -3   1  -3  -4  -2  -4   0   6   0  -2  -3   4  -3    4   2   4   7   0   3   3   1   3   1   0   2   0   4  38   9   1   0  16   1  0.80 0.33
  202 N    -4  -4   7  -2   1  -2  -3  -1   0  -1  -3  -3  -4  -5  -5   1   1  -6  -5  -2    0   0  61   1   4   2   0   4   2   5   2   0   0   0   0   8  10   0   0   4  1.18 0.47
  203 K    -4   0  -4  -4  -6  -2  -3  -5  -4  -2  -3   7   1   0  -3  -4  -2  -6  -4  -4    0   2   0   0   0   0   0   0   0   2   2  82   4   4   1   0   1   0   0   1  1.63 0.59
  204 L    -2  -4  -2  -5  -4  -1  -4  -5  -2  -1   2  -4   2   6  -5  -3   1  -3   0   1    2   0   2   0   0   4   0   0   1   1  21   0   5  41   0   1  10   0   2  11  0.78 0.34
  205 L    -3  -3  -6  -6  -4  -5  -5  -6  -5   2   5  -5   1   0  -5  -3  -3  -4  -3   1    1   1   0   0   0   0   0   0   0  12  69   0   2   3   0   1   1   0   0  10  1.09 0.40
  206 A     7  -5  -5  -5   0  -4  -4  -3  -5  -5  -5  -4  -4  -6  -4   0  -3  -6  -5  -4   91   0   0   0   2   0   0   0   0   0   0   0   0   0   0   6   0   0   0   0  1.81 0.64
  207 K    -4   1  -4  -4  -7  -1  -3  -5  -4  -6  -6   8  -5  -7  -5  -4  -4  -7  -5  -6    0   5   0   0   0   1   0   0   0   0   0  93   0   0   0   0   0   0   0   0  2.25 0.71
  208 L    -4  -5  -5  -6  -4  -5  -5  -6  -5   5   3  -5   5  -2  -5  -3  -2  -5  -4   2    0   0   0   0   0   0   0   0   0  44  27   0  16   0   0   2   1   0   0  10  1.09 0.40
  209 V     6  -5  -5  -5   3  -4  -4  -2  -5  -1  -4  -4  -4  -1  -4  -2  -3  -6  -5  -1   83   0   0   0   6   0   0   2   0   3   0   0   0   3   0   0   0   0   0   3  1.50 0.57
  210 S     0  -4   0  -3   2  -1  -3  -3  -4  -5  -2  -3  -4  -5  -4   6   1  -6  -5  -4    6   0   4   0   4   2   0   0   0   0   5   0   0   0   0  71   8   0   0   0  1.22 0.52
  211 G    -4  -1   1   6  -6  -1   2   1   1  -6  -6  -1  -5  -6  -4  -1  -3   1  -5  -6    0   3   6  53   0   2  11  12   4   0   0   4   0   0   0   2   0   2   0   0  1.08 0.41
  212 V     0   0  -4  -4  -3   1  -1  -4  -1   0   2   0   5   2  -4  -3  -3   5   1   0    8   5   0   0   0   6   3   0   1   4  24   7  17   8   0   0   0   8   5   4  0.39 0.23
  213 F     2   2   5  -1  -2   1   0  -2  -1  -4  -4   2  -3  -2  -3   0  -2  -5  -4  -3   24  12  30   2   1   6   6   1   1   0   0  11   0   2   0   3   1   0   0   1  0.53 0.29
  214 K    -4  -1  -4  -4  -7  -2  -3  -5  -4  -6  -6   8  -5  -7  -5  -2  -4  -7  -6  -6    0   0   0   0   0   0   0   0   0   0   0  98   0   0   0   2   0   0   0   0  2.39 0.75
  215 P    -5  -5  -6  -5  -7  -3  -3  -6  -6  -7  -7   0  -6  -7   9  -4  -3  -7  -7  -6    0   0   0   0   0   1   1   0   0   0   0   5   0   0  91   0   2   0   0   0  2.85 0.78
  216 N    -1  -1   6   4  -5  -3  -2  -3   1  -5  -2  -1  -4   0  -4  -1  -3   4  -3  -5    4   3  39  26   0   0   0   1   4   0   5   4   0   5   0   2   0   6   0   0  0.88 0.38
  217 Q    -1  -2  -1  -4  -6  -1  -5   7  -5  -7  -7  -2  -6  -6  -5  -2  -2  -6  -6  -6    3   2   2   0   0   4   0  84   0   0   0   2   0   0   0   1   2   0   0   0  1.80 0.56
  218 Q    -3  -3  -4  -4  -4   5  -3  -5  -3   3   3  -1  -1   1  -5  -4  -3  -4  -1   1    0   0   0   0   0  32   0   0   0  20  25   2   1   7   0   0   0   0   2  11  0.72 0.36
  219 T    -2  -3  -1  -4   2  -3  -3  -2  -2  -2  -2   0  -1   4  -4   1   4  -2   4   1    1   1   2   0   4   0   0   3   0   0   1   6   1  20   0   9  27   0  16   9  0.52 0.29
  220 V    -1  -4  -4  -2  -1  -1  -1  -3   0   3   0  -3  -1  -2  -4  -1   0  -4  -2   5    4   0   0   2   1   3   4   2   3  13   8   1   0   1   0   4   5   0   1  49  0.53 0.28
  221 L    -3  -5  -6  -6   2  -5  -5  -6  -6   5   3  -5  -1  -1  -5  -4  -2  -5  -4   4    0   0   0   0   4   0   0   0   0  42  27   0   0   1   0   0   2   0   0  25  1.04 0.38
  222 L    -1   2  -2   1  -2  -1  -1  -1   0  -3  -1   0  -1  -1   3   1   3   1  -1  -3    3  11   0  10   0   2   1   3   2   0   8   6   1   3  14  11  21   2   2   0  0.26 0.19
  223 P     0  -3   1  -1  -5  -2   0  -4   0  -3  -4   2  -4  -2   6  -1  -3  -2   1  -2    9   0   8   3   0   1   7   0   3   1   0  13   0   2  43   3   0   0   6   2  0.89 0.35
  224 E     0   0   2   3  -5   1   4   1   0  -4  -4   0  -4  -5  -2   0  -2  -5  -4  -4    7   5   8  19   0   5  29  10   2   1   1   6   0   0   1   4   1   0   0   0  0.49 0.24
  225 S     0   1   2   3   0   2   4  -3  -1  -4  -4   1   0  -5  -3   0   0  -5  -4  -4    7   7  10  15   2   9  28   1   1   0   0   8   3   0   0   4   5   0   0   0  0.49 0.25
  226 C     1   0  -2  -4   0  -1   0  -2  -2   3   0  -3   1  -2  -4  -2  -1  -4  -3   4   11   6   1   0   2   2   8   2   1  16   6   0   3   1   0   0   2   0   0  39  0.39 0.24
  227 Q     0   0  -1   1  -3   2   2  -2   0  -1   0   1   1  -1   3  -1  -1   0  -2  -2    8   3   3   8   0  13  12   1   2   4   9   8   5   3  14   2   3   1   0   1  0.20 0.14
  228 H     1   1   1   4  -2   0   3  -1   0  -3  -3   0  -2  -4  -1   0  -1  -5  -4  -3   13   7   5  24   1   3  22   4   3   1   1   4   1   0   2   6   3   0   0   1  0.39 0.21
  229 L    -3  -2  -5  -5  -5  -4  -2  -5  -4   0   1   2   0   7  -5  -4  -3  -3   1  -2    1   2   0   0   0   0   3   0   0   5  11  17   2  54   0   0   1   0   2   2  1.11 0.42
  230 I    -4  -5  -6  -6  -4  -5  -5  -6  -2   3   5  -5   2   1  -5  -5  -3  -4  -3   2    0   0   0   0   0   0   0   0   1  19  55   0   5   5   0   0   0   0   0  15  0.99 0.37
  231 H     1   0  -1   1  -4  -1   0  -3   1  -2  -1   2   2  -2  -3   0  -2   7   0  -2   16   6   2   8   0   2   4   0   4   1   5  14   7   1   0   7   1  18   3   2  0.44 0.24
  232 S     0  -1   1   1  -4   1   0   1  -2  -4  -4   0  -3  -3   5   2   1  -5  -4  -3    6   2   6   7   0   7   5  10   1   0   0   5   0   1  26  16   8   0   0   0  0.51 0.24
  233 L    -3  -4  -4  -1  -3  -4  -4  -5  -4   1   5  -2   2  -2  -4  -3  -3  -4  -3   0    1   0   0   4   0   0   0   0   0   5  74   2   4   0   0   2   0   0   0   3  1.03 0.38
  234 N     0   1   1   2  -1   1   0  -1  -1  -1   0   0  -1   0   1   1   0  -1  -1  -1    5   7   6  13   1   7   4   4   1   4   9   7   1   6   6  11   3   1   2   3  0.06 0.02
  235 H    -2  -3  -3  -3  -4  -3  -1  -3   0  -2  -2   1  -3  -4   7  -2  -1  -4  -4  -3    3   1   1   1   0   1   3   1   2   2   5   8   0   1  63   1   3   0   1   1  1.48 0.40
  236 I    -4  -6  -6  -6  -4  -5  -6  -6  -6   6   2  -5  -2  -3  -5  -5  -3  -5  -4   5    0   0   0   0   0   0   0   0   0  41  16   0   0   0   0   0   0   0   0  42  1.34 0.49
  237 K     0   3   1   0  -4  -1   2   2  -2  -4  -4   1  -3  -4  -3   1   1  -4  -4  -4    6  16   6   5   0   1  18  16   0   0   0  10   0   0   0  11  10   0   0   0  0.39 0.23
  238 E    -1   1  -1   2  -2  -1   2  -4  -3  -2  -3   5  -1  -3  -4  -1  -2  -5  -4  -3    5   7   1  14   1   0  15   0   0   2   1  42   2   1   0   4   2   0   0   1  0.66 0.35
  239 I    -4  -5  -6  -6  -4  -5  -6  -6  -5   5   3  -5   4   3  -5  -5  -3  -4  -3   2    0   0   0   0   0   0   0   0   0  35  26   0  11  14   0   0   0   0   0  14  1.01 0.40
  240 P    -4  -1  -3  -5  -6  -4  -4  -2   5  -6  -4  -3  -5   1   6  -1  -4   8   1  -6    0   4   1   0   0   0   0   3  14   0   1   1   0   6  43   4   0  18   4   0  1.54 0.56
  241 G    -3  -6  -4  -5  -6  -3  -6   7  -5  -7  -7  -5  -1  -2  -6  -2  -3  -6  -1  -6    0   0   0   0   0   1   0  89   0   0   0   0   2   2   0   2   2   0   2   0  2.11 0.69
  242 I    -4  -6  -6  -7  -4  -6  -6  -7  -7   5   0  -6  -2  -4  -6  -5  -3  -6  -4   6    0   0   0   0   0   0   0   0   0  31   6   0   0   0   0   0   0   0   0  63  1.60 0.58
  243 G    -4  -6  -4  -5  -7  -6  -6   8  -6  -8  -8  -5  -7  -7  -6  -4  -6  -7  -7  -7    0   0   0   0   0   0   0 100   0   0   0   0   0   0   0   0   0   0   0   0  2.67 0.80
  244 Y    -2   2  -1  -2  -5  -1   1   0   2  -5  -5   5  -4  -5   3  -1  -3  -5  -2  -5    1  11   3   2   0   1   7   8   5   0   0  42   0   0  14   4   1   0   1   0  0.76 0.37
  245 K     1   2  -4  -4  -4  -1  -3  -4  -4   1  -3   3  -3  -4  -4  -1  -3  -5  -4   4   13  10   0   0   0   2   0   0   0   6   0  24   0   0   0   5   0   0   0  40  0.69 0.38
  246 T    -2  -4  -3  -4   0  -1  -4  -4   0  -1   0  -1   3   0  -4   1   6  -5  -4  -3    2   0   0   0   2   2   0   1   2   4  10   3   9   4   0   9  52   0   0   0  0.83 0.44
  247 A     3  -1  -2  -2  -3   0   3   0  -3  -2  -1   1  -2  -2  -3   1  -1  -4  -2   0   31   3   1   1   0   3  20   6   0   2   6   8   0   1   0   8   3   0   1   6  0.29 0.23
  248 K     0   1  -1   1  -5   2   4  -2   0  -5  -5   3  -4  -5  -2   0  -1  -5  -2  -4    9   5   2   8   0  11  29   2   2   0   0  20   0   0   1   7   2   0   1   0  0.56 0.30
  249 C    -2   3   0  -2  -2   0   0  -4   1  -1  -3   5  -1  -5  -4  -2   0  -5  -2  -1    2  17   4   1   1   3   5   0   4   4   2  46   2   0   0   2   4   0   1   4  0.70 0.36
  250 L    -3  -5  -7  -7  -5  -5  -6  -7  -6   0   6  -6   4  -1  -6  -6  -4  -5  -2  -1    1   0   0   0   0   0   0   0   0   4  82   0   8   2   0   0   0   0   1   2  1.55 0.57
  251 E     1   1   3  -1  -4   1   2  -2   5  -2  -3   2  -1   0  -3  -1  -2  -4   0  -2   11   9  14   1   0   7  14   1  14   2   2  13   1   4   0   1   2   0   3   2  0.36 0.23
  252 A     2   2   1   1  -3   1   2  -2  -2  -3  -2   2  -3  -4  -3   2   0  -4  -3  -2   20  12   6   6   0   6  13   2   0   1   3  11   0   0   0  15   4   0   0   2  0.30 0.21
  253 L    -1  -2   0  -1  -4  -2  -3  -5   1   1   4  -3   5  -2  -5  -4  -3  -4  -2  -1    5   2   6   4   0   2   1   0   3   8  48   1  18   0   0   0   0   0   1   1  0.71 0.36
  254 G    -2  -5   2  -1  -6  -3  -2   7   0  -7  -7  -2  -6  -6  -5  -1  -4  -6  -6  -6    2   0   9   3   0   1   2  76   2   0   0   2   0   0   0   3   0   0   0   0  1.64 0.57
  255 I    -4  -6  -6  -6  -4  -5  -6  -7  -6   7   2  -6   0   2  -3  -5  -3  -5  -2   2    1   0   0   0   0   0   0   0   0  61  17   0   1   7   1   0   1   0   1  10  1.28 0.48
  256 N    -3   2   2   0  -4   1   2  -4   3  -1  -3   2  -2   2  -3  -1  -1  -3   2  -1    0  10  11   5   0   6  12   0   8   3   1  16   1   8   0   2   4   0  10   5  0.30 0.21
  257 S    -3  -2   0  -3  -4  -2  -4  -5  -1  -4  -3   1  -2  -5  -4   0   7  -5   0  -3    1   1   3   1   0   1   0   0   2   0   1  10   1   0   0   6  68   0   4   1  1.31 0.58
  258 V    -1  -5  -5  -6   7  -5  -5   1  -6   4   1  -5   0  -4  -5  -4  -3  -5  -4   3    3   0   0   0  25   0   0  14   0  28  10   0   2   0   0   0   0   0   0  18  0.97 0.40
  259 R     1   0  -1  -3  -4   1   0   4  -1  -3  -1   1  -3  -4  -2  -1  -2  -4  -1  -3   12   6   3   0   0   6   7  40   1   1   7   8   0   0   1   3   2   0   2   1  0.45 0.25
  260 D    -3  -3  -2   7  -7   3   3  -4  -4  -7  -7  -3  -6  -7  -5  -4  -4  -7  -6  -6    2   1   0  69   0  12  14   1   0   0   0   1   0   0   0   0   0   0   0   0  1.80 0.64
  261 L    -3  -5  -6  -6  -4  -5  -6  -6  -6   3   5  -5   2  -1  -6  -5  -1  -5  -4   2    1   0   0   0   0   0   0   0   0  12  65   0   4   1   0   0   3   0   0  13  1.14 0.45
  262 Q     3   3  -3  -4  -4   4  -2  -4  -3  -1   0   0  -2  -1  -4  -2  -1   2   1  -2   28  17   0   0   0  21   0   0   0   4  11   5   0   2   0   1   2   3   5   1  0.47 0.32
  263 T     1   2   2   0  -1   3   1  -2   0  -3  -3   2  -3  -4  -1   0   0  -4  -3  -1   14  10  11   4   1  15   6   2   2   0   1  16   0   0   2   5   4   0   0   4  0.29 0.20
  264 F     0   0  -2  -2   2   0  -2  -2  -1   0   0   1   1   2  -3   0   0   3   3  -1   11   5   0   2   6   4   0   2   1   5  11  10   5  10   0   6   5   4  10   3  0.14 0.13
  265 S    -2  -2   2   4  -4  -2   1   0   0  -5  -5  -1  -4  -5   3   3   1  -5  -4  -4    1   1  11  23   0   0   9   6   2   0   0   2   0   0  15  21   7   0   0   0  0.60 0.31
  266 P    -1   0   0   0  -3   0   2  -3  -2   0   1   1   0   0   1  -1  -1  -3  -1   0    5   5   4   4   0   3  19   0   0   4  19   9   3   3   6   4   3   0   2   7  0.12 0.12
  267 K     1   0   0   2  -3   0   1   0   0  -1  -1   0  -1  -1  -2   0   0   0   0  -1   16   7   4  13   0   4   8   6   3   4   3   5   2   4   1   8   4   1   3   5  0.08 0.07
  268 I     0  -1  -1   1  -3   1   2  -3  -2   0   0   1   0   2  -1   0   0   1   0  -1    8   2   1   6   0   8  20   0   0   5  10   7   2  10   2   4   7   2   2   4  0.14 0.14
  269 L    -3  -5  -6  -7  -5  -5  -6  -7  -6   2   6  -2   0  -2  -6  -6  -4  -5  -4  -1    1   0   0   0   0   0   0   0   0   9  84   3   1   1   0   0   0   0   0   1  1.54 0.57
  270 E    -1   1  -2  -2   0   2   1  -4  -1   2   0   2   1  -1  -3  -1  -1  -4  -1   1    4   7   1   1   2  13   7   0   2  17   8  15   4   1   0   4   2   0   2  10  0.18 0.17
  271 K     0   2   0   0  -4   1   2  -1   0  -2  -3   3  -3  -4  -3   1  -1  -4  -2  -3    9  13   4   5   0   6  12   3   2   2   2  25   0   0   0  11   1   0   1   1  0.35 0.22
  272 E    -1   2  -1  -2  -4   1   1  -4   4   1   1   2   0  -1  -3  -1  -1  -2  -2  -1    4  14   2   1   0   5   9   0  14   9  14  14   2   3   0   3   4   1   0   2  0.25 0.19
  273 L    -3  -6  -6  -7  -5  -6  -6  -6  -5   0   2  -6  -2   7  -6  -5  -3   1   2   1    1   0   0   0   0   0   0   0   0   3  22   0   0  57   0   0   1   2   4  10  1.49 0.53
  274 G    -3  -5  -1  -2  -5  -5  -5   7  -5  -6  -2  -5  -5  -1  -5  -1  -2  -5  -5  -6    0   0   3   2   0   0   0  80   0   0   5   0   0   3   0   5   2   0   0   0  1.71 0.58
  275 I     0   0   0   0  -2   0   1   0   0   1  -1   1  -1  -2   1   0  -1  -2  -1   1    6   5   4   3   1   4  10   9   2   9   4  10   1   1   8   4   3   1   1  14  0.06 0.04
  276 S     1   2   2  -2  -4  -2  -2  -3  -3  -2  -3   4  -3  -4  -3   2   1  -4  -3  -1   10   9  10   1   0   0   0   0   0   3   2  32   0   0   0  20   7   0   0   4  0.48 0.29
  277 V    -1   0   0  -3  -3  -1  -2  -2   0   0   1   0   2   4  -3   0   0   1   1  -1    4   7   4   0   0   1   2   3   3   4  12   6   7  21   0  10   5   2   5   4  0.16 0.13
  278 A     1  -5  -4  -4  -5  -2  -1   6  -5  -6  -6  -4  -5  -2  -5  -2  -3   4   0  -5   14   0   0   0   0   2   5  67   0   0   0   0   0   1   0   1   1   6   3   0  1.41 0.53
  279 Q     0   2   0  -1  -3   2   2  -3   2  -2  -1   0  -1   0   1   0   0   0   1  -2    7  12   5   2   0  12  14   1   7   2   5   3   2   5   7   5   4   1   5   3  0.17 0.14
  280 R    -1   2   1   0  -3  -1   0  -2   0  -1  -2   0   0   0  -3   1   0   4   3   0    3  15   7   4   0   2   5   2   2   3   2   4   4   4   0  12   6   6  11  10  0.17 0.15
  281 I    -4  -5  -6  -7  -4  -5  -6  -7  -6   1   6  -6   0   2  -6  -5  -4  -4   0   1    0   0   0   0   0   0   0   0   0   6  76   0   1   8   0   0   0   0   2   7  1.36 0.51
  282 Q    -3   0  -4  -5  -5  -1  -4  -5   4   0   0   0  -3   1  -5  -3  -4   7   6  -1    2   5   0   0   0   2   0   0   9   5  10   6   0   5   0   2   0  17  33   4  1.05 0.43
  283 K     0   2   3   1  -1   2   2  -1   1  -4  -1   1  -2  -4  -3   0  -2  -2  -1  -3    9  15  15   6   2  10  15   3   3   0   6   6   1   0   0   7   1   0   2   0  0.30 0.20
  284 L     0   2  -3  -1   0  -2  -3  -3   0   0   2   1   1   1  -4  -2  -1  -3   0   0    9  15   0   3   2   0   0   1   3   6  28   9   4   8   0   1   4   0   3   5  0.20 0.17
  285 S     5  -4  -4  -4   4  -3  -3  -2  -4  -2  -2  -2  -3  -4  -3   3  -2  -5  -2  -1   55   0   0   0   8   0   0   2   0   2   4   1   0   0   0  19   0   0   1   4  0.89 0.42
  286 F    -2   6   2  -4  -5   1  -2  -3   5  -4   0   0  -2  -2  -5  -2  -2   1  -1  -4    2  42  10   0   0   7   1   1  14   0  10   4   1   1   0   2   1   2   1   0  0.82 0.39
  287 G    -2  -6   0  -3  -6  -5  -6   7  -6  -7  -7  -5  -6  -7  -6  -4  -5  -6  -7  -7    3   0   5   1   0   0   0  91   0   0   0   0   0   0   0   0   0   0   0   0  2.27 0.72
  288 E    -3   0  -4  -4  -4  -1   1  -4  -1   6   1  -1  -1  -1  -5  -3  -1  -5  -2   0    1   6   0   0   0   2  13   1   2  49  12   4   1   1   0   2   4   0   1   3  0.65 0.35
  289 D    -3  -5  -1   7  -6  -3  -1  -1   1  -6  -4  -4  -5  -2  -1   0  -2   0   2  -6    1   0   2  64   0   0   2   5   3   0   1   0   0   1   4   6   1   2   7   0  1.30 0.52
  290 N    -2  -2   2   2   2  -1   2   0   3  -3  -2  -1  -1   0   0   0   0  -4   1  -3    0   1  13  14   5   0  19   6   9   1   3   3   1   4   4   5   5   0   6   1  0.28 0.20
  291 S    -2   6  -1   0  -5  -1   1  -3  -3  -1  -2  -1  -4  -3  -4   2   1  -5  -4  -4    1  47   2   6   0   1   8   2   0   4   3   0   0   1   0  14  10   0   0   0  0.78 0.40
  292 P    -1  -2  -2   0  -5   0   2  -2   0  -2  -3   0  -2  -4   6  -1  -3  -6  -5  -2    4   2   2   5   0   5  16   2   2   3   2   6   1   1  44   5   0   0   0   2  0.91 0.38
  293 V    -3  -5  -3  -3  -4  -5  -5  -6  -6   2   1  -5  -2  -2  -5  -1  -1  -5  -4   6    0   0   2   1   0   0   0   0   0  11  14   0   0   1   0   5   3   0   0  62  1.09 0.47
  294 I    -1   0   1   1  -2   1   3  -2  -1  -1  -3   2  -3  -4  -2   1   0  -4  -3  -1    4   5   7   7   1   7  25   1   1   5   1  12   0   0   1  11   6   0   0   6  0.30 0.20
  295 L     0  -1   1  -1  -4   0   1  -2  -3  -2  -3  -2   0  -4   5   0   1  -4  -1   0    8   3   8   3   0   4  11   2   0   1   2   1   2   0  30   8   8   0   3   7  0.49 0.26
  296 S    -1   2   1   3  -4   1   2  -3   3  -3  -3  -1  -2  -1   0   1  -2  -4   0  -1    3  14   8  20   0   5  14   0   7   0   2   1   1   2   5   9   1   0   4   5  0.33 0.22
  297 G    -1   5  -2   1  -4   1  -1   0   0  -4  -2   1  -3  -4   1  -1  -2   0  -4  -1    6  39   0   8   0   7   3   7   2   0   4   5   0   0   6   4   1   2   0   5  0.50 0.29
  298 P    -2   0  -2   0  -4   1   3  -2  -3   2   0   1  -1  -3   2  -1  -2  -4  -3   1    1   6   1   4   0   5  24   3   0  12   7   8   1   0  11   3   1   0   0  13  0.26 0.20
  299 P     1   6  -3  -4  -1  -1  -3  -4  -1   0  -3  -1  -1  -3   1   0  -2  -4   0   0   13  46   0   0   1   2   0   0   1   5   1   0   1   1   8   7   2   0   4   6  0.70 0.37
  300 Q    -4   1  -3  -4  -6   1  -1  -5   0  -4  -4   7  -4  -5  -4  -3  -4  -5  -2  -3    0   5   0   0   0   6   3   0   2   1   1  75   0   0   0   0   0   0   1   2  1.58 0.60
  301 S    -2  -4  -3  -4  -2   2  -3  -2  -4  -5  -5  -3  -4  -5  -2   6   1  -5  -5  -5    1   0   0   0   1  10   0   2   0   0   0   0   0   0   2  75   6   0   0   0  1.46 0.64
  302 F    -3  -3  -5  -5  -4  -5  -5  -6   1   6   0  -5   3   0  -5  -4  -3  -5  -2   4    1   1   0   0   0   0   0   0   3  49   7   0   6   3   0   1   0   0   1  26  1.07 0.43
  303 S    -1  -4  -3  -4  -4  -2  -4   5  -4  -4  -4  -4  -1  -5  -4   4  -3  -5  -5  -2    4   0   0   0   0   2   0  49   0   1   1   0   2   0   0  36   0   0   0   4  1.15 0.51
  304 E     0   2   0  -3   3  -1  -2  -2   3  -1  -3   0  -2  -4  -4   1   0  -5  -3   3    9  12   5   0   6   1   2   2   8   2   0   7   0   0   0  12   5   0   0  29  0.33 0.26
  305 E    -2  -3  -1  -1  -6   1   6  -2  -2  -1  -5  -2  -5  -6  -4   2  -3  -6  -2  -5    2   0   2   2   0   5  60   3   1   5   0   1   0   0   0  18   0   0   1   0  1.13 0.53
  306 D    -1   3   0   0  -2  -1   0  -3   1   1  -2   2   0  -4  -3   0   2  -4  -2   0    2  21   4   6   1   1   6   1   3  10   3  12   3   0   0   7  16   0   0   5  0.25 0.20
  307 S    -3  -5   2  -4  -5  -4  -5  -5  -5  -5  -5  -4  -5  -6  -5   1   7  -6  -6  -4    1   0  11   0   0   0   0   0   0   0   0   0   0   0   0   8  80   0   0   0  1.93 0.76
  308 F    -4  -6  -6  -7  -5  -6  -6  -4  -1  -3   3  -6   0   7  -6  -5  -5   2   4  -3    1   0   0   0   0   0   0   1   1   0  31   0   2  48   0   0   0   3  12   0  1.48 0.55
  309 K     2  -2   0   1  -4  -1   1   2  -3  -3  -3   0  -3  -4   3   2  -2  -5  -4  -3   16   2   4   6   0   1  11  19   0   1   2   5   0   1  17  15   1   0   0   1  0.41 0.25
  310 K    -1   3  -2   1  -5   1   3  -3   3  -4  -4   3  -2  -3  -1   0  -2  -5  -1  -2    4  18   0   8   0   6  20   1   8   0   0  18   1   1   3   5   2   0   2   2  0.48 0.28
  311 C    -4  -1   2   6   1  -3  -2  -4  -4   0   0  -2  -2   0  -4  -1  -1  -5  -1  -1    0   3   9  50   3   0   0   0   0   5  11   2   1   4   0   3   3   0   3   3  0.80 0.40
  312 S    -2  -2   1  -3  -3   0  -2  -3  -2   2   2  -1   0  -2  -2   1   1   0   0   1    2   1   8   0   0   5   2   1   1  14  29   3   1   0   1  11  10   1   3   7  0.20 0.19
  313 S     0   0   1   1  -3  -1  -1  -3   2  -2  -2  -1  -3  -2   0   2   3  -4   2  -2    6   4   8   9   0   2   2   1   6   2   4   3   0   1   5  14  25   0   7   2  0.27 0.22
  314 E    -2   0   1   4  -4  -1   1  -3   0  -1   1  -1  -2   0  -2   0   0  -4  -1  -1    1   5   6  31   0   2   8   0   2   3  15   3   0   5   1   6   5   0   2   3  0.31 0.22
  315 V     0   0   0   0  -3   0   2  -3  -1   0   1   0  -1   0   1   0   0   0  -1   0    9   5   5   5   0   4  18   0   1   5  15   4   1   3   6   5   4   2   2   6  0.08 0.09
  316 E    -1   1   0   3  -6   1   6  -4  -1  -3  -3  -1  -4  -4  -3  -1  -2  -6  -5  -5    4   6   4  14   0   6  52   0   1   2   3   3   0   1   1   4   1   0   0   0  0.92 0.44
  317 A     1  -3  -1   1   4   1  -1  -2  -3   3   1  -3   2  -3  -4  -2  -2   1  -3   1   16   0   3   8  10  10   2   2   0  18  10   0   5   0   0   2   1   2   0  10  0.27 0.22
  318 K    -1   0  -2  -1   3   0   0  -2   1   1   2   0   0  -1  -3  -1   0   0   1  -1    2   4   1   4   7   4   6   3   4  11  26   7   1   1   0   4   5   1   6   2  0.12 0.13
  319 N     0   1   1   1  -3   3   2   0  -1  -2  -1   0  -2  -4  -2   0   0  -1  -3   0    9  10   8   7   0  14  14   5   0   1   5   3   0   0   1   8   4   1   0   8  0.19 0.17
  320 K     1   0  -2  -1  -3   1   2  -3   1   1  -1   2  -1   0  -3  -1  -1   3   0   1   13   3   1   2   0   8  14   0   3   8   4  15   1   3   0   1   3   4   3  14  0.19 0.18
  321 I    -3  -3  -6  -6  -1  -5  -2  -6  -1   4   5  -5   2   0  -5  -4  -3  -2  -3   2    1   1   0   0   2   0   2   0   1  21  51   0   4   3   0   1   1   1   0  11  0.88 0.40
  322 E    -1   0   0   1  -1   1   2  -2  -1  -1   0   0   0  -2   2  -1   1   1  -1  -1    4   6   4   6   2   5  15   1   1   4  12   7   3   1   9   3   8   2   1   4  0.10 0.10
  323 E    -1   2  -1  -1  -2   2   3  -2   1  -3  -2   1  -2  -3   1   1  -1  -4   0  -2    3  12   2   2   1  12  25   3   3   1   4   7   1   1   6  11   2   0   4   3  0.31 0.23
  324 L    -1  -3  -3  -6  -4  -5  -3  -4  -2   2   5  -5   0   1  -6  -3  -3  -4   0  -1    4   1   1   0   0   0   2   1   1  11  65   0   1   5   0   2   1   0   3   1  0.95 0.44
  325 L     3  -4  -4  -4   5  -4  -4  -4  -2   2   0  -2  -2   0  -4   2  -2  -4   2   0   27   0   0   0  12   0   0   0   1  13   9   2   0   4   0  18   1   0   8   5  0.48 0.32
  326 A     1  -1  -1   2  -4   2   4  -1   0  -4  -2   0  -2  -4   1   0  -1  -5  -2  -3   11   3   2  10   0  10  29   4   2   0   4   5   1   0   7   6   3   0   1   1  0.40 0.26
  327 S    -2   2   0   1  -5   1   4  -3  -1  -3  -3   3   0  -4  -4   0  -1  -5   0  -2    1  12   4   6   0   4  30   2   1   2   2  17   3   0   0   8   3   0   3   2  0.46 0.29
  328 L     0  -3  -5  -6  -2  -5  -4  -6  -5   1   4  -5  -1  -3  -5  -3   0  -5  -4   4    7   1   0   0   1   0   1   0   0   4  46   0   0   0   0   1   7   0   0  33  0.88 0.43
  329 L     2  -2  -1  -1   1  -1   1   0   1  -1   0  -1   0   0  -3   1   0   3   0  -1   22   1   2   2   4   1   9   7   4   2  11   3   2   4   0   9   5   5   3   4  0.12 0.13
  330 N     0   2   1   0  -4   1   3   0   1  -2  -2   1  -2  -2  -2   0   0  -2  -2  -2    8  14   6   3   0   4  22   6   4   2   3   7   1   2   1   8   6   1   1   1  0.23 0.17
  331 R    -2   7  -2   0  -6  -1  -1  -4  -2  -2  -4   2  -4  -6  -5   1  -1  -6  -3  -5    3  57   1   5   0   2   4   1   0   3   1  10   0   0   0   9   4   0   1   0  1.12 0.50
  332 V    -1  -5  -5  -4   2  -5  -5  -6  -5   2   5  -5   3   0  -5  -3  -2  -4  -2   1    5   0   0   1   4   0   0   0   0  13  56   0   7   3   0   1   2   0   1   7  0.89 0.40
  333 C    -1   4   0  -1  -1   3   2  -2  -1  -3  -2   2  -2  -3  -2   0  -1  -5  -4  -3    5  25   3   3   2  15  13   2   1   1   4  11   1   1   1   8   3   0   0   1  0.41 0.26
  334 Q     0   4   1   0  -5   1   1   0  -2  -5  -2   4  -3  -5  -3  -1  -2  -5  -4  -4    9  21   6   5   0   5   7   7   1   0   4  31   0   0   1   4   1   0   0   0  0.54 0.31
  335 D     1   1   0   1   1   0   2  -2   3  -1  -1   1  -2  -3  -3   1   0  -4  -2  -1   10   6   5   8   3   2  13   2   9   4   6  11   0   0   0  14   3   0   1   4  0.17 0.15
  336 G     0   0   3  -1  -1   1   2   3   2  -4  -4   0  -3  -2  -2   0  -1  -2  -1  -4    8   6  15   2   1   8  12  24   5   0   0   5   0   1   2   6   2   1   2   0  0.36 0.23
  337 R    -2   3  -2  -1  -4   3  -1  -4  -2  -1   1   2   0   0   0  -2  -2  -4  -1   1    3  16   1   4   0  14   2   0   0   3  18  16   2   4   4   1   0   0   2  10  0.26 0.22
  338 K     0   2  -2  -1  -3   1   0  -1   0  -1   0   2   3   0  -2   0   0  -3   1  -1    5  14   0   3   0   6   5   3   2   4   6  15  10   4   1   6   5   0   6   5  0.13 0.14
  339 P     2  -2  -2  -4   4  -3  -3   4  -4  -1  -2  -2  -1   0   0  -1   0  -4  -2  -1   19   2   1   0   9   0   1  34   0   3   4   2   2   4   5   3   6   0   1   4  0.45 0.27
  340 H    -1   5   0  -3  -2   2  -2  -2   4  -2  -4   3  -4  -5  -1  -1  -1  -5  -1  -4    3  37   5   0   1   8   0   2  10   3   0  18   0   0   2   5   4   0   2   0  0.73 0.38
  341 T    -3  -1   0  -4  -4  -1  -3   0  -2   2  -3   0  -3  -2  -4   0   6  -5  -4   1    0   3   4   0   0   3   0   6   1  10   1   6   0   2   0   6  49   0   0   8  0.71 0.42
  342 V    -2  -3  -3  -5  -4   0  -4  -5   1   4   1  -4   0  -2  -5  -4  -2  -5  -1   5    3   1   1   0   0   5   0   0   3  27  12   1   1   1   0   0   1   0   2  43  0.83 0.40
  343 R     0   0   0  -3  -1   2  -2  -1  -3  -2  -2   0  -2  -2  -2   2   4  -4  -2   1    7   4   5   0   1   9   0   4   0   1   2   5   0   2   2  13  30   0   1  13  0.33 0.27
  344 L    -3  -4  -5  -5  -4   1  -4  -4  -5   4   4  -2  -1  -3  -5  -4  -1  -5  -4   4    0   0   0   0   0   7   0   1   0  21  37   2   0   0   0   0   3   0   0  27  0.80 0.39
  345 I    -2   0  -1  -3  -5  -1  -1  -1  -3  -2  -4   6   2   1  -4   0   0  -5  -2   0    1   2   3   1   0   1   2   5   0   1   0  49   6   6   0   6   7   0   1   9  0.66 0.40
  346 I    -2  -4  -5  -5  -1  -4  -4  -2  -4   4   3  -3   0   0  -4  -2  -3  -4  -1   3    1   0   0   0   1   0   1   3   0  29  25   2   2   3   0   4   0   0   2  26  0.64 0.32
  347 R    -3   5  -2  -4  -5  -2  -2  -3  -3  -1  -2   6  -1  -5  -4  -1  -3  -5  -4  -2    1  33   2   0   0   0   0   1   0   4   3  47   2   0   0   3   0   0   0   3  1.09 0.45
  348 R    -1   1   0   0  -2   0  -1  -1  -1  -2  -2   2   0  -1  -1   0   3  -2   1  -1    3   9   5   6   1   2   2   5   1   2   3  13   3   3   2   7  26   0   5   4  0.18 0.11
  349 Y     0  -1  -3  -3  -3  -1  -2  -2  -1  -1  -1  -1  -2   4   0  -1  -2   1   5   0   10   4   1   1   0   2   2   3   0   4   3   4   0  21   6   4   2   1  25   6  0.43 0.21
  350 S     1   0   2   3   0   1   0  -1   1  -2  -3  -1  -3  -3  -1   2   0  -3  -3  -3   13   4   9  19   2   7   5   2   4   2   1   2   0   0   3  20   5   0   0   1  0.29 0.17
  351 S    -3  -3   0   5  -4  -1  -2  -1  -2  -2  -1  -2  -1   4   0   0  -2  -3   1  -2    1   1   4  34   0   3   1   4   0   2   5   2   2  23   4   6   2   0   4   2  0.52 0.26
  352 E    -2   0  -1   2  -4   0   1  -1  -2  -3  -2   0   0   6  -3  -1  -2   1   0  -2    1   6   2  12   0   4  12   6   0   1   1   5   3  37   1   3   2   1   2   1  0.50 0.26
  353 K     0   1  -1  -1  -3   2  -1  -3  -1   0  -1   2  -1  -2  -2   1   2  -3  -2   0    7   7   2   3   0   9   2   0   1   7   5  15   1   1   1  13  18   0   0   6  0.18 0.15
  354 H    -2   1  -1   1  -3   3  -1  -1   3  -1  -1  -1  -2  -1   1  -1   2  -3   0  -1    1   9   1   9   0  14   2   4   8   4   6   2   0   3   8   2  18   0   4   4  0.20 0.17
  355 Y    -2  -3  -2  -3  -1  -1  -3  -3  -1   2   1  -1  -1   2  -3   0   3   1   3   0    1   0   1   0   1   2   1   1   1  13  14   3   0  10   0   9  26   2  10   4  0.31 0.21
  356 G    -2   2   0  -1  -3  -2  -1  -2   1  -3  -2   2  -2  -4  -3   1   5  -4  -3   0    1  13   3   2   0   0   2   2   4   0   4  11   0   0   0  12  37   0   0   6  0.48 0.28
  357 R    -1   4   0  -2  -3   2  -1  -2  -2   1  -2   2  -2  -2   0   0  -1  -4  -3   0    4  26   3   0   0   9   1   3   0  12   3  14   0   1   4   9   2   0   0   8  0.29 0.20
  358 E    -2   3  -1   0  -3   1   2  -3  -1  -2  -1   2   0  -3   0   1  -1   0  -2   0    1  18   1   4   0   5  18   1   1   1   7  13   3   1   5  11   2   1   0   7  0.25 0.16
  359 S    -1   2  -1  -1  -2   0   0  -3   2  -3  -3   3  -2  -3  -2   3   2  -4  -2  -3    2  10   1   2   1   3   4   1   5   1   2  20   1   1   1  31  14   0   1   1  0.45 0.26
  360 R    -2   4  -2  -3  -3  -1  -2  -3  -1  -1   2   2  -1   0  -2  -2   0  -3   0  -1    2  30   1   1   0   2   1   1   1   3  25  12   0   5   1   2   7   0   3   3  0.37 0.21
  361 Q     0   0  -1  -1   2   1   0   1   0  -2  -1  -1  -1  -2   0   2   2  -2   0  -2    6   5   2   2   6   9   3   9   3   1   5   2   2   1   4  24  12   0   3   2  0.16 0.12
  362 C     0  -1   0   2   3   0   0   1   0  -1  -1  -1   0  -2  -1   1  -1   0   0  -1    8   2   5  15   8   3   7  11   2   2   7   2   3   1   2  12   2   1   3   4  0.10 0.07
  363 P     1  -1  -1  -1  -2   1   0  -1  -2  -2  -1  -1  -2   1   5   0   1  -3  -1  -1   10   2   2   2   0   7   5   5   0   1   4   2   0   8  28   5  11   0   2   4  0.37 0.15
  364 I    -1  -1  -1  -2   0  -2  -2  -2  -1   2   1  -2   1   1  -1  -1   1  -2   0   2    2   2   4   1   2   1   2   2   1  17  16   2   3   6   3   2  10   0   3  20  0.13 0.08
  365 P     0   1  -1   0  -2   1   0  -1   1  -2  -2   0  -2  -1   4   1   0   0  -2  -1    4   7   2   4   1   8   4   5   4   2   3   3   1   3  25  14   4   1   1   4  0.32 0.11
  366 S     0   1   0  -1  -1   0   0  -1  -1  -1  -1   0   0   0  -1   1   1  -1   0  -1    8  12   5   3   1   5   5   4   1   3   6   3   3   4   2  16  12   1   3   4  0.07 0.05
  367 H     0  -1   1   1  -1   0   1   0   2  -1  -1   0   0  -1   0   1   1  -1   0  -1    9   2   8   7   1   3   8   5   6   3   4   4   2   2   4  14   9   1   5   4  0.08 0.04
  368 V     0   0   0   1  -1   0   0  -1   0   0   0   0   0  -1   0   0   0  -2  -1   1    8   6   2  11   1   2   6   4   3   6   9   5   2   2   3   8   3   1   1  17  0.03 0.03
  369 I     0   0   0   0  -1   0   0  -1  -1   0   0   0   0   0   0   0   1   0   0   0    9   5   3   4   1   5   6   5   1   8   6   5   2   6   3   5  11   2   4   8  0.02 0.01
  370 Q    -1   0  -1  -1  -1   2   1  -1   1   0   1   1   0   0  -1   0  -1  -1  -1   0    4   4   3   2   1  11   8   5   4   6  20   9   2   4   2   5   3   1   2   4  0.04 0.04
  371 K     0   0   0   1  -1   0   1   0  -1  -1  -1   2  -1   0   0   1   0  -1  -1  -1    6   4   2   8   1   3   9   8   1   4   5  16   1   5   3  10   7   1   1   5  0.07 0.03
  372 L    -1  -1  -1  -1  -1   0  -1  -1   0   1   1  -1   1   0  -1   0   0  -1   1   0    3   4   2   3   1   5   4   6   3  13  22   4   4   3   2   5   6   1   5   5  0.03 0.03
  373 G     1   0   0   0  -1   0   0   0   0  -1   0   0  -1   0   1   0   0  -1   0  -1   13   3   5   3   1   3   7   9   2   3   8   7   1   4   8   8   4   1   5   5  0.05 0.02
  374 T     0   0  -1   0  -1   0   0   0  -1   0  -1   0  -1   0  -1   1   3  -1  -1  -1    6   5   2   4   1   4   6   5   1   5   4   7   1   4   2   7  29   1   2   4  0.13 0.07
  375 G     0   1   1   1  -1   1   0   1   0  -1  -1   0  -1  -1   0   0   0   0   0  -1    9   8   6   7   1   9   4  11   2   3   5   6   1   2   4   7   7   1   3   4  0.06 0.02
  376 N     1  -1   1   2  -1   0   1   0   0  -1  -1   0  -1  -1  -1   1   1  -1   0  -1   11   2  10  12   1   2   8   6   2   3   5   4   2   4   2   8   9   1   3   4  0.07 0.03
  377 Y     0   0   0   0  -1   0   0  -1   2  -1   0   0   0   1  -1   0   1  -1   1  -1    7   4   5   4   1   4   7   3   7   3  13   4   2   9   3   7  10   1   7   3  0.04 0.03
  378 D    -1   1   1   4  -2   1   1   0  -1  -2  -1   0  -2  -2  -2   1   0  -3  -1  -2    3   7   6  27   0   7   8   6   1   3   5   2   1   1   1  15   4   0   2   2  0.26 0.12
  379 V     0  -2  -1  -1   0  -1  -1  -2  -2   1   1  -1   0   0  -2   1   2  -2  -1   0    8   1   3   4   2   2   1   2   0  13  16   3   0   5   1  12  18   0   2   5  0.10 0.09
  380 M     1  -1  -1  -1  -2   0   0  -2  -1   0   1  -1   1   1   0   0   1  -1   1   0   15   3   1   3   1   5   6   2   1   4  13   3   7   6   4   5  10   0   7   4  0.05 0.05
  381 T     1   1   0   1  -2   0   2  -1  -1  -1  -1   0   0  -2   1   1   2  -2  -2  -1   11   8   3   8   0   2  14   2   1   4   5   6   4   1   6  10  14   0   1   1  0.13 0.08
  382 P     0   0   0   4  -3   2   3  -2  -1  -2  -2   0  -1  -3   2  -1  -2  -3  -3  -1    6   5   2  24   0  11  20   2   1   1   4   3   1   1  10   1   1   0   1   5  0.36 0.16
  383 M    -1  -3  -4  -4  -3  -3  -4  -2  -4   5   2  -3   1   1  -2  -1  -2  -3  -2   1    4   0   0   1   0   1   1   3   0  44  22   1   2   6   2   5   1   0   0   6  0.54 0.24
  384 V     0   0  -3  -3  -3  -1  -1  -3  -2   2   1  -1   0   3  -3  -2  -2  -1   4   1    9   5   0   1   0   3   4   0   0  12  18   2   1  14   0   2   1   0  18  10  0.26 0.16
  385 D     0   1   2   1  -3   2   2  -1  -1  -3  -2   1  -2  -3   0   0   0  -4  -3  -3    9   8  12   8   0  12  18   3   1   0   3   9   0   1   4   5   6   0   0   1  0.28 0.15
  386 I     1  -1  -2  -2   2  -1   0  -2  -1   2   1  -1   0   1  -1  -1   0  -2   0   1   18   2   2   0   6   3   7   2   1  17  14   2   1   6   2   1   5   0   4   8  0.10 0.10
  387 L     3  -2  -1  -3   1  -1  -2   0  -3   0   0  -2   2   0  -3   0   0  -3  -2   1   40   2   3   0   3   2   0   7   0   7   9   0   6   5   0   4   5   0   0   8  0.26 0.18
  388 M     0   0  -2  -2  -2   0  -1  -1  -1  -1   1   2   1   1  -1   0   1   1   2  -1    7   5   0   2   0   2   3   4   1   3  14  16   6   5   2   4  10   2  10   3  0.07 0.09
  389 K     0   1   0   1  -3   2   2  -2   1  -3  -2   2   0  -4  -1   1   0  -4  -3  -3    8   9   3   9   0   9  18   2   3   0   2  13   3   0   3  12   5   0   0   0  0.28 0.15
  390 L    -2  -3  -4  -4  -3  -2  -2  -2  -1   2   5  -2   1   0  -4  -3  -2  -3  -3  -1    2   1   0   0   0   2   2   4   2  12  64   2   3   2   0   1   2   0   0   0  0.72 0.30
  391 F    -2  -3  -4  -2  -3  -3  -4  -4  -2   1   3  -3   0   5  -4  -3  -2   3   2   0    2   0   0   3   0   0   1   1   1   8  35   1   1  27   0   1   2   4   6   5  0.57 0.24
  392 R    -1   4   2   0  -3   1   2  -2   0  -1  -1   1  -2  -2  -2  -1   0  -3  -1  -2    3  27  12   4   0   7  12   1   2   3   6   9   0   1   1   2   4   0   2   2  0.31 0.16
  393 N    -1   2   1   0  -3   3   2  -1  -1  -3  -2   3  -2  -3  -1   0   1  -3  -1  -2    2   9   6   4   0  15  14   4   0   1   3  20   0   0   3   5  11   0   2   2  0.30 0.16
  394 M     0  -1  -1  -1  -1   0   1  -1   2   0   1  -1   2   0  -1  -1  -1  -2  -1   0    8   1   3   3   1   3  15   4   6   4  22   3   7   6   2   3   2   0   1   7  0.07 0.08
  395 V    -2  -1  -2  -2  -3   0  -1  -1  -2   1   0   1   1   0  -2  -2  -1   7   2   0    2   3   2   2   0   5   5   6   0   9   9   9   3   4   2   2   2  19   9   8  0.36 0.15
  396 N    -1   0   3   3   0   1   1  -1  -1  -3  -2   1  -2  -3   0   1   0  -1  -1  -2    3   6  17  17   3   6   6   4   1   1   3   7   0   0   5  12   4   1   2   2  0.23 0.12
  397 V    -1   1   0   0  -2   0   1   1  -1  -1  -1   1  -1  -1   3  -1   0   0  -1  -1    3   8   4   3   0   2  11  14   2   2   6   9   2   4  15   2   4   2   1   6  0.14 0.07
  398 K    -1   1   0   2  -3   1   2   1   0  -3  -2   2  -2  -1  -1   0  -1   1  -2  -2    2   5   4  10   0   6  16  12   2   1   3  18   0   3   2   9   1   2   0   2  0.21 0.12
  399 M    -1   2   0   1  -2   0   1  -1   1  -1  -1   1   0  -1  -2   0   1  -2  -1  -1    2  14   3  11   0   3   9   3   3   3   6  10   4   3   1   7  10   0   2   4  0.11 0.07
  400 P     0  -2   0  -2  -3  -1   0   0  -2  -3  -3   0  -3  -3   6   0  -1  -3   0  -1    6   2   5   1   0   1   7   8   0   1   2   4   0   1  41   5   4   0   4   6  0.70 0.23
  401 F    -1   1  -2  -2  -2  -1  -2  -1   1   2   0   0   1   1  -2  -1  -1   1   2   2    3  10   1   3   0   1   1   6   3  13   4   5   4   7   1   2   2   2   8  23  0.11 0.10
  402 H    -3   5   0  -1  -4  -1   0   1   1  -4  -3  -1  -3  -4   4  -2  -1  -4  -3  -4    1  42   5   2   0   0   5   9   3   1   2   1   0   0  21   2   3   0   0   1  0.75 0.30
  403 L    -3  -5  -6  -6  -3  -5  -5  -6  -5   4   4  -5   0  -1  -5  -4  -3  -4  -2   2    1   0   0   0   0   0   0   0   0  28  52   0   1   1   0   0   0   0   1  16  0.99 0.37
  404 T    -3   6  -3  -4  -4  -2  -3  -5  -3   2   2  -1  -2  -3  -4  -1   1  -5  -4   0    0  47   0   0   0   0   0   0   0  14  20   0   0   0   0   4  11   0   0   5  0.79 0.37
  405 L    -3   0  -1  -4  -4  -3  -4   5  -4  -2   3  -1   1  -3  -5  -2  -3  -4  -4  -3    0   6   2   0   0   0   0  45   0   0  39   3   3   0   0   3   0   0   0   0  0.80 0.36
  406 L    -3  -5  -5  -6  -3  -4  -5  -6  -5   3   4  -5   2  -2  -5  -4  -3  -4  -3   4    0   0   0   0   0   0   0   0   0  19  44   0   4   0   0   0   0   0   0  32  0.98 0.37
  407 S    -1  -2  -2  -3  -4  -2  -3   5  -1  -5  -5  -3  -4  -1  -4   3   1  -5  -4  -4    4   2   1   0   0   1   0  52   1   0   0   0   0   3   0  24  11   0   0   0  0.94 0.38
  408 V    -2  -5  -5  -6  -3  -5  -5  -6  -5   2   2  -5   1  -3  -5  -4  -3  -5  -2   6    1   0   0   0   0   0   0   0   0  11  20   0   3   0   0   0   0   0   1  65  1.14 0.42
  409 C    -1   3  -1  -3   3   0  -2   0  -1  -4  -4  -1  -3  -4  -3   4   3  -4  -1  -3    2  17   2   0   8   4   0   6   1   0   0   2   0   0   0  36  18   0   2   0  0.54 0.29
  410 F    -1  -3  -4  -4  -3  -3  -3  -3   1   2   3  -3   1   5  -4  -2  -2  -2   0   2    5   0   0   0   0   0   0   1   5  10  31   0   3  27   0   1   0   0   0  13  0.48 0.20
  411 C    -1  -2   1  -1   2   0  -2   2   1  -3  -1  -1  -1   0  -1   3   1  -3  -2  -2    0   1   6   2   4   5   0  15   3   0   7   1   2   5   2  33  11   0   0   0  0.26 0.18
  412 N    -2  -2   5   2  -4   0   1   2   0  -5  -4   1  -4  -5  -3   0  -2  -5  -4  -4    0   0  36  12   0   3  10  20   2   0   1  11   0   0   0   5   1   0   0   0  0.64 0.26
  413 L    -2  -4  -4  -3  -3  -1  -4  -5  -4   3   4  -4   1   2  -4  -3  -2  -3  -2   1    3   0   0   1   0   3   0   0   0  21  53   0   2  10   0   1   1   0   0   5  0.62 0.24
  414 K    -1   0  -1   2   0   1   4  -3  -2  -4  -4   2  -3  -4   2   1  -1  -4  -3  -2    2   4   0  10   3   5  36   0   0   0   0  17   0   0   9  10   2   0   0   3  0.49 0.19
  415 A     2  -1  -2   0  -2   0   0  -2  -2   0  -2   1  -2  -3   4   1   0  -4  -3  -1   25   0   0   4   0   5   3   0   0   8   0  12   0   0  27  13   3   0   0   0  0.45 0.11
  416 L     0  -1   0  -2  -2  -2  -2   0  -2   2   2   0   0  -1  -3  -1  -1  -3  -2   1    5   0   7   0   0   0   0   6   0  17  33  12   0   0   0   5   0   0   0  14  0.13 0.06
  417 N     0  -1   3   5  -3   1   1  -1  -1  -4  -4  -1  -3  -4  -2   2  -1  -4  -3  -3    6   0  14  41   0   5   8   0   0   0   0   0   0   0   0  26   0   0   0   0  0.56 0.11
  418 T     1   0  -1  -2  -1  -1  -1  -1  -2  -1   0  -1  -1  -2  -2   3   3  -3  -2  -1   14   8   0   0   0   0   0   0   0   0  12   0   0   0   0  33  33   0   0   0  0.30 0.08
  419 A     3  -1  -2  -2  -1   2  -1  -1  -2   0  -1  -1  -1  -2   2   0   0  -3  -2   2   44   0   0   0   0  16   0   0   0   0   0   0   0   0  11   0   0   0   0  28  0.26 0.05
  420 K    -1   2   0  -1  -3   3   1  -2  -1  -3  -3   5  -1  -4  -1   0  -1  -3  -2  -3    0   0   0   0   0  18   0   0   0   0   0  82   0   0   0   0   0   0   0   0  0.59 0.05

                      K         Lambda
Standard Ungapped    0.1340     0.3182
Standard Gapped      0.0431     0.2670
PSI Ungapped         0.1409     0.3176
PSI Gapped           0.0431     0.2670
