
Last position-specific scoring matrix computed, weighted observed percentages rounded down, information per position, and relative weight of gapless real matches to pseudocounts
           A  R  N  D  C  Q  E  G  H  I  L  K  M  F  P  S  T  W  Y  V   A   R   N   D   C   Q   E   G   H   I   L   K   M   F   P   S   T   W   Y   V
    1 V    0 -3 -3 -3 -1 -2 -2 -3 -3  3  1 -2  1 -1 -2 -2  0 -3 -1  4    0   0   0   0   0   0   0   0   0   0   0   0   0   0   0   0   0   0   0 100  0.34 0.00
    2 K   -1  3  0 -1 -3  4  1 -2  0 -3 -3  4 -1 -3 -2 -1 -1 -3 -2 -3    0  18   0   0   0  38   0   0   0   0   0  43   0   0   0   0   0   0   0   0  0.57 0.05
    3 S    2 -1  0 -1 -2 -1 -1  3 -1 -3 -3  1 -2 -3 -1  2  0 -3 -2 -2   28   0   5   0   0   0   0  27   0   0   0  14   0   0   0  27   0   0   0   0  0.34 0.04
    4 K    0  4 -1 -1 -3  1  0 -2  3 -3 -3  4 -2 -3 -2 -1 -1 -3 -1 -3    6  36   0   0   0   0   0   0  13   0   0  44   0   0   0   0   0   0   0   0  0.55 0.07
    5 A    1  3 -1 -1 -2  0  0  1 -1 -3 -3  3 -2 -3  0  1 -1 -3 -2 -2   12  20   0   0   0   0   0  12   0   0   0  38   0   0   4  13   0   0   0   0  0.34 0.05
    6 K   -1  4  2 -1 -3  0  0 -2 -1 -2 -2  3 -1 -3 -2  1 -1 -3 -2  0    0  36  13   0   0   0   0   0   0   0   0  28   0   0   0  11   0   0   0  11  0.37 0.05
    7 K   -1  3 -1 -1 -3  2  0 -2 -1 -3 -2  3 -1  1 -2  1 -1 -2 -1 -2    0  27   0   0   0  16   0   0   0   0   0  35   0  11   0  11   0   0   0   0  0.39 0.06
    8 T    0  1 -1 -2  0 -1 -1 -1  2 -1 -2 -1 -1 -3  4  0  2 -3 -2  0   10  12   0   0   3   0   0   5   9   0   0   0   0   0  25   4  21   0   0  13  0.35 0.06
    9 V    0 -2 -3 -3 -2 -2  0 -3 -3  2  1 -2  3 -1  2 -2 -1 -3 -2  3    5   0   0   0   0   0   8   0   0  12  10   0  16   0  10   0   0   0   0  39  0.28 0.08
   10 D   -2 -2  2  6 -4 -1  2 -2 -2 -4 -4 -1 -3 -4 -2 -1  1 -5 -3 -3    0   0   9  70   0   0  12   0   0   0   0   0   0   0   0   0   9   0   0   0  0.96 0.14
   11 K   -2  2 -1  2 -4  1  3 -2  2 -3 -1  3  1 -3 -2 -1 -1 -3 -2 -2    0  10   0  12   0   0  30   0   9   0   5  28   6   0   0   0   0   0   0   0  0.39 0.09
   12 H   -1  1  1  2 -3  1  1  1  2 -2 -1  1 -1 -3  2 -1 -1 -3 -2 -2    0  11  10  17   0   5   6  10   7   0  11  11   0   0  12   0   0   0   0   0  0.23 0.05
   13 S    0 -1  0  2 -2  0  1 -1 -2 -3 -3  0 -2 -3  3  4  1 -4 -3 -2    0   0   0  11   0   0  11   0   0   0   0   5   0   0  13  53   7   0   0   0  0.49 0.11
   14 D   -2 -2  1  5 -3  1  2 -2 -2 -2  0 -1 -2 -3  2  0 -1 -4 -3 -2    0   0   3  50   0   6  11   0   0   0  14   0   0   0  11   6   0   0   0   0  0.54 0.10
   15 E    0  0 -1  0 -3  1  5 -2 -1 -3 -3  3 -2 -4 -2 -1  0 -4 -3 -1    6   0   0   0   0   0  61   0   0   0   0  23   0   0   0   0   6   0   0   6  0.61 0.13
   16 Y   -2  3 -2 -3 -3 -1  0 -3  0 -1 -1  0  2  1 -3 -2 -2  0  5  0    0  24   0   0   0   0   8   0   0   0   0   4   8   0   0   0   0   0  44  11  0.51 0.13
   17 K   -1  4 -1 -2 -3  1  1 -1 -1 -3 -3  3 -2  0 -2 -1 -2  4 -1 -3    5  40   0   0   0   5  10   5   0   0   0  22   0   5   0   0   0   9   0   0  0.49 0.10
   18 I    0  3 -1 -2 -3  2  0 -2 -1 -1  0  2  2 -2 -2 -1  0 -3 -2 -1   11  31   0   0   0  12   5   0   0   4   5  13  11   0   0   0   5   0   0   3  0.27 0.08
   19 R   -2  6 -1 -2 -4  0 -1 -3 -1 -4 -3  3 -2 -4 -3 -2 -2 -4 -3 -3    0  77   0   0   0   0   0   0   0   0   0  23   0   0   0   0   0   0   0   0  1.12 0.19
   20 R   -2  6 -1 -2 -4  0 -1 -3 -1 -3  0  3 -1 -3 -3 -2 -2 -3 -2 -3    0  64   0   0   0   0   0   0   0   0  12  24   0   0   0   0   0   0   0   0  0.81 0.16
   21 E    0  1 -1  0 -3  3  4 -2 -1 -2 -1  1  1 -3 -2 -1  0 -3 -2 -2   10   9   0   0   0  17  40   0   0   0   7   5   5   0   0   0   7   0   0   0  0.37 0.09
   22 R   -1  5  1 -1 -3  0 -1 -2 -1 -4 -3  3 -2 -4 -2  1 -1 -4 -2 -3    0  50   7   0   0   0   0   0   0   0   0  25   0   0   0  17   0   0   0   0  0.67 0.13
   23 N   -2 -1  7  0 -4  1 -1  1 -1 -4 -4 -1 -3 -4 -3  0 -1 -4 -3 -4    0   0  85   0   0   7   0   8   0   0   0   0   0   0   0   0   0   0   0   0  1.17 0.21
   24 N   -2  4  5  0 -3  1 -1 -2 -1 -4 -3  0 -2 -4 -3  0  1 -4 -3 -3    0  34  49   0   0   8   0   0   0   0   0   0   0   0   0   0  10   0   0   0  0.71 0.15
   25 I    0 -2 -2 -1  3 -2  0 -3 -3  3  1 -2  2 -1 -3 -1 -1 -3 -2  2   12   0   0   5   8   0   9   0   0  35  10   0  10   0   0   0   0   0   0  12  0.20 0.07
   26 A    5 -2 -2 -2 -1 -2 -2 -1 -2 -2 -2 -2 -2 -3 -2  1 -1 -3 -3 -1   91   0   0   0   0   0   0   0   0   0   0   0   0   0   0   9   0   0   0   0  0.82 0.18
   27 V    4 -2 -2 -3 -1 -2 -2 -1 -3  0 -1 -2 -1 -3 -2  1 -1 -3 -2  2   65   0   0   0   0   0   0   0   0   0   0   0   0   0   0   7   0   0   0  28  0.50 0.14
   28 R   -1  5 -1 -2 -3  2  0 -2 -1 -3 -3  3 -2 -4 -2  1  0 -3 -2 -3    0  56   0   0   0   7   0   0   0   0   0  19   0   0   0  13   4   0   0   0  0.71 0.14
   29 K    0  4  1 -2 -3  0  0 -2 -1 -3 -3  4 -2 -3 -2 -1  0 -4 -2 -3    8  35   7   0   0   0   0   0   0   0   0  43   0   0   0   0   7   0   0   0  0.58 0.12
   30 S    1 -2 -1 -2  4 -1 -1  1 -2 -3 -3 -1 -2 -2 -2  4  0 -3  1 -2    7   0   0   0  12   0   0   8   0   0   0   0   0   0   0  66   0   0   7   0  0.55 0.15
   31 R   -2  7 -1 -3 -4  0 -1 -3 -1 -4 -3  2 -2 -4 -3 -2 -2 -4 -3 -4    0  92   0   0   0   0   0   0   0   0   0   8   0   0   0   0   0   0   0   0  1.33 0.21
   32 D   -1 -1  0  4 -3  3  2 -2 -1 -2  0  0 -1 -3 -2 -1 -1 -3 -3 -2    5   0   0  37   0  27  11   0   0   0  15   5   0   0   0   0   0   0   0   0  0.46 0.11
   33 K    1  5 -1 -2 -3  0 -1 -2 -1 -3 -3  4 -2 -4 -2 -1 -2 -4 -3 -3   13  47   0   0   0   0   0   0   0   0   0  40   0   0   0   0   0   0   0   0  0.73 0.15
   34 A    2  3 -1 -2 -3  0 -1 -2 -1 -2 -2  4  1 -3 -2  0 -1 -3 -2 -2   22  25   0   0   0   0   0   0   0   0   0  39   8   0   0   6   0   0   0   0  0.43 0.11
   35 K    0  3 -1 -2 -3  2  0 -2 -1 -3 -1  5 -2 -3 -2 -1 -1 -3 -2 -2   10  13   0   0   0   9   0   0   0   0   5  62   0   0   0   0   0   0   0   0  0.59 0.14
   36 M    1  0 -2 -1 -2  3  2 -2 -1  0  1  0  2 -2 -2 -1 -1 -3 -2  1   12   6   0   0   0  23  18   0   0   0  12   0   7   0   0   0   0   0   0  21  0.20 0.08
   37 R   -2  5 -1 -2 -4  0  1 -3 -1 -3 -3  3 -2 -2 -3 -1 -2  5  1 -3    0  44   0   0   0   0   9   0   0   0   0  27   0   0   0   0   0  12   7   0  0.70 0.13
   38 N    0 -2  1 -1  3 -1  2 -2 -2  1  0 -1  2 -2 -2  0 -1 -3 -2  1    6   0  13   0   9   0  21   0   0  16   5   0  12   0   0   6   0   0   0  12  0.14 0.07
   39 L    0  0  1  1 -3  3  2 -2 -1 -2  0  1  0 -2 -2  1 -1 -3 -2 -1    5   3   9   5   0  20  19   0   0   0  11  10   4   0   0  11   0   0   0   3  0.22 0.06
   40 E   -1  1 -1  1 -4  3  5 -2 -1 -4 -3  0 -2 -4 -2  1 -1 -3 -3 -3    0   5   0   6   0  18  59   0   0   0   0   0   0   0   0  12   0   0   0   0  0.73 0.14
   41 T   -1 -2  0 -3 -2 -2 -3 -3 -3  2  3 -2  2 -1 -3 -1  2 -3 -2  1    0   0   8   0   0   0   0   0   0  13  44   0  10   0   0   0  19   0   0   6  0.31 0.09
   42 Q    1 -1 -1  0 -3  3  5 -2 -1 -3 -1  0 -2 -3 -2 -1  0 -3 -2 -2   13   0   0   0   0  21  55   0   0   0   6   0   0   0   0   0   5   0   0   0  0.59 0.14
   43 H    0  2 -1  1 -3  4  2 -2  2 -1 -2  2 -1 -3 -2  0 -1 -3 -2 -2    5  12   0   7   0  31  11   0   7   9   0  12   0   0   0   5   0   0   0   0  0.34 0.09
   44 K   -2  4 -1 -2 -4  2  0 -3 -1 -4 -3  5 -2 -4 -2 -1 -2 -4 -3 -3    0  25   0   0   0  12   0   0   0   0   0  63   0   0   0   0   0   0   0   0  0.82 0.16
   45 V    2 -3 -3 -3 -1 -3 -3 -3 -3  2  0 -3  0 -2 -3 -1 -1 -3 -2  4   25   0   0   0   0   0   0   0   0  12   3   0   0   0   0   0   0   0   0  60  0.47 0.13
   46 L    1  0  2  0 -2  0  2 -2  1 -1  0  1 -1 -2 -2  0 -1 -3 -2  0   12   5  13   0   0   0  22   0   5   0  14  11   0   0   0   9   0   0   0  10  0.13 0.05
   47 E    0 -1 -1  2 -3  2  4 -2 -1 -3 -3  0 -2  1 -2  1  0 -3 -2 -2    5   0   0  11   0  14  39   0   0   0   0   0   0   9   0  18   5   0   0   0  0.41 0.10
   48 L   -2 -3 -4 -4 -2 -3 -4 -5 -3  1  5 -3  1  0 -4 -3 -2 -2  0  0    0   0   0   0   0   0   0   0   0   0  97   0   0   0   0   0   0   0   3   0  0.87 0.17
   49 T    0 -1 -1 -1 -2  0  2 -2 -2 -1 -1  1  0 -2 -2  1  3 -3 -2 -1    8   0   0   0   0   0  25   0   0   5   6  11   3   0   0  11  30   0   0   0  0.25 0.08
   50 A    2  1  0 -1 -2  1  2 -1 -1 -2 -1  1 -1 -3 -2  1 -1 -3 -2 -2   31   5   5   0   0   4  21   2   0   0   7  14   0   0   0  10   0   0   0   0  0.23 0.07
   51 E   -1 -1 -1  1 -4  2  5 -3 -1 -3 -2  0 -2 -4 -2 -1  0 -4 -3 -3    5   0   0   3   0   9  76   0   0   0   4   0   0   0   0   0   4   0   0   0  0.83 0.17
   52 N   -2  1  7  0 -4 -1 -1 -2 -1 -4 -4  1 -3 -4 -3  0 -1 -5 -3 -4    0   5  85   0   0   0   0   0   0   0   0  10   0   0   0   0   0   0   0   0  1.16 0.21
   53 E   -1 -1  0  3 -3  2  3  0  1 -1 -2  0  1 -3 -2  1  0 -3 -2 -2    0   0   0  21   0   8  32   9   4   4   0   0   9   0   0   9   5   0   0   0  0.34 0.08
   54 R    1  4 -1 -1 -3  3  1 -2 -1 -3 -3  2 -2 -3 -2  1  0 -3 -2 -2   14  32   0   0   0  17   5   0   0   0   0  15   0   0   0  12   5   0   0   0  0.41 0.09
   55 L   -2 -3 -4 -5 -2 -3 -4 -5 -4  1  5 -3  1  0 -4 -3 -2 -3 -2  0    0   0   0   0   0   0   0   0   0   0 100   0   0   0   0   0   0   0   0   0  0.93 0.18
   56 Q    0  3 -1 -1 -3  3  1 -2  1 -2 -2  2 -1 -3 -2  0 -1 -3 -2 -2   12  29   0   0   0  24   6   0   3   4   4  15   0   0   0   4   0   0   0   0  0.38 0.09
   57 K    1  1  1  0 -2  1  0  0 -1 -2  0  2 -1 -2 -2  1  0 -3 -2 -1   12   7   8   5   0   7   0   5   0   0  15  18   0   0   0  18   5   0   0   0  0.13 0.05
   58 K   -1  2 -1  2 -4  2  4 -3 -1 -3 -3  2 -2 -4 -2 -1  0 -3 -3 -3    0   9   0   8   0   7  51   0   0   0   0  19   0   0   0   0   6   0   0   0  0.61 0.12
   59 V    0 -3 -1 -3 -1 -2 -3 -3 -3  2  2 -2  1 -1 -3 -2 -1 -3 -2  3    6   0   4   0   0   0   0   0   0  14  30   0   0   0   0   0   0   0   0  43  0.34 0.08
   60 E    0 -1  2  1 -2  2  2  0  0 -3 -3  1 -2 -2 -2  1  1 -2  1 -2    9   0  11   5   0  10  25   4   0   0   0   7   0   0   0  14   8   0   9   0  0.26 0.06
   61 Q   -1  2 -1  0 -3  3  2 -3 -1 -1  1  1  2 -2 -2  0 -1 -3 -2 -1    0  12   0   4   0  27  13   0   0   0  19   9  11   0   0   5   0   0   0   0  0.27 0.08
   62 L   -2 -3 -4 -4 -2 -3 -4 -4 -3  2  5 -3  3  0 -4 -3 -2 -2 -2  0    0   0   0   0   0   0   0   0   0   9  83   0   8   0   0   0   0   0   0   0  0.73 0.14
   63 S   -1  3  1 -1 -2  0  0 -2 -1 -2 -1  1 -1 -3 -2  1  3 -3 -2 -2    0  27   9   0   0   0   5   0   0   0   4   9   0   0   0  16  29   0   0   0  0.34 0.09
   64 R   -2  3  4  0 -3  2  1 -2 -1 -4 -3  2 -2 -4 -2  0 -1 -3 -2 -3    0  26  29   0   0   9  11   0   0   0   0  20   0   0   0   5   0   0   0   0  0.51 0.10
   65 E   -2 -1 -1  2 -4  2  5 -3 -1 -4 -4  1 -3 -4  2 -1 -2 -4 -3 -3    0   0   0   8   0   7  72   0   0   0   0   5   0   0   9   0   0   0   0   0  0.87 0.15
   66 L    0 -3 -3 -4  3 -3 -3 -3 -3  1  3 -3  1 -1 -3 -2  0 -3 -2  3    6   0   0   0  11   0   0   0   0   0  44   0   0   0   0   0   7   0   0  33  0.37 0.09
   67 S    2 -1  0  2 -2  1  2  1  2 -3 -3  0 -2 -3 -1  2  0 -3 -2 -2   28   0   0  11   0   5  16   9   7   0   0   6   0   0   0  19   0   0   0   0  0.28 0.07
   68 T   -1  0 -1 -2 -2  3  0  0 -2 -1  1  1  0 -2 -2  0  2 -3 -2  0    0   0   0   0   0  24   0  10   0   0  17  15   0   0   0   0  28   0   0   7  0.21 0.09
   69 L   -2 -2 -3 -4  3 -2 -3 -4  2  0  4 -3  2 -1 -3 -2  0 -2 -1  0    0   0   0   0   9   0   0   0   9   0  69   0   6   0   0   0   8   0   0   0  0.48 0.12
   70 R   -2  4 -1 -1 -4  1  1 -3 -1 -4 -3  5 -2 -4 -2 -1 -2 -4 -3 -3    0  33   0   0   0   0   6   0   0   0   0  60   0   0   0   0   0   0   0   0  0.80 0.14
   71 N   -1  1  3  1 -3  4  0 -1  0 -3 -3  0 -2 -3 -2  0  1 -3 -2 -2    0  10  22   8   0  39   0   4   0   0   0   0   0   0   0   0  16   0   0   0  0.44 0.08
   72 L   -2 -2 -3 -2 -2 -2  0 -4 -3  3  3 -2  1  1 -3 -2 -1 -2 -1  1    0   0   0   0   0   0  13   0   0  33  48   0   0   6   0   0   0   0   0   0  0.31 0.05
   73 F   -2 -2  2 -2 -3 -2 -2 -2  0 -1 -1 -2 -1  5 -3 -2 -2  1  4 -1    0   0  22   0   0   0   0   0   0   0   0   0   0  59   0   0   0   0  19   0  0.55 0.04
   74 K   -1  2 -1 -2 -3  0  0 -2 -1 -1  1  3  2 -2 -2 -1 -1 -3 -2 -1    0  14   0   0   0   0   0   0   0   0  16  51  19   0   0   0   0   0   0   0  0.27 0.03
   75 Q   -1  1  0  0 -3  5  2 -2  0 -3 -2  2 -1 -3 -1  0  0 -3 -2 -2    0   0   0   0   0  56  16   0   0   0   0  22   0   0   0   0   6   0   0   0  0.54 0.04
   76 L   -2 -2 -3 -3 -2 -2 -3 -4  3  2  4 -2  2  0 -3 -2 -1 -2 -1  1    0   0   0   0   0   0   0   0  13   8  78   0   0   0   0   0   0   0   0   0  0.39 0.03
   77 P    1 -2 -2 -2 -2 -1 -1 -2 -2 -3 -3 -1 -2 -3  7  0 -1 -4 -3 -2   22   0   0   0   0   0   0   0   0   0   0   0   0   0  78   0   0   0   0   0  1.48 0.02
   78 E   -1  0  0  1 -3  1  4 -2  4 -3 -3  0 -2 -3 -1  1 -1 -3 -1 -3    0   0   0   0   0   0  61   0  22   0   0   0   0   0   0  16   0   0   0   0  0.50 0.01
   79 P    1 -2 -1 -1 -2 -1 -1 -1 -2 -2 -3 -1 -2 -3  6  2  0 -3 -2 -2   13   0   0   0   0   0   0   0   0   0   0   0   0   0  52  35   0   0   0   0  0.94 0.01
   80 L   -2 -2 -3 -4 -2 -2 -3 -4 -3  1  4 -3  2  2 -3 -3 -1 -1  0  1    0   0   0   0   0   0   0   0   0   0  84   0   0  16   0   0   0   0   0   0  0.43 0.01
   81 L   -1 -2 -3 -4 -1 -2 -3 -4 -3  2  3 -3  2  0 -3 -2 -1 -2 -1  2    0   0   0   0   0   0   0   0   0  17  67   0   0   0   0   0   0   0   0  16  0.37 0.00
   82 A    2  0 -1 -1 -2  0  0 -1 -1 -2 -2  2 -1 -3  3  0  0 -3 -2 -1   46   0   0   0   0   0   0   0   0   0   0  33   0   0  20   0   0   0   0   0  0.39 0.01
   83 S    2 -1  0 -1 -1 -1 -1  2 -1 -2 -2 -1 -1 -2 -1  3  1 -3 -2 -1   36   0   0   0   0   0   0  17   0   0   0   0   0   0   0  46   0   0   0   0  0.35 0.01
   84 S    2 -1 -1 -1 -1 -1 -1 -1 -2  0  0 -1  2 -2 -1  2  0 -3 -2  1   32   0   0   0   0   0   0   0   0   0   0   0  16   0   0  35   0   0   0  17  0.17 0.00
   85 G    0 -2 -1 -1 -3 -2 -2  5 -2 -4 -4 -2 -3 -3  2  0 -2 -3 -3 -3    0   0   0   0   0   0   0  88   0   0   0   0   0   0  12   0   0   0   0   0  0.95 0.01
   86 H   -1  1  2 -1 -3  0 -1  2  5 -3 -3  0 -2 -2 -2  0 -1 -3  0 -3    0  15  20   0   0   0   0  21  44   0   0   0   0   0   0   0   0   0   0   0  0.43 0.00
   87 C    0 -4 -3 -4  9 -3 -4 -3 -3 -1 -1 -3 -2 -2 -3 -1 -1 -2 -3 -1    0   0   0   0 100   0   0   0   0   0   0   0   0   0   0   0   0   0   0   0  1.25 0.01

                      K         Lambda
Standard Ungapped    0.1250     0.3108
Standard Gapped      0.0396     0.2670
PSI Ungapped         0.1294     0.3166
PSI Gapped           0.0396     0.2670
