
Last position-specific scoring matrix computed, weighted observed percentages rounded down, information per position, and relative weight of gapless real matches to pseudocounts
           A  R  N  D  C  Q  E  G  H  I  L  K  M  F  P  S  T  W  Y  V   A   R   N   D   C   Q   E   G   H   I   L   K   M   F   P   S   T   W   Y   V
    1 G    0 -2  0 -1 -2 -2 -2  5 -2 -4 -4 -1 -3 -3 -2  0 -2 -2 -3 -3    0   0   0   0   0   0   0   0   0   0   0   0   0   0   0   0   0   0   0   0  0.00     0.00
    2 S    1 -1  1  0 -1  0  0  0 -1 -2 -2  0 -1 -2 -1  4  1 -3 -2 -2    0   0   0   0   0   0   0   0   0   0   0   0   0   0   0   0   0   0   0   0  0.00     0.00
    3 H   -2  0  1 -1 -3  0  0 -2  7 -3 -3 -1 -2 -1 -2 -1 -2 -2  2 -3    0   0   0   0   0   0   0   0   0   0   0   0   0   0   0   0   0   0   0   0  0.00     0.00
    4 M   -1 -1 -2 -3 -2  0 -2 -3 -2  1  2 -1  6  0 -3 -2 -1 -2 -1  1    0   0   0   0   0   0   0   0   0   0   0   0 100   0   0   0   0   0   0   0  0.35 0.00
    5 S    2 -1  0 -1 -1  0  0  0 -1 -2 -2  0 -1 -2 -1  3  2 -3 -2 -1   22   0   0   0   0   0   0   0   0   0   0   0   0   0   0  58  20   0   0   0  0.34 0.00
    6 G    0 -3 -1 -2 -2 -2 -2  5 -2 -1 -2 -2 -2 -3 -2 -1 -1 -3 -3  0    0   0   0   0   0   0   0  81   0   0   0   0   0   0   0   0   0   0   0  19  0.70 0.00
    7 R   -1  5  0 -1 -4  1  0 -2  0 -3 -2  3 -1 -3 -2 -1 -1 -3 -2 -3    0  78   0   0   0   0   0   0   0   0   0  22   0   0   0   0   0   0   0   0  0.66 0.00
    8 G    2 -2 -1 -2 -2 -2 -2  5 -2 -3 -3 -1 -2 -3 -2  0 -1 -3 -3 -2   28   0   0   0   0   0   0  72   0   0   0   0   0   0   0   0   0   0   0   0  0.71 0.01
    9 K    0  2  0 -1 -3  1  1 -1 -1 -3 -3  5 -2 -3 -1  1  0 -3 -2 -2    0   0   0   0   0   0   0   0   0   0   0  84   0   0   0  16   0   0   0   0  0.45 0.01
   10 G    1 -1 -1 -2 -2 -1 -1  4 -2 -2 -2  1 -2 -3 -2  0 -1 -3 -3  0   14   0   0   0   0   0   0  58   0   0   0  16   0   0   0   0   0   0   0  13  0.44 0.01
   11 G    0  0  0 -1 -3 -1 -1  5 -2 -4 -3  2 -2 -3 -2  0 -1 -3 -3 -3    0   0   0   0   0   0   0  72   0   0   0  28   0   0   0   0   0   0   0   0  0.68 0.01
   12 K    1  1  0 -1 -2  1  0 -1 -1 -3 -2  4 -1 -3 -1  2  0 -3 -2 -2   14   0   0   0   0   0   0   0   0   0   0  60   0   0   0  26   0   0   0   0  0.34 0.01
   13 G    0  0 -1 -1 -3  0 -1  4 -2 -2 -3  3 -2 -3 -2  0 -1 -3 -2 -1    0   0   0   0   0   0   0  50   0   0   0  40   0   0   0   0   0   0   0  10  0.41 0.01
   14 L    2 -2 -3 -3 -1 -2 -2 -2 -2  0  2 -2  1  0 -2 -1 -1 -1  2  0   40   0   0   0   0   0   0   0   0   0  49   0   0   0   0   0   0   0  11   0  0.19 0.01
   15 G    2 -2  0 -1 -1 -1 -1  4 -2 -3 -3 -1 -2 -3 -1  3  0 -3 -2 -2   19   0   0   0   0   0   0  38   0   0   0   0   0   0   0  43   0   0   0   0  0.45 0.02
   16 K    0  1  0 -1 -3  1  0  0 -1 -3 -3  4 -2 -3 -1  2  0 -3 -2 -2    0   0   0   0   0   0   0   7   0   0   0  67   0   0   0  26   0   0   0   0  0.39 0.03
   17 G    0 -2 -1 -2 -2 -2 -2  5 -2 -2 -2  0 -2 -3 -2 -1 -1 -3 -3  0    0   0   0   0   0   0   0  77   0   0   0   7   0   0   0   0   0   0   0  16  0.67 0.02
   18 G    2 -2 -1 -2 -2 -2 -2  4 -2  0 -1 -2 -1 -2 -2  0 -1 -3 -3  0   26   0   0   0   0   0   0  55   0  19   0   0   0   0   0   0   0   0   0   0  0.44 0.02
   19 A    4  0 -1 -2 -1  0 -1  0 -2 -2 -2  2 -1 -3 -1  1  0 -3 -2 -1   76   0   0   0   0   0   0   0   0   0   0  24   0   0   0   0   0   0   0   0  0.37 0.04
   20 K   -1  3  0 -1 -3  3  1 -2 -1 -3 -3  5 -1 -3 -1  0 -1 -3 -2 -3    0  12   0   0   0  19   0   0   0   0   0  69   0   0   0   0   0   0   0   0  0.57 0.05
   21 R   -2  5 -1 -2  1  0 -1 -3  1 -2 -2  1 -2 -3  3 -1 -1 -3 -2 -2    0  71   0   0   6   0   0   0   4   4   0   0   0   0  15   0   0   0   0   0  0.62 0.06
   22 H   -2  1  0 -1 -3  0  0 -2  7 -3 -3  3 -2 -2 -2  0 -1 -3  0 -3    0   4   0   0   0   0   0   0  58   0   0  33   0   0   0   4   0   0   0   0  0.67 0.07
   23 R   -1  5 -1 -2 -3  0  0 -2 -1 -3 -2  2 -2 -3 -2  0  2 -3 -2 -2    0  68   0   0   0   0   0   0   0   0   0  10   0   0   0   0  22   0   0   0  0.61 0.06
   24 K   -1  4 -1 -1 -4  1  0 -2 -1 -3 -3  5 -2 -3 -2 -1 -1 -3 -2 -3    0  38   0   0   0   0   0   0   0   0   0  62   0   0   0   0   0   0   0   0  0.66 0.06
   25 V    0 -1 -1 -1 -2  2  2 -2 -1  1 -1 -1  0 -1 -2  0  1 -1  2  2    3   0   0   0   0  14  18   0   0   8   0   0   0   0   0   6   8   0  14  28  0.13 0.02
   26 L   -1 -2  0 -2 -2  0 -1 -2 -2  0  2 -1  0 -1  3  1  0 -3 -2  0    0   0   4   0   0   8   0   0   0   6  37   0   0   0  18  28   0   0   0   0  0.24 0.03
   27 R   -1  3  0  0 -3  1  2 -1 -1 -3 -3  3 -2 -3 -2  1  0 -3 -2 -3    0  31   0   0   0   4  18   3   0   0   0  25   0   0   0  19   0   0   0   0  0.40 0.03
   28 D    0 -1  0  4 -2  0  2 -1 -1 -1  0  0 -1 -2 -1  1  0 -2 -2 -1    5   1   1  36   0   1  16   1   0   1  15   1   0   1   1  16   1   0   1   1  0.25 0.02
   29 N    0 -1  4  0 -2  0  0 -1  1 -2 -2  0 -2 -2 -1  2  1 -2 -1 -2    5   1  37   1   0   1   1   1   4   1   2   1   0   1   1  33   7   0   1   1  0.31 0.03
   30 I   -1 -1  0 -1 -1 -1 -1 -2 -2  3  1 -1  0 -1 -1 -1  1 -2 -1  1    2   2   5   2   1   1   2   2   1  49   7   2   1   1   2   2  16   0   1   2  0.11 0.02
   31 Q   -1  0  0  2 -2  4  1 -2  0 -1  1  1  0 -2 -1  0 -1 -2 -1 -1    1   1   5  15   0  37   5   1   0   1  19   5   3   1   1   1   1   0   1   1  0.21 0.03
   32 G    0 -2 -1 -1 -2 -1 -1  4 -2 -1 -2 -1 -1 -2 -1  1 -1 -2 -2  0    1   1   1   1   0   1   1  55   0   1   2   1   0   1   1  15   1   0   1  16  0.41 0.03
   33 I   -2 -3 -4 -4 -2 -3 -4 -4 -4  4  3 -3  1  0 -3 -3 -1 -3 -2  2    0   0   0   0   0   0   0   0   0  56  42   0   0   0   0   0   0   0   0   2  0.52 0.08
   34 T    1 -2 -1 -2 -2 -1 -1 -2 -2 -2 -2 -1 -2 -3  6  1  3 -4 -3 -1   11   0   0   0   0   0   0   0   0   0   0   0   0   0  42   9  38   0   0   0  0.83 0.09
   35 K   -1  0 -1 -1 -2  0  1 -2 -2  1 -1  3  1 -2 -2  0 -1 -3 -2  0    0   0   0   0   0   0  10   0   0  19   0  46   5   0   0  11   0   0   0   8  0.21 0.06
   36 P    2 -2 -2 -2  1 -1 -1 -1 -2 -2 -3 -1 -2 -3  5  1  1 -3 -3 -2   32   0   0   0   5   0   0   0   0   0   0   0   0   0  42  11  10   0   0   0  0.77 0.08
   37 A    3 -2  1 -2 -2 -1 -1 -1 -2 -2  0 -1 -1 -3  5  0  0 -3 -2 -1   42   0  10   0   0   0   0   0   0   0  11   0   0   0  32   0   5   0   0   0  0.54 0.07
   38 I   -2 -4 -4 -4 -2 -3 -4 -4 -4  5  1 -3  1  1 -3 -3 -1 -3 -1  3    0   0   0   0   0   0   0   0   0  76   0   0   0   8   0   0   0   0   0  15  0.56 0.09
   39 R   -2  5  0  2 -4  0  1  0 -1 -4 -3  2 -2 -4 -2 -1 -2 -3 -3 -3    0  56   0  15   0   0   8   9   0   0   0  11   0   0   0   0   0   0   0   0  0.56 0.08
   40 R   -2  6 -1 -2 -4  2  0 -3 -1 -4 -3  2 -2 -4 -3 -1 -2 -3 -2 -3    0  79   0   0   0  11   0   0   0   0   0  10   0   0   0   0   0   0   0   0  0.90 0.11
   41 L   -2 -3 -4 -4 -2 -3 -4 -4 -4  3  4 -3  1  0 -3 -3 -1 -2 -2  1    0   0   0   0   0   0   0   0   0  37  63   0   0   0   0   0   0   0   0   0  0.54 0.08
   42 A    3 -2 -3 -3 -1 -2 -2 -1 -2  2  0 -2  0  2 -2  0 -1 -2 -1  0   56   0   0   0   0   0   0   0   0  24   8   0   0  11   0   0   0   0   0   0  0.26 0.07
   43 R   -1  5  1 -1 -3  0  0 -2 -1 -3 -3  3 -2 -3 -2  1 -1 -3 -2 -3    0  62  10   0   0   0   0   0   0   0   0  17   0   0   0  11   0   0   0   0  0.65 0.09
   44 R   -1  4  1 -1 -3  1  0 -2  4 -3 -3  3 -2 -3 -2  0 -1 -3 -1 -3    0  42   9   0   0   0   0   0  16   0   0  24   0   0   0  10   0   0   0   0  0.51 0.07
   45 G    3 -2 -2 -2 -2 -2 -2  4 -1 -2 -2 -2 -2 -1 -2  0 -1 -1  3 -1   37   0   0   0   0   0   0  38   0   0   0   0   0   0   0   0   0   0  21   4  0.43 0.07
   46 G    0 -3 -1 -2 -3 -2 -2  6 -3 -2 -3 -2 -2 -3 -3  1 -1 -3 -3  0    0   0   0   0   0   0   0  79   0   0   0   0   0   0   0  10   0   0   0  11  0.87 0.09
   47 V    2 -1 -2 -2 -1  1 -1 -2 -2  1 -1  1  0 -2 -2 -1 -1 -3 -2  3   32   0   0   0   0  10   0   0   0   0   0  11   0   0   0   0   0   0   0  46  0.22 0.07
   48 K   -1  2 -1  0 -3  1  3 -2 -1 -3 -3  4 -2 -4 -2  0  1 -3 -2 -2    0   9   0   0   0   0  32   0   0   0   0  47   0   0   0   0  11   0   0   0  0.50 0.08
   49 R   -2  6 -1 -2 -4  0 -1 -3 -1 -2 -3  2 -2 -3  2 -1 -2 -3 -2 -2    0  74   0   0   0   0   0   0   0   5   0  10   0   0  11   0   0   0   0   0  0.78 0.10
   50 I   -1 -3 -4 -4 -1 -3 -3 -4 -4  4  1 -3  1 -1 -3 -2 -1 -3 -2  4    0   0   0   0   0   0   0   0   0  43   4   0   0   0   0   0   0   0   0  53  0.52 0.08
   51 S    1 -1  0 -1 -1 -1 -1  1 -2 -2 -2 -1 -2 -3 -1  4  2 -3 -2 -2   10   0   2   0   0   0   0   9   0   0   5   0   0   0   0  63  11   0   0   0  0.40 0.08
   52 G    0  2  0  1 -3  0  1  4 -1 -3 -3  0 -2 -2 -2  0 -1 -3 -2 -3    8  20   0   9   0   0  10  42   0   0   0   0   0   3   0   9   0   0   0   0  0.39 0.05
   53 L    0 -2 -1  3 -2  0  0  0 -2 -1  1 -1  0 -1 -1  0 -1 -3 -2 -1   11   0   0  29   0   3   3   9   0   0  29   0   2   2   3  10   0   0   0   0  0.15 0.04
   54 I    3 -3 -3 -3  3 -2 -2 -2 -3  2  0 -2  0 -2 -2  0 -1 -3 -2  2   44   0   0   0   9   0   0   0   0  28   0   0   0   0   0   0   0   0   0  20  0.28 0.06
   55 Y    1  0 -2 -3 -2 -2 -2 -3  0  0 -1 -2 -1  3 -3 -1 -2  0  6  0   19   9   0   0   0   0   0   0   0  10   0   0   0   9   0   0   0   0  49   5  0.45 0.08
   56 E   -1  0  0  2 -4  1  5 -2 -1 -4 -3  3 -2 -4 -2 -1 -1 -4 -3 -3    0   0   0  10   0   0  59   0   0   0   0  30   0   0   0   0   0   0   0   0  0.68 0.09
   57 E    0 -1 -1  1 -3  1  4 -3 -1  1 -2  0 -1 -2 -2 -1 -1 -2  1  0    9   0   0   2   0   0  54   0   0  15   0   5   0   0   0   0   0   0   8   7  0.32 0.07
   58 T   -1 -2 -2 -3 -1 -2 -2 -3 -3  2  2 -2  2 -1 -2  0  3 -3 -2  1    0   0   0   0   0   0   0   0   0  11  37   0   5   0   0   2  34   0   0  11  0.27 0.05
   59 R    2  4  1 -1 -2  0  1 -2 -1 -2 -2  1 -2 -3 -2  0  1 -3 -2 -1   27  38   9   0   0   0  11   0   0   0   0   0   0   0   0   0  10   0   0   5  0.29 0.06
   60 G    0  1  2  0 -3  1  2  1 -1 -3 -3  2 -2 -3 -2  0  1 -3 -2 -2    4   5  19   0   0   2  24  13   0   0   0  20   0   0   0   2  11   0   0   0  0.30 0.04
   61 V    2 -3 -3 -3  4 -2 -2 -2 -2  1  0 -2  0 -1 -2 -1 -1 -2  2  3   31   0   0   0  11   0   0   0   0   0   0   0   0   0   0   0   0   0  10  47  0.29 0.07
   62 L    0 -2 -2 -3 -2 -2 -2 -2 -2  1  3 -2  1  1 -3  1 -1 -2 -1  0    9   0   0   0   0   0   0   0   0   0  57   0   0   9   0  21   0   0   0   4  0.25 0.06
   63 K   -1  2 -1  0 -4  1  4 -2 -1 -4 -3  3 -2 -4 -2 -1 -1 -3 -2 -3    0  13   0   0   0   0  54   0   0   0   0  34   0   0   0   0   0   0   0   0  0.64 0.09
   64 V    0  1 -1  1 -2  1  3 -2 -1  0  0  0 -1 -2 -2  0  0 -3 -2  1    5  11   2   5   0   2  32   2   0   0  13   0   0   0   0   6   3   0   0  20  0.14 0.04
   65 F   -2 -2 -3 -4 -3 -2 -3 -4  0  0 -1  0 -1  5 -4 -2 -2  1  5 -1    0   0   0   0   0   0   0   0   0   8   0   9   0  47   0   0   0   0  35   0  0.70 0.09
   66 L    1 -3 -3 -3 -2 -2 -3  0 -2  1  2 -2  1  3 -3 -1 -1 -1  0  0   24   0   0   0   0   0   0   9   0   9  38   0   0  21   0   0   0   0   0   0  0.21 0.05
   67 E   -1  1 -1  0 -3  1  4 -3 -1  1  0  2 -1 -2 -2 -1 -1 -3 -2 -1    0   9   0   0   0   0  44   0   0  15   8  21   0   0   0   0   3   0   0   0  0.31 0.06
   68 N   -1  0  3  2 -3  3  3 -2  0 -3 -3  0 -2 -3 -2  1  1 -3 -2 -3    0   0  28   9   0  23  23   0   0   0   0   0   0   0   0   8   9   0   0   0  0.45 0.06
   69 V   -1 -3 -3 -3 -1 -3 -3 -4 -4  4  1 -3  1 -1 -3 -2  1 -3 -2  4    0   0   0   0   0   0   0   0   0  40   4   0   0   0   0   0   9   0   0  47  0.43 0.07
   70 I    2 -2 -2 -2 -1 -2 -2 -1 -2  2  1 -2  0 -1 -2  1  0 -3 -2  1   35   0   0   0   0   0   0   0   0  31   9   0   0   0   0  18   0   0   0   6  0.20 0.05
   71 R   -1  4  1 -1 -3  0  0 -2 -1 -3 -3  3 -2 -3 -2  1  0  2 -2 -3    0  31  10   0   0   0   5   0   0   0   0  25   0   0   0  20   4   5   0   0  0.39 0.06
   72 D   -2 -1  1  5 -4  0  2 -2 -1 -1 -3  1 -2 -3 -2 -1 -1 -3  0 -2    0   0   5  54   0   0  13   0   0   9   0  15   0   0   0   0   0   0   5   0  0.53 0.07
   73 A    4 -2 -2 -2 -1 -1 -1 -1 -2 -1  1 -1  0 -2 -2  2  0 -3 -2  0   64   0   0   0   0   0   0   0   0   0  21   0   0   0   0  15   0   0   0   0  0.34 0.08
   74 V   -1 -2 -2 -2  3 -2  0 -3 -3  1  0 -2  0 -2 -3  0  0 -3 -2  4    0   0   0   0   9   0  11   0   0   0   0   0   0   0   0  10   0   0   0  70  0.33 0.08
   75 T    2 -1 -1  1 -2  0  2 -2 -2  0 -2  1 -1 -3 -1  0  3 -3 -2 -1   24   0   0   8   0   0  16   0   0   9   0   9   0   0   0   0  35   0   0   0  0.22 0.05
   76 Y   -2 -2 -1 -3 -3 -2 -3 -4  0  0  1 -3  0  4 -4 -2 -2  1  6 -1    0   0   5   0   0   0   0   0   0   5  17   0   0  20   0   0   0   0  53   0  0.66 0.09
   77 T    3 -2 -1 -2  0 -1 -1 -1 -2 -2 -2 -1 -1 -3 -1  2  3 -3 -2 -1   51   0   0   0   2   0   0   0   0   0   0   0   0   0   0  11  36   0   0   0  0.42 0.08
   78 E   -1  2  0  2 -3  2  4 -2 -1 -3 -3  2 -2 -4 -2  0  0 -3 -2 -3    0  10   0  10   0  11  38   0   0   0   0  22   0   0   0   0   9   0   0   0  0.46 0.06
   79 H   -3 -1  0 -2 -4  0 -1 -3  9 -4 -4 -2 -2 -2 -3 -2 -3 -3  1 -4    0   0   0   0   0   0   0   0 100   0   0   0   0   0   0   0   0   0   0   0  1.63 0.18
   80 A    5 -2 -2 -2 -1 -1 -1  0 -2 -2 -2 -1 -2 -3 -1  1  0 -3 -2 -1   93   0   0   0   0   0   0   0   0   0   0   0   0   0   0   5   2   0   0   0  0.64 0.11
   81 K   -1  2 -1 -1 -3  0 -1  4  2 -4 -3  3 -2 -3 -2 -1 -2 -3 -2 -3    0   9   0   0   0   0   0  38  10   0   0  43   0   0   0   0   0   0   0   0  0.50 0.07
   82 R   -2  7 -1 -2 -4  0 -1 -3 -1 -2 -3  2 -2 -3 -3 -1 -2 -3 -2 -3    0  98   0   0   0   0   0   0   0   2   0   0   0   0   0   0   0   0   0   0  1.11 0.14
   83 K   -1  2 -1 -1 -4  1  1 -2 -1 -3 -3  6 -2 -4  0 -1 -1 -4 -3 -3    0   5   0   0   0   0   2   0   0   0   0  91   0   0   2   0   0   0   0   0  0.78 0.12
   84 T   -1 -2 -1 -2 -2 -1 -2 -2 -2 -1 -2 -1 -1 -3 -2  1  6 -3 -2 -1    0   0   0   0   0   0   0   0   0   0   0   0   0   0   0   0 100   0   0   0  0.88 0.14
   85 V   -1 -3 -4 -4 -1 -3 -3 -4 -4  3  1 -3  0 -1 -3 -2 -1 -3 -2  5    0   0   0   0   0   0   0   0   0  19   0   0   0   0   0   0   0   0   0  81  0.59 0.10
   86 T   -1  0  0  1 -2  0  1 -2 -2 -2 -2  3 -2 -3 -2  0  4 -3 -2 -1    0   0   0  10   0   0  11   0   0   0   0  27   0   0   0   0  51   0   0   0  0.40 0.08
   87 A    3 -2 -2 -2  3 -1 -2 -1 -2  0 -1 -1  2 -2 -2  1  1 -3 -2  1   53   0   0   0   9   0   0   0   0   0   0   0  11   0   0   5  10   0   0  12  0.28 0.07
   88 M    1 -1 -1  0 -2  1  2 -2 -1 -1  1 -1  3 -2 -2  1  0 -3 -2 -1   11   0   0   5   0  10  19   0   0   0  13   0  25   0   0  18   0   0   0   0  0.17 0.05
   89 D   -1 -2  1  7 -4 -1  1 -2 -2 -4 -4 -1 -4 -4 -2 -1 -2 -5 -4 -4    5   0   0  95   0   0   0   0   0   0   0   0   0   0   0   0   0   0   0   0  1.22 0.13
   90 V   -1 -3 -4 -4 -1 -3 -3 -4 -4  4  1 -3  0 -1 -3 -2 -1 -3 -2  4    0   0   0   0   0   0   0   0   0  39   0   0   0   0   0   0   0   0   0  61  0.55 0.09
   91 V   -1 -1 -2 -1 -2  0  2 -3 -2  1  0  2  0 -2 -2 -1 -1 -3 -2  3    0   0   0   0   0   0  20   0   0   0   9  24   0   0   0   0   0   0   0  47  0.21 0.07
   92 Y   -2 -2 -3 -4 -2 -2 -3 -4  3  0  3 -3  1  1 -3 -3 -2  0  5  0    0   0   0   0   0   0   0   0   9   0  54   0   0   0   0   0   0   0  38   0  0.52 0.09
   93 A    4 -2 -2 -2 -1 -1 -2 -1 -2 -1  1 -1  0 -2 -2  1  0 -3 -2  0   62   0   0   0   0   0   0   0   0   0  21   0   0   0   0  12   0   0   0   5  0.31 0.07
   94 L   -2 -3 -4 -4 -2 -2 -3 -4 -3  2  4 -3  4  0 -3 -3 -1 -2 -2  1    0   0   0   0   0   0   0   0   0  10  60   0  21   0   0   0   0   0   0   9  0.48 0.07
   95 K   -1  3 -1 -1 -4  1  0 -2 -1 -3 -3  6 -2 -4 -2 -1 -1 -4 -2 -3    0  12   0   0   0   0   0   0   0   0   0  88   0   0   0   0   0   0   0   0  0.77 0.11
   96 R   -2  6 -1 -2 -4  2  0 -3  0 -2 -3  2 -2 -3 -3 -1 -2 -3 -2 -3    0  82   0   0   0   6   0   0   2   2   0   7   0   0   0   0   0   0   0   0  0.83 0.09
   97 Q   -1  0 -1 -1 -3  6  1 -3  0 -2 -1  0  4 -3 -2 -1 -1 -2 -2 -2    0   0   0   0   0  75   0   0   0   0   0   0  25   0   0   0   0   0   0   0  0.63 0.09
   98 G    0 -3 -1 -2 -3 -2 -2  6 -2 -4 -4 -2 -3 -4 -3 -1 -2 -3 -3 -4    0   0   0   0   0   0   0 100   0   0   0   0   0   0   0   0   0   0   0   0  1.18 0.05
   99 R   -2  5 -1 -2 -3  0 -1 -3 -1  1 -1  2 -1 -2 -2 -1 -1 -3 -2 -1    0  72   0   0   0   0   0   0   0  22   0   5   0   0   0   0   0   0   0   0  0.47 0.02
  100 T    0  0  0 -1 -1  0 -1 -2 -2 -1 -2  2 -1 -3 -1  1  4 -3 -2 -1    0   0   0   0   0   0   0   0   0   0   0  22   0   0   0   0  78   0   0   0  0.42 0.03
  101 L   -2 -2 -3 -4 -2 -2 -3 -4 -1  1  4 -3  1  1 -3 -2 -1  0  3  0    0   0   0   0   0   0   0   0   0   4  73   0   0   0   0   0   0   0  22   0  0.40 0.02
  102 Y   -2 -2 -3 -3 -2 -2 -3 -4  1  1  0 -2  0  2 -3 -2 -2  1  7  0    0   0   0   0   0   0   0   0   0  24   0   0   0   0   0   0   0   0  76   0  0.66 0.03
  103 G    0 -3 -1 -2 -3 -2 -2  6 -2 -4 -4 -2 -3 -3 -2  0 -2 -3 -3 -3    0   0   0   0   0   0   0 100   0   0   0   0   0   0   0   0   0   0   0   0  1.11 0.02
  104 F   -2 -3 -3 -4 -3 -3 -3 -3  0 -1  0 -3  0  6 -4 -2 -2  1  5 -1    0   0   0   0   0   0   0   0   0   0   0   0   0  69   0   0   0   0  31   0  0.76 0.02
  105 G    0 -2  1 -1 -3 -2 -2  5 -2 -4 -4 -1 -3 -3 -2  1 -1 -3 -3 -3    0   0   9   0   0   0   0  82   0   0   0   0   0   0   0   9   0   0   0   0  0.83 0.01
  106 G    1 -2  0 -1 -2 -2 -2  5 -2 -4 -4 -1 -3 -3 -2  1 -1 -3 -3 -3    6   0   0   0   0   0   0  83   0   0   0   0   0   0   0  10   0   0   0   0  0.84 0.01

                      K         Lambda
Standard Ungapped    0.1405     0.3205
Standard Gapped      0.0411     0.2670
PSI Ungapped         0.1343     0.3163
PSI Gapped           0.0411     0.2670
