
Last position-specific scoring matrix computed, weighted observed percentages rounded down, information per position, and relative weight of gapless real matches to pseudocounts
            A   R   N   D   C   Q   E   G   H   I   L   K   M   F   P   S   T   W   Y   V   A   R   N   D   C   Q   E   G   H   I   L   K   M   F   P   S   T   W   Y   V
    1 M    -1  -2  -2  -3  -2  -1  -2  -3  -2   1   2  -2   6   0  -3  -2  -1  -2  -1   1    0   0   0   0   0   0   0   0   0   0   0   0 100   0   0   0   0   0   0   0  0.39 0.02
    2 K    -1   1   1   4  -3   1   1  -2  -1  -3  -3   4  -2  -4  -1   0  -1  -4  -2  -3    0   0   0  40   0   0   0   0   0   0   0  60   0   0   0   0   0   0   0   0  0.48 0.01
    3 N    -2  -2   3  -1  -3  -1  -2  -2   1  -1  -1  -2  -1   4  -3  -1  -1   1   5  -2    0   0  30   0   0   0   0   0   0   0   0   0   0  30   0   0   0   0  40   0  0.44 0.01
    4 I    -2  -3  -4  -3  -1  -3  -4  -4  -4   5   2  -3   1   0  -3  -3  -1  -3  -2   3    0   0   0   0   0   0   0   0   0 100   0   0   0   0   0   0   0   0   0   0  0.44 0.02
    5 K    -1   1   5   1  -3   1   0  -1   0  -3  -3   3  -2  -3  -2   0   0  -4  -2  -3    0   0  57   0   0   0   0   0   0   0   0  43   0   0   0   0   0   0   0   0  0.49 0.01
    6 K    -1   2   0  -1  -3   1   1  -2  -1  -3  -3   5  -2  -3  -1   0  -1  -3  -2  -3    0   0   0   0   0   0   0   0   0   0   0 100   0   0   0   0   0   0   0   0  0.57 0.02
    7 N    -1   0   5   1  -3   1   2  -1   0  -3  -3   2  -2  -3  -2   0   0  -4  -2  -3    0   0  55   0   0   0  21   0   0   0   0  24   0   0   0   0   0   0   0   0  0.48 0.01
    8 Q    -1   1   0   3  -3   4   1  -2   0  -3  -3   3  -1  -4  -1   0  -1  -3  -2  -3    0   0   0  24   0  43   0   0   0   0   0  33   0   0   0   0   0   0   0   0  0.46 0.01
    9 V    -1  -2  -3  -3  -2  -2  -3  -4  -1   2   2  -2   1   1  -3  -2  -1   0   4   2    0   0   0   0   0   0   0   0   0  21  24   0   0   0   0   0   0   0  33  21  0.30 0.01
   10 M    -1   0  -2  -3  -2   0  -1  -3  -2   1   2   1   5   0  -2  -2  -1  -2  -1   0    0   0   0   0   0   0   0   0   0   0  24  21  55   0   0   0   0   0   0   0  0.24 0.01
   11 N    -1  -1   5   0  -3  -1  -1   4   0  -4  -4  -1  -3  -3  -2   0  -1  -3  -3  -3    0   0  56   0   0   0   0  44   0   0   0   0   0   0   0   0   0   0   0   0  0.66 0.03
   12 L    -2  -3  -4  -4  -2  -3  -3  -4  -3   1   5  -3   2   0  -3  -3  -1  -2  -1   1    0   0   0   0   0   0   0   0   0   0 100   0   0   0   0   0   0   0   0   0  0.56 0.05
   13 G     0  -2   3  -1  -2  -1  -1   4  -1  -2   0  -1  -1  -2  -2   1  -1  -3  -2  -2    0   0  21   0   0   0   0  41   0   0  19   0   0   0   0  19   0   0   0   0  0.33 0.02
   14 P    -1  -2  -3  -3  -2  -2  -2  -3  -3   0   2  -2   3  -1   5  -2  -1  -3  -2   0    0   0   0   0   0   0   0   0   0   0  37   0  21   0  41   0   0   0   0   0  0.68 0.04
   15 N    -1   0   5   0  -3   0   0  -1   0  -3  -3   2  -2  -3  -2   1   2  -4  -2  -2    0   0  60   0   0   0   0   0   0   0   0  19   0   0   0   0  21   0   0   0  0.49 0.04
   16 S     0   1   3   0  -2   0   0  -1  -1  -3  -3   3  -2  -3  -1   3   0  -3  -2  -2    0   0  21   0   0   0   0   0   0   0   0  37   0   0   0  41   0   0   0   0  0.37 0.03
   17 K    -1   2   0  -1  -4   1   1  -2  -1  -3  -3   5  -2  -4  -1   0  -1  -3  -2  -3    0   0   0   0   0   0   0   0   0   0   0 100   0   0   0   0   0   0   0   0  0.67 0.06
   18 L    -1  -1  -2  -1  -1   0   1  -2  -2   1   2  -1   1   0  -2  -1  -1  -2  -1   1    2   1   1   1   0   1  20   2   0   1  43   1   0   1   1   2   1   0   1  20  0.12 0.01
   19 L    -1  -2  -2  -2  -1  -2  -2  -3  -2   3   2  -2   1   0  -2  -2  -1  -2  -1   2    2   1   1   1   0   1   1   2   0  35  28   1   0   1   1   2   1   0   1  20  0.20 0.01
   20 K    -1   2   0  -1  -4   1   1  -2  -1  -3  -3   5  -2  -4  -1   0  -1  -3  -2  -3    0   0   0   0   0   0   0   0   0   0   0 100   0   0   0   0   0   0   0   0  0.67 0.06
   21 E    -1   0   0   4  -4   2   2  -2  -1  -3  -3   2  -2  -4   3   0  -1  -4  -3  -3    0   0   0  36   0  13  13   0   0   0   0  19   0   0  19   0   0   0   0   0  0.55 0.03
   22 Y    -1  -1  -1  -2  -1  -1  -1  -2   1   0   0  -1   3   2  -1  -1  -1   1   5   0    3   2   2   2   1   2   2   3   1   2   3   2  22   1   2   3   2   0  42   2  0.24 0.02
   23 K    -1   3   3   0  -3   1   0  -2  -1  -3  -3   4  -2  -3  -2   0  -1  -3  -2  -3    0  19  21   0   0   0   0   0   0   0   0  60   0   0   0   0   0   0   0   0  0.50 0.04
   24 S     0   0   2  -1  -2   0   0  -1  -1  -3  -3   2  -2  -3   3   2   2  -3  -2  -2    0   0  16   0   0   0   0   0   0   0   0  30   0   0  16  22  16   0   0   0  0.37 0.04
   25 Q    -2  -1   2  -1  -3   3   0  -2   5  -1  -2  -1  -1   2  -2  -1  -1  -2   0   0    0   0  14   0   0  30   0   0  28   0   0   0   0  14   0   0   0   0   0  14  0.32 0.06
   26 L    -1  -2  -2  -3  -2  -1  -2  -2  -2   1   2  -2   4  -1  -2   2   0   5  -1   0    0   0   0   0   0   0   0   0   0  14  19   0  28   0   0  28   0  11   0   0  0.27 0.06
   27 I    -1  -2  -2  -3  -2  -2  -2   1  -3   2   1  -2   5  -1  -3  -1   2  -3  -2   2    0   0   0   0   0   0   0  12   0   8   0   0  39   0   0   0  17   0   0  24  0.26 0.08
   28 E    -1   2   2  -1  -3   0   0   0  -1  -3  -3   2  -2  -3   3   1   0  -4  -2  -3    0  17  15   0   0   0   5   8   0   0   0  16   0   0  14  18   6   0   0   0  0.34 0.07
   29 L    -2  -3  -4  -5  -2  -3  -4  -5  -4   3   5  -3   1   0  -4  -3  -2  -3  -2   0    0   0   0   0   0   0   0   0   0  16  84   0   0   0   0   0   0   0   0   0  0.75 0.16
   30 N     0  -2   2   2  -2  -1  -1  -1  -2  -3  -3  -1  -2  -3   1   4   3  -4  -3  -2    0   0  11  14   0   0   0   0   0   0   0   0   0   0   7  46  21   0   0   0  0.47 0.13
   31 I    -1   0   1   3  -3   2   1  -2  -1  -1  -2   2   1  -3  -2   1  -1  -4  -3  -2    0   0   7  26   0  16   8   0   0   5   0  19   6   0   0  13   0   0   0   0  0.33 0.09
   32 E    -2  -1   2   2  -4   4   3  -2   0  -1  -3   0  -2  -2  -2  -1  -1  -3   1  -2    0   0  14  15   0  34  24   0   0   6   0   0   0   0   0   0   0   0   8   0  0.48 0.12
   33 Q    -2  -1  -2  -2  -3   6   0  -3  -1   1   1   0   2  -2  -3  -2  -2  -3  -2  -1    0   0   0   0   0  64   0   0   0  14  16   0   6   0   0   0   0   0   0   0  0.62 0.19
   34 F    -2   3  -2  -3  -3  -1   0  -3  -1  -1   2   1   0   4  -3  -2  -2   3   2  -1    0  23   0   0   0   0   6   0   0   0  25   8   0  26   0   0   0   4   8   0  0.31 0.09
   35 E    -1  -1  -1   2  -3   3   4   0  -1  -3  -3   0  -2  -3  -2   0   0  -3   1  -3    0   0   0   8   0  21  41   8   0   0   0   0   0   0   0   6   8   0   7   0  0.45 0.11
   36 A     0  -3  -3  -4  -2  -3  -3  -4  -3   4   1  -3   2   1  -3  -2   0  -3  -1   3    5   0   0   0   0   0   0   0   0  35   8   0   6   8   0   0   6   0   0  32  0.35 0.09
   37 G    -1  -3  -3  -4  -2  -3  -3   0  -3   3   2  -3   3  -1  -3  -2  -1  -3  -2   3    0   0   0   0   0   0   0  10   0  26  21   0  13   0   0   0   0   0   0  30  0.34 0.09
   38 I    -2  -3  -2   0  -2  -2  -2  -4  -2   2   2  -3   0   2  -3  -2   0  -1   2   2    0   0   0   8   0   0   0   0   0  18  26   0   0   8   0   0   7   0  12  20  0.23 0.07
   39 G    -1  -3  -1  -2  -4  -3  -3   7  -3  -5  -5  -3  -4  -4  -3  -1  -3  -4  -4  -4    0   0   0   0   0   0   0 100   0   0   0   0   0   0   0   0   0   0   0   0  1.55 0.22
   40 L    -1  -2   0  -2  -2  -2  -2  -2  -2   1   3  -2   0  -1  -2   3   0  -3  -2  -1    0   0   6   0   0   0   0   0   0   7  40   0   0   0   0  46   0   0   0   0  0.31 0.13
   41 I    -2  -3  -4  -4  -2  -3  -4  -4  -4   2   5  -3   4   0  -4  -3  -2  -3  -2   0    0   0   0   0   0   0   0   0   0  11  75   0  14   0   0   0   0   0   0   0  0.68 0.15
   42 L    -2  -3  -4  -4  -2  -2  -4  -4  -3   1   5  -3   5   0  -4  -3  -2  -2  -2   0    0   0   0   0   0   0   0   0   0   0  74   0  26   0   0   0   0   0   0   0  0.76 0.17
   43 G    -1  -3  -1  -2  -3  -2  -3   6  -3  -4  -4  -2  -3  -4  -3   0   0  -4  -4  -4    0   0   0   0   0   0   0  85   0   0   0   0   0   0   0   8   7   0   0   0  1.17 0.18
   44 D    -2  -3   0   7  -4  -1   0   2  -2  -4  -5  -2  -4  -5  -3  -1  -2  -5  -4  -4    0   0   0  82   0   0   0  18   0   0   0   0   0   0   0   0   0   0   0   0  1.18 0.20
   45 A     3  -3  -2  -2  -2  -2  -2   4  -3  -2  -1  -2  -2  -3  -2   0   0  -3  -3  -1   32   0   0   0   0   0   0  48   0   0   7   0   0   0   0   0   8   0   0   6  0.51 0.11
   46 Y    -2   1   3  -1   4   1  -1  -2   2  -3  -3  -1  -2  -1  -3   0   0   6   3  -3    0   8  26   0  12   7   0   0   6   0   0   0   0   0   0   6   4  15  16   0  0.48 0.12
   47 I     0  -3  -4  -4  -2  -2  -3  -3  -3   4   3  -3   3  -1  -3  -2  -1  -3  -2   1   12   0   0   0   0   0   0   0   0  38  30   0  15   0   0   0   0   0   0   4  0.40 0.11
   48 R    -1   3   1   0  -3   2   3  -2  -1  -3  -3   2  -2  -4  -2   1   1  -3  -2  -3    0  23   8   0   0   8  27   0   0   0   0  13   0   0   0  12   8   0   0   0  0.42 0.09
   49 S    -1   2   0   0  -3   1   1  -2   1  -3  -3   3  -2  -3   0   2   1  -3  -2  -3    0   9   0   5   0   4   8   0   3   0   0  33   0   0   4  25   8   0   0   0  0.34 0.09
   50 R    -2   3   0   4  -3   0   0   0  -1  -3  -1   1  -2  -2  -2  -1  -2  -2   1  -3    1  28   0  36   0   0   1   9   0   0   7   8   0   0   0   1   0   0   8   1  0.36 0.09
   51 D     0   2   2   1  -2   0   0  -1  -1  -2  -1   2  -1  -3   0   1  -1  -3  -2  -2    8  13  13  10   0   0   1   1   0   0   8  26   0   0   4  13   0   0   0   1  0.21 0.06
   52 E    -1   1   2   1  -3   1   2   3  -1  -2  -3   0  -2  -3  -2   0  -1  -3  -2  -1    1  10  18   8   0   8  16  26   0   0   1   0   0   0   0   1   0   0   0   9  0.27 0.07
   53 G    -1   1   1  -1  -3   1  -1   4  -1  -3  -3   1  -2  -3  -2   0  -1  -3  -3  -1    1   8   6   0   0   8   1  48   0   0   1  15   0   0   0   5   0   0   0   5  0.44 0.09
   54 K     1   3  -1  -2  -3   0  -1   0  -2  -2  -2   4  -2  -3  -2  -1  -1  -4  -2   0   12  17   0   0   0   0   0   8   0   0   0  51   0   0   0   0   0   0   0  13  0.39 0.12
   55 T    -1   3  -1  -2  -3  -1  -1   2   1  -2  -2   0  -2   0  -2   0   2  -3  -2   0    0  28   0   0   0   0   0  21   6   0   0   0   0   5   0   7  26   0   0   8  0.26 0.10
   56 Y    -2   0   2  -2  -2  -1  -2  -2   4  -1   0  -1  -1   4  -3  -1   1  -1   2  -1    1   5  14   0   0   0   1   1  15   0  12   0   0  30   0   1  13   0   5   1  0.25 0.08
   57 C    -2   4  -2  -3   3  -1  -2  -3  -2   0   1   0   2   1  -3  -2  -1  -2  -1  -1    1  41   0   0  10   0   1   1   0   8  20   0   7   8   0   1   0   0   0   1  0.29 0.09
   58 M    -2  -2  -3  -3  -2  -2  -3  -3  -3   3   3  -2   4   0  -3  -2  -1  -2  -2   2    1   0   0   0   0   0   1   1   0  23  38   0  24   0   0   1   0   0   0   8  0.41 0.10
   59 Q    -1   0  -1  -2  -3   2   0   3   2   0  -1   2  -1  -2  -2  -1  -1  -3  -2   0    1   0   0   0   0  16   1  26   8   9   7  22   0   0   0   1   0   0   0   7  0.19 0.07
   60 F    -2  -2  -1  -2  -3   2  -1  -3   5  -2  -1  -2  -1   5  -3  -2   0  -1   2  -2    1   0   0   0   0  15   1   1  21   0   1   0   0  43   0   1   9   0   5   1  0.50 0.13
   61 E     0  -1   0   0  -3   3   3   3  -1  -3  -3   0  -2  -3  -1   1  -1  -2  -2  -2    1   1   1   1   0  23  24  27   0   1   1   1   0   1   1  16   1   0   0   1  0.38 0.08
   62 W     1  -2   0  -3   2   0  -2  -2  -2   0  -1  -2   1   3  -3  -1  -2   7   2  -1   21   0   8   0   5   6   0   0   0   8   0   0   7  15   0   0   0  24   6   0  0.49 0.11
   63 K    -2   3   1   0  -4   3   1  -2  -1  -1  -3   4  -2  -3  -2  -1  -1  -3  -2  -2    0  19   8   4   0  18   6   0   0   7   0  38   0   0   0   0   0   0   0   0  0.44 0.11
   64 N    -2   2   4   0  -4   3   3  -2   3  -4  -3   0  -2  -2  -2  -1  -1  -3   1  -3    0  12  30   0   0  22  21   0   7   0   0   0   0   0   0   0   0   0   8   0  0.49 0.12
   65 K     1   1   1   1  -2  -1  -1   1  -1  -1  -2   1  -2  -1  -2   1  -1  -2   2   0   14   8   7   8   0   0   0   9   0   0   0  16   0   0   0  12   0   0  15  12  0.12 0.06
   66 A     2  -2  -1   3  -2  -1   2  -1  -2  -2  -1  -1  -2   0  -2   2  -1  -3  -2  -2   28   0   0  21   0   0  16   0   0   0   6   0   0   8   0  21   0   0   0   0  0.26 0.09
   67 Y    -2  -2   1  -3  -3  -2  -2  -3   3  -2   0  -2  -1   1  -3  -2  -2   5   7  -2    1   0   8   0   0   0   0   1   6   0   9   0   0   0   0   0   0   8  63   0  0.89 0.17
   68 M     0  -2   0  -3  -2   0  -2  -3  -2   1   3  -2   2   1  -3   0  -1  -2   1   0    8   0   6   0   0   7   0   0   0  11  44   0   5   4   0   8   0   0   6   0  0.18 0.07
   69 D     0   0  -1   2  -3   2   3  -2   2  -2  -1   0   1   1  -2  -1  -1  -3  -1  -2    7   3   0  14   0  11  36   0   8   0   6   0   7   8   0   0   0   0   0   0  0.30 0.09
   70 H    -3  -2  -2  -3  -4  -2  -2  -4   7  -4  -3  -3  -3   0  -4  -3  -3   8   6  -4    0   0   0   0   0   0   0   0  43   0   0   0   0   0   0   0   0  25  33   0  1.44 0.25
   71 V    -1   0  -2  -2  -2   1   0  -3  -2   2   1   2   0  -2  -2   0   0  -3  -2   2    0   0   0   0   0   8   6   0   0  18  12  25   0   0   0   6   7   0   0  19  0.14 0.07
   72 C    -1  -2  -2  -3   3  -2  -2  -3   2   0   0   1   0   3  -3  -1   2  -2   0   1    0   0   0   0  10   0   0   0   7   0  11  12   0  19   0   0  24   0   0  16  0.19 0.10
   73 L     1   0  -2  -1  -2  -1   0  -2   2  -1   1  -1   1   2  -2   0  -1  -1   2  -1   15   5   0   3   0   0  10   0   8   0  22   0   7  11   0  11   0   0   8   0  0.10 0.06
   74 L    -1   2   0  -3  -2  -2  -2  -3  -2   1   3   0   1  -1  -3  -2  -1  -3  -2   1    6  15   6   0   0   0   0   0   0   7  56   5   0   0   0   0   0   0   0   5  0.28 0.10
   75 Y    -2  -2   0  -3  -3  -2  -2  -3   3   0   2  -1   2   4  -3  -2  -2  -1   2  -1    0   0   6   0   0   0   0   0  12   0  26   6   8  34   0   0   0   0   5   0  0.34 0.11
   76 D    -1   0   1   3  -3   1   0   2   2  -2  -1  -1  -2   0  -2   1  -1  -3  -1  -2    3   6   6  22   0   8   0  18   8   0   6   0   0   7   0  14   0   0   0   0  0.20 0.06
   77 Q    -1   0   3   0  -3   3   2   1   4  -3  -2   1  -2  -3  -2  -1  -1  -3  -2  -3    0   0  21   0   0  19  18  12  14   0   6   8   0   0   0   0   0   0   0   0  0.35 0.10
   78 W    -3  -3  -3  -4  -3  -3  -3  -4  -1   3  -1  -3  -1   3  -4  -3  -2   7   6   0    0   0   0   0   0   0   0   0   0  26   0   0   0  15   0   0   0  17  39   0  0.85 0.17
   79 V     0   0  -2  -2   6  -1   0   1  -2  -1   0   0  -1  -2  -2  -1  -1  -3  -2   1    9   5   0   0  25   0   8  15   0   0  12   7   0   0   0   0   0   0   0  15  0.23 0.08
   80 L     0  -2  -1  -2  -2  -1  -1  -2   4   1   1  -2   1  -1  -2   1   2  -3  -1   0    4   0   0   0   0   0   0   1  21  14  18   0   7   0   0  15  18   0   0   0  0.19 0.08
   81 S     0  -1   4  -1  -2  -1  -1  -1  -1  -2  -1  -1  -2  -3  -2   4   1  -3  -2  -2    1   0  29   0   0   0   0   1   0   0   9   0   0   0   0  49   9   0   0   0  0.45 0.14
   82 P     0  -1  -2  -2  -2  -1  -2  -2  -1   1   0   0   0   0   3  -1  -1  -1   3   1   11   1   1   1   0   1   1   1   0  16   7   9   0   1  16   1   1   0  22  12  0.21 0.07
   83 P    -1  -2  -2  -1  -2  -1  -1  -2  -2  -2  -2  -1  -2   1   7   0  -1  -2  -1  -2    2   1   1   1   1   1   2   2   1   1   2   2   1   9  59   9   2   0   1   2  1.04 0.11
   84 H    -1   2  -1  -1  -2   0  -1  -2   4  -1   0   1  -1  -1  -1  -1   0  -1   2  -1    2  15   1   1   1   1   2   2  22   1  16  14   1   1   1   2   7   0   8   2  0.17 0.05
   85 K    -1  -1  -1  -1   4  -1  -1  -2  -2   1   1   1   1  -1  -1   1   0  -2  -1   0    2   1   1   1  16   1   2   2   1  14  13  17   7   1   1  13   2   0   1   2  0.11 0.05
   86 K    -1   2  -1  -1  -2   1   0   0   0  -2  -1   2  -1   1  -1  -1  -1   0   3  -2    2  12   1   1   1   7   2  10   1   1   2  24   1   8   1   2   2   0  20   2  0.19 0.05
   87 E    -1  -1  -1   1  -2   0   3  -2  -1   1  -1   1   1  -2  -1   0   2  -2  -2   0    2   1   1   8   0   1  26   2   0  14   2   9   6   1   1   2  23   0   1   1  0.17 0.06
   88 R     0   4   1   1  -3   0  -1  -1   1  -2  -2   0  -2  -1  -2  -1  -1   4   1  -1    7  41   8   8   0   0   1   4   3   1   1   1   0   0   1   1   1   7   8   7  0.30 0.09
   89 V    -1   0  -2  -1  -2   0   2   0  -2   1   1   2   0  -2  -2  -1   0  -3  -2   1    0   0   0   0   0   0  18   7   0  11  13  26   0   0   0   0   8   0   0  18  0.13 0.08
   90 N    -1   1   5  -1  -3  -1  -1   0   2  -2   0  -1  -1  -3  -3   1  -1  -4  -2  -1    0   8  46   0   0   0   0   6   7   0  14   0   0   0   0  13   0   0   0   7  0.36 0.13
   91 H     0   1   1   0  -3   0   0   0   4  -3  -3   2  -2  -3   3   1  -1  -3  -1  -2   11   8   6   6   0   0   0   4  15   0   1  19   0   0  15  12   0   0   0   0  0.30 0.07
   92 L    -1   1   0  -1  -2   1   0  -2   1  -1   1   2   1  -2  -2  -1   1  -3  -1  -1    1   7   6   0   0   4   4   1   6   0  22  26   5   0   0   1  16   0   0   0  0.15 0.07
   93 G     0  -2   1  -1  -3  -1   0   5  -2  -4  -4  -2  -3  -3  -2   1  -1  -3  -3  -3    1   0   6   0   0   0   8  65   0   0   1   0   0   0   0  15   0   0   0   0  0.76 0.13
   94 N     2   0   3   1  -2   0   1  -1  -1  -2  -2   2  -2   0  -2   1  -1  -3  -1  -2   25   0  22   6   0   0   8   1   0   0   1  18   0   7   0   8   0   0   0   0  0.22 0.08
   95 L     0   1  -1   0  -2  -1   0  -2  -2   2   0   0   0   1  -2   1   0  -2  -1   1    4  10   0   6   0   0   6   1   0  26   5   6   0   7   0  15   3   0   0   8  0.06 0.05
   96 V     0   1  -3  -3  -2  -2  -2  -3  -2   2   0  -2   0   4  -3  -2  -1  -1   2   3    7  11   0   0   0   0   0   0   0  14   1   0   0  24   0   0   0   0   7  33  0.25 0.09
   97 I     0  -1   0  -2  -2   0  -2  -3  -2   3   0   1   0   1  -3  -2  -1  -3  -1   2    7   0   6   0   0   5   0   0   0  32   0  16   0   8   0   0   0   0   0  26  0.19 0.09
   98 T     0  -2   0   5  -3   1   0  -2  -2  -1  -3  -1  -2  -3   2   0   1  -3   0  -2    7   0   0  43   0   6   0   0   0   5   0   0   0   0  13   6  14   0   5   0  0.45 0.12
   99 W    -3  -3  -4  -5  -3  -3  -4  -4  -2   0   1  -4  -1   6  -4  -3  -3   7   4  -2    0   0   0   0   0   0   0   0   0   5  12   0   0  42   0   0   0  22  19   0  1.03 0.18
  100 G    -1   0  -1  -1  -2   1   2   0  -2  -1  -2   1  -1   1  -2   0   2   3  -1   0    0   5   0   0   0   6  18   9   0   0   0  10   0   8   0   3  20   6   0  14  0.16 0.07
  101 A     1  -3  -3  -3  -3  -3  -3  -3  -2  -1   0  -3  -1   6   4  -2   0  -1   1  -2   14   0   0   0   0   0   0   0   0   0   7   0   0  49  23   0   7   0   0   0  0.65 0.15
  102 Q    -1   1   2  -1  -2   2  -1  -2  -1  -1   1   0   0  -1  -2   1  -1  -2   2   0    0   7  13   0   0  14   0   0   0   0  23   6   0   0   0  18   0   0  13   5  0.14 0.08
  103 T     0  -2  -1  -2  -2  -2  -2  -3  -3  -2  -3  -2  -2  -3   4   1   5  -4  -3  -1    3   0   0   0   0   0   0   0   0   0   0   0   0   0  20   7  70   0   0   0  0.85 0.20
  104 F    -2   0  -2  -2  -3  -1   2  -3  -2   0   1  -1  -1   3  -3  -1  -1   5   2   0    0   6   0   0   0   0  23   0   0   6  14   0   0  20   0   7   0  10   5   7  0.26 0.09
  105 K    -1   1  -1  -2  -2  -1   0  -2  -2  -1   1   1  -1  -2   2   1   3  -3  -2  -1    0   7   0   0   0   0   5   0   0   0  23   9   0   0  13  13  30   0   0   0  0.25 0.09
  106 H     0  -2   1  -2  -3  -1  -1  -1   6  -2  -1  -2  -1   1  -3  -1  -2  -1   4  -1   13   0   8   0   0   0   0   4  36   0   7   0   0   6   0   0   0   0  18   5  0.43 0.12
  107 Q    -1   1  -1   2  -3   2   4  -2  -1  -3  -3   2  -2  -3   3   0  -1  -3  -2  -3    1   6   0  11   0  11  36   1   0   0   1  11   0   0  14   7   0   0   0   0  0.49 0.10
  108 A     1  -2  -2  -2   4   0  -2  -2   2  -1   2  -2   0  -1  -2   2  -1  -2   1  -1   14   0   0   0  13   5   0   0   6   0  30   0   0   0   0  24   0   0   7   0  0.21 0.10
  109 F    -3   1  -3  -4  -4   2  -2  -4  -2  -1   0  -2  -1   7  -4  -3  -3  -1   1  -2    0  10   0   0   0  13   0   0   0   0   8   0   0  69   0   0   0   0   0   0  0.85 0.20
  110 N    -1   3   3   0  -3   0  -1   0  -1  -3  -3   2  -2  -3  -2   1   1  -4  -3  -3    0  27  20   5   0   0   0   7   0   0   0  13   0   0   0  16  13   0   0   0  0.37 0.10
  111 K     1  -1  -2  -2  -2   1   2  -2  -1   0  -1   1   1   3  -2  -1  -1  -1   1   0   23   0   0   0   0   7  17   0   0   6   0   9   5  20   0   0   0   0   5   6  0.15 0.08
  112 L    -2  -3  -4  -4  -2  -3  -3  -4  -3   2   3  -3   2   3  -3  -3  -1  -2   2   2    0   0   0   0   0   0   0   0   0  17  34   0   5  14   0   0   0   0   7  23  0.39 0.09
  113 A     1   2  -1  -2  -2  -1  -1   0   2  -1  -1  -1  -1   0  -2   0  -1   4   4   0   20  14   1   1   0   1   1   6   5   1   2   1   0   1   1   6   1   6  22   8  0.19 0.06
  114 N    -1   0   2   3  -2   0   2  -1   0  -2  -2   1  -2  -1  -1   0  -1  -1   2  -2    2   1  12  21   0   1  20   2   1   1   2  11   1   1   1   7   1   0  12   2  0.26 0.06
  115 L    -1   1   2  -1  -2   1   0  -2   2  -1   1   0   3  -1  -2  -1  -1  -1   1  -1    2   8  13   1   0   7   7   2   7   1  17   1  20   1   1   2   1   0   6   2  0.11 0.05
  116 F    -3  -4  -4  -5  -3  -3  -4  -4  -1  -2   0  -4  -1   6  -5  -3  -3   7   5  -2    0   0   0   0   0   0   0   0   0   0   4   0   0  53   0   0   0  17  26   0  1.24 0.21
  117 I    -2  -3  -3  -4  -3  -3  -3  -2   0   1   1  -3   2   2  -4  -3  -2   4   6  -1    0   0   0   0   0   0   0   4   0   9  16   0   8   6   0   0   0   7  50   0  0.71 0.16
  118 V    -1  -2   1   0  -3  -1   1   2  -2   1  -1   0  -1  -2   2  -1   0  -3  -3   0    0   0  13   4   0   0  12  20   0  15   6   5   0   0  14   0   8   0   0   4  0.18 0.06
  119 N    -2  -1   4   4  -4  -1   0   0  -1  -3  -4   2  -3  -3  -2  -1   0  -3   1  -3    0   0  26  30   0   0   0   6   0   0   0  24   0   0   0   0   6   0   8   0  0.47 0.13
  120 N    -1   0   2   1  -3   0  -1   5   1  -4  -4  -1  -3  -4  -3   0  -2  -4  -3  -4    0   6  15   8   0   5   0  55   5   0   0   0   0   0   0   6   0   0   0   0  0.65 0.13
  121 K    -2   1  -1  -2  -3   3   0  -3  -2   1  -2   5  -1  -3  -2  -1  -1  -4  -3   0    0   4   0   0   0  20   0   0   0  12   0  57   0   0   0   0   0   0   0   6  0.53 0.16
  122 K    -2   1   1  -2  -4   0   0  -3  -2  -4  -4   6  -3  -4   3  -1  -2  -4  -3  -3    0   0   8   0   0   0   0   0   0   0   0  80   0   0  13   0   0   0   0   0  0.90 0.21
  123 T    -1   0  -2  -3   2  -2   0  -3   1   1   0  -2  -1   3  -3  -1   2  -2   0   2    0   7   0   0   7   0   7   0   5  11   0   0   0  23   0   0  18   0   0  22  0.19 0.09
  124 I    -2  -3  -4  -4  -2  -3  -4  -4  -4   4   3  -3   1   0  -4  -3  -1  -3  -2   3    0   0   0   0   0   0   0   0   0  43  33   0   0   4   0   0   0   0   0  21  0.54 0.12
  125 P    -1  -2   1  -2  -3  -2  -2  -2   1  -1  -3   0  -3  -4   6   2  -1  -4  -3  -3    0   0   6   0   0   0   0   0   5   5   0   5   0   0  55  23   0   0   0   0  1.09 0.18
  126 N    -1  -1   3   0  -2   0   2  -1  -1  -2  -1   0  -1  -2   1   1   0  -3  -2   0    1   1  28   1   0   1  24   1   0   1   6   6   0   0   6  14   1   0   0   8  0.26 0.08
  127 N    -2   0   3   4  -4   0   3   0  -1  -4  -4   2  -3  -4  -2   0  -1  -4  -3  -3    0   0  16  27   0   0  26   6   0   0   0  20   0   0   0   5   0   0   0   0  0.51 0.11
  128 L    -1  -1  -2  -2  -2  -1  -2  -3  -1   0   3   0   0   1  -2  -2   0   0   4   0    2   1   1   1   0   1   1   1   0   1  48   6   0   1   1   1   7   0  24   1  0.28 0.09
  129 V    -2  -3  -3  -4  -2  -3  -3  -4  -3   4   2  -3   1   0  -3  -3  -1  -2   1   3    0   0   0   0   0   0   0   0   0  41  24   0   0   0   0   0   0   0   7  24  0.43 0.11
  130 E    -2   0   0   2  -3   1   1  -2   3  -2   0   3  -1  -2  -2  -1  -1  -2   1  -2    1   0   0  17   0   8  10   1  13   0  12  29   0   0   0   0   0   0   7   0  0.27 0.09
  131 N     1   2   3   1  -2   1   1   0  -1  -2  -2   0  -2  -3  -2   0   1  -3  -2  -2   21  14  28   6   0   6   6   4   0   1   1   1   0   1   1   1   8   0   0   1  0.25 0.07
  132 Y    -1  -1  -2  -2  -2  -1  -2  -2   2  -1   0  -2   1   3  -2  -1  -1   6   4  -1    2   2   1   2   1   1   2   2   7   2   9   2   8  14   2   2   2  13  26   2  0.39 0.07
  133 L    -2  -3  -4  -5  -2  -3  -4  -5  -4   2   5  -3   1   0  -4  -3  -2  -3  -2   1    0   0   0   0   0   0   0   0   0  12  83   0   0   0   0   0   0   0   0   5  0.75 0.17
  134 T    -1  -2   3   1  -2  -1  -1  -2  -2  -2  -3  -1  -2  -3  -2   2   5  -4  -3  -2    0   0  19   5   0   0   0   0   0   0   0   0   0   0   0  12  64   0   0   0  0.68 0.18
  135 P    -2  -3  -2   1  -4  -1   2  -3  -2  -1  -3  -2  -3  -3   7  -2  -2  -4   1  -3    0   0   0   7   0   0  16   0   0   7   0   0   0   0  64   0   0   0   6   0  1.30 0.19
  136 M    -2   2  -2  -2  -3   2   1  -3   2   0   2   1   1  -2  -3  -2  -1  -3  -2   0    0  16   0   0   0  14  13   0   7   0  34   5   4   0   0   0   0   0   0   6  0.22 0.09
  137 S     3  -2  -1  -2  -2  -2  -2   2  -2  -2  -2  -1  -2  -3  -2   3   0  -3  -3   0   39   0   0   0   0   0   0  20   0   0   0   0   0   0   0  30   0   0   0  11  0.41 0.12
  138 L    -3  -3  -5  -5  -2  -3  -4  -5  -4   1   5  -4   1  -1  -4  -4  -2  -3  -2   0    0   0   0   0   0   0   0   0   0   0 100   0   0   0   0   0   0   0   0   0  0.97 0.21
  139 A     6  -2  -2  -3  -1  -2  -2  -1  -3  -2  -3  -2  -2  -3  -2   1  -1  -4  -3  -1   93   0   0   0   0   0   0   0   0   0   0   0   0   0   0   7   0   0   0   0  0.87 0.22
  140 Y    -2  -2  -2  -3  -3   0  -2  -4   5   3  -1  -2  -1   1  -4  -2  -2   0   6   0    0   0   0   0   0   7   0   0  19  31   0   0   0   0   0   0   0   0  41   3  0.64 0.17
  141 W    -4  -4  -5  -6  -4  -4  -5  -4  -4  -4  -3  -5   2   2  -5  -4  -4  12   1  -4    0   0   0   0   0   0   0   0   0   0   0   0   6   8   0   0   0  86   0   0  2.97 0.36
  142 F    -3  -3  -4  -4  -3  -3  -4  -4  -1   3   0  -3  -1   4  -4  -3  -2   0   6   1    0   0   0   0   0   0   0   0   0  29   0   0   0  20   0   0   0   0  44   6  0.78 0.17
  143 M    -2  -3  -4  -5   3  -2  -4  -4  -3   1   1  -3   8  -1  -4  -3  -2  -3  -2   0    0   0   0   0   7   0   0   0   0   8   7   0  79   0   0   0   0   0   0   0  1.13 0.27
  144 D    -2  -3   0   6   2  -2   0   2  -2  -4  -4  -2  -3   0  -3  -1  -2  -3   1  -4    0   0   0  61   6   0   0  20   0   0   0   0   0   6   0   0   0   0   7   0  0.74 0.17
  145 D    -2  -3   0   7  -4  -1   0   0  -2  -4  -5  -2  -4  -5  -3   0  -2  -5  -4  -4    0   0   0  87   0   0   0   6   0   0   0   0   0   0   0   7   0   0   0   0  1.29 0.23
  146 G    -1  -4  -2  -2  -4  -3  -3   7  -3  -5  -5  -3  -4  -4  -3  -1  -3  -4  -4  -4    0   0   0   0   0   0   0 100   0   0   0   0   0   0   0   0   0   0   0   0  1.61 0.24
  147 G     1  -1  -1  -1   2  -1  -1   3  -1  -1  -2  -1  -1  -2  -1   2   1  -2  -2   0   12   1   1   1   6   1   2  29   1   1   2   2   1   1   1  19   8   0   1   8  0.21 0.05
  148 K    -1   0  -1  -1  -2   0   0  -1  -1  -1   0   3  -1   3  -1  -1  -1  -1   0  -1    3   2   2   2   1   2   2   3   1   2  11  40   1  19   2   3   2   0   1   2  0.17 0.05
  149 W    -1  -1  -1  -1  -1  -1  -1  -1  -1   0   1   0   0   0  -1  -1   0   6   0   1    4   2   2   3   1   2   3   4   1   3  16  10   1   2   3   3   8  15   2  16  0.15 0.03
  150 D     0   0   0   2  -1   0   0   0  -1  -1  -1   0  -1  -1   0   1   0   4   0   0    5   3   3  18   1   3   4   5   1   3   6   4   1   3   3  12   4   8   2   9  0.10 0.01
  151 Y     0  -1  -1  -1  -1   0   0   0   0   0   1  -1   0   0   0   0   0   0   3   0    5   3   3   4   1   3   4  10   1   3  21   4   1   3   3   5   4   1  16   4  0.04 0.01
  152 N     0   0   3   0  -1   0   0   0   0  -1  -1   0  -1  -1  -1   2   1  -1  -1  -1    4   2  24   3   1   2   3   3   1   2   4   3   1   2   2  28  10   1   2   3  0.19 0.04
  153 K    -1   0  -1  -1  -2   0   0  -1  -1  -1   0   3   0   2  -1  -1  -1  -1   0  -1    3   2   2   2   1   2   3   3   1   2  13  36   1  17   2   3   2   1   1   3  0.12 0.04
  154 N     0   0   1   0  -1   1   0   0   2  -1  -1   0  -1  -1  -1   1   2  -1  -1  -1    8   2   6   2   1   9   3   8   7   2   4   7   1   2   2  14  18   1   1   3  0.11 0.02
  155 S     0   1   1  -1  -1   0  -1   0  -1   0   0   0   0  -1  -1   1   1  -1   1   0    2   8   9   2   1   1   2   7   1   2   9   9   1   1   2  11  13   0   6  14  0.04 0.02
  156 T    -1   3   1  -1  -2   0   1   0  -1  -2  -2   2   1  -2   1   0   1  -3  -2  -2    1  19   8   1   0   1   7   6   0   1   1  19  10   0   7   7  10   0   0   1  0.20 0.06
  157 N     0  -2   2  -1  -2  -1  -1   4  -2  -3  -3  -1  -3  -3  -2   3   0  -3  -3  -3    1   0  14   0   0   0   0  43   0   0   1   0   0   0   0  37   0   0   0   0  0.60 0.13
  158 K     0   2  -1  -1  -3   0   0   3  -1  -3  -3   3  -2  -2  -2  -1  -1  -2   1  -3    6  10   0   0   0   0   4  31   0   0   1  37   0   0   0   1   0   0   7   0  0.39 0.10
  159 S     1   0  -1   2  -3  -1  -1   4  -2  -3  -3   0  -3  -3  -2   1  -1  -3  -3  -1    8   5   0  13   0   0   0  48   0   0   0   7   0   0   0  14   0   0   0   6  0.48 0.11
  160 I    -2  -3  -4  -4  -2  -3  -4  -5  -4   4   4  -3   3  -1  -4  -3  -2  -3  -2   1    0   0   0   0   0   0   0   0   0  39  50   0   8   0   0   0   0   0   0   3  0.61 0.14
  161 V    -1   1  -1  -1  -3   3   1  -3  -1   0  -1   1  -1  -1  -2  -1   0  -2   2   1    0   5   0   0   0  26  12   0   0   7   0  10   0   0   0   0   6   0  13  20  0.24 0.10
  162 L    -2  -2  -3  -3  -2   1   0  -4  -3   2   4  -2   1   1  -3  -3  -2  -2  -1   0    0   0   0   0   0  13   6   0   0  17  58   0   0   5   0   0   0   0   0   0  0.40 0.12
  163 N     0   3   2  -1   4   1  -1  -1   3  -3  -3   1  -2  -3  -2   0   0  -3  -2  -2   10  22  16   0  12   7   0   4  11   0   0   6   0   0   0   7   5   0   0   0  0.29 0.09
  164 T     0  -2  -2  -2  -2  -2  -2  -3  -3  -1   1  -2  -1  -2  -2   0   5  -3  -2   0    7   0   0   0   0   0   0   0   0   0  19   0   0   0   0   0  69   0   0   5  0.60 0.18
  165 Q     0   0   3   1  -3   5   2  -2   2  -4  -3   1  -2  -4  -2   0  -1  -3  -2  -3   10   0  16   5   0  40  10   0   7   0   0   7   0   0   0   6   0   0   0   0  0.48 0.13
  166 S     1  -3   1  -2   4  -2  -2   5  -2  -4  -4  -2  -3  -4  -2   2  -1  -3  -3  -3   10   0   5   0  10   0   0  50   0   0   0   0   0   0   0  25   0   0   0   0  0.65 0.14
  167 F    -2  -3  -3  -3  -3  -3  -3   3  -2  -1  -1  -3   1   6  -4  -2  -3  -1   1  -2    1   0   0   0   0   0   0  26   0   0   1   0   5  64   0   0   0   0   0   0  0.80 0.17
  168 T     0  -2   1  -1  -2  -1  -1  -2  -2  -2  -3   0  -2  -3  -2   4   4  -4  -3  -2    0   0   6   0   0   0   0   0   0   0   0   5   0   0   0  44  45   0   0   0  0.61 0.17
  169 F    -1  -1  -1  -1  -2   1   0  -2   1   1   1   0   0   1  -2   0   0  -1   1   0    1   1   1   1   0   8   6   1   7   6  26   6   0   5   1   8   7   0   6   8  0.05 0.03
  170 E    -1  -1   1   3  -4   0   2   3  -2  -1  -3   2  -2  -4  -2  -1  -2  -4  -3  -3    0   0   5  18   0   0  22  31   0   7   0  17   0   0   0   0   0   0   0   0  0.40 0.10
  171 E    -1   3  -1   1  -4   0   4   2  -1  -4  -4   0  -3  -4  -2  -1   0  -4  -3  -3    0  19   0   5   0   0  51  20   0   0   0   0   0   0   0   0   5   0   0   0  0.58 0.15
  172 V    -1  -1   1  -3  -2  -2  -3  -3  -3   3   1  -2   0  -2  -3  -2   1  -4  -2   4    0   5  13   0   0   0   0   0   0  19   6   0   0   0   0   0   8   0   0  50  0.33 0.12
  173 E    -1   0   0   0  -3   1   3  -3  -1   1  -1   2   1  -3  -2  -1  -1  -3  -2   1    4   0   5   0   0   5  37   0   0  14   0  18   5   0   0   0   0   0   0  12  0.28 0.10
  174 Y    -2   2  -2  -3  -3   0  -2  -3   2   2   0   0   1   3  -3  -1  -1  -1   2   0    0  19   0   0   0   5   0   0   7  24   0   7   6  19   0   5   0   0  10   0  0.21 0.09
  175 L    -2  -3  -4  -4   5  -3  -4  -4  -4   3   3  -3   2  -1  -4  -3  -2  -3  -2   1    0   0   0   0  19   0   0   0   0  20  48   0   6   0   0   0   0   0   0   7  0.55 0.13
  176 V    -1   0  -2  -3  -2   2  -1  -3  -2   2   0   0   2  -2  -3   0   0  -3  -2   3    0   5   0   0   0  14   0   0   0  17   0   5  11   0   0   6   5   0   0  36  0.22 0.10
  177 K    -1   0   4   1  -4   2   3  -2  -1  -4  -3   2  -2  -3  -2   0  -1  -3   0  -3    5   0  29   5   0   7  30   0   0   0   0  18   0   0   0   0   0   0   5   0  0.47 0.12
  178 G     2  -1  -2   0  -2  -1   0   1  -2   0   0   0   1  -1  -2   0  -1  -2   0   0   33   0   0   5   0   0   6   9   0   6  11   7   5   0   0   6   0   0   5   7  0.09 0.05
  179 L    -2  -3  -4  -5  -2  -3  -4  -5  -4   1   5  -3   4  -1  -4  -3  -2  -3  -2   0    0   0   0   0   0   0   0   0   0   0  87   0  13   0   0   0   0   0   0   0  0.85 0.19
  180 R    -1   1   2   1   1   1   1  -2   4  -1  -2   2  -2  -3  -2   0   0  -3  -1  -2    0   7  16   5   5   7   5   0  14   7   0  21   0   0   0   6   7   0   0   0  0.24 0.08
  181 N     0  -2   1   2  -2  -1   1  -2  -2   2   1  -1   0  -2  -2  -1   2  -3  -2   1    7   0  10  16   0   0  10   0   0  18  13   0   0   0   0   0  19   0   0   8  0.14 0.07
  182 K    -1   0  -1  -2  -3   1  -1   1  -2  -2   0   5  -1  -3  -2  -1   1  -3  -3  -2    0   0   0   0   0   6   0  13   0   0  14  56   0   0   0   0  10   0   0   0  0.39 0.14
  183 F    -2  -2  -2  -3  -2  -2  -2  -3   3  -1   0  -2  -1   5  -3   0  -2   0   5  -2    1   1   1   1   0   1   1   1  11   1   5   1   0  39   1  10   1   0  25   1  0.55 0.12
  184 Q    -1   0   4   0  -3   1  -1   3  -1  -4  -4   1  -3  -4  -2   1  -1  -4  -3  -3    0   4  36   4   0   7   0  26   0   0   0  10   0   0   0  13   0   0   0   0  0.50 0.12
  185 L    -2  -3  -4  -4   2  -3  -4  -4  -3   3   3  -3   2   2  -4  -3  -2  -2  -1   1    0   0   0   0   7   0   0   0   0  22  45   0   7  13   0   0   0   0   0   7  0.44 0.11
  186 N    -2   2   3   3  -4   0   1  -2  -1  -4  -4   3  -3  -4  -2  -1   0  -4  -3  -3    0  10  20  25   0   0   9   0   0   0   0  29   0   0   0   0   6   0   0   0  0.49 0.12
  187 C    -1  -3  -2  -3   7  -3  -3  -3  -3  -1   0  -3  -1   1  -3   2   1  -3  -2   1    0   0   0   0  39   0   0   0   0   0  10   0   0   7   0  23   8   0   0  13  0.58 0.15
  188 Y    -1   4  -1  -2  -3   0  -1  -3  -1  -3  -3   2  -2  -3  -2   1   4  -3   0  -2    0  37   0   0   0   0   0   0   0   0   0  12   0   0   0  10  37   0   4   0  0.51 0.15
  189 V    -1  -3  -3  -2  -2  -3  -3  -4  -3   3   2  -3   3  -1  -3  -2  -1  -3  -2   3    0   0   0   4   0   0   0   0   0  29  27   0  10   0   0   4   0   0   0  26  0.38 0.10
  190 K    -1   3  -1  -2  -3   1   0  -3   5  -2  -3   3  -2  -3  -2  -1   1  -3  -1  -1    4  16   0   0   0   5   0   0  22   0   0  34   0   0   0   0  13   0   0   6  0.42 0.13
  191 I    -2   1  -1  -2  -3   0  -1   0   1  -1  -1   4  -1   2  -2  -1  -2  -2   2  -2    0   6   0   0   0   3   0   8   3   4   7  44   0  10   0   3   0   0  12   0  0.26 0.11
  192 N     0   1   2  -1  -3   1   1  -2   3  -1  -3   2  -2  -3  -2   1   0  -3  -1  -2    6   7  14   0   0   7   5   0  13   5   0  20   0   0   0  17   5   0   0   0  0.26 0.08
  193 K     0   1   1  -1  -3   2   1   3  -1  -4  -3   3  -2  -4  -2  -1  -1  -3  -3  -3    8   6   5   0   0  14   7  30   0   0   0  29   0   0   0   0   0   0   0   0  0.42 0.10
  194 N    -1   0   4   3  -3  -1  -1   3  -1  -3  -4   1  -3  -3  -2   0   0  -3   1  -3    3   6  27  18   0   0   0  25   0   0   0   9   0   0   0   0   5   0   7   0  0.38 0.10
  195 K    -2   2  -1  -2  -4   2   0   0  -2  -3  -3   5  -2   0  -2  -1  -2  -3  -2  -1    0   7   0   0   0  10   0   8   0   0   0  62   0   6   0   0   0   0   0   7  0.52 0.16
  196 P     1   0  -3  -3  -3  -2  -2  -3  -1  -2  -2  -2  -2   4   4  -1  -1   3   4  -2   17   8   0   0   0   0   0   0   0   0   0   0   0  24  21   3   4   5  18   0  0.48 0.12
  197 I    -1  -3  -1  -3  -2  -2  -3  -3  -3   3   1  -3   2  -1  -3  -1   0   6  -1   3    0   0   5   0   0   0   0   0   0  22   7   0   6   0   0   5   6  13   0  36  0.38 0.11
  198 I    -2   0  -3  -4  -2  -3  -3  -1  -3   4   2  -2   2  -1  -3  -3  -2  -3  -2   2    0   7   0   0   0   0   0   8   0  51  23   0   5   0   0   0   0   0   0   6  0.38 0.12
  199 Y    -2  -3  -3  -3  -3   0  -3   1   0  -1   0  -2  -1   1  -3  -2  -1   0   6   2    0   0   0   0   0   6   0  13   0   0   7   0   0   0   0   0   3   0  51  20  0.55 0.16
  200 I    -2  -4  -4  -4  -3  -3  -4  -4  -3   3   1  -4   3   5  -4  -3  -2  -1   1   1    0   0   0   0   0   0   0   0   0  34   7   0  11  43   0   0   0   0   0   5  0.62 0.15
  201 D    -1   1  -1   0  -2   2  -1  -2  -2  -3  -1   1  -2  -3   3   2   2   3  -2  -2    0   6   0   4   0  13   0   0   0   0   5   7   0   0  17  28  14   5   0   0  0.35 0.10
  202 S     0  -1   1  -1  -2  -1   0   1   1  -2  -2   1   0  -3  -2   2   3  -3  -2  -1    0   0   5   0   0   0   8  13   5   0   0  11   4   0   0  23  26   0   0   6  0.22 0.09
  203 M     2   1   1   1  -2   0   2  -1  -1  -2  -2   1   0  -3  -2   1   1  -3  -2  -2   28   7   5  10   0   0  15   0   0   0   0  12   4   0   0  12   7   0   0   0  0.24 0.07
  204 S     2  -1   2   2  -2   1  -1  -1  -1  -3  -3  -1  -2  -3  -2   4   0  -4  -3  -2   21   0  13  11   0   7   0   0   0   0   0   0   0   0   0  48   0   0   0   0  0.46 0.14
  205 Y     1  -2  -2  -2  -2  -1  -2  -2  -2   0  -1  -2   3  -1  -2   2   2  -2   3   2   12   0   0   0   0   0   0   0   0   0   0   0  16   0   0  19  18   0  14  20  0.23 0.11
  206 L     2   1   1  -1  -2   0   1   0   2  -2  -2   0  -2  -3   2   0   0  -3  -2  -2   30   7  11   0   0   0  11   8   7   0   4   6   0   0  10   0   5   0   0   0  0.21 0.07
  207 I     1   1  -1  -2  -2   0   0  -2   1   1   0   3  -1  -2  -2   0  -1  -3  -2   0   14   6   0   0   0   0   4   0   5  20  11  33   0   0   0   6   0   0   0   0  0.16 0.09
  208 F    -3  -4  -4  -5  -3  -4  -4  -4  -2   0   3  -4   0   6  -4  -3  -3   0   2  -1    0   0   0   0   0   0   0   0   0   0  35   0   0  60   0   0   0   0   5   0  0.90 0.18
  209 Y    -2   2  -2  -3   2   3  -1  -3   2  -1  -2  -1  -1   1  -3  -2   0   6   3  -1    0  14   0   0   7  23   0   0   6   5   0   0   0   6   0   0   5  13  14   5  0.37 0.11
  210 N    -1   1   1   1  -3   1   3  -2  -1  -3  -3   2  -2  -4   1   1   1  -4  -3  -3    0   6   9   6   0   3  28   0   0   0   0  17   0   0   6  17   7   0   0   0  0.37 0.09
  211 L    -2  -2  -3  -3  -2  -2  -1  -4  -3   3   3  -1   2  -1  -3  -3  -1  -3  -2   1    0   0   0   0   0   0   7   0   0  27  48   5   6   0   0   0   0   0   0   8  0.38 0.11
  212 I    -2  -4  -4  -4  -2  -3  -4  -5  -4   5   1  -3   0  -1  -4  -3  -1  -4  -2   4    0   0   0   0   0   0   0   0   0  57   7   0   0   0   0   0   0   0   0  36  0.69 0.16
  213 K     2   0   0  -1  -2   0   2  -2  -1  -2  -1   3  -2  -2  -2   1  -1  -3   1  -2   23   0   5   0   0   0  20   0   0   0   7  28   0   0   0  10   0   0   6   0  0.24 0.10
  214 P    -2  -2  -3  -3  -4  -2  -2  -3  -3  -4  -4   1  -4  -5   8  -2  -2  -5  -4  -4    0   0   0   0   0   0   0   0   0   0   0  13   0   0  87   0   0   0   0   0  2.10 0.27
  215 Y    -3  -3  -2  -4  -4  -2  -3  -4   6  -3  -2  -3  -2   4  -4  -3  -3   0   7  -3    0   0   0   0   0   0   0   0  23   0   0   0   0  14   0   0   0   0  63   0  1.26 0.23
  216 L    -2  -3  -4  -4  -2  -2  -3  -4  -3   4   2  -3   5  -1  -4  -3  -1  -3  -2   2    0   0   0   0   0   0   0   0   0  34  18   0  31   0   0   0   0   0   0  18  0.56 0.15
  217 I     2  -2  -2  -3  -1  -2  -2  -2   1   3   2  -2   0  -1   1  -1  -1  -3  -1   2   24   0   0   0   0   0   0   1   5  26  20   0   0   0   7   0   0   0   0  13  0.19 0.07
  218 P    -2  -2   1   1  -3  -1   0  -3  -2  -3  -3  -2  -3  -4   7  -1   0  -4  -3  -3    1   0   7   8   0   0   7   1   0   0   1   0   0   0  68   0   5   0   0   0  1.41 0.18
  219 Q     0  -2   2  -1   4   0   1  -2  -1  -3  -3  -1  -2  -3   1   4   1  -4  -3  -2    0   0  13   0  11   4  10   0   0   0   0   0   0   0   7  49   6   0   0   0  0.45 0.14
  220 M    -2  -3  -4  -5  -3  -2  -3  -4  -2   0   2  -3   9  -1  -4  -3  -2  -2   2  -1    0   0   0   0   0   0   0   0   0   0   8   0  84   0   0   0   0   0   7   0  1.19 0.27
  221 M    -1   4  -1  -1  -4   2   2  -3   2  -3  -3   3   0  -2  -2  -1  -1  -3   1  -3    3  27   0   0   0   7  21   0   7   0   0  25   5   0   0   0   0   0   5   0  0.43 0.10
  222 Y    -3  -3   1  -3  -4  -2  -3  -4   2  -3  -2  -3  -2   2  -4  -3  -3   1   8  -3    0   0   8   0   0   0   0   0   4   0   0   0   0   0   0   0   0   0  88   0  1.42 0.23
  223 K    -2   1  -1  -2  -4   0   0  -3  -2  -4  -4   7  -2  -4  -2  -1  -2  -4  -3  -3    0   0   0   0   0   0   0   0   0   0   0 100   0   0   0   0   0   0   0   0  1.11 0.22
  224 L    -2  -3  -4  -4  -2  -3  -4  -4  -4   1   4  -3   1   2  -4  -3  -2  -2  -1   2    0   0   0   0   0   0   0   0   0   0  75   0   0   7   0   0   0   0   0  17  0.60 0.13
  225 P     0  -2  -1  -1  -2  -1  -2   3  -2  -3  -3  -1  -2  -3   5   1   1  -3  -3  -2    0   0   0   0   0   0   0  33   0   0   0   0   0   0  35  17  14   0   0   0  0.73 0.05
  226 N    -1   2   4   3  -3   0   0   2  -1  -4  -3   0  -2  -3  -2   1  -1  -4  -3  -3    0  16  37  19   0   0   0  16   0   0   0   0   0   0   0  12   0   0   0   0  0.42 0.04
  227 T    -1   1  -1  -1  -2   0   0  -2   0  -2  -2   3  -1   0  -2   0   2  -1   3  -2    0   0   0   0   0   0   0   0   0   0   0  51   0   0   0   0  24   0  25   0  0.29 0.02
  228 I    -1  -2  -2  -3  -1  -2  -2  -3  -3   2   3  -2   1   0  -3  -1   2  -2  -1   1    0   0   0   0   0   0   0   0   0  24  50   0   0   0   0   0  26   0   0   0  0.27 0.01
  229 S     1  -1   1   0  -1   0   0   0  -1  -3  -3   0  -2  -3  -1   4   1  -3  -2  -2    0   0   0   0   0   0   0   0   0   0   0   0   0   0   0 100   0   0   0   0  0.46 0.00
  230 S     1  -1   1   0  -1   0   0   0  -1  -2  -2   0  -1  -2  -1   4   1  -3  -2  -2    0   0   0   0   0   0   0   0   0   0   0   0   0   0   0   0   0   0   0   0  0.00     0.00
  231 E    -1   0   0   1  -4   2   5  -2   0  -3  -3   1  -2  -3  -1   0  -1  -3  -2  -2    0   0   0   0   0   0   0   0   0   0   0   0   0   0   0   0   0   0   0   0  0.00     0.00
  232 T     0  -1   0  -1  -1  -1  -1  -2  -2  -1  -1  -1  -1  -2  -1   1   4  -2  -2   0    0   0   0   0   0   0   0   0   0   0   0   0   0   0   0   0   0   0   0   0  0.00     0.00
  233 F    -2  -3  -3  -3  -2  -3  -3  -3  -1   0   0  -3   0   6  -4  -2  -2   1   3  -1    0   0   0   0   0   0   0   0   0   0   0   0   0   0   0   0   0   0   0   0  0.00     0.00
  234 L    -1  -2  -3  -4  -1  -2  -3  -4  -3   1   4  -2   2   0  -3  -2  -1  -2  -1   1    0   0   0   0   0   0   0   0   0   0   0   0   0   0   0   0   0   0   0   0  0.00     0.00
  235 K    -1   2   0  -1  -3   1   1  -2  -1  -3  -2   4  -1  -3  -1   0  -1  -3  -2  -2    0   0   0   0   0   0   0   0   0   0   0   0   0   0   0   0   0   0   0   0  0.00     0.00

                      K         Lambda
Standard Ungapped    0.1364     0.3199
Standard Gapped      0.0388     0.2670
PSI Ungapped         0.1267     0.3174
PSI Gapped           0.0388     0.2670
