
Last position-specific scoring matrix computed, weighted observed percentages rounded down, information per position, and relative weight of gapless real matches to pseudocounts
            A   R   N   D   C   Q   E   G   H   I   L   K   M   F   P   S   T   W   Y   V   A   R   N   D   C   Q   E   G   H   I   L   K   M   F   P   S   T   W   Y   V
    1 M    -1  -1  -2  -3  -1   0  -2  -3  -2   1   2  -1   6   0  -3  -2  -1  -2  -1   1    0   0   0   0   0   0   0   0   0   0   0   0 100   0   0   0   0   0   0   0  0.33 0.00
    2 S     1  -1   1   0  -1   0   0   0  -1  -2  -3   0  -2  -2  -1   4   1  -3  -2  -2    0   0   0   0   0   0   0   0   0   0   0   0   0   0   0 100   0   0   0   0  0.45 0.00
    3 T     1  -1   0  -1  -1   0  -1  -1  -1  -1  -2   0  -1  -2  -1   3   4  -3  -2  -1    0   0   0   0   0   0   0   0   0   0   0   0   0   0   0  50  50   0   0   0  0.38 0.01
    4 A     4  -1  -2  -2   0  -1  -1   0  -2  -1  -2  -1  -1  -2  -1   1   0  -3  -2   0  100   0   0   0   0   0   0   0   0   0   0   0   0   0   0   0   0   0   0   0  0.40 0.00
    5 A     3  -1  -1  -1   0   0   0   0  -1  -1  -1   0  -1  -1   0   1   0  -1  -1   0   54   3   2   3   1   2   3   4   1   3   5   3   1   2   3   4   3   1   2   3  0.14 0.00
    6 K     0   1   0   0  -1   1   1  -1   0  -1  -1   3  -1  -1   0   0   0  -1  -1  -1    4   3   2   3   1   2   3   4   1   3   5  53   1   2   3   4   3   1   2   3  0.17 0.00
    7 Q     0   1   0   0  -1   4   1  -1   0  -1  -1   1   0  -1   0   0   0  -1  -1  -1    4   3   2   3   1  52   3   4   1   3   5   3   1   2   3   4   3   1   2   3  0.23 0.00
    8 N    -1   1   4   0  -3   1   0  -1   0  -3  -3   3  -2  -3  -2   0   0  -3  -2  -3    0   0  50   0   0   0   0   0   0   0   0  50   0   0   0   0   0   0   0   0  0.44 0.01
    9 R    -1   6   0  -2  -4   1   0  -2   0  -3  -2   2  -1  -3  -2  -1  -1  -3  -2  -3    0 100   0   0   0   0   0   0   0   0   0   0   0   0   0   0   0   0   0   0  0.74 0.00
   10 S     1  -1   1   0  -1   0   0   0  -1  -2  -3   0  -2  -2  -1   4   1  -3  -2  -2    0   0   0   0   0   0   0   0   0   0   0   0   0   0   0 100   0   0   0   0  0.45 0.00
   11 T     0  -1   0  -1  -1  -1  -1  -2  -2  -1  -1  -1  -1  -2  -1   1   5  -3  -2   0    0   0   0   0   0   0   0   0   0   0   0   0   0   0   0   0 100   0   0   0  0.46 0.00
   12 S     1  -1   1   0  -1   0   0   0  -1  -2  -3   0  -2  -2  -1   4   1  -3  -2  -2    0   0   0   0   0   0   0   0   0   0   0   0   0   0   0 100   0   0   0   0  0.45 0.00
   13 R    -1   6   0  -2  -4   1   0  -2   0  -3  -2   2  -1  -3  -2  -1  -1  -3  -2  -3    0 100   0   0   0   0   0   0   0   0   0   0   0   0   0   0   0   0   0   0  0.74 0.00
   14 V     0  -3  -3  -3  -1  -2  -3  -3  -3   3   1  -2   1  -1  -2  -2   0  -3  -1   4    0   0   0   0   0   0   0   0   0   0   0   0   0   0   0   0   0   0   0 100  0.34 0.00
   15 S     1  -1   1   0  -1   0   0   0  -1  -2  -3   0  -2  -2  -1   4   1  -3  -2  -2    0   0   0   0   0   0   0   0   0   0   0   0   0   0   0 100   0   0   0   0  0.45 0.00
   16 K    -1   2   0  -1  -3   1   1  -2  -1  -3  -3   5  -1  -3  -1   0  -1  -3  -2  -2    0   0   0   0   0   0   0   0   0   0   0 100   0   0   0   0   0   0   0   0  0.51 0.00
   17 K    -1   2   0  -1  -3   1   1  -2  -1  -3  -3   5  -1  -3  -1   0  -1  -3  -2  -2    0   0   0   0   0   0   0   0   0   0   0 100   0   0   0   0   0   0   0   0  0.51 0.00
   18 K    -1   2   0  -1  -3   1   1  -2  -1  -3  -3   5  -1  -3  -1   0  -1  -3  -2  -2    0   0   0   0   0   0   0   0   0   0   0 100   0   0   0   0   0   0   0   0  0.51 0.00
   19 T     3  -1  -1  -1  -1  -1  -1  -1  -2  -1  -1  -1  -1  -2  -1   1   3  -3  -2   0   50   0   0   0   0   0   0   0   0   0   0   0   0   0   0   0  50   0   0   0  0.31 0.01
   20 A     4  -1  -2  -2   0  -1  -1   0  -2  -1  -2  -1  -1  -2  -1   1   0  -3  -2   0  100   0   0   0   0   0   0   0   0   0   0   0   0   0   0   0   0   0   0   0  0.40 0.00
   21 A     3  -2  -2  -2  -1  -1  -1  -1  -2  -2  -2  -1  -2  -3   6   0  -1  -3  -2  -1   50   0   0   0   0   0   0   0   0   0   0   0   0   0  50   0   0   0   0   0  0.88 0.01
   22 P     2  -2  -2  -2  -2  -1  -1  -1  -2  -2  -3  -1  -2  -3   7   0  -1  -3  -3  -2   29   0   0   0   0   0   0   0   0   0   0   0   0   0  71   0   0   0   0   0  1.30 0.01
   23 K    -1   2   0  -1  -3   1   1  -2  -1  -3  -3   5  -1  -3  -1   0  -1  -3  -2  -2    0   0   0   0   0   0   0   0   0   0   0 100   0   0   0   0   0   0   0   0  0.53 0.01
   24 E    -1   0   0   3  -3   4   3  -2   0  -3  -3   1  -2  -3  -1   0  -1  -3  -2  -3    0   0   0  29   0  41  29   0   0   0   0   0   0   0   0   0   0   0   0   0  0.55 0.00
   25 G     0   0   0  -1  -3   0  -1   4  -2  -3  -3   3  -2  -3  -2   0  -1  -3  -3  -3    0   0   0   0   0   0   0  59   0   0   0  41   0   0   0   0   0   0   0   0  0.55 0.00
   26 A     4  -2  -2  -2   0  -1  -1   0  -2  -1  -2  -1  -1  -2  -1   1   0  -3  -2   0  100   0   0   0   0   0   0   0   0   0   0   0   0   0   0   0   0   0   0   0  0.41 0.01
   27 A     4  -2  -2  -2  -1  -1  -1   0  -2  -2  -2  -1  -1  -3   3   1   0  -3  -2  -1   82   0   0   0   0   0   0   0   0   0   0   0   0   0  18   0   0   0   0   0  0.47 0.01
   28 K    -1   2   0  -1  -3   1   1  -2  -1  -3  -3   5  -2  -3  -1   0  -1  -3  -2  -2    0   0   0   0   0   0   0   0   0   0   0 100   0   0   0   0   0   0   0   0  0.56 0.02
   29 K    -1   2   0   0  -3   1   2  -2  -1  -3  -3   5  -2  -3  -1   0  -1  -3  -2  -3    0   0   0   0   0   0  22   0   0   0   0  78   0   0   0   0   0   0   0   0  0.53 0.03
   30 S    -1   4   0   2  -3   1   2  -2  -1  -3  -3   1  -2  -3  -2   1  -1  -3  -2  -3    0  44   0  20   0   0  22   0   0   0   0   0   0   0   0  14   0   0   0   0  0.44 0.02
   31 D    -1  -1   0   4  -3   1   4  -1   0  -2  -2   0  -2  -3  -1   0  -1  -2  -2  -2    2   1   1  31   0   1  52   1   0   1   2   1   0   1   1   1   1   0   1   1  0.49 0.02
   32 K     0   3   0  -1  -2   2   0  -1   0  -2  -2   2  -1  -2  -1   2   0  -2  -1  -2    2  23   1   1   0  15   1   1   0   1   2  15   0   1   1  32   1   0   1   1  0.25 0.01
   33 G     1   2  -1  -1  -2   0  -1   1  -1  -2  -2   0  -2  -2   4   1   0  -2  -2  -2   20  19   1   1   0   1   1  13   0   1   1   1   0   1  26  12   1   0   0   1  0.38 0.01
   34 H     0  -1   0   2  -1   0   0  -1   3  -1  -1   0  -1  -1  -1   0   2  -1  -1  -1    3   2   2  20   1   2   3   3  12   2   4   2   1   2   2   3  33   1   1   3  0.16 0.01
   35 K    -1   2   2   2  -2   1   0  -1   3  -2  -2   3  -1  -2  -1   0  -1  -2  -1  -2    2  10  12  16   0   1   1   2  12   1   2  33   0   1   1   2   1   0   1   1  0.25 0.02
   36 Y    -2  -2  -2  -2  -2  -1  -2  -2   1  -1  -1  -2  -1   2  -2  -2  -1   2   7  -1    2   1   1   1   0   1   1   1   0   1   2   1   0   1   1   1   1   0  81   1  0.80 0.07
   37 E    -1   1  -1  -1  -3   2   2  -2  -1   0  -2   3  -1  -3  -2   0   1  -3  -2   0    0   0   0   0   0  11  19   0   0   8   0  42   0   0   0   0  10   0   0   9  0.26 0.04
   38 Y    -2  -2  -3  -4  -3  -2  -3  -4   1  -1   1  -3   0   4  -3  -2  -2   1   6  -1    0   0   0   0   0   0   0   0   0   0  20   0   0  14   0   0   0   0  66   0  0.75 0.08
   39 V     0  -2  -1  -2  -1  -2  -2  -2  -2   2   1  -2   0  -1  -2   1   3  -3  -2   2    0   0   0   0   0   0   0   0   0  20  14   0   0   0   0  11  39   0   0  16  0.22 0.04
   40 E    -1   2  -1   2  -4   1   3  -2  -1  -3  -3   2  -2  -4   4  -1  -1  -4  -3  -3    0  14   0  11   0   0  27   0   0   0   0  20   0   0  28   0   0   0   0   0  0.60 0.04
   41 L    -2  -3  -4  -4  -2  -3  -3  -4  -3   4   3  -3   1   0  -3  -3  -1  -2  -1   2    0   0   0   0   0   0   0   0   0  46  54   0   0   0   0   0   0   0   0   0  0.46 0.05
   42 A     0   0   4   0  -3   2   0   1   0  -3  -3   2  -2  -3  -2   1   0  -3  -2  -2    8   0  36   0   0  14   0  11   0   0   0  20   0   0   0  11   0   0   0   0  0.34 0.04
   43 K    -1  -1   0   4   3   1   0  -2  -1  -2  -1   1  -1  -3  -2   1   0  -3  -2  -2    0   0   0  34   9   8   0   0   0   0  10  16   0   0   0  22   0   0   0   0  0.27 0.04
   44 A     3  -2  -3  -3  -1  -2  -2  -1  -3   2   2  -2   0  -1  -2   0  -1  -3  -2   1   50   0   0   0   0   0   0   0   0  22  28   0   0   0   0   0   0   0   0   0  0.23 0.04
   45 S    -1   0  -1  -1  -2   0   1  -2  -1   1  -1   3  -1   2  -2   1  -1  -2  -1   0    0   0   0   0   0   0  11   0   0  20   0  38   0  14   0  16   0   0   0   0  0.14 0.04
   46 L    -1   1  -1   0  -2   1   2  -2  -1  -1   0   3  -1  -2  -1  -1  -1  -2  -2  -1    1   1   1   1   0   1  22   1   0   1  18  46   0   1   1   1   1   0   1   1  0.23 0.03
   47 T     1  -1  -1  -1  -1   0   2   1  -1  -1   1  -1   0  -1  -1   0   1  -2  -1  -1   16   1   1   1   0   1  23  11   0   1  22   1   0   1   1   1  17   0   1   1  0.10 0.02
   48 S    -1  -2   1   1  -2  -1  -1   2  -2   1   0  -1   0  -2  -2   1   1  -3  -2   0    0   0  11   9   0   0   0  19   0  20  14   0   0   0   0  16  10   0   0   0  0.11 0.02
   49 A     1  -1   2   0  -2   0   2   2   3  -1  -2  -1  -2  -2  -2   0  -1  -3  -1  -1   16   0  20   0   0   0  22  18  14  10   0   0   0   0   0   0   0   0   0   0  0.22 0.03
   50 Q     1  -1  -1  -1  -2   3   2  -2  -1  -1   0   0   0  -2  -2   0   1  -3  -2  -1   21   0   0   0   0  28  19   0   0   0  14   0   0   0   0   0  18   0   0   0  0.22 0.04
   51 P     0  -1   0   1  -2   1   1  -2   3   0  -1   0  -1  -2   1   1   0  -3  -1   0    9   1   0  11   0  11  10   1  15   9   1   1   0   0   9  12   1   0   0  10  0.14 0.02
   52 Q    -1  -1  -2  -2  -1   3  -1  -3  -2   2   0  -1   0  -1  -2  -1   0  -2  -1   3    1   1   0   1   0  27   1   1   0  12   1   1   0   0   1   1   1   0   0  53  0.22 0.04
   53 H    -1  -1   5   0  -3   0  -1  -1   5  -3  -3  -1  -2  -3  -2   2   0  -4  -1  -3    0   0  53   0   0   0   0   0  27   0   0   0   0   0   0  20   0   0   0   0  0.60 0.07
   54 F    -2  -3  -3  -4  -2  -3  -3  -4  -2   1   3  -3   1   4  -3  -3  -2  -1   1   1    0   0   0   0   0   0   0   0   0   0  44   0   0  38   0   0   0   0   0  18  0.42 0.05
   55 Y    -2  -3  -3  -4  -2  -2  -3  -4   0   3   0  -3   0   2  -3  -2  -2   1   6   0    0   0   0   0   0   0   0   0   0  34   0   0   0   0   0   0   0   0  66   0  0.68 0.08
   56 A     2  -3  -1  -2  -2  -2  -2   6  -2  -4  -4  -2  -3  -3  -2   0  -2  -3  -3  -3   19   0   0   0   0   0   0  81   0   0   0   0   0   0   0   0   0   0   0   0  0.92 0.07
   57 V    -1  -3  -3  -4  -1  -3  -3  -4  -4   3   1  -3   1  -1  -3  -2  -1  -3  -2   4    0   0   0   0   0   0   0   0   0  29   0   0   0   0   0   0   0   0   0  71  0.47 0.06
   58 V    -1  -3  -3  -4  -1  -3  -3  -4  -4   3   1  -3   0  -1  -3  -2   0  -3  -2   5    0   0   0   0   0   0   0   0   0  14   0   0   0   0   0   0   0   0   0  86  0.50 0.07
   59 I    -1  -1  -2  -3  -2  -1  -2  -3  -2   3   2   2   1  -1  -2  -2  -1  -3  -2   2    0   0   0   0   0   0   0   0   0  38  20  28   0   0   0   0   0   0   0  14  0.20 0.04
   60 D    -2  -2   0   4  -4   0   3  -2  -1  -2  -2  -1  -2   3  -2  -1  -2  -2   0  -2    0   0   0  38   0   0  34   0   0   0   0   0   0  28   0   0   0   0   0   0  0.48 0.06
   61 A     2  -1  -2  -2  -2   2  -1  -2  -1  -1   1  -1   0   3  -2   0  -1  -1   0  -1   38   0   0   0   0  20   0   0   0   0  14   0   0  28   0   0   0   0   0   0  0.19 0.04
   62 T     0   2  -1  -1   3   0  -1   1  -1  -2  -2   2  -2  -3  -2   1   1  -3  -2  -2    0  20   0   0  11   0   0  14   0   0   0  28   0   0   0  11  16   0   0   0  0.27 0.03
   63 F    -2  -2  -2  -2  -3  -1   1  -3  -2  -1  -1  -2  -1   5   4  -2  -2  -1   1  -2    0   0   0   0   0   0  20   0   0   0   0   0   0  52  28   0   0   0   0   0  0.61 0.06
   64 P    -1  -2  -2  -2  -3  -1  -1  -2  -2  -3  -3  -1  -2  -3   7  -1  -1  -3  -3  -2    1   1   1   1   0   1   1   1   0   1   1   1   0   1  86   1   1   0   0   1  1.75 0.08
   65 Y    -2   0  -2  -2  -2  -1  -1  -2   1  -2  -1   2  -1   2  -2  -1  -1   1   6  -2    1   1   1   1   0   1   1   1   0   1   1  21   0   1   1   1   1   0  66   1  0.58 0.06
   66 K    -1   1  -1  -1  -2   2   0  -2  -1   0   0   3   0  -2  -1  -1  -1  -2  -1   0    1   1   1   1   0  21   1   1   0  10  10  39   0   1   1   1   1   0   0  11  0.17 0.03
   67 T     0  -1   0  -1   5  -1  -1  -1  -2  -1  -1  -1  -1  -2  -1   3   2  -2  -2   0    1   1   0   1  20   0   1   1   0   1   1   1   0   0   1  43  17   0   0  12  0.29 0.04
   68 N    -1   3   3   2  -3   0   0   1   0  -3  -3   3  -2  -3  -2   0  -1  -4  -2  -3    0  20  30  11   0   0   0  11   0   0   0  28   0   0   0   0   0   0   0   0  0.40 0.04
   69 Q    -1  -1   3   0  -3   2   2   4  -1  -4  -3   0  -2  -3  -2   0  -1  -3  -3  -3    0   0  20   0   0  16  22  42   0   0   0   0   0   0   0   0   0   0   0   0  0.50 0.04
   70 E    -1   0   3   0  -2   0   2  -1  -1  -2  -3   2  -2  -3  -1   1   2  -3  -2  -2    0   0  20   0   0   0  16   0   0   0   0  22   0   0   0  14  28   0   0   0  0.31 0.04
   71 R    -2   3   1   5  -4   0   1  -2  -1  -3  -3   1  -3  -4  -2  -1  -1  -4  -3  -3    0  27   0  62   0   0   0   0   0   0   0  11   0   0   0   0   0   0   0   0  0.68 0.06
   72 Y    -2  -3  -3  -4   4  -2  -3  -3   0  -2  -2  -3  -2   2  -4  -2  -2   7   7  -2    0   0   0   0  14   0   0   0   0   0   0   0   0   0   0   0   0  20  66   0  1.05 0.09
   73 I    -1  -3  -2  -3   6  -2  -3  -3  -3   3   0  -2   2  -1  -3   0   0  -3  -2   2    0   0   0   0  28   0   0   0   0  36   0   0  11   0   0  14   0   0   0  11  0.34 0.05
   74 C     0  -3  -2  -3   8  -2  -3  -2  -3  -1  -2  -2  -2  -3  -3   2   0  -3  -3   0    0   0   0   0  62   0   0   0   0   0   0   0   0   0   0  28   0   0   0  11  0.84 0.08
   75 S     0  -2  -1  -2  -1  -1  -1  -2  -1   0  -1  -1  -1  -1  -2   1   3  -2   2   2    0   0   0   0   0   0   0   0   0   0   0   0   0   0   0  16  45   0  11  28  0.26 0.05
   76 L    -1  -3  -4  -4   3  -3  -3  -4  -3   2   3  -3   1   0  -3  -2  -1  -2  -1   2    0   0   0   0  11   0   0   0   0   0  62   0   0   0   0   0   0   0   0  28  0.40 0.05
   77 K    -1   3   0  -1  -3   1   0  -2  -1  -2  -2   4  -1  -3  -2   0   2  -3  -2  -2    0  20   0   0   0   0   0   0   0   0   0  52   0   0   0   0  28   0   0   0  0.44 0.06
   78 I    -1  -3  -4  -4  -1  -3  -3  -4  -4   4   2  -3   1  -1  -3  -2  -1  -3  -2   3    0   0   0   0   0   0   0   0   0  61   9   0   0   0   0   0   0   0   0  30  0.45 0.05
   79 V     0  -3  -3  -3  -1  -3  -3  -3  -3   3   1  -3   1  -1  -3  -2   0  -3  -2   4   11   0   0   0   0   0   0   0   0  31   0   0   0   0   0   0   0   0   0  58  0.37 0.05
   80 D    -2  -2   1   7  -4  -1   1  -2  -2  -4  -4  -1  -4  -4  -2  -1  -2  -5  -4  -4    0   0   0 100   0   0   0   0   0   0   0   0   0   0   0   0   0   0   0   0  1.18 0.10
   81 P    -1  -1  -1   2  -3   3   0  -2  -1  -3  -3   0  -2  -4   5   0   1  -3  -3  -2    0   0   0  20   0  28   0   0   0   0   0   0   0   0  41   0  11   0   0   0  0.79 0.06
   82 T     0  -1   0  -1  -1  -1  -1  -1  -1  -1  -2  -1  -1  -2  -1   3   4  -2  -2  -1    1   1   1   1   0   1   1   1   0   1   1   1   0   1   1  29  58   0   0   1  0.39 0.05
   83 L    -1  -1   3   0  -2   0  -1  -1   3  -1   0  -1   0   0  -1   1   0  -1   2  -1    2   1  29   1   0   1   2   2  12   1  18   1   1   1   1  12   1   0  10   2  0.14 0.02
   84 Y    -1  -1   1  -1  -1  -1  -1  -1   0   1   0  -1   0   0  -1  -1   0  -1   3   2    3   2  13   2   1   1   2   3   1   2   3   2   1   1   2   2   2   0  17  41  0.09 0.02
   85 L     1   0  -1  -1  -1   0   0  -1  -1   0   1   2   0  -1  -1   0   0  -1  -1   1   13   2   2   2   1   1   2   3   1   2  19  30   1   1   2   2   2   0   1  13  0.06 0.01
   86 K     0   1   0   0  -1   1   0  -1   0  -1  -1   3  -1  -1   0   0   0  -1  -1  -1    5   3   3   3   1   3   4   5   1   3   6  41   1   2   3   4   4   1   2   4  0.12 0.01
   87 Q     0   0   0   0  -1   1   1  -1   0  -1  -1   0  -1  -1   0   1   0   6   0  -1    5   3   3   3   1  11  15   4   1   3   5   3   1   2   3  12   3  15   2   4  0.20 0.01
   88 Q     0   0   0  -1  -1   2   0  -1   1  -1  -1   0   0   1   0   0   0   0   4  -1    5   3   3   3   1  19   4   4   1   3   5   3   1   2   3   4   3   1  27   4  0.13 0.01
   89 K     0   0   0   0  -1   0   0   0  -1  -1  -1   1  -1  -1   2   1   0  -1  -1  -1    5   3   3   3   1   3   4   4   1   3   5  19   1   2  13  19   3   1   2   4  0.14 0.00
   90 G     0  -1   0   0  -1   0   0   3  -1  -1  -1   0  -1  -1   0   1   0  -1  -1  -1    5   3   3   3   1   3   4  35   1   3   5   3   1   2   3  15   3   1   2   4  0.18 0.01
   91 A     1   0   0   0  -1   0   0   0  -1  -1  -1   0  -1  -1   2   1   1  -1  -1  -1   13   3   3   3   1   3   4   4   1   3   5   3   1   2  13  19  11   1   2   4  0.14 0.00
   92 G     0  -1   0  -1  -1  -1  -1   4  -1  -2  -2  -1  -1  -1  -1   0  -1  -1  -1  -1    4   2   2   3   1   2   3  55   1   2   4   3   1   2   3   3   3   1   2   3  0.38 0.02
   93 D    -1  -1   0   2  -1  -1   0   2  -1   0   1  -1   0  -1  -1  -1  -1  -1  -1  -1    3   2   2  18   1   2   2  25   1   2  28   2   1   1   2   3   2   0   1   2  0.11 0.01
   94 A     1  -1   0   1  -1   0   0  -1  -1  -2  -2   1  -1  -2   4   0   1  -2  -2  -1   18   1   1  13   1   1   2   2   1   1   2  12   1   1  26   2  12   0   1   2  0.33 0.02
   95 S     0  -1   0   1  -1  -1   0  -1  -1   0   0  -1   0  -1  -1   2   0  -2  -1   1    2   1   1  13   1   1   2   2   1   1  13   2   1   1   1  28   2   0   1  27  0.07 0.02
   96 D    -1   0   4   2  -2   0   0  -1   0  -2  -2   1  -2  -2   2   0   0  -2  -2  -2    2   1  34  17   1   1   2   2   1   1   2  16   1   1  11   2   2   0   1   2  0.31 0.02
   97 Y    -1  -1  -1  -1  -1  -1  -1   1   0  -1  -1  -1  -1   3  -1   0   1   0   3  -1    3   2   2   2   1   2   2  12   1   2   3   2   1  27   2   3  13   1  17   2  0.15 0.01
   98 A     2  -2  -2  -3  -1  -2  -2  -2  -2   1   2  -2   1  -1  -2  -1  -1  -2  -1   2   28   1   0   1   0   0   1   1   0   1  38   1   0   0   1   1   1   0   0  26  0.18 0.03
   99 T     0  -1   2  -1  -1  -1  -1  -1  -1   1  -1  -1  -1  -2  -1   1   4  -2  -1   0    2   1  12   1   0   1   2   2   1  12   2   1   1   1   1   2  55   0   1   2  0.23 0.03
  100 L     0  -2  -2  -2   6  -2  -2  -2  -2   1   1  -2   0  -1  -2  -1  -1  -2  -1   2    2   1   1   1  28   1   2   2   1   1  18   1   1   1   1   2   1   0   1  33  0.26 0.03
  101 V     1  -1   1  -1  -1  -1  -1  -1  -1   1   1  -1   2  -1  -1   0   1  -2  -1   2   13   1  11   1   0   1   2   2   1   1  11   1  10   1   1   2  11   0   1  28  0.06 0.01
  102 L    -1  -2  -3  -3  -1  -2  -2  -3  -2   1   3  -2   1   2  -2  -2  -1  -1   0   2    1   1   1   1   0   1   1   1   0   1  56   1   0  11   1   1   1   0   0  21  0.26 0.03
  103 Y    -2  -2  -2  -2  -2   1  -1  -3   0  -1   0  -2  -1   5  -2  -2  -2   1   4  -1    1   1   1   1   0  12   1   1   0   1   1   1   0  49   1   1   1   0  26   1  0.48 0.05
  104 A     2  -1   1  -1  -1  -1  -1   0  -1  -2  -3  -1  -2  -3  -1   4   1  -3  -2  -2   30   0   9   0   0   0   0   0   0   0   0   0   0   0   0  60   0   0   0   0  0.42 0.06
  105 K    -1   4  -1  -1  -3   2   0   3  -1  -3  -3   3  -2  -3  -2  -1  -1  -3  -2  -3    0  35   0   0   0  11   0  28   0   0   0  26   0   0   0   0   0   0   0   0  0.46 0.04
  106 R    -1   2   4   0  -2   0  -1  -1  -1  -2  -3   1  -2  -3  -2   0   3  -3  -2  -2    0  16  38   0   0   0   0   0   0   0   0  11   0   0   0   0  34   0   0   0  0.40 0.05
  107 F    -2  -3  -3  -4  -2  -3  -3  -4  -1   1   2  -3   1   5  -3  -3  -2   0   4   0    0   0   0   0   0   0   0   0   0  14  29   0   0  38   0   0   0   0  18   0  0.45 0.04
  108 E    -1   2   0   2  -4   1   5  -2  -1  -4  -3   1  -2  -4  -2  -1  -1  -3  -2  -3    0  14   0   9   0   0  76   0   0   0   0   0   0   0   0   0   0   0   0   0  0.72 0.07
  109 D     1  -1   0   5  -3   2   1  -1  -1  -3  -3   0  -2  -3  -2   1  -1  -4  -3  -2   18   0   0  52   0  20   0   0   0   0   0   0   0   0   0   9   0   0   0   0  0.51 0.05
  110 L    -2  -3  -4  -4  -2  -3  -3  -4  -3   1   5  -3   2   0  -3  -3  -2  -2  -1   1    0   0   0   0   0   0   0   0   0   0 100   0   0   0   0   0   0   0   0   0  0.62 0.07
  111 P    -1  -3  -3  -2  -3  -2  -2  -3  -3  -3  -3  -2  -3  -4   8  -1  -2  -4  -4  -3    0   0   0   0   0   0   0   0   0   0   0   0   0   0 100   0   0   0   0   0  2.24 0.11
  112 I    -1   2  -2  -2  -2   2  -1  -3  -2   3   0   1   0  -1  -2  -2  -1  -3  -2   1    0  14   0   0   0  20   0   0   0  56   0   9   0   0   0   0   0   0   0   0  0.22 0.05
  113 I    -1  -3  -4  -4  -2  -3  -4  -4  -4   5   1  -3   1  -1  -3  -3  -1  -3  -2   3    0   0   0   0   0   0   0   0   0  86   0   0   0   0   0   0   0   0   0  14  0.54 0.07
  114 H    -1   0  -1  -1  -3   3   2  -2   4  -3  -2   2  -1   0  -2  -1  -1  -1   4  -2    0   0   0   0   0  22  14   0  16   0   0  20   0   0   0   0   0   0  28   0  0.40 0.05
  115 R    -1   4   3  -1  -3   1   0  -2   0  -3  -3   3  -2  -3  -2   1  -1  -3  -2  -3    0  38  20   0   0   0   0   0   0   0   0  28   0   0   0  14   0   0   0   0  0.45 0.05
  116 A     0  -2   2  -2   3  -1  -2  -2   4   2   0  -2   0  -1  -2  -1  -1  -3  -1   2    8   0  18   0  11   0   0   0  20  22   0   0   0   0   0   0   0   0   0  21  0.17 0.04
  117 G     0  -3   0   2  -3  -2  -1   5  -2  -4  -4  -2  -3  -4  -2  -1  -2  -3  -3  -4    0   0   0  20   0   0   0  80   0   0   0   0   0   0   0   0   0   0   0   0  0.93 0.07
  118 D    -2  -2   1   7  -4  -1   1  -2  -2  -4  -4  -1  -4  -4  -2  -1  -2  -5  -4  -4    0   0   0 100   0   0   0   0   0   0   0   0   0   0   0   0   0   0   0   0  1.18 0.10
  119 I    -2  -3  -3  -4  -2  -3  -3  -4  -3   5   1  -3   3   0  -3  -3  -1  -3  -2   2    0   0   0   0   0   0   0   0   0  80   0   0  20   0   0   0   0   0   0   0  0.50 0.08
  120 I    -1  -3  -3  -4  -1  -3  -3  -4  -4   4   1  -3   1  -1  -3  -2  -1  -3  -2   3    0   0   0   0   0   0   0   0   0  62   0   0   0   0   0   0   0   0   0  38  0.48 0.06
  121 R    -2   5  -2  -3  -3   0  -1  -3  -1  -1   2   1   0  -2  -3  -2  -1  -3  -2  -1    0  66   0   0   0   0   0   0   0   0  34   0   0   0   0   0   0   0   0   0  0.49 0.07
  122 V    -1  -3  -3  -4  -2  -3  -3  -4  -2   1   1  -3   0   5  -3  -2  -1  -1   1   2    0   0   0   0   0   0   0   0   0   0  14   0   0  48   0   0   0   0   0  38  0.43 0.05
  123 H    -1  -1   0  -1  -3   0  -1  -2   7  -3  -3  -1  -2  -2  -2   1   2  -3   1  -2    0   0   0   0   0   0   0   0  66   0   0   0   0   0   0  14  20   0   0   0  0.71 0.08
  124 R    -2   6  -1  -2  -4   1  -1  -3  -1  -4  -3   2  -2  -3  -3  -1  -2  -3  -2  -3    0 100   0   0   0   0   0   0   0   0   0   0   0   0   0   0   0   0   0   0  1.02 0.10
  125 A     2  -2  -3  -3  -1  -2  -2  -2  -3   2   1  -2   0  -1  -2  -1  -1  -3  -2   2   38   0   0   0   0   0   0   0   0  20  18   0   0   0   0   0   0   0   0  24  0.21 0.03
  126 T    -1   2   0  -1  -3   1   2  -2  -1  -3  -3   4  -2  -3  -1   0   1  -3  -2  -2    0  11   0   0   0   0  11   0   0   0   0  62   0   0   0   0  16   0   0   0  0.46 0.06
  127 L    -2  -3  -3  -4  -2  -2  -3  -4  -2   3   2  -3   3   0  -3  -2  -1  -1   2   1    0   0   0   0   0   0   0   0   0  42  27   0  20   0   0   0   0   0  11   0  0.34 0.05
  128 R    -1   3   1  -1  -3   4   1  -2   0  -2  -2   1  -1  -3  -2  -1  -1  -3  -2   0    0  25  11   0   0  49   0   0   0   0   0   0   0   0   0   0   0   0   0  14  0.41 0.06
  129 L    -1  -2  -2  -2  -2  -1   0  -3   2   1   2  -1   0   0  -2  -1   1  -1   2   1    0   0   0   0   0   0   9   0  11   0  30   0   0   0   0   0  20   0  11  18  0.14 0.03
  130 Y    -2  -2  -2  -3  -3  -2  -2  -3   0   1  -1   0  -1   4  -3  -2  -2   1   6  -1    0   0   0   0   0   0   0   0   0  14   0  11   0  20   0   0   0   0  54   0  0.57 0.06
  131 N    -2   0   5   4  -3   0   0  -1   0  -3  -4   2  -3  -4  -2   0  -1  -4  -3  -3    0   0  51  31   0   0   0   0   0   0   0  18   0   0   0   0   0   0   0   0  0.62 0.06
  132 G     0   2   2   3  -3   0   0   3  -1  -3  -3   1  -2  -3  -2   1  -1  -3  -3  -3    0  14  10  22   0   0   0  25   0   0   0   8   0   0   0  20   0   0   0   0  0.35 0.03
  133 Q     0   0   0   0  -3   4   2   2  -1  -3  -3   2  -1  -3  -2   0  -1  -3  -2  -2   11   0   0   0   0  37  18  20   0   0   0  14   0   0   0   0   0   0   0   0  0.39 0.04
  134 R    -1   2  -1  -1  -2   0   1  -3   2   1   0   2   1  -2  -2  -1   0  -3  -1   0    0  16   0   0   0   0  10   0  11  14  10  20   9   0   0   0   8   0   0   0  0.13 0.02
  135 Q    -1   3  -1  -1  -3   5   1  -2   0  -3  -2   1  -1  -2  -2   0   1  -2   2  -2    0  20   0   0   0  54   0   0   0   0   0   0   0   0   0   0  14   0  11   0  0.46 0.07
  136 F     1  -2  -2  -2  -1  -2  -2  -2  -2   1   1  -2   0   3  -2  -1  -1  -1   1   2   16   1   1   1   0   1   1   1   0  11  12   1   0  28   1   1   1   0   1  21  0.14 0.02
  137 N    -1   0   5   0  -2   0   0  -1   0  -2   0   1  -1  -2  -2   0   0  -3  -2  -2    1   1  57   1   0   1   1   1   0   1  16  12   0   1   1   1   1   0   1   1  0.33 0.04
  138 A     2  -2  -2  -2   5  -1  -2  -1  -2   0   0  -1   0  -1  -1   0   0  -2  -2   1   37   1   1   1  25   1   1   1   0   1  13   1   0   1   1   1   1   0   1  12  0.24 0.03
  139 N     1  -1   5   0  -2   0   0   0   0  -2  -2   0  -2  -2  -1   1   0  -3  -2  -2   21   1  53   1   0   1   1   1   0   1   2   1   0   1   1  11   1   0   1   1  0.37 0.04
  140 V    -1  -2  -1  -1   5  -1   1   0  -2   0   0  -1   3  -1  -2  -1  -1  -2  -2   1    1   1   1   1  20   1  16  11   0   1   2   1  22   1   1   1   1   0   1  17  0.15 0.03
  141 F     0  -1  -1  -1  -1  -1  -1  -1  -1  -1  -1  -1  -1   3  -1   2   1   0   2  -1    1   1   1   1   0   1   1   1   0   1   2   1   0  26   1  32  16   0  11   1  0.20 0.03
  142 Y     0  -2  -2  -2  -2  -1  -2  -2   0  -1  -1  -1  -1   1  -2  -1   1   7   5  -1   11   1   1   1   0   1   1   1   0   1   2   1   0   1   1   1  16  20  38   1  0.53 0.04
  143 S     0   1   1  -1  -1   0  -1  -1  -1   0  -1   0  -1  -2  -1   3   1  -2  -1   1    1  12   9   1   0   1   1   1   0   1   2   1   0   1   1  45   1   0   1  21  0.16 0.03
  144 S     1  -1   0  -1  -1   0   0  -1  -1  -2   0  -1  -1  -2  -1   4   1  -2  -2  -1    1   1   1   1   0   1   1   1   0   1  11   1   0   1   1  74   1   0   1   1  0.32 0.05
  145 S     1  -1   0   0  -1   0   0  -1  -1  -2  -2   0  -1  -2  -1   4   2  -2  -2  -1    1   1   1   1   0   1   1   1   0   1   2   1   0   1   1  74  11   0   1   1  0.39 0.05
  146 W    -2  -2  -3  -3  -2  -2  -2  -2  -2  -1  -1  -2  -1   5  -3  -2  -2   9   2  -2    1   1   1   1   0   1   1   1   0   1   2   1   0  45   1   1   1  38   1   1  0.99 0.06
  147 A     3  -2  -2  -2   3  -1   0   2  -2  -2  -2  -1  -2  -3  -1   0  -1  -3  -2  -1   62   0   0   0  11   0  10  18   0   0   0   0   0   0   0   0   0   0   0   0  0.37 0.05
  148 L    -1  -2  -3  -3  -1  -2  -3  -3  -3   2   4  -2   2   0  -3  -2  -1  -2  -1   1    1   1   0   1   0   0   1   1   0  18  73   1   0   0   1   1   1   0   0   1  0.39 0.04
  149 F    -2  -2  -2  -3  -2  -2  -2  -3  -1  -1   0  -2   0   6  -3  -1   1   0   2  -1    1   1   0   1   0   0   1   1   0   1   1   1   0  73   1   1  18   0   0   1  0.57 0.06
  150 S     0  -1   2   0  -2   0   2   1  -1  -1  -2   0  -2  -3  -2   3   0  -3  -2  -1    0   0  14   0   0   0  20  10   0  11   0   0   0   0   0  45   0   0   0   0  0.26 0.04
  151 T     2  -1   0  -1  -1  -1  -1   3  -2  -2  -2  -1  -1  -2  -1   1   2  -2  -2  -1   22   1   1   1   0   1   1  32   0   1   1   1   0   1   1   9  27   0   0   1  0.30 0.03
  152 D    -1  -2   2   3  -2  -1   1   3  -1  -2  -2  -1  -2  -3  -2   0  -1  -3  -2  -1    1   1  11  28   0   0  10  33   0   1   1   1   0   0   1   1   1   0   0  10  0.34 0.03
  153 K    -1   0   0   2  -3   0   1   1  -1  -2  -2   2  -2   2  -2  -1  -1  -2   0  -2    1   1   0  21   0   0  12  11   0   1   1  31   0  18   1   1   1   0   0   1  0.20 0.03
  154 R     1   1  -1  -1  -2   1   1  -1   3  -2  -1   2   1  -2  -1   0  -1  -2  -1  -1   20   9   1   1   0   1  13   1  14   1   1  22  11   1   1   1   1   0   0   1  0.16 0.03
  155 S     0  -1   0   0  -1   0   1  -1  -1  -1  -2   0  -1  -2   2   3   0  -2  -2   0    1   1   1   1   0   1  13   1   0   1   1   1   0   1  12  51   1   0   0  13  0.27 0.04
  156 V     2  -2  -2  -2  -1  -1  -2  -1  -2   1   1  -1   0  -1  -1   0   0  -2  -1   2   34   1   1   1   0   1   1   1   0   1  21   1   0   1   1   1   1   0   0  34  0.16 0.03
  157 T     0  -1  -1  -1  -1  -1  -1  -1  -1  -1   0  -1  -1  -2   4   0   3  -2  -1  -1    2   1   1   2   1   1   2   2   1   1  11   2   1   1  26   2  40   0   1   2  0.38 0.03
  158 Q    -1   0  -1  -1  -2   2   1  -1   0  -1   1   0   0   2  -1  -1  -1  -1   0  -1    3   2   2   2   1  19  15   3   1   2  16   2   1  21   2   3   2   1   1   3  0.09 0.01
  159 E    -1   0   0   2  -2   1   3  -1  -1  -1  -1   0  -1  -2  -1   0   0  -2  -1   0    3   2   2  12   1   2  41   3   1   2   4   2   1   2   2   3   2   1   1  15  0.20 0.02
  160 I     0  -1  -1  -1  -1  -1  -1   2  -2   2   0  -1   0  -1  -1  -1   0  -1  -1   1    3   2   2   2   1   2   2  22   1  31   4   2   1   2   2   3   2   1   1  15  0.08 0.01
  161 N     0   0   1   0  -1   0   1   1  -1  -1  -1   1  -1  -2  -1   0   2  -1  -1  -1    3   2  10   2   1   2  15  12   1   2   4  14   1   2   2   3  22   1   1   3  0.12 0.01
  162 N    -1  -1   2   2  -1   0   0   1  -1   0   0  -1  -1  -1  -1   0   0  -2  -1   0    3   2  22  14   1   2   2  12   1   2  13   2   1   2   2   3   2   1   1  13  0.08 0.01
  163 Q     0   0   0   0  -2   2   2   2   0  -2  -2   0  -1  -2  -1   0  -1  -1  -1  -2    3   2   2   2   1  19  27  22   1   2   4   2   1   2   2   3   2   1   1   3  0.22 0.02
  164 D     1  -1   0   3  -1   0   1   1  -1  -2  -2   0  -1  -2  -1   0   0  -2  -1  -1   22   2   2  23   1   2  11  15   1   2   4   2   1   2   2   3   2   1   1   3  0.16 0.01
  165 A     1  -1  -1   1  -2  -1   0   1  -1  -2  -2  -1  -2  -2   4   0  -1  -2  -2  -1   22   1   1  14   1   1   2  14   1   1   3   2   1   1  29   2   2   0   1   2  0.41 0.02
  166 V     0   1  -1   1  -1  -1   0  -1  -1   1   0   0   0  -1  -1   0   1  -2  -1   1   11  12   1  14   1   1   2   2   1  11   3   2   1   1   1   2  14   0   1  20  0.05 0.01
  167 S     0  -1   1  -1  -1  -1  -1  -2  -1   1   0  -1   0   1  -2   1   1  -2   0   2    1   1  13   1   0   1   1   1   0  10   1   1   0  13   1  18  12   0   0  26  0.09 0.02
  168 D    -1  -2   2   4  -3  -1   0  -2  -1  -3  -3  -1  -3  -3   3   1   1  -4  -3  -3    0   0  12  46   0   0   0   0   0   0   0   0   0   0  19  11  12   0   0   0  0.60 0.06
  169 T    -1   2  -1  -2  -2  -1  -1  -2   0  -1   0   0  -1   3  -2   1   1   0   4  -1    0  19   0   0   0   0   0   0   0   0   9   0   0  15   0  25   8   0  24   0  0.23 0.04
  170 T     0   1  -1  -2  -1  -1  -1  -2  -2   1  -1   1   0  -2  -2   0   3  -3  -2   1   10  12   0   0   0   0   0   0   0  14   0  11   0   0   0   0  38   0   0  15  0.18 0.04
  171 P     0  -2  -1  -1   4  -1  -1  -2  -2  -1  -2  -1  -1  -2   5   1   0  -2  -2   0    1   1   1   1  15   1   1   1   0   1   2   1   0   1  44  13   1   0   1  12  0.69 0.04
  172 F    -2  -2  -2  -3  -2  -2  -2  -2   1  -1  -1  -2  -1   4  -2  -2  -2   1   6  -1    1   1   1   1   0   1   1   1   0   1   2   1   0  29   1   1   1   0  53   1  0.63 0.06
  173 S     2   0   2   0  -1   3   0  -1   0  -2  -2   0  -1  -2  -1   2   0  -2  -1  -1   22   1  13   1   0  29   1   1   0   1   2   1   0   1   1  21   1   0   1   1  0.24 0.03
  174 F    -1  -2  -2  -2   4  -2  -2  -2  -1  -1  -1  -2  -1   4  -2   0  -1   0   3  -1    1   1   1   1  15   1   1   1   0   1   2   1   0  41   1  15   1   0  13   1  0.31 0.04
  175 S     1  -1   0  -1  -1  -1  -1  -1  -1  -3  -3  -1  -2  -3  -1   5   2  -3  -2  -2    0   0   0   0   0   0   0   0   0   0   0   0   0   0   0  89  11   0   0   0  0.60 0.10
  176 S     0  -2  -1  -1  -2  -1  -1   3  -2  -3  -3  -1  -2  -3   4   2   1  -3  -3  -2    0   0   0   0   0   0   0  33   0   0   0   0   0   0  25  28  15   0   0   0  0.57 0.05
  177 K    -1   1   2  -1  -3   2   0  -2  -1  -3  -3   5  -2  -4  -2   0  -1  -3  -2  -3    0   0  15   0   0  11   0   0   0   0   0  74   0   0   0   0   0   0   0   0  0.57 0.08
  178 H    -1  -1   1  -1  -2   1  -1  -2   2  -1  -1  -1  -1   3  -2   0  -1   0   2   0    1   1   9   1   0  13   1   1   9   1   1   1   0  29   1  13   1   0   9  11  0.16 0.03
  179 A     0  -2  -2  -2  -2  -1  -2  -2   3  -1   1  -2   0   3  -2  -1  -1   0   5  -1    9   1   0   1   0   0   1   1  15   1  15   1   0  22   1   1   1   0  31   1  0.34 0.04
  180 T    -1  -1   3   0  -2   0   1  -2  -1  -1  -1  -1   2  -2  -1   0   3  -2  -2  -1    1   1  22   1   0   0  15   1   0   1   1   1  14   0   1   1  40   0   0   1  0.25 0.05
  181 I    -2   1  -1  -1  -3   1   1  -2  -1   0  -1   0  -1   4  -2  -1  -1  -1   1  -1    1  14   0   1   0  13  15   1   0   9   1   1   0  40   1   1   1   0   0   1  0.23 0.04
  182 E    -1  -1   0   2  -3   1   4  -2  -1  -2  -2   0  -2  -3  -1   0   1  -3  -2   0    1   1   0  13   0   0  59   1   0   1   1   1   0   0   1   1  10   0   0  11  0.42 0.05
  183 K     1   0   0   1  -2   2   0   1  -1  -2  -2   1  -1  -3  -1   0   2  -2  -2  -1   16   1   0  11   0  14   1  13   0   1   1  18   0   0   1   1  22   0   0   1  0.19 0.03
  184 N    -1   0   1   0  -2   2   2  -1   3  -1   0   0   0  -1  -1   0   0  -2  -1  -1    2   1  10   1   0  13  21   2  13   1  17   1   1   1   1  10   1   0   1   2  0.14 0.02
  185 E    -2  -1   0   5  -4   0   4  -2   0  -3  -3   0  -3  -1  -2  -1  -1  -2   2  -3    0   0   0  46   0   0  39   0   0   0   0   0   0   0   0   0   0   0  15   0  0.64 0.07
  186 I     0   1  -1  -1  -2   3   1  -2   2  -1  -2   3  -1  -3  -2   0   1  -3  -1  -1    9   0   0   0   0  33   0   0   9   8   0  29   0   0   0   0  12   0   0   0  0.28 0.05
  187 S     0   1   2  -1  -2   0   0  -1  -1  -3  -3   4  -2  -3  -1   2   0  -3  -2  -2    9   0  14   0   0   0   0   0   0   0   0  54   0   0   0  23   0   0   0   0  0.38 0.06
  188 I     0  -2  -2  -3  -1  -2  -2  -3  -2   2   2  -2   3   2  -3  -1   1  -2   0   1   15   0   0   0   0   0   0   0   0  21  21   0  20  14   0   0  10   0   0   0  0.19 0.04
  189 L    -1  -2  -3  -4  -1  -2  -3  -4  -3   2   3  -3   3   0  -3  -2  -1  -2  -1   2    0   0   0   0   0   0   0   0   0   0  55   0  15   0   0   0   0   0   0  30  0.40 0.06
  190 Q    -1   0   0   2  -3   3   3  -2  -1  -3  -3   2  -2  -3  -1   1  -1  -3  -2  -3    0   0   0  15   0  17  30   0   0   0   0  24   0   0   0  14   0   0   0   0  0.44 0.05
  191 N     0  -1   4   3  -3   0   1  -1  -1  -3  -3  -1  -2  -3  -2   0   1  -4  -3  -2   11   0  43  27   0   0  10   0   0   0   0   0   0   0   0   0   9   0   0   0  0.49 0.06
  192 L    -2  -2  -3  -4  -2  -2  -3  -4  -3   2   4  -3   2   0  -3  -2   1  -2  -1   1    0   0   0   0   0   0   0   0   0   9  79   0   0   0   0   0  12   0   0   0  0.44 0.06
  193 R    -2   6  -1  -2  -4   1   0  -3  -1  -4  -3   3  -2  -3  -2  -1  -2  -3  -2  -3    0  88   0   0   0   0   0   0   0   0   0  12   0   0   0   0   0   0   0   0  0.92 0.10
  194 K     1   0  -1  -1  -2   0   1  -2  -2   1  -1   3  -1  -2  -2  -1  -1  -3  -2   1   12   0   0   0   0   0  14   0   0  10   0  44   0   0   0   0   0   0   0  20  0.19 0.05
  195 W    -3  -3  -4  -5  -3  -3  -4  -3  -3  -2  -2  -4  -2   0  -4  -3  -3  11   1   0    0   0   0   0   0   0   0   0   0   0   0   0   0   0   0   0   0  85   0  15  2.30 0.15
  196 A     4  -2   1  -1  -1  -1  -1  -1  -1  -1  -1  -1   2  -2  -1   1   0  -3  -2  -1   62   0  12   0   0   0   0   0   0   0   0   0  14   0   0  12   0   0   0   0  0.31 0.06
  197 N     1   0   1  -1  -2   0  -1  -2  -1   1   0   2   2  -2  -2   1   0  -3  -2   1   10   0   8   0   0   0   0   0   0  14   0  24  15   0   0  20   0   0   0   9  0.10 0.03
  198 Q     0   0   0   2  -2   3   1  -2  -1  -2  -2   1  -1  -3  -1   2   2  -3  -2  -2    0   0   0  12   0  32   0   0   0   0   0  11   0   0   0  22  23   0   0   0  0.35 0.05
  199 Y    -1  -1   1  -2  -3  -1  -1  -2   5  -2  -2  -2  -2   1  -3   1  -1   1   6  -2    0   0  10   0   0   0   0   0  20   0   0   0   0   0   0  15   0   0  55   0  0.61 0.08
  200 F    -2  -2  -3  -3  -2  -2  -2  -3  -2   2   1   0   2   4  -3  -2  -2  -1   1   0    0   0   0   0   0   0   0   0   0  26  10  14   9  41   0   0   0   0   0   0  0.30 0.05
  201 S     1  -1   0  -1  -1   1  -1  -1  -1  -2  -2  -1  -1   2  -1   4   1  -2  -1  -2   12   0   0   0   0   9   0   0   0   0   0   0   0  14   0  65   0   0   0   0  0.34 0.07
  202 S     0   0   1   0  -2   1   1  -1   0  -2  -2   1  -1  -1   2   1   0  -1   2  -2   12   1  13   1   0   9  14   1   0   1   1  13   0   0  10   9   1   0  15   1  0.21 0.02
  203 Y    -1   2   3   2  -2   0   0  -1   0  -2  -2   0  -2  -1  -2   1   0  -1   3  -2    1  15  25  14   0   0   1   1   0   1   1   1   0   0   1  21   1   0  17   1  0.26 0.04
  204 S     0  -1   2   3  -2   0   0   2  -1  -2  -2  -1  -2  -2  -1   2   1  -2  -2  -2    1   1  10  25   0   1   1  15   0   1   2   1   0   1   1  21  16   0   1   1  0.26 0.02
  205 V     0   0  -1  -1  -1  -1  -1  -1  -1   1   0   1   0  -1  -1   0   1  -2  -1   2    3   2   1   2   1   1   2   2   1   2   3  17   1   1   2   2  13   0   1  43  0.08 0.02
  206 I    -1  -2  -2  -2  -1  -1  -1  -2  -2   2   1  -1   0  -1   3  -1  -1  -2  -1   2    3   2   1   2   1   1   2   2   1  31  14   2   1   1  16   2   2   0   1  14  0.18 0.02
  207 S     0  -1  -1  -1   4   0   1  -1  -1   1   0  -1   0  -1  -1   1   0  -2  -1   1    3   2   2   2  15   1  14   2   1  14   3   2   1   1   2  20   2   0   1  12  0.09 0.01
  208 S     0  -1   0   2  -1   2   0  -1  -1  -2  -2   0  -1  -2  -1   3   1  -2  -2  -2    2   1   1  13   0  13   1   1   0   1   2   1   0   1   1  57   1   0   1   1  0.31 0.04
  209 D    -1  -1   0   2   4   0   2   1  -1  -1  -2  -1  -1  -2  -1   0  -1  -2  -2   0    2   1   1  18  14   1  28  12   0   1   2   1   0   1   1   1   1   0   1  13  0.20 0.03
  210 M    -1  -1  -2  -2   4  -1  -1  -2  -2   0   0   1   3  -1   2  -1  -1  -2  -1   1    2   1   1   1  14   1   1   1   0   1   2  13  30   1  11   1   1   0   1  16  0.17 0.04
  211 Y    -2  -1  -2  -2  -3  -1   0  -2   0  -1  -1   0  -1   4  -2  -2  -2   5   4  -2    1   1   0   1   0   0  11   1   0   1   1  13   0  38   1   1   1   9  21   1  0.41 0.05
  212 T     2  -2  -1  -2  -1  -1  -1  -1  -2  -1  -1  -1  -1  -2  -1   2   4  -3  -2   1   22   0   0   0   0   0   0   0   0   0   0   0   0   0   0  15  52   0   0  11  0.35 0.06
  213 A     0  -1  -1   1  -2   1   0  -2  -1  -2  -1   1  -1   2   3   1  -1  -2  -1  -2    8   0   0  12   0  11   0   0   0   0   9  10   0  15  21  14   0   0   0   0  0.25 0.03
  214 L    -2  -3  -4  -4  -2  -3  -3  -4  -3   2   4  -3   2   0  -3  -3  -1  -2  -1   1    0   0   0   0   0   0   0   0   0  12  88   0   0   0   0   0   0   0   0   0  0.56 0.07
  215 N    -1   2   2   0   3   0   1  -1  -1  -3  -3   2  -2  -3  -2   2   0  -3  -2  -2    0  15  17   0  11   0  12   0   0   0   0  23   0   0   0  22   0   0   0   0  0.30 0.04
  216 K    -1   0   0   4  -3   2   2  -2  -1  -2  -1   2  -1  -3  -2   0   1  -3  -2  -2    0   0   0  35   0  12  15   0   0   0   9  17   0   0   0   0  12   0   0   0  0.35 0.04
  217 A     3  -2  -2  -3   3  -2  -2  -1  -3   2   0  -2   0  -2  -2   0  -1  -3  -2   1   52   0   0   0   9   0   0   0   0  29   0   0   0   0   0   0   0   0   0  10  0.26 0.05
  218 Q    -1   2   0   1  -3   3   1  -2  -1  -2  -2   3   2  -3  -2  -1  -1  -3  -2  -2    0  12   0   9   0  28   0   0   0   0   0  39  12   0   0   0   0   0   0   0  0.39 0.06
  219 A     1  -1  -1  -1  -2   1   1  -2  -1   1  -1   1  -1  -2   4   0  -1  -3  -2   0   17   0   0   0   0  12  14   0   0  15   0  12   0   0  21   0   0   0   0   9  0.28 0.03
  220 Q    -1  -1   2  -1  -3   3   1   3  -1  -2  -1   0   3  -2  -2  -1  -1  -3  -2  -2    0   0  12   0   0  26  12  29   0   0   0   0  21   0   0   0   0   0   0   0  0.30 0.05
  221 K    -1   1   0   0  -3   2   3  -2  -1  -3  -2   3  -2  -3   2   0  -1  -3  -2  -2    1   1   0   1   0  11  27   1   0   1   1  45   0   0  10   1   1   0   0   1  0.44 0.05
  222 G     0  -1  -1  -1   4  -1  -1   3  -2  -1  -1  -1   2  -1  -1   0   1  -2  -2  -1    2   1   1   1  14   1   2  31   1   1   2   1  20   1   1   2  14   0   1   2  0.20 0.03
  223 D    -1   1   0   4  -3  -1   0  -2   0  -2  -2  -1  -2   2  -2   1  -1  -1   3  -2    0  15   0  41   0   0   0   0   0   0   0   0   0  10   0  14   0   0  20   0  0.36 0.05
  224 F    -2  -2  -3  -3  -2  -3  -3  -3  -1  -1   0  -3   0   6  -3  -2  -2   1   4  -1    1   1   1   1   0   1   1   1   0   1   1   1   0  76   1   1   1   0  11   1  0.72 0.07
  225 D    -2  -2   4   6  -4  -1   1  -1  -1  -4  -4  -1  -3  -4  -2   0  -1  -5  -3  -4    0   0  26  74   0   0   0   0   0   0   0   0   0   0   0   0   0   0   0   0  0.94 0.09
  226 V    -1  -3  -4  -4  -1  -3  -3  -4  -3   2   4  -3   1   0  -3  -3  -1  -2  -1   2    0   0   0   0   0   0   0   0   0   0  71   0   0   0   0   0   0   0   0  29  0.46 0.06
  227 V     0  -2  -1  -2  -1  -2  -2  -2  -3   1   1  -2   0  -1  -2   1   3  -3  -2   3    0   0   0   0   0   0   0   0   0   0  12   0   0   0   0  14  30   0   0  44  0.24 0.05
  228 A     2  -3  -2  -3   8  -2  -3   1  -3  -2  -2  -2  -2  -3  -2   0  -1  -3  -3  -1   29   0   0   0  59   0   0  12   0   0   0   0   0   0   0   0   0   0   0   0  0.85 0.09
  229 K    -1   3   0  -1  -3   4   1  -2   0  -3  -3   4  -1  -4  -2  -1  -1  -3  -2  -3    0  15   0   0   0  44   0   0   0   0   0  41   0   0   0   0   0   0   0   0  0.60 0.08
  230 I    -1  -3  -4  -4  -1  -3  -3  -4  -3   4   3  -3   1   0  -3  -3  -1  -3  -1   3    0   0   0   0   0   0   0   0   0  46  30   0   0   0   0   0   0   0   0  24  0.41 0.05
  231 L    -1  -2  -2  -3  -1  -2  -2  -3  -3   1   3  -2   1  -1  -3  -1   2  -2  -1   2    0   0   0   0   0   0   0   0   0   0  52   0   0   0   0   0  24   0   0  24  0.30 0.05
  232 Q    -1   0   0   0  -3   3   2   3   3  -3  -2   0  -1  -2  -1   0  -1  -2  -1  -2    1   1   1   1   0  30  13  31  14   1   1   1   0   1   1   1   1   0   0   1  0.36 0.04
  233 V    -1   0  -2  -2  -2  -1  -1  -2  -2   3   0   2   0  -1  -2  -1  -1  -2  -1   2    1   1   1   1   0   1   1   1   0  39   1  31   0   1   1   1   1   0   0  18  0.15 0.04
  234 H     2  -1  -1  -1  -1  -1  -1  -1   2  -1  -1  -1  -1   1  -1   2   0  -2   0   0   31   1   1   1   0   1   1   1   9   1   1   1   0   9   1  27   1   0   0  13  0.14 0.03
  235 E    -1   0   0   2  -4   2   3  -2   5  -3  -3   2  -2  -3  -2  -1  -1  -3  -1  -3    0   0   0  12   0  11  26   0  27   0   0  24   0   0   0   0   0   0   0   0  0.48 0.06
  236 L     1   1   1  -2  -1  -1  -2  -2  -2   1   1  -1   0  -1  -2  -1  -1  -3  -2   3   15  12  12   0   0   0   0   0   0   0  17   0   0   0   0   0   0   0   0  44  0.13 0.04
  237 D    -2  -2   1   6  -4  -1   1  -2  -1  -3  -4  -1  -3  -2  -2  -1  -2  -3   2  -3    0   0   0  86   0   0   0   0   0   0   0   0   0   0   0   0   0   0  14   0  0.94 0.10
  238 E    -1   0   0   0  -3   2   3   2   0  -3  -3   1  -2  -2  -2   1  -1  -2   2  -3    0   0   0   0   0  12  32  19   0   0   0  14   0   0   0  11   0   0  12   0  0.31 0.04
  239 Y     0  -2   0   3  -2  -1   0  -2   0  -2  -2  -1  -2   1  -2   1   1   0   5  -2    9   0   0  29   0   0   0   0   0   0   0   0   0   0   0  10  11   0  41   0  0.39 0.06
  240 T     1   1   0  -1  -1  -1  -1  -1  -2  -2  -2   0  -1  -3  -1   2   4  -3  -2  -1   11  14   0   0   0   0   0   0   0   0   0   0   0   0   0  19  56   0   0   0  0.39 0.06
  241 N    -1  -2   3  -1  -2  -1  -1  -2  -1  -2  -2  -1  -1   4  -3   2  -1   6   1  -2    0   0  29   0   0   0   0   0   0   0   0   0   0  30   0  27   0  14   0   0  0.42 0.06
  242 E     0  -2  -1   1  -2  -1   1  -2  -1  -1   1  -1   0   0  -2   0   1  -1   2  -1   15   0   0  12   0   0  17   0   0   0  30   0   0   0   0   0  12   0  14   0  0.12 0.03
  243 L    -1  -3  -4  -4  -1  -3  -3  -4  -3   2   4  -3   2   0  -3  -3  -1  -2  -1   2    0   0   0   0   0   0   0   0   0   0  73   0   0   0   0   0   0   0   0  27  0.47 0.06
  244 K    -1   2  -1  -2  -3   0   0  -2  -1  -2  -2   3  -1   3  -2   0  -1  -2   0  -2    0  12   0   0   0   0   0   0   0   0   0  47   0  29   0  12   0   0   0   0  0.32 0.06
  245 L    -1  -3  -3  -4  -1  -3  -3  -4  -3   2   2  -3   1  -1  -3  -2  -1  -3  -2   4    0   0   0   0   0   0   0   0   0   0  29   0   0   0   0   0   0   0   0  71  0.43 0.07
  246 K    -2  -1   1  -2  -3  -1  -1  -2  -2  -3  -3   2  -2  -1  -3  -2  -2  10   1  -3    0   0  12   0   0   0   0   0   0   0   0  29   0   0   0   0   0  59   0   0  1.39 0.11
  247 D    -2  -2   1   7  -4  -1   1  -2  -2  -4  -4  -1  -4  -4  -2  -1  -2  -5  -4  -4    0   0   0 100   0   0   0   0   0   0   0   0   0   0   0   0   0   0   0   0  1.22 0.11
  248 A     1  -2  -1  -1  -2   1  -1   5  -2  -3  -3  -1  -2  -3  -2   1   1  -3  -3  -2    8   0   0   0   0   9   0  59   0   0   0   0   0   0   0  12  12   0   0   0  0.57 0.05
  249 S     0  -1   0  -1  -1  -1  -1  -2  -2  -2  -2  -1  -1  -3  -1   3   5  -3  -2  -1    0   0   0   0   0   0   0   0   0   0   0   0   0   0   0  29  71   0   0   0  0.56 0.09
  250 G    -1   1   0   2  -3   2   2   3  -1  -3  -3   2  -2  -3  -2   0  -1  -3  -3  -3    0   9   0  15   0  11  14  29   0   0   0  22   0   0   0   0   0   0   0   0  0.38 0.04
  251 Q     2  -1  -1  -2   3   3   0  -2  -1  -1  -1   0   2  -2  -2   0   2  -2  -2  -1   27   0   0   0  10  29   0   0   0   0   0   0  14   0   0   0  20   0   0   0  0.24 0.06
  252 V    -1  -2  -2  -2  -2  -2  -2  -3  -3   0  -1  -2  -1  -3   6  -1   2  -4  -2   2    0   0   0   0   0   0   0   0   0   0   0   0   0   0  48   0  24   0   0  28  0.82 0.07
  253 F    -2  -3  -3  -3  -3  -2  -3  -3  -2  -2  -2  -3  -2   4   4  -2  -2   8   3  -2    0   0   0   0   0   0   0   0   0   0   0   0   0  26  29   0   0  35  10   0  1.15 0.09
  254 Y     1   1  -2  -2   4  -1  -2  -2  -1  -2  -2  -1  -1   2   3  -1   1  -1   3  -1   15  11   0   0  14   0   0   0   0   0   0   0   0  12  19   0  12   0  17   0  0.31 0.04
  255 T     0  -1   2  -1  -1  -1  -1   1  -2  -1   0  -1  -1  -2  -2   2   2  -3  -2   0    0   0  14   0   0   0   0  12   0   0  12   0   0   0   0  24  27   0   0  11  0.18 0.04
  256 L    -1  -2  -2  -2  -2  -2  -2  -3   3   2   2  -2   1  -1  -2   0   1  -2  -1   1    0   0   0   0   0   0   0   0  13  30  31   0   0   0   0  13  13   0   0   0  0.17 0.04
  257 S     0  -2  -2  -3  -1  -2  -2  -2  -3   1   2  -2   1  -1  -2   0   1  -2  -1   2    9   0   0   0   0   0   0   0   0   0  43   0   0   0   0   9  13   0   0  26  0.20 0.03
  258 L     1  -2  -2  -2  -1   1  -1  -2  -2   0   2  -1   1   2  -2   0  -1  -2   0   1   16   0   0   0   0  13   0   0   0   0  31   0   0  13   0  13   0   0   0  15  0.11 0.03
  259 K    -1   3   0   2  -4   1   2  -2  -1  -3  -3   4  -2  -4  -2  -1  -1  -3  -2  -3    0  13   0  13   0   0  13   0   0   0   0  62   0   0   0   0   0   0   0   0  0.51 0.06
  260 L    -1   5  -1  -2  -3   0  -1   1  -1  -1   1   1   0  -2  -3  -1  -2  -3  -2  -1    0  56   0   0   0   0   0  13   0   0  31   0   0   0   0   0   0   0   0   0  0.36 0.06
  261 K    -1   1   0   2  -3   1   1  -2  -1  -3  -3   4  -2  -3  -1   0   1  -3  -2  -2    0   0   0  15   0   0   0   0   0   0   0  69   0   0   0   0  15   0   0   0  0.44 0.05
  262 F    -2  -3  -4  -4  -3  -3  -4  -4  -2   0   1  -3   0   6  -4  -3  -2   0   2  -1    0   0   0   0   0   0   0   0   0   0  15   0   0  85   0   0   0   0   0   0  0.80 0.07
  263 P    -1  -2  -1  -1  -2  -1  -1  -2  -2  -2  -2  -1  -2  -3   7   1  -1  -3  -2  -2    1   1   1   1   0   1   1   1   0   1   1   1   0   1  70  17   1   0   0   1  1.30 0.05
  264 H    -1   2   0  -1  -2   0   0  -2   6  -2  -2   0  -1  -2  -2   0   1  -2   0  -2    1  15   1   1   0   1   1   1  52   1   1   1   0   1   1   1  20   0   0   1  0.46 0.05
  265 V    -1  -2  -3  -3  -1  -2  -2  -3  -2   2   3  -2   1   3  -2  -2  -1  -1   0   1    1   1   1   1   0   1   1   1   0  16  41   1   0  19   1   1   1   0   0  12  0.23 0.02
  266 R    -1   2  -1  -1  -2   0  -1  -2   3   0  -1   0  -1   0  -1  -1  -1  -1   3   0    3  23   2   2   1   1   2   3  16   2   3   2   1   1   2   2   2   0  16  17  0.13 0.01
  267 T     0   2   0   0  -2   1   3  -1  -1  -2  -2   2  -1  -2  -1   0   1  -2  -2  -1   12  16   1   1   0   1  31   1   0   1   2  15   0   1   1   1  12   0   1   1  0.24 0.02
  268 G     0  -3  -1  -2  -3  -2  -3   6  -2  -2   0  -2  -2  -3  -3  -1  -2  -3  -3  -2    0   0   0   0   0   0   0  85   0   0  15   0   0   0   0   0   0   0   0   0  0.85 0.06
  269 E    -1  -1   0   3  -3   2   2  -2  -1  -1  -2   0  -1  -3  -2   1   0  -3  -2   0    0   0   0  29   0  15  22   0   0   0   0   0   0   0   0  19   0   0   0  15  0.33 0.03
  270 V    -1  -2   1  -2  -1  -2  -2  -3  -2   3   1  -2   0  -1  -3  -2   0  -3  -2   3    0   0  15   0   0   0   0   0   0  30   0   0   0   0   0   0   0   0   0  55  0.29 0.04
  271 V    -1  -2  -3  -2  -2  -1   1  -4  -3   2   3  -2   1   0  -3  -2  -1  -2  -1   2    0   0   0   0   0   0  15   0   0  15  49   0   0   0   0   0   0   0   0  22  0.25 0.03
  272 R    -1   5  -1  -2  -3   1   0  -2  -1  -3  -2   3  -2  -3  -2   0   1  -3  -2  -2    0  70   0   0   0   0   0   0   0   0   0  15   0   0   0   0  15   0   0   0  0.63 0.06
  273 I    -2  -3  -4  -4  -2  -3  -4  -4  -4   5   2  -3   1   0  -3  -3  -1  -3  -2   2    0   0   0   0   0   0   0   0   0  85  15   0   0   0   0   0   0   0   0   0  0.50 0.06
  274 R    -1   4   0   2  -3   2   1  -2   0  -2  -2   2  -1  -2  -1   0  -1  -2  -2  -2    1  37   1  17   0  16   1   1   0   1   2  15   0   1   1   1   1   0   1   1  0.35 0.02
  275 S     0  -2   0  -1  -1  -1  -1  -1  -2   2  -1  -1  -1  -2  -2   4   1  -3  -2   0    0   0   0   0   0   0   0   0   0  34   0   0   0   0   0  66   0   0   0   0  0.27 0.06
  276 A     1  -2  -3  -3  -1  -2  -2  -2  -3   2   2  -2   1  -1  -2  -1  -1  -3  -1   3   22   0   0   0   0   0   0   0   0   0  31   0   0   0   0   0   0   0   0  48  0.25 0.04
  277 T     0  -2   2   2  -2  -1  -1  -2  -1   0  -1  -1  -1  -2  -2   1   2  -3  -2   2    0   0  15  19   0   0   0   0   0   0   0   0   0   0   0  14  22   0   0  31  0.19 0.03
  278 Y     0   2  -2  -3  -2  -1  -2  -3   0   1  -1  -1  -1   1  -3  -1  -1   0   4   1   14  19   0   0   0   0   0   0   0  15   0   0   0   0   0   0   0   0  37  15  0.24 0.04
  279 D    -2  -1   0   5  -3  -1   1  -2  -2  -1  -2   1  -2  -3  -2  -1  -1  -4  -3   0    0   0   0  67   0   0   0   0   0   0   0  14   0   0   0   0   0   0   0  19  0.55 0.05
  280 E     0   0   2   1  -2   1   3  -1   0  -2  -2   0  -2  -2  -1   2   0  -2  -2  -2    1   1  16   1   0   1  37   1   0   1   1   1   0   1   1  35   1   0   0   1  0.34 0.03
  281 T    -1  -1   0   2  -2   1   3  -2   3  -2  -2   0  -2  -2  -1   0   2  -2  -1  -2    1   1   1  15   0   1  34   1  16   1   1   1   0   1   1   1  22   0   0   1  0.31 0.03
  282 S     0   0   2   0  -1   0   0  -1  -1  -1  -1   1  -1  -2  -1   2   2  -2  -2   0    1   1  15   1   0   1   1   1   0   1   1  20   0   1   1  23  16   0   0  16  0.14 0.02
  283 T     0   0   0   0  -2   2   2  -1   3  -2  -2   0  -1  -2  -1   1   2  -2  -1  -1    1   1   1   1   0  19  16   1  16   1   1   1   0   1   1  15  22   0   0   1  0.25 0.02
  284 Q     1   2  -1  -1  -1   2   0  -1  -1   0  -1   0   0  -2  -1   0   0  -2  -1   1   21  16   1   2   1  23   2   2   1   2   3   2   1   1   2   2   2   0   1  17  0.12 0.01
  285 K     1   0  -1   0  -1   0   1  -1  -1   1  -1   2   0  -1  -1   0   0  -2  -1   0   18   2   1   2   1   1  17   2   1  20   3  23   1   1   2   2   2   0   1   2  0.08 0.01
  286 K    -1   3   0  -1  -2   1   0  -1   4  -2  -2   2  -1  -2  -1   0  -1  -2   0  -2    2  32   1   2   1   1   2   2  19   2   3  23   1   1   2   2   2   0   1   2  0.29 0.02
  287 V     0  -2  -2  -2   6  -2  -2  -2  -2   1   0  -2   0  -1  -2   1   0  -2  -2   2    1   1   1   1  34   1   1   1   0  16   1   1   0   1   1  17   1   0   0  22  0.31 0.03
  288 L    -2  -3  -4  -4  -2  -3  -3  -4  -3   1   4  -3   2   0  -3  -3  -2  -2  -1   1    0   0   0   0   0   0   0   0   0   0 100   0   0   0   0   0   0   0   0   0  0.59 0.06
  289 I    -1   0  -1  -1  -2   2   1  -3  -1   2   1   1   0  -1  -2  -1  -1  -3  -2   1    0   0   0   0   0  19  15   0   0  25  11  15   0   0   0   0   0   0   0  15  0.14 0.02
  290 L    -1  -2  -3  -3  -2  -2  -3  -3  -1   1   2  -2   1   2   3  -2  -1  -1   3   1    0   0   0   0   0   0   0   0   0   0  36   0   0  14  19   0   0   0  15  15  0.34 0.03
  291 S     1  -2   0   2  -2  -1  -1   3  -2  -3  -3  -1  -2  -3  -2   2   0  -3  -3  -2   15   0   0  15   0   0   0  34   0   0   0   0   0   0   0  36   0   0   0   0  0.41 0.03
  292 H     0  -1   2   0  -2   2   0  -1   4  -3  -3   0  -2  -3   3   2   0  -3  -1  -3    0   0  15   0   0  19   0   0  22   0   0   0   0   0  15  30   0   0   0   0  0.41 0.04
  293 Y    -2  -1   0  -1  -3   0  -1  -2   7  -2  -2  -1  -1   0  -2  -1  -2  -1   4  -2    1   1   1   1   0   1   1   1  63   1   1   1   0   1   1   1   1   0  22   1  0.70 0.06
  294 S     0  -1   0  -1  -1  -1  -1  -1  -2   0  -1  -1  -1  -2  -1   3   1  -2  -1   2    1   1   1   1   0   1   1   1   0   1   1   1   0   1   1  52   1   0   0  35  0.19 0.04
  295 N    -1   0   5   0  -2   2   0  -1   0  -3  -3   2  -2  -3  -1   0   0  -3  -2  -2    1   1  51   1   0  16   1   1   0   1   1  20   0   1   1   1   1   0   0   1  0.41 0.04
  296 I    -1  -2  -3  -3  -1  -2  -2  -3  -3   3   2  -2   1   0  -2  -2  -1  -2  -1   2    1   1   1   1   0   1   1   1   0  51  20   1   0   1   1   1   1   0   0  16  0.26 0.03
  297 I     1  -2  -2  -2  -1  -1  -2  -2  -2   2   2  -2   3   0  -2  -1  -1  -2  -1   1   16   1   1   1   0   1   1   1   0  11  35   1  15   1   1   1   1   0   0  12  0.16 0.02
  298 T     0   2   0  -1  -1   0   0  -2  -1  -1  -1   2  -1  -2  -1   1   4  -2  -2  -1    1  16   1   1   0   1   1   1   0   1   1  15   0   1   1   1  56   0   0   1  0.30 0.04
  299 F    -3  -3  -4  -4  -3  -4  -4  -4  -2  -1   0  -4   0   7  -4  -3  -3   1   3  -1    0   0   0   0   0   0   0   0   0   0   0   0   0 100   0   0   0   0   0   0  1.02 0.09
  300 I    -1  -2  -2  -3  -1  -2  -3  -3  -3   2   2  -2   1   2  -3  -1   1  -2   0   2    0   0   0   0   0   0   0   0   0  11  31   0   0  14   0   0  19   0   0  26  0.23 0.02
  301 Q    -1   3  -1  -1  -3   1   0  -2  -1  -3  -3   1  -2  -3   5   2   0  -3  -2  -2    0  31   0   0   0  11   0   0   0   0   0   0   0   0  34  25   0   0   0   0  0.64 0.04
  302 S     1  -2  -2  -2  -1  -2  -2  -2  -2   1   1  -2   0   3  -2   2   0  -1   0   0   11   0   0   0   0   0   0   0   0  15  15   0   0  29   0  30   0   0   0   0  0.16 0.03
  303 S     0  -1   0  -1  -2  -1  -1  -1   0  -2  -2  -1  -1   0  -2   3   2   0   4  -1    0   0   0   0   0   0   0   0   0   0   0   0   0   0   0  51  19   0  31   0  0.37 0.05
  304 K     0   2   0  -1  -2   1   0  -1  -1  -3  -3   3  -2  -3  -1   3   0  -3  -2  -2    0  15   0   0   0   0   0   0   0   0   0  40   0   0   0  45   0   0   0   0  0.40 0.05
  305 L    -2  -2  -3  -4  -2  -2  -3  -4  -3   2   4  -3   3   0  -3  -3  -1  -2  -1   1    0   0   0   0   0   0   0   0   0  14  67   0  19   0   0   0   0   0   0   0  0.45 0.04
  306 A     2  -1   0  -1  -2   2   0  -1   6  -3  -2   0  -1  -2  -2   0  -1  -3   0  -2   36   0   0   0   0  19   0   0  45   0   0   0   0   0   0   0   0   0   0   0  0.47 0.06
  307 K    -1   1  -1  -1  -2   0   0  -2  -1  -2  -2   3  -1  -1  -2   0   2  -1   3  -1    0   0   0   0   0   0   0   0   0   0   0  51   0   0   0   0  31   0  19   0  0.32 0.05
  308 E     0   1   0   0  -2   1   2  -2  -1  -3  -3   3  -2  -3  -1   1   2  -3  -2  -2    0   0   0   0   0   0  22   0   0   0   0  45   0   0   0  15  19   0   0   0  0.36 0.04
  309 L    -1  -2  -3  -4  -2  -2  -3  -4  -3   1   4  -2   3   0  -3  -2  -1  -2  -1   1    0   0   0   0   0   0   0   0   0   0  70   0  19   0   0   0   0   0   0  11  0.44 0.05
  310 R    -1   2   0   2  -3   3   1  -2  -1  -3  -3   3  -1  -3  -1   1   0  -3  -2  -3    0  11   0  15   0  31   0   0   0   0   0  25   0   0   0  19   0   0   0   0  0.38 0.04
  311 A     2   2   0  -1  -2   0  -1  -1  -1  -3  -2   0  -2  -3   3   3   0  -3  -2  -2   22  19   0   0   0   0   0   0   0   0   0   0   0   0  15  45   0   0   0   0  0.38 0.04
  312 K     0   0   0   0  -3   2   2   1  -1  -2  -1   2   2  -3  -2   1  -1  -3  -2  -2    0   0   0   0   0  15  19  15   0   0   0  22  15   0   0  14   0   0   0   0  0.23 0.03
  313 I    -1  -2   3  -1  -2  -1  -2  -2  -1   3   1  -2   3  -1  -3  -1  -1  -3  -2   2    0   0  31   0   0   0   0   0   0  40   0   0  19   0   0   0   0   0   0  11  0.22 0.04
  314 Q     0  -1   0   0  -2   2   2  -1  -1  -3  -3   0  -2  -3  -1   3   2  -3  -2  -2    0   0   0   0   0  11  19   0   0   0   0   0   0   0   0  60  11   0   0   0  0.40 0.05
  315 D     1  -1   0   3  -2   0   3  -1  -1  -3  -3   0  -2  -3  -1   2   0  -3  -2  -2   19   0   0  22   0   0  31   0   0   0   0   0   0   0   0  29   0   0   0   0  0.38 0.03
  316 D    -2  -2   2   4  -3  -1   0  -2  -1  -2  -2  -1  -2   2   3   0   1  -2  -1  -2    0   0  15  36   0   0   0   0   0   0   0   0   0  19  15   0  15   0   0   0  0.38 0.04
  317 H     0   0   0   2  -2   2   0  -1   2  -3  -3   1  -2  -3  -1   2   2  -3  -1  -2    0   0   0  15   0  15   0   0  11   0   0  11   0   0   0  34  14   0   0   0  0.29 0.03
  318 S     0   0   0  -1  -2   0   0  -1   3  -3  -3   1  -2  -3   3   2   2  -3  -1  -2    0   0   0   0   0   0   0   0  14   0   0  15   0   0  19  37  15   0   0   0  0.39 0.04
  319 V     0  -1  -2  -2  -1   2  -1  -2  -2   2   0  -1   2  -1  -2   0   0  -3  -2   2    0   0   0   0   0  19   0   0   0  14   0   0  15   0   0  15   0   0   0  36  0.16 0.03
  320 E    -1   3   0   3  -4   1   4  -2  -1  -3  -3   2  -2  -3  -2   0  -1  -3  -2  -3    0  21   0  17   0   0  46   0   0   0   0  16   0   0   0   0   0   0   0   0  0.52 0.03
  321 V     0   0  -1  -1  -2   0  -1  -2  -1   0   0   2   2  -2  -2   1   2  -3  -2   0    0   0   0   0   0   0   0   0   0   0   0  29  21   0   0  21  16   0   0  12  0.15 0.03
  322 A     1  -2  -2  -2   6  -1   1  -2  -2  -1   1  -2   0  -2  -2  -1  -1  -3  -2  -1   25   0   0   0  38   0  17   0   0   0  21   0   0   0   0   0   0   0   0   0  0.36 0.03
  323 S     1   2  -1  -1  -2   0  -1   2  -1  -1   0   0   0  -2  -1   1   0  -2  -2  -1   14  22   1   1   0   1   1  22   0   1  18   1   0   1   1  13   1   0   1   1  0.13 0.01
  324 L    -1  -1  -2  -1  -2  -1   1  -3  -2   2   3  -1   1   0  -2  -1  -1  -2  -1   1    1   1   1   1   0   1  22   1   0  18  47   1   0   1   1   1   1   0   1   1  0.16 0.02
  325 K    -1   1   0   0  -3   1   2  -1  -1  -2  -2   4  -1  -3  -1   0  -1  -2  -2  -2    1   1   1   1   0   1  22   1   0   1   1  63   0   1   1   1   1   0   1   1  0.40 0.03
  326 K    -1   1  -1  -1  -2   2   0  -2  -1  -1  -1   3  -1   3  -1  -1  -1  -1   1  -1    2   1   1   1   0  16   1   2   0   1   2  38   0  27   1   2   1   0   1   1  0.18 0.01
  327 N     0  -1   2   2  -1   0   0  -1  -1   0  -1  -1  -1  -2  -1   2   0  -2  -1   1    2   1  17  17   0   1   1   2   0   1   2   1   0   1   1  28   1   0   1  22  0.14 0.01
  328 V    -1  -2  -2  -2  -1  -1  -2  -2  -2   2   0  -1   0  -1   4  -1   0  -2  -1   2    2   1   1   1   0   1   1   2   0  22   2   1   0   1  28   2   1   0   1  33  0.35 0.01
  329 S     0   3   0  -1  -1   0  -1  -1  -1  -1   1   0   0  -1  -1   2   0  -2  -1  -1    2  28   1   1   0   1   1   2   0   1  23   1   0   1   1  33   1   0   1   1  0.13 0.01
  330 L    -1  -2  -2  -2  -1  -1  -2  -2  -2   0   2  -2   0   0  -2  -1   1   7   0   0    2   1   1   1   0   1   1   2   0   1  33   1   0   1   1   2  22  27   1   1  0.42 0.02
  331 N    -1   0   4   1  -2   0   2  -1   0  -2  -2   0  -2  -2  -1   1   0  -2  -2  -2    2   1  43   1   0   1  22   2   0   1   2   1   0   1   1  17   1   0   1   1  0.33 0.01
  332 A     2  -1  -1  -1  -1  -1  -1  -1  -2  -2  -2  -1  -1  -2   6   0  -1  -2  -2  -1   33   1   1   1   0   1   1   2   0   1   2   1   0   1  49   2   1   0   1   1  0.78 0.02
  333 V     0  -2  -2  -2  -1  -2  -2  -2  -2   3   1  -2   1  -1  -2  -1   0  -2  -1   3    2   1   1   1   0   1   1   2   0  28   2   1   0   1   1   2   1   0   1  53  0.21 0.01
  334 V     2  -2  -2  -2  -1  -1  -1  -1  -2   1   1  -1   1  -1  -1   0   0  -2  -1   2   28   1   1   1   0   1   1   2   0   1  23   1   0   1   1   2   1   0   1  33  0.11 0.01
  335 L     1   2  -2  -3  -1  -1  -2  -2  -2   1   2   0   1  -1  -2  -1  -1  -2  -2   1   21  27   0   0   0   0   0   0   0   0  31   0   0   0   0   0   0   0   0  21  0.14 0.01
  336 T     0  -1   0  -1  -1  -1  -1  -1  -2  -1  -2  -1  -1  -2  -1   2   4  -3  -2  -1    0   0   0   0   0   0   0   0   0   0   0   0   0   0   0  27  73   0   0   0  0.47 0.03
  337 E    -1   0   0   1  -3   1   4  -2  -1  -3  -3   2  -2  -3  -1   0   2  -3  -2  -2    0   0   0   0   0   0  58   0   0   0   0  21   0   0   0   0  21   0   0   0  0.46 0.02
  338 V    -1  -3  -2  -3  -1  -2  -3  -3  -3   3   1  -2   1  -1  -2  -1   2  -3  -2   3    0   0   0   0   0   0   0   0   0  48   0   0   0   0   0   0  21   0   0  31  0.29 0.02
  339 D    -1  -2   0   4  -3  -1   0  -2  -1  -2  -2  -1  -2   2  -2   0   2  -2   0  -2    0   0   0  52   0   0   0   0   0   0   0   0   0  21   0   0  27   0   0   0  0.40 0.02
  340 K     0   1   0  -1  -3   0   0   4  -1  -3  -3   3  -2  -3  -2   0  -1  -3  -3  -3    0   0   0   0   0   0   0  48   0   0   0  52   0   0   0   0   0   0   0   0  0.52 0.03
  341 K     3   0   0   2  -2   0   0  -1  -1  -2  -2   2  -2  -3  -1   0  -1  -3  -2  -1   48   0   0  21   0   0   0   0   0   0   0  31   0   0   0   0   0   0   0   0  0.28 0.02
  342 H    -2  -1   0  -2  -3   0  -1  -3   8  -3  -3  -1  -2   0  -3  -1  -2  -1   4  -3    0   0   0   0   0   0   0   0  79   0   0   0   0   0   0   0   0   0  21   0  0.87 0.05
  343 A     2  -1   3   3  -2   0   0   0  -1  -2  -3  -1  -2  -3  -1   2   0  -3  -2  -2   31   0  21  27   0   0   0   0   0   0   0   0   0   0   0  21   0   0   0   0  0.34 0.02
  344 A     1   0   0   3  -3   0   2   1  -1  -3  -3   2  -2  -3  -1   0  -1  -3  -2  -2   16   0   0  27   0   0  21  16   0   0   0  21   0   0   0   0   0   0   0   0  0.33 0.01
  345 L     1  -2  -3  -3  -1  -1  -2  -2  -2   1   3  -2   3   0  -2  -1  -1  -2  -1   0   27   0   0   0   0   0   0   0   0   0  52   0  21   0   0   0   0   0   0   0  0.25 0.02
  346 P    -1  -2  -1   2  -3  -1  -1  -2  -2  -3  -3  -1  -3  -4   7  -1  -1  -4  -3  -3    0   0   0  21   0   0   0   0   0   0   0   0   0   0  79   0   0   0   0   0  1.59 0.04
  347 S    -1  -2  -2  -2  -2  -2  -2  -3  -2   2   2  -2   1   3  -2   0   1  -1   0   1    0   0   0   0   0   0   0   0   0  21  21   0   0  27   0  16  16   0   0   0  0.17 0.01
  348 T     0  -1  -1  -2  -1  -1  -1  -2   3   0  -1  -1   0  -2  -2   0   4  -3  -1   2    0   0   0   0   0   0   0   0  16   0   0   0   0   0   0   0  58   0   0  27  0.28 0.03
  349 S     0  -1   0   0  -2   0   2  -1  -1  -3  -3   0  -2  -3   4   3   1  -3  -2  -2    0   0   0   0   0   0  21   0   0   0   0   0   0   0  21  58   0   0   0   0  0.51 0.03
  350 L    -2  -2  -4  -4  -1  -2  -3  -4  -3   1   4  -3   2   0  -3  -3  -1  -2  -1   1    0   0   0   0   0   0   0   0   0   0 100   0   0   0   0   0   0   0   0   0  0.52 0.03
  351 Q     0   0   0  -1  -2   3   0  -2  -1  -1  -1   2   3  -2  -2   1   0  -2  -2  -1    0   0   0   0   0  31   0   0   0   0   0  21  27   0   0  21   0   0   0   0  0.24 0.02
  352 D    -1   0   1   5  -4   1   3  -2  -1  -3  -3   2  -3  -4  -1   0  -1  -4  -3  -3    0   0   0  58   0   0  21   0   0   0   0  21   0   0   0   0   0   0   0   0  0.63 0.02
  353 L    -2  -3  -4  -4  -1  -3  -3  -4  -3   3   3  -3   2   0  -3  -3  -1  -2  -1   2    0   0   0   0   0   0   0   0   0  48  52   0   0   0   0   0   0   0   0   0  0.40 0.02
  354 F    -2  -3  -3  -4  -3  -3  -3  -3   0  -1   0  -3   0   6  -4  -2  -2   1   5  -1    0   0   0   0   0   0   0   0   0   0   0   0   0  73   0   0   0   0  27   0  0.78 0.04
  355 H    -2  -1   0  -1  -3   0   2  -3   7  -3  -2  -1  -1   3  -2  -1  -2  -2   2  -3    0   0   0   0   0   0  21   0  58   0   0   0   0  21   0   0   0   0   0   0  0.55 0.03
  356 H    -2  -1   5   3  -3   0   0  -1   4  -3  -4  -1  -2  -3  -2   0  -1  -4  -1  -3    0   0  63  21   0   0   0   0  16   0   0   0   0   0   0   0   0   0   0   0  0.62 0.03
  357 A     2  -2  -2  -2  -1  -2  -2  -2  -3   1   0  -2   0  -2   4   0   0  -3  -2   3   31   0   0   0   0   0   0   0   0   0   0   0   0   0  21   0   0   0   0  48  0.34 0.02
  358 D    -1   0   0   3  -2   0   1  -1  -1  -2  -2   2  -1  -2  -1   0   2  -2  -2  -1    2   1   1  32   0   1   1   2   0   1   2  23   0   1   1   1  28   0   1   1  0.25 0.01
  359 S     2   0   0  -1  -1   0   0  -1  -1  -2  -2   2  -1  -3  -1   2   3  -3  -2  -1   27   0   0   0   0   0   0   0   0   0   0  21   0   0   0  16  37   0   0   0  0.27 0.02
  360 D    -1   0   1   5  -3   0   1  -1  -1  -3  -3   2  -2  -3  -1   1   0  -4  -3  -3    0   0   0  52   0   0   0   0   0   0   0  27   0   0   0  21   0   0   0   0  0.50 0.02
  361 K    -1   1   0   0  -2   1   2  -1   0  -2  -2   4  -1  -2  -1   0  -1  -2  -1  -2    2   1   1   1   1   1  23   2   1   1   2  54   1   1   1   2   2   0   1   2  0.30 0.01
  362 E    -1   0   0   3  -2   1   3  -1   0  -2  -2   2  -2  -2  -1   0  -1  -2  -2  -2    2   1   1  22   1   1  33   2   1   1   2  23   1   1   1   2   2   0   1   2  0.31 0.01
  363 L     1  -1  -2  -2  -1  -1  -1  -1  -2   2   2  -1   1   0  -1  -1  -1  -1  -1   1   23   1   1   1   1   1   2   2   1  17  39   2   1   1   1   2   2   0   1   2  0.10 0.01
  364 Q     0   0   0   0  -1   2   0   0   0  -1  -1   0   0  -1   0   1   0  -1  -1  -1    5   4   3   4   1  19   4   5   2   4   6   4   2   3   4  20   4   1   2   4  0.08 0.00
  365 A     1   0   0   0   0   0   0   0   0  -1  -1   0   0  -1   0   1   0  -1  -1   0   21   4   3   4   1   3   4   5   2   4   6   4   2   3   4  20   4   1   2   4  0.07 0.00
  366 Q     0   1   0   0  -1   2   1   0   0  -1  -1   2   0  -1   0   0   0  -1  -1  -1    5   4   3   4   1  19   4   5   2   4   6  20   2   3   4   5   4   1   2   4  0.09 0.00
  367 D     0   0   1   3  -1   0   1   0   0  -1  -1   0  -1  -1   0   0   0  -1  -1  -1    5   4   3  35   1   3   4   5   2   4   6   4   2   3   4   5   4   1   2   4  0.15 0.00
  368 T     0  -1   0  -1  -1   0  -1  -1  -1   0   0  -1   0  -1   0   0   2  -1  -1   1    4   2   2   3   1   2   3   4   1   2   4   3   1   2   2   3  34   1   2  24  0.09 0.00
  369 F    -3  -3  -3  -4  -3  -4  -4  -3  -1   0   0  -3   0   7  -4  -3  -2   1   3  -1    0   0   0   0   0   0   0   0   0   0   0   0   0 100   0   0   0   0   0   0  0.89 0.05
  370 R    -2   6  -1  -2  -4   1   0  -3   0  -3  -2   2  -2  -3  -2  -1  -1  -3  -2  -3    0 100   0   0   0   0   0   0   0   0   0   0   0   0   0   0   0   0   0   0  0.87 0.04
  371 T     2  -2  -1  -2   5  -1  -1  -1  -2  -1  -2  -1  -1  -2  -1   2   3  -3  -2  -1   21   0   0   0  27   0   0   0   0   0   0   0   0   0   0  21  31   0   0   0  0.37 0.02
  372 Q    -1   3  -1  -1  -2   4   1  -2   0   0  -1   1   0  -3  -2  -1  -1  -3  -2   1    0  21   0   0   0  52   0   0   0   0   0   0   0   0   0   0   0   0   0  27  0.33 0.03
  373 F    -2  -3  -3  -4  -2  -3  -3  -3  -2   1   0  -3   0   6  -4  -2  -2   0   2   2    0   0   0   0   0   0   0   0   0   0   0   0   0  73   0   0   0   0   0  27  0.56 0.03
  374 Y     0   3   0  -1  -2   0  -1  -2   0  -2  -2   0  -1   0  -2   2   0   0   4  -2    0  27   0   0   0   0   0   0   0   0   0   0   0   0   0  42   0   0  31   0  0.31 0.02
  375 V    -1  -3  -3  -3  -1  -3  -3  -4  -3   3   1  -3   1   3  -3  -2  -1  -1   0   3    0   0   0   0   0   0   0   0   0  37   0   0   0  27   0   0   0   0   0  37  0.33 0.02
  376 T    -1  -2  -2  -3  -1  -2  -2  -3  -3   2   3  -2   1   0  -2  -1   2  -2  -1   1    0   0   0   0   0   0   0   0   0  27  42   0   0   0   0   0  31   0   0   0  0.25 0.02
  377 K    -1   3   0  -1  -3   3   1  -2   0  -3  -3   4  -1  -3  -1   0  -1  -3  -2  -3    0  16   0   0   0  27   0   0   0   0   0  58   0   0   0   0   0   0   0   0  0.52 0.03
  378 I    -1  -3  -3  -3  -1  -3  -3  -4  -3   3   1  -3   1  -1  -3  -2   0  -3  -1   4    0   0   0   0   0   0   0   0   0  37   0   0   0   0   0   0   0   0   0  63  0.39 0.03
  379 E    -1  -1   0   3  -3   0   3  -2   0  -2  -2   0  -2   0  -2   0   1  -1   3  -2    0   0   0  21   0   0  31   0   0   0   0   0   0   0   0   0  21   0  27   0  0.33 0.02
  380 P    -1  -2  -2  -2  -3  -1  -1  -2  -2  -2  -3  -1  -2  -4   7   0   2  -4  -3  -2    0   0   0   0   0   0   0   0   0   0   0   0   0   0  79   0  21   0   0   0  1.54 0.04
  381 S    -1   3   0   2  -2   0   0  -2  -1  -1  -2   2  -1  -3  -2   1   0  -3  -2   0    0  27   0  21   0   0   0   0   0   0   0  21   0   0   0  16   0   0   0  16  0.24 0.01
  382 D    -2   2   3   5  -4   0   1  -1  -1  -3  -3   0  -3  -3  -2   0  -1  -4  -3  -3    0  21  21  58   0   0   0   0   0   0   0   0   0   0   0   0   0   0   0   0  0.62 0.03
  383 V    -1  -3  -3  -4  -1  -2  -3  -4  -3   2   2  -3   1  -1  -3  -2   0  -3  -1   4    0   0   0   0   0   0   0   0   0   0  21   0   0   0   0   0   0   0   0  79  0.36 0.03
  384 K    -1   3   0   0  -4   1   3  -2   0  -3  -3   3  -2  -3  -1   0  -1  -3  -2  -3    0  27   0   0   0   0  42   0   0   0   0  31   0   0   0   0   0   0   0   0  0.51 0.02
  385 E    -1  -1   1   5  -4   1   4  -2  -1  -3  -3   0  -3  -4  -1   0  -1  -4  -3  -3    0   0   0  58   0   0  42   0   0   0   0   0   0   0   0   0   0   0   0   0  0.73 0.01
  386 W    -2  -2  -3  -4  -3  -2  -3  -3   1  -2  -1  -2  -1   2  -3  -2  -2   9   6  -2    0   0   0   0   0   0   0   0   0   0   0   0   0   0   0   0   0  42  58   0  1.25 0.02
  387 V     0  -3  -3  -3  -1  -2  -3  -3  -3   3   1  -2   1  -1  -3  -2   0  -3  -1   4    0   0   0   0   0   0   0   0   0   0   0   0   0   0   0   0   0   0   0 100  0.39 0.02
  388 K    -1   1   0   0  -3   1   3   3  -1  -3  -3   3  -2  -3  -1   0  -1  -3  -2  -3    0   0   0   0   0   0  29  30   0   0   0  42   0   0   0   0   0   0   0   0  0.40 0.01
  389 G     2  -1   0   0  -2   0   2   2  -1  -3  -3   0  -2  -3  -1   2   0  -3  -2  -2   30   0   0   0   0   0  29  21   0   0   0   0   0   0   0  21   0   0   0   0  0.31 0.01
  390 Y    -2  -2  -3  -3  -3  -2  -3  -3   1  -1  -1  -2  -1   5  -3  -2  -2   2   6  -1    0   0   0   0   0   0   0   0   0   0   0   0   0  30   0   0   0   0  70   0  0.79 0.02
  391 D    -1  -1   1   5  -2   0   1  -1  -1  -2  -2  -1  -2  -2  -1   0  -1  -2  -2  -2    2   1   1  73   1   1   2   2   1   1   3   2   1   1   1   2   2   0   1   2  0.56 0.01
  392 R     0   4   0  -1  -2   0  -1   3  -1  -2  -2   1  -1  -2  -1   0  -1  -2  -2  -2    2  43   1   2   1   1   2  32   1   1   3   2   1   1   1   2   2   0   1   2  0.31 0.01
  393 K    -1   2   0  -1  -2   1   1  -1  -1  -2  -2   4  -1  -2  -1   0   0  -2  -1  -2    2   1   1   2   1   1   2   2   1   1   3  73   1   1   1   2   2   0   1   2  0.31 0.01
  394 T     0   1   0  -1  -1   0   0  -1  -1  -1  -1   2  -1  -2  -1   1   3  -2  -1  -1    2   1   1   2   1   1   2   2   1   1   3  31   1   1   1   2  43   0   1   2  0.20 0.01
  395 K    -1   1  -1  -1  -2   0   0  -1  -1  -2  -2   3  -1  -1  -1  -1  -1   8   0  -2    2   1   1   2   1   1   2   2   1   1   3  43   1   1   1   2   2  30   1   2  0.51 0.01
  396 K    -1   1   0  -1  -2   1   0  -1   5  -2  -2   3  -1  -2  -1   0  -1  -2   0  -2    2   1   1   2   1   1   2   2  30   1   3  43   1   1   1   2   2   0   1   2  0.27 0.01
  397 S     1  -1   0   0  -1   0   0  -1  -1  -2  -2   0  -1  -2   4   3   1  -2  -1  -1    2   1   1   2   1   1   2   2   1   1   3   2   1   1  22  53   2   0   1   2  0.38 0.01
  398 S     0  -1   0  -1  -1   0  -1  -1   0  -1  -1  -1  -1   1  -1   2   0   0   4  -1    2   1   1   2   1   1   2   2   1   1   3   2   1   1   1  44   2   0  31   2  0.21 0.01
  399 S     0   0   0  -1  -1   0   0  -1  -1  -2  -2   2  -1  -3  -1   3   3  -3  -2  -1    0   0   0   0   0   0   0   0   0   0   0  30   0   0   0  42  29   0   0   0  0.31 0.01
  400 L    -1  -2  -1  -2  -3  -1  -2   3   4  -2   0  -1  -1  -2   4  -1  -1  -3  -1  -2    0   0   0   0   0   0   0  30  21   0  21   0   0   0  29   0   0   0   0   0  0.45 0.01
  401 K    -1   2   0  -1  -3   1   1  -2  -1  -3  -3   5  -2  -3  -1   0  -1  -3  -2  -2    0   0   0   0   0   0   0   0   0   0   0 100   0   0   0   0   0   0   0   0  0.57 0.02
  402 G     0   0   0  -1  -3  -1  -1   5  -2  -4  -3   2  -2  -3  -2   0  -1  -3  -3  -3    0   0   0   0   0   0   0  70   0   0   0  30   0   0   0   0   0   0   0   0  0.67 0.01
  403 A     3  -1  -1  -2  -1  -1  -1   0  -2  -1  -2  -1  -1  -2  -1   1   2  -3  -2   0   70   0   0   0   0   0   0   0   0   0   0   0   0   0   0   0  30   0   0   0  0.34 0.01
  404 S     0  -2  -1  -1  -2  -1  -1   2  -2  -3  -3  -1  -2  -3   6   1  -1  -3  -3  -3    0   0   0   0   0   0   0  21   0   0   0   0   0   0  58  21   0   0   0   0  1.07 0.01
  405 G     1   0   0  -1  -1   0   0   2  -1  -2  -2   2  -1  -2  -1   0   0  -2  -1  -1   23   1   1   2   1   1   2  23   1   1   3  31   1   1   1   2   2   0   1   2  0.18 0.00
  406 K    -1   3   0   3  -3   1   1  -2  -1  -3  -3   3  -2  -3  -2   0  -1  -3  -2  -3    0  29   0  30   0   0   0   0   0   0   0  42   0   0   0   0   0   0   0   0  0.46 0.01
  407 G     2  -2   0  -1  -1  -1  -1   4  -2  -3  -3  -1  -2  -3  -1   2   0  -3  -2  -2   30   0   0   0   0   0   0  42   0   0   0   0   0   0   0  29   0   0   0   0  0.45 0.01
  408 D    -1   1   0   3  -4   1   4  -2  -1  -3  -3   2  -2  -3  -1   0  -1  -3  -2  -3    0   0   0  21   0   0  51   0   0   0   0  29   0   0   0   0   0   0   0   0  0.53 0.01
  409 N    -1  -1   4   0  -2  -1  -1  -2  -1  -1   1  -1   0  -2   4  -1  -1  -3  -2  -1    0   0  42   0   0   0   0   0   0   0  30   0   0   0  29   0   0   0   0   0  0.44 0.01
  410 I    -1   3  -2  -3  -2  -1  -2  -3  -2   3   1   0   0  -1  -3  -2  -1  -3  -2   2    0  30   0   0   0   0   0   0   0  42   0   0   0   0   0   0   0   0   0  29  0.21 0.01
  411 F    -2  -3  -3  -4  -3  -2  -3  -3   0  -1  -1  -3  -1   5  -4  -2  -2   8   5  -2    0   0   0   0   0   0   0   0   0   0   0   0   0  42   0   0   0  30  29   0  0.95 0.02
  412 Q    -1   1   3   0  -3   4   1  -1   0  -3  -3   3  -1  -3  -2   0  -1  -3  -2  -3    0   0  30   0   0  42   0   0   0   0   0  29   0   0   0   0   0   0   0   0  0.45 0.01
  413 V    -1  -3  -3  -3  -1  -3  -3  -4  -3   3   1  -3   1  -1  -3  -2   0  -3  -1   4    0   0   0   0   0   0   0   0   0  30   0   0   0   0   0   0   0   0   0  70  0.37 0.01
  414 Q    -1   1   0  -1  -3   5   2  -2   0  -3  -2   3  -1  -3  -1   0  -1  -2  -2  -2    0   0   0   0   0  70   0   0   0   0   0  30   0   0   0   0   0   0   0   0  0.57 0.02
  415 F    -2  -3  -3  -4  -2  -3  -3  -3  -2   0   2  -3   1   6  -4  -3  -2   0   2   0    0   0   0   0   0   0   0   0   0   0  30   0   0  70   0   0   0   0   0   0  0.55 0.01
  416 L    -2  -3  -4  -4  -1  -2  -3  -4  -3   3   4  -3   2   0  -3  -3  -1  -2  -1   1    0   0   0   0   0   0   0   0   0  30  70   0   0   0   0   0   0   0   0   0  0.41 0.01
  417 V    -1  -3  -3  -3  -1  -3  -3  -4  -3   3   1  -3   1  -1  -3  -2   0  -3  -1   4    0   0   0   0   0   0   0   0   0  29   0   0   0   0   0   0   0   0   0  71  0.37 0.01
  418 K    -1   1   0  -1  -2   1   0  -2  -1  -2  -2   4  -1  -3  -1   0   2  -3  -2  -2    0   0   0   0   0   0   0   0   0   0   0  70   0   0   0   0  30   0   0   0  0.38 0.01
  419 D    -2  -2   1   6  -4   0   1  -1  -1  -3  -4  -1  -3  -4  -2   0  -1  -5  -3  -3    0   0   0 100   0   0   0   0   0   0   0   0   0   0   0   0   0   0   0   0  0.98 0.02
  420 A     2  -2  -2  -2  -2  -1  -1  -1   0  -2  -2  -1  -1   0   4   0  -1   0   4  -1   42   0   0   0   0   0   0   0   0   0   0   0   0   0  29   0   0   0  30   0  0.50 0.01
  421 S     1   0   0   0  -2   0   0  -1  -1  -3  -3   2  -2  -3  -1   3   1  -3  -2  -2    0   0   0   0   0   0   0   0   0   0   0  30   0   0   0  70   0   0   0   0  0.37 0.01
  422 T    -1  -1   3   0  -1  -1  -1  -1  -1  -1  -2  -1  -1  -3  -1   1   4  -3  -2  -1    0   0  30   0   0   0   0   0   0   0   0   0   0   0   0   0  70   0   0   0  0.42 0.02
  423 Q     2   0   0  -1  -2   5   1  -1   0  -2  -2   1  -1  -3  -1   0  -1  -2  -2  -2   29   0   0   0   0  71   0   0   0   0   0   0   0   0   0   0   0   0   0   0  0.46 0.02
  424 L    -1  -1  -2  -2  -2   2  -1  -3  -2   1   3  -1   1   0  -2  -2  -1  -2  -1   0    0   0   0   0   0  30   0   0   0   0  70   0   0   0   0   0   0   0   0   0  0.27 0.01
  425 N    -2  -1   5   4  -3   0   0  -1   0  -3  -4   0  -3  -3  -2   0   0  -4  -3  -3    0   0  70  30   0   0   0   0   0   0   0   0   0   0   0   0   0   0   0   0  0.68 0.02
  426 N    -2  -1   4   5  -3   0   1  -1   0  -3  -4  -1  -3  -4  -2   0  -1  -4  -3  -3    0   0  42  58   0   0   0   0   0   0   0   0   0   0   0   0   0   0   0   0  0.72 0.01
  427 N    -1   1   5   1  -3   0   0  -1   0  -3  -3   2  -2  -3  -2   0   0  -4  -2  -3    0   0  70   0   0   0   0   0   0   0   0  30   0   0   0   0   0   0   0   0  0.55 0.02
  428 T     2  -2  -1  -2  -1  -1  -1  -1  -2   0   1  -1   0  -1  -2   1   3  -2  -2   0   30   0   0   0   0   0   0   0   0   0  29   0   0   0   0   0  42   0   0   0  0.20 0.01
  429 Y    -2  -2  -2  -3  -3  -2  -2  -3   2  -2  -1  -2  -1   3  -3  -2  -2   2   7  -1    0   0   0   0   0   0   0   0   0   0   0   0   0   0   0   0   0   0 100   0  0.95 0.03
  430 R    -1   4  -1  -2  -3   1   0  -2  -1  -1   0   3   3  -2  -2  -1  -1  -2  -2  -1    0  42   0   0   0   0   0   0   0   0   0  29  30   0   0   0   0   0   0   0  0.33 0.01
  431 V    -1  -3  -3  -3  -1  -3  -3  -4  -3   4   1  -3   1  -1  -3  -2   0  -3  -1   3    0   0   0   0   0   0   0   0   0  58   0   0   0   0   0   0   0   0   0  42  0.37 0.01
  432 L    -2  -1  -1  -3  -2  -1  -2  -3   5   0   2  -2   1   1  -3  -2  -2   0   4  -1    0   0   0   0   0   0   0   0  30   0  42   0   0   0   0   0   0   0  29   0  0.34 0.01
  433 L    -2  -2  -4  -4  -1  -2  -3  -4  -3   2   4  -3   2   0  -3  -3  -1  -2  -1   1    0   0   0   0   0   0   0   0   0   0 100   0   0   0   0   0   0   0   0   0  0.49 0.01
  434 Y    -1  -1  -1  -2  -2  -1  -1  -2   1  -1  -1  -1  -1   2  -2  -1  -1   2   6  -1    2   2   1   2   1   1   2   2   1   2   3   2   1   1   2   2   2   0  71   2  0.50 0.01
  435 T     0  -1   0   0  -1   0   0  -1  -1  -1  -1   0  -1  -2  -1   2   3  -2  -1  -1    2   2   1   2   1   1   2   2   1   2   3   2   1   1   2  31  43   0   1   2  0.24 0.01
  436 Q    -1   0   0   0  -2   4   1  -1   5  -2  -2   0  -1  -2  -1   0  -1  -1   0  -2    2   2   1   2   1  43   2   2  29   2   3   2   1   1   2   2   2   0   1   2  0.32 0.01
  437 D    -1  -1   1   4  -2  -1   0   3  -1  -2  -2  -1  -2  -2  -1   0  -1  -2  -2  -2    2   2   1  43   1   1   2  31   1   2   3   2   1   1   2   2   2   0   1   2  0.37 0.00
  438 G    -1  -2   1   5  -3  -1   0   4  -2  -4  -4  -1  -3  -4  -2   0  -1  -4  -3  -3    0   0   0  58   0   0   0  42   0   0   0   0   0   0   0   0   0   0   0   0  0.68 0.01
  439 L    -2  -2  -1   3  -2  -2  -1  -3  -2   1   3  -2   1   0  -3  -2  -1  -2  -2   0    0   0   0  30   0   0   0   0   0   0  70   0   0   0   0   0   0   0   0   0  0.28 0.01
  440 G     0  -2   3   0  -3  -1  -2   5  -1  -4  -4  -1  -3  -3  -2   0  -1  -3  -3  -3    0   0  30   0   0   0   0  70   0   0   0   0   0   0   0   0   0   0   0   0  0.75 0.01
  441 A     3   0   0  -1  -1   0   0   0  -1  -2  -2   2  -1  -3  -1   2   0  -3  -2  -1   42   0   0   0   0   0   0   0   0   0   0  29   0   0   0  30   0   0   0   0  0.28 0.01
  442 N    -2  -1   4   1  -3   0   2  -2   0  -2  -2   0  -1   3  -2   0  -1  -1   0  -2    0   0  42   0   0   0  29   0   0   0   0   0   0  30   0   0   0   0   0   0  0.32 0.01
  443 F    -2  -3  -3  -4  -3  -3  -3  -3  -1   0   0  -3   0   7  -4  -3  -2   1   3  -1    0   0   0   0   0   0   0   0   0   0   0   0   0 100   0   0   0   0   0   0  0.81 0.02
  444 F    -2   0  -2  -3  -3  -1  -2  -3  -1  -1   0   2   0   5  -3  -2  -2   0   2  -1    0   0   0   0   0   0   0   0   0   0   0  30   0  70   0   0   0   0   0   0  0.42 0.02
  445 N    -1  -1   4   0  -3  -1  -1   3  -1  -3  -4  -1  -3  -3   4   0  -1  -3  -3  -3    0   0  42   0   0   0   0  30   0   0   0   0   0   0  29   0   0   0   0   0  0.66 0.01
  446 V     0  -3  -2  -3  -1  -2  -3   2  -3   3   0  -2   0  -1  -3  -1  -1  -3  -2   3    0   0   0   0   0   0   0  29   0  30   0   0   0   0   0   0   0   0   0  42  0.24 0.01
  447 K    -1   1   3   0  -2   0   0  -2  -1   0  -1   3  -1  -2  -2   0   0  -3  -2   1    0   0  30   0   0   0   0   0   0   0   0  42   0   0   0   0   0   0   0  29  0.20 0.01
  448 A     1  -2  -1   3  -2  -1   0  -1  -2  -3  -3  -1  -2  -3   6   0  -1  -4  -3  -2   21   0   0  29   0   0   0   0   0   0   0   0   0   0  51   0   0   0   0   0  0.92 0.01
  449 D     1  -2   0   4  -2  -1   0  -1  -2  -3  -3  -1  -2  -3   4   0  -1  -4  -3  -2   30   0   0  42   0   0   0   0   0   0   0   0   0   0  29   0   0   0   0   0  0.60 0.01
  450 N    -1  -1   5   1  -2   0   0   0   0  -3  -3   0  -2  -3  -2   2   0  -4  -2  -3    0   0  71   0   0   0   0   0   0   0   0   0   0   0   0  29   0   0   0   0  0.57 0.02
  451 L    -1  -2  -2  -2  -2  -1  -2  -2  -2   0   2  -2   0   0  -2   1  -1   7   0  -1    0   0   0   0   0   0   0   0   0   0  42   0   0   0   0  29   0  30   0   0  0.50 0.01
  452 H     2  -1   0  -1  -1   0  -1  -1   4  -2  -2  -1  -1   0  -2   2   0  -1   3  -1   29   0   0   0   0   0   0   0  21   0   0   0   0   0   0  30   0   0  21   0  0.27 0.01
  453 K    -1   1   3   0  -3   3   1  -1   0  -3  -3   3  -1  -3  -1   0  -1  -3  -2  -3    0   0  30   0   0  29   0   0   0   0   0  42   0   0   0   0   0   0   0   0  0.43 0.01
  454 N     2  -1   4   0  -1   0  -1  -1  -1  -2  -2  -1  -1  -3  -1   1   2  -3  -2  -1   30   0  42   0   0   0   0   0   0   0   0   0   0   0   0   0  29   0   0   0  0.32 0.01
  455 A     3  -1   2  -1  -1  -1  -1  -1  -1  -2  -2  -1  -2  -3   4   1   0  -3  -2  -1   51   0  21   0   0   0   0   0   0   0   0   0   0   0  29   0   0   0   0   0  0.51 0.01
  456 D     0  -1   1   4  -2   0   0  -1  -1  -2  -3  -1  -2  -3  -1   2   2  -3  -2  -2    0   0   0  42   0   0   0   0   0   0   0   0   0   0   0  29  30   0   0   0  0.42 0.01
  457 A     2   0  -1  -1  -2   0  -1   3  -2  -2  -2   2  -2  -3  -1   0  -1  -3  -2  -1   42   0   0   0   0   0   0  29   0   0   0  30   0   0   0   0   0   0   0   0  0.32 0.01
  458 R    -1   4   0  -1  -3   1   0  -2   5  -3  -3   3  -2  -2  -2  -1  -1  -3   0  -3    0  42   0   0   0   0   0   0  29   0   0  30   0   0   0   0   0   0   0   0  0.50 0.01
  459 K     0   2   0  -1  -2   1   1  -1  -1  -3  -3   4  -2  -3  -1   2   0  -3  -2  -2    0   0   0   0   0   0   0   0   0   0   0  71   0   0   0  29   0   0   0   0  0.41 0.01
  460 K     2   1  -1  -1  -2   1   0  -1  -1  -2  -2   4  -1  -3  -1   0  -1  -3  -2  -2   30   0   0   0   0   0   0   0   0   0   0  70   0   0   0   0   0   0   0   0  0.36 0.01
  461 L    -1  -2  -2  -1  -2   0   2  -3  -2   1   3  -1   1   0  -2  -2  -1  -2  -1   0    0   0   0   0   0   0  30   0   0   0  70   0   0   0   0   0   0   0   0   0  0.26 0.01
  462 E    -1   3   0   0  -4   1   3  -2   0  -3  -3   3  -2  -3  -1   0  -1  -3  -2  -3    0  29   0   0   0   0  42   0   0   0   0  30   0   0   0   0   0   0   0   0  0.50 0.01
  463 D     2   0   0   3  -2   1   2  -1  -1  -3  -3   2  -2  -3  -1   0  -1  -3  -2  -2   30   0   0  21   0   0  21   0   0   0   0  29   0   0   0   0   0   0   0   0  0.30 0.01
  464 S    -1  -2  -2  -2  -2  -2  -2  -2   1  -1  -1  -2  -1   4  -3   1  -1   1   5  -1    0   0   0   0   0   0   0   0   0   0   0   0   0  30   0  21   0   0  49   0  0.50 0.01
  465 A     3  -1   2   0  -1   0  -1   0  -1  -2  -2  -1  -1  -3  -1   2   0  -3  -2  -1   49   0  21   0   0   0   0   0   0   0   0   0   0   0   0  30   0   0   0   0  0.31 0.01
  466 E     0  -1  -1   0  -2   1   3  -2  -1   0  -1   0  -1  -2  -1   2   0  -3  -2   1    0   0   0   0   0   0  42   0   0   0   0   0   0   0   0  29   0   0   0  30  0.22 0.01
  467 L    -1  -2  -2  -3  -1  -2  -2  -3  -3   1   3  -2   1   0  -2  -1   2  -2  -1   1    0   0   0   0   0   0   0   0   0   0  71   0   0   0   0   0  29   0   0   0  0.30 0.01
  468 L    -1  -2  -2  -3  -1  -2  -2  -3  -3   1   3  -2   1   0  -2  -1   2  -2  -1   1    0   0   0   0   0   0   0   0   0   0  70   0   0   0   0   0  30   0   0   0  0.29 0.01
  469 T    -1  -1   3  -1  -2   0  -1  -2  -1  -1   0  -1   3  -2  -2   1   3  -3  -2   0    0   0  30   0   0   0   0   0   0   0   0   0  29   0   0   0  42   0   0   0  0.24 0.01
  470 K    -1   2   3   0  -3   1   0  -1   0  -3  -3   4  -2  -3  -1   0  -1  -3  -2  -3    0   0  30   0   0   0   0   0   0   0   0  70   0   0   0   0   0   0   0   0  0.45 0.01
  471 F    -2   0  -2  -3  -3  -1  -2  -3  -1  -1   0   2   0   5  -3  -2  -2   0   2  -1    0   0   0   0   0   0   0   0   0   0   0  30   0  70   0   0   0   0   0   0  0.42 0.02
  472 N    -1  -1   5   0  -2  -1  -1  -1   0   0  -2  -1  -1  -2  -2   0   0  -4  -2   1    0   0  70   0   0   0   0   0   0   0   0   0   0   0   0   0   0   0   0  30  0.38 0.02
  473 S     0  -1   3   0  -1  -1  -1  -1  -1   0  -1  -1  -1  -2  -2   2   1  -3  -2   1    0   0  30   0   0   0   0   0   0   0   0   0   0   0   0  42   0   0   0  29  0.21 0.01
  474 Y    -2  -1  -1  -3  -3  -1  -2  -3   5  -2  -2  -2  -1   2  -3  -2  -2   1   6  -2    0   0   0   0   0   0   0   0  29   0   0   0   0   0   0   0   0   0  71   0  0.75 0.02
  475 V    -1  -3  -3  -3  -1  -3  -3  -4  -3   3   1  -3   1  -1  -3  -2   0  -3  -1   4    0   0   0   0   0   0   0   0   0  29   0   0   0   0   0   0   0   0   0  71  0.37 0.01
  476 D    -2  -2   1   6  -4   0   1  -1  -1  -3  -4  -1  -3  -4  -2   0  -1  -5  -3  -3    0   0   0 100   0   0   0   0   0   0   0   0   0   0   0   0   0   0   0   0  0.98 0.02
  477 A     4  -2  -2  -2  -1  -1  -1   0  -2  -1  -2  -1  -1  -2  -1   1   0  -3  -2   0  100   0   0   0   0   0   0   0   0   0   0   0   0   0   0   0   0   0   0   0  0.44 0.02
  478 V    -1  -3  -3  -3  -1  -3  -3  -4  -3   3   1  -3   1  -1  -3  -2   0  -3  -1   4    0   0   0   0   0   0   0   0   0  30   0   0   0   0   0   0   0   0   0  70  0.37 0.01
  479 V    -1  -2  -3  -4  -1  -2  -3  -4  -3   2   3  -3   2   0  -3  -2  -1  -2  -1   3    0   0   0   0   0   0   0   0   0   0  58   0   0   0   0   0   0   0   0  42  0.35 0.01
  480 E    -1   0   0   1  -4   2   5  -2   0  -3  -3   1  -2  -3  -1   0  -1  -3  -2  -3    0   0   0   0   0   0 100   0   0   0   0   0   0   0   0   0   0   0   0   0  0.78 0.02
  481 R    -1   5   0  -1  -4   1   0  -2   0  -3  -2   3  -2  -3  -2  -1  -1  -3  -2  -3    0  71   0   0   0   0   0   0   0   0   0  29   0   0   0   0   0   0   0   0  0.65 0.02
  482 R    -1   3   0   3  -3   0   0  -2  -1   0  -1   1  -1  -2  -2  -1  -1  -3  -2   1    0  42   0  30   0   0   0   0   0   0   0   0   0   0   0   0   0   0   0  29  0.26 0.01
  483 N    -1   0   4   0  -3   0   0   3   0  -3  -3   2  -2  -3  -2   0  -1  -3  -2  -3    0   0  42   0   0   0   0  29   0   0   0  30   0   0   0   0   0   0   0   0  0.43 0.01
  484 G     0   0   0  -1  -3  -1  -1   5  -2  -4  -3   2  -2  -3  -2   0  -1  -3  -3  -3    0   0   0   0   0   0   0  70   0   0   0  30   0   0   0   0   0   0   0   0  0.67 0.01
  485 F     1  -2   3  -1  -2  -1  -1  -1  -1  -1  -1  -1  -1   4  -2   0  -1  -1   1  -1   29   0  30   0   0   0   0   0   0   0   0   0   0  42   0   0   0   0   0   0  0.23 0.01
  486 Y    -2  -2  -3  -3  -3  -2  -3  -3   1  -1  -1  -2  -1   4  -3  -2  -2   2   6  -1    0   0   0   0   0   0   0   0   0   0   0   0   0  29   0   0   0   0  71   0  0.79 0.02
  487 L    -2  -2  -2  -3  -2  -2  -2  -3   5   0   1  -2   0   5  -3  -2  -2   0   2  -1    0   0   0   0   0   0   0   0  30   0  21   0   0  49   0   0   0   0   0   0  0.40 0.01
  488 I    -1  -3  -3  -3  -1  -3  -3  -4  -3   5   2  -3   1   0  -3  -3  -1  -3  -1   3    0   0   0   0   0   0   0   0   0 100   0   0   0   0   0   0   0   0   0   0  0.44 0.02
  489 K    -1   5   0  -1  -3   1   0  -2  -1  -3  -2   4  -1  -3  -2  -1  -1  -3  -2  -3    0  58   0   0   0   0   0   0   0   0   0  42   0   0   0   0   0   0   0   0  0.60 0.01
  490 D    -2  -1   1   5  -4   0   1  -2   5  -3  -4  -1  -3  -3  -2  -1  -1  -4  -1  -3    0   0   0  70   0   0   0   0  30   0   0   0   0   0   0   0   0   0   0   0  0.71 0.02
  491 T     0  -1   0  -1  -1  -1  -1  -2  -2  -1  -1  -1  -1  -2  -1   1   5  -3  -2   0    0   0   0   0   0   0   0   0   0   0   0   0   0   0   0   0 100   0   0   0  0.52 0.02
  492 K    -1   3   0   0  -3   3   3  -2   0  -3  -3   3  -1  -3  -1   0  -1  -3  -2  -3    0  21   0   0   0  30  29   0   0   0   0  21   0   0   0   0   0   0   0   0  0.48 0.01
  493 L    -2  -2  -3  -4  -2  -2  -3  -3  -2   2   2  -2   3   4  -3  -2  -1  -1   1   1    0   0   0   0   0   0   0   0   0  21  21   0  29  30   0   0   0   0   0   0  0.31 0.01
  494 I    -1   0  -2  -2  -2   0  -1  -3  -2   3   0   2   0  -1  -2  -1  -1  -3  -2   1    0   0   0   0   0   0   0   0   0  59   0  41   0   0   0   0   0   0   0   0  0.16 0.00
  495 Y    -2  -3  -3  -4  -3  -3  -3  -3   0  -1   0  -3   0   6  -4  -2  -2   1   5  -1    0   0   0   0   0   0   0   0   0   0   0   0   0  70   0   0   0   0  30   0  0.70 0.01

                      K         Lambda
Standard Ungapped    0.1281     0.3146
Standard Gapped      0.0362     0.2670
PSI Ungapped         0.1183     0.3176
PSI Gapped           0.0362     0.2670
