
Last position-specific scoring matrix computed, weighted observed percentages rounded down, information per position, and relative weight of gapless real matches to pseudocounts
            A   R   N   D   C   Q   E   G   H   I   L   K   M   F   P   S   T   W   Y   V   A   R   N   D   C   Q   E   G   H   I   L   K   M   F   P   S   T   W   Y   V
    1 R    -3   4  -2  -1  -5   4   4  -4  -2  -5  -4   3  -3  -5  -3  -2  -2  -4  -3  -4    0  26   0   0   0  27  30   0   0   0   0  18   0   0   0   0   0   0   0   0  0.89 0.27
    2 S    -3   7  -1  -3  -5   2  -1  -1  -3  -5  -3   3  -3  -5  -4  -1  -2  -5  -2  -5    0  58   3   0   0  10   1   4   0   0   2  15   0   0   0   4   1   0   1   0  1.09 0.38
    3 R    -4   8  -4  -5  -7  -2  -3  -5  -3  -6  -5   2  -4  -6  -5  -4  -4  -6  -5  -3    0  88   0   0   0   0   0   0   0   0   0  10   0   0   0   0   0   0   0   2  2.15 0.61
    4 M    -1   2  -1  -2  -3   2   1  -1  -1  -1   0   2   2  -3  -2   0   0  -4  -3   0    4  15   2   0   0  10   8   4   1   3  12  14   8   0   1   5   7   0   0   7  0.16 0.13
    5 K     3  -1   1  -2   0   0  -1  -2  -1  -1  -2   2  -1  -1   0   0   2  -4  -3  -1   29   1   9   0   2   2   2   0   1   5   1  17   1   2   4   4  15   0   0   3  0.26 0.19
    6 A     4   1   0  -4  -4  -3  -3  -3   8   0  -4  -3  -4  -4  -2  -1  -2  -5  -2  -3   40   6   3   0   0   0   0   0  40   5   0   0   0   0   1   1   2   0   0   0  1.14 0.43
    7 N    -3  -3   7  -2  -5  -3  -1  -3  -2  -1  -5  -1  -4  -5  -3   1   2  -6  -5  -4    2   0  69   0   0   0   3   0   0   4   0   3   0   0   1   7  10   0   0   0  1.38 0.47
    8 A     3  -1  -2  -1  -1  -1   2  -1  -3   0  -1   0   2  -1  -3   0  -1  -4  -2   0   32   2   1   3   1   2  15   4   0   7   5   5   6   2   0   5   2   0   1   8  0.18 0.15
    9 R    -1   6  -2  -4  -4  -2  -3  -4  -3   0   0   0   0  -4  -4  -1  -1  -5  -1   1    5  56   1   0   0   0   0   0   0   5  10   3   2   0   0   3   3   0   2  10  0.80 0.33
   10 E    -4  -1  -4  -2  -7  -1   8  -6  -3  -7  -6  -2  -5  -7  -5  -3  -4  -6  -5  -6    0   3   0   0   0   0  97   0   0   0   0   0   0   0   0   0   0   0   0   0  2.25 0.67
   11 R    -5   8  -4  -5  -7   1  -3  -5  -3  -6  -6   2  -5  -6  -5  -4  -4  -6  -5  -6    0  83   0   0   0   5   0   0   0   0   0  12   0   0   0   0   0   0   0   0  2.06 0.61
   12 N    -2   4   2   0  -2   3   0  -3   1  -2  -1   3  -2  -4  -3  -1  -1   1  -3  -3    2  28   9   6   1  15   3   0   3   2   6  18   1   0   0   1   4   2   0   0  0.47 0.24
   13 R    -5   8  -4  -5  -7  -2  -4  -6  -4  -7  -6  -1  -5  -6  -6  -4  -5  -6   1  -6    0  95   0   0   0   0   0   0   0   0   0   0   0   0   0   0   0   0   5   0  2.45 0.70
   14 M    -3   5  -3  -4  -4  -1  -3  -5  -3   0   0   0   5  -3  -4  -3  -1  -4  -4   1    1  41   0   0   0   2   0   0   0   5   9   3  21   0   0   0   4   0   0  13  0.81 0.37
   15 H    -2   2   1   1  -2   2   2  -3   3  -3  -2   3  -3  -2  -3   0  -2  -4  -3  -4    2  13   8   6   1  11  12   1  10   1   3  23   0   2   0   8   0   0   0   0  0.42 0.22
   16 G    -1   0   2   3   0   1   0   0   0  -3  -3   3  -3  -4  -3   1   0  -4  -3  -3    3   2  10  16   2   7   5   6   2   1   1  26   0   0   0  11   6   0   0   1  0.36 0.20
   17 L    -3  -5  -6  -6  -3  -4  -5  -6  -5   5   4  -5   3  -1  -5  -5  -3  -4  -1   3    0   0   0   0   0   0   0   0   0  34  40   0   6   1   0   0   0   0   2  16  0.94 0.35
   18 N    -2   1   8  -2  -6  -3  -3  -4  -3  -6  -6   1  -5  -6  -5  -1  -3  -7  -5  -6    4   7  78   0   0   0   0   0   0   0   0   9   0   0   0   2   0   0   0   0  1.86 0.61
   19 A     0   0   1   3  -4   2   4  -2   0  -3  -2  -1  -2  -4  -3   1   1  -4  -3  -2    6   4   7  15   0  11  27   2   2   1   5   1   1   0   0   8   9   0   0   1  0.38 0.21
   20 A     4   2  -3  -4   2  -3  -3   2  -3  -4  -1   0  -1  -4  -3   1  -2   0  -1  -3   46  10   0   0   4   0   0  15   0   0   5   6   1   0   0   9   0   1   2   0  0.53 0.30
   21 L    -5  -5  -6  -6  -5  -5  -6  -6  -4   2   2  -6   2   7  -6  -5  -4  -2   3  -3    0   0   0   0   0   0   0   0   0  12  17   0   5  57   0   0   0   0   9   0  1.48 0.48
   22 D     0  -1   1   3  -3   1   2  -3   1  -1  -1   0  -1  -1  -3   1  -1  -3   1  -1   10   2   5  17   0   5  14   0   4   3   8   6   1   3   0  11   2   0   6   2  0.17 0.13
   23 N     2   1   0  -1  -3   0   2  -1  -2  -2  -2   1   0  -4  -3   1   2  -4  -3  -1   20  10   4   2   0   4  16   4   0   1   3   6   2   0   0  10  14   0   0   5  0.23 0.17
   24 L    -5  -5  -7  -7  -4  -5  -6  -7  -6   0   6  -6  -1  -3  -6  -6  -4  -5  -4  -1    0   0   0   0   0   0   0   0   0   3  94   0   0   0   0   0   0   0   0   2  1.76 0.58
   25 R    -2   7  -3  -4  -6   1  -3  -2  -1  -6  -4   4  -1  -6  -5  -2  -4  -6  -5  -5    2  63   0   0   0   5   0   3   1   0   1  20   2   0   0   3   0   0   0   0  1.40 0.50
   26 K     0   3   0   3  -4   2   2  -2  -1  -4  -4   2   1  -4  -3   1  -1  -4  -3  -2    9  17   3  17   0   9  14   2   1   0   0  11   4   0   0   9   3   0   0   2  0.38 0.21
   27 V    -1  -1  -2  -4   4  -1  -1  -4   2   1   2  -1   0  -1  -4  -2  -1  -3   1   2    5   4   2   0  10   3   3   0   8   6  29   3   1   1   0   2   2   0   4  18  0.27 0.18
   28 V    -3  -4  -5  -5  -3  -1  -4  -5  -5   4   3  -4   2  -2  -5  -4   1  -4  -3   4    0   0   0   0   0   3   0   0   0  28  23   0   5   0   0   0   8   0   0  32  0.76 0.32
   29 P    -3  -3  -3  -4  -5  -4  -4  -4  -1  -5  -2  -4  -4  -5   8  -1  -2  -5  -5  -4    1   1   1   0   0   0   1   1   1   0   5   1   0   0  80   4   2   0   0   1  2.18 0.58
   30 C    -1   0   1  -1   4   0   0  -1   3  -2  -2  -1  -2  -1   1   1   2  -1  -2  -1    4   4   7   2  11   4   6   4  10   1   1   3   0   3   7  10  18   1   0   4  0.22 0.15
   31 Y     0  -2  -1  -1   1  -2  -1  -2   0   1   2  -2   1   0  -1   0   0   1   1   1    8   0   2   4   3   0   3   2   3   9  22   0   3   3   3   8   6   2   6  11  0.07 0.07
   32 S     0  -1   3   1  -3   0  -1   1  -2  -3  -2   0  -3  -2   4   1  -1  -4  -2  -2    7   3  17   6   0   4   2   9   0   0   4   4   0   2  22  12   1   0   2   3  0.36 0.17
   33 K     0   0   1   1  -3   2   0  -1   0  -3  -2   1  -2  -3   3   1   0  -3   0  -2    9   3   6   8   0  11   3   3   2   0   3   9   1   0  17  12   6   0   5   1  0.26 0.14
   34 T    -1  -2   4   3   0  -1   1   1   0  -3  -2  -1  -3  -4  -3   1   0  -4  -3  -2    3   0  23  21   3   0   8  11   3   0   4   2   0   0   0  11   6   0   0   2  0.40 0.20
   35 Q    -1   2  -2  -2  -4   4   1  -3  -2  -4  -3   4  -3  -4  -2  -1   2  -4  -3  -3    4   8   0   1   0  25   7   1   0   0   2  30   0   0   1   3  14   0   0   1  0.61 0.29
   36 K    -4   4  -3  -4  -6   1  -1  -4  -3  -5  -5   6  -4  -6   1  -2  -3  -5  -5  -5    0  22   0   0   0   5   1   0   0   0   0  62   0   0   7   1   0   0   0   0  1.35 0.49
   37 L     0  -1  -4  -4  -3   0  -3  -2  -4   0   4  -3   3  -2  -2  -2   0  -4  -3   0    7   3   0   0   0   4   0   3   0   2  55   0   8   0   1   2   6   0   0   6  0.55 0.27
   38 S    -1  -3   0   2  -4  -3  -2  -3   0  -5  -5  -3  -4  -5   3   5   2  -5  -4  -4    4   0   4  11   0   0   1   0   2   0   0   0   0   0  14  51  12   0   0   0  0.87 0.40
   39 K    -4   0  -2  -4  -6   0  -2  -5  -4  -2  -5   8  -4  -6  -4  -3  -4  -6  -5  -3    0   2   1   0   0   4   0   0   0   3   0  87   0   0   0   0   0   0   0   1  1.84 0.62
   40 I     2  -4   0  -4  -3  -3  -4  -3  -2   3   1  -3   0  -2  -1  -1  -2   0  -1   3   19   0   5   0   0   0   0   1   1  23   9   0   1   1   3   4   0   1   2  29  0.39 0.23
   41 E     1  -2  -1   1  -4   1   4   0  -1  -2  -2  -1   0  -4  -3   1   0  -4  -3   0   10   1   1   6   0   7  33   8   1   1   3   1   3   0   0  13   4   0   0   7  0.35 0.22
   42 T    -3  -5  -4  -5  -4  -5  -5  -6  -5   6   0  -4  -2  -1  -5  -3   5  -5  -4   1    0   0   0   0   0   0   0   0   0  47   5   0   0   3   0   0  38   0   0   7  1.15 0.47
   43 L    -4  -5  -7  -7  -4  -5  -6  -7  -6   0   6  -6  -1  -1  -6  -5  -4  -5  -4   1    0   0   0   0   0   0   0   0   0   2  90   0   0   2   0   0   0   0   0   7  1.60 0.54
   44 R    -2   5   0   1  -5   3  -2   0   1  -4  -2   2  -3  -5  -4   1  -1  -5  -4  -3    1  35   3   7   0  15   0   6   3   0   5  11   0   0   0  10   4   0   0   1  0.56 0.29
   45 L    -1   2   0   1  -1   1   0  -1   1  -1   1   2   2  -1  -3   0  -1  -3  -1  -2    3  11   4   9   1   8   4   3   3   2  18  14   7   2   0   6   1   0   1   0  0.13 0.13
   46 A     6  -5  -5  -5  -4  -4  -4  -3  -5  -4  -4  -4  -4  -5  -4  -1   1  -6  -5   1   80   0   0   0   0   0   0   0   0   0   0   0   0   0   0   3   8   0   0   9  1.44 0.56
   47 K    -1  -1  -4  -4   0  -1  -4  -5  -1   5   1  -1   0   0  -4  -2   1  -4  -2   2    5   3   0   0   2   2   0   0   2  42   8   4   2   3   0   2  12   0   1  12  0.49 0.26
   48 N    -1   1   3   3  -3   0   3  -3  -1  -4  -4   2  -3  -5  -3   1  -1  -5  -4  -3    4   7  15  16   1   3  22   1   1   1   0  13   0   0   0  12   3   0   0   1  0.50 0.25
   49 Y    -6  -2  -6  -7  -2  -5  -6  -7   0  -5  -5  -6  -5   0  -7  -6  -6  -2  10  -1    0   2   0   0   1   0   0   0   2   0   0   0   0   1   0   0   0   0  90   4  2.86 0.81
   50 I    -3  -6  -7  -7  -4  -6  -6  -7  -7   8   0  -6  -2  -3  -6  -5  -3  -6  -5   1    2   0   0   0   0   0   0   0   0  84   7   0   0   0   0   0   1   0   0   7  1.86 0.58
   51 W     0   1   1   0  -1   1   1  -1   1  -2   0   2   0  -1   0   0   0   3  -2  -2    5   5   8   4   1   8  10   3   3   2  11  13   3   2   4   7   4   5   0   0  0.12 0.10
   52 A     1   0  -1   0  -2   0   2  -1   2  -3  -2  -1   1   2  -3   2   0  -3   1  -2   14   6   2   5   1   2  18   3   5   1   1   2   6   9   0  15   4   0   6   1  0.21 0.17
   53 L    -5  -5  -7  -7  -5  -3  -6  -7  -6  -1   6  -6   3  -3  -6  -6  -4  -5  -4  -2    0   0   0   0   0   1   0   0   0   2  91   0   6   0   0   0   0   0   0   0  1.75 0.57
   54 S    -1   0  -1   0  -2   6   2  -2   0  -5  -4   0  -1  -5  -4   1   1  -5  -3  -3    4   5   1   5   1  41  11   3   2   0   1   5   1   0   0  11   8   0   1   1  0.67 0.33
   55 E    -1   2   0   1  -2   3   3  -2   2  -3  -2   1  -3  -4  -3   0  -1  -4  -3  -2    4  10   4   9   1  16  25   2   6   1   3   6   0   0   0   7   3   0   0   2  0.40 0.22
   56 I    -1  -2  -3  -4  -3   1  -1  -4   0   2   3  -1   2  -1  -4  -1   0  -4  -2   2    3   2   0   0   0   9   3   0   2  11  31   5   5   2   0   6   5   0   0  17  0.28 0.17
   57 L    -4  -5  -6  -6  -4  -1  -5  -6  -5   2   6  -5  -1  -2  -5  -5  -4  -4  -4   1    0   0   0   0   0   3   0   0   0  10  78   0   0   0   0   0   0   0   0   8  1.27 0.41
   58 R    -3   5   0   0  -5   5   2  -4   1  -4  -1   1  -1  -4  -4   0  -2  -4  -3  -4    0  31   4   4   0  27  13   0   3   0   7   4   1   0   0   5   1   0   0   0  0.66 0.27
   59 S     0   1   2  -1  -3   0  -2   0  -2  -3  -3  -1  -3  -4  -3   4   2  -4  -3  -2    7   9  10   2   0   3   0   5   0   1   2   0   0   0   0  47  13   0   0   2  0.48 0.21
   60 G     2  -3  -1   2  -3  -2  -2   5  -3  -4  -4  -2  -3  -4  -3  -1  -2  -4  -4  -3   22   0   0  18   0   0   0  60   0   0   0   0   0   0   0   0   0   0   0   0  0.82 0.13

                      K         Lambda
Standard Ungapped    0.1293     0.3192
Standard Gapped      0.0554     0.2670
PSI Ungapped         0.1809     0.3160
PSI Gapped           0.0554     0.2670
