
Last position-specific scoring matrix computed, weighted observed percentages rounded down, information per position, and relative weight of gapless real matches to pseudocounts
            A   R   N   D   C   Q   E   G   H   I   L   K   M   F   P   S   T   W   Y   V   A   R   N   D   C   Q   E   G   H   I   L   K   M   F   P   S   T   W   Y   V
    1 S     1  -3   3  -2  -3  -2   2  -2  -2  -4  -4  -2  -3  -4  -3   5   1  -5  -4  -3   10   0  15   0   0   0  13   0   0   0   0   0   0   0   0  54   7   0   0   0  0.77 0.34
    2 D    -1  -2   1   3  -4  -1   3   0   1  -4  -5   0  -4  -4  -3   3  -1  -5  -4  -4    3   0   7  20   0   0  22   6   3   1   0   6   0   1   0  31   1   0   0   0  0.58 0.31
    3 K    -1   0   2   1  -2   1   2   0   2  -4  -3   1  -2  -2   3  -1  -1  -4   0  -4    4   5  11   8   1   7  15   7   5   0   1  10   1   1  16   3   3   0   3   0  0.34 0.20
    4 I    -1  -6  -6  -6  -4  -5  -6  -6  -6   3   1  -5   1  -2  -3  -5  -3  -5  -2   6    3   0   0   0   0   0   0   0   0  18   9   0   3   1   2   0   1   0   1  62  1.22 0.53
    5 I    -2  -2  -2  -4  -3  -2  -1  -4  -2   3   1   2  -1  -2  -1  -1   2  -1  -1   3    0   1   2   0   0   2   3   0   1  19  10  13   0   1   3   2  14   1   2  25  0.34 0.28
    6 H    -2   0   1   0  -4   1   4  -3   3  -2  -2   1  -1  -3   0  -1   0  -4  -1   1    2   4   5   4   0   7  28   1   7   2   3   8   1   0   3   2   6   0   2  13  0.28 0.24
    7 L    -2  -5  -3  -4  -4  -4  -5  -5  -5   3   4  -3   1   0  -5  -2  -3  -5  -3   3    2   0   1   1   0   0   0   1   0  16  44   1   3   3   0   4   0   0   0  24  0.76 0.40
    8 T    -2  -3   3   2  -4  -2  -1  -2  -1  -3  -3  -1  -4  -5  -3   2   5  -6  -5   0    1   1  12  11   0   1   4   2   1   1   1   2   0   0   1  16  40   0   0   6  0.69 0.46
    9 D     0  -1   1   3  -4   0   2   1  -3  -3  -3   1  -2  -3   1   1   0  -5  -4  -2    8   2   6  18   0   4  14  13   0   1   1   9   1   1   5  10   4   0   0   3  0.29 0.22
   10 D     1   0   0   3  -2   2   3  -1  -2  -5  -3   2  -4  -4  -2   1  -1  -5  -4  -4   11   3   3  20   1   8  23   3   0   0   2  11   0   0   1   9   3   0   0   0  0.47 0.32
   11 S    -1  -1   4   1  -4   1   2  -2  -1  -4  -2   0  -3  -1  -3   2   3  -5  -4  -4    3   2  20   8   0   7  12   2   1   0   3   4   0   3   1  16  18   0   0   0  0.43 0.32
   12 F    -3  -6  -6  -6  -5  -4  -1  -6  -5   0   1  -4   0   8  -6  -5  -4   6   1  -1    2   0   0   0   0   1   6   0   0   5  10   1   2  57   0   0   1   9   3   3  1.47 0.63
   13 D    -2   0   1   4  -5   2   3  -2   0  -3   0   1  -3  -1  -4  -1  -1   3  -2  -3    2   3   7  22   0   8  18   3   2   1   9   9   0   3   0   4   3   5   1   1  0.38 0.28
   14 T     0   0   1   2  -4   2   3  -1  -2  -3  -2   0  -3  -2  -1   1   0  -2  -3  -3    9   4   5  12   0  10  22   4   0   1   5   6   0   2   2  12   4   1   0   1  0.29 0.23
   15 D     0  -1  -1   0  -3   0   3  -2   0   0   1   1  -1   0  -2  -1   0  -3  -1   0   10   2   2   4   0   2  22   1   3   5  14   8   1   4   1   4   7   0   2   7  0.12 0.15
   16 V     0  -3  -3  -3  -2  -2  -3  -4  -2   3   2  -3   2  -1  -4  -2  -1  -4  -3   4    9   1   1   2   1   2   1   0   1  14  17   1   6   2   0   2   4   0   1  36  0.49 0.30
   17 L     0  -1   0  -2  -3  -1  -1  -2  -1   0   3   1   2   0  -2   0  -1  -3  -2   0    7   3   5   1   0   2   4   2   2   5  30  11   7   4   2   6   3   0   1   4  0.13 0.15
   18 K     0   0   3   1  -2   2   3  -1  -2  -3  -4   3  -3  -5  -3   0  -1  -5  -4  -4   10   5  13   7   1  11  18   4   0   1   1  17   0   0   0   8   4   0   0   0  0.40 0.28
   19 A     2  -1   1   0  -2   0   0   1   0  -4  -3   0  -3  -3  -1   4   0  -4  -3  -3   16   3   5   4   0   5   6  10   3   0   2   5   0   1   3  32   3   0   1   1  0.36 0.28
   20 D    -2  -1   2   3  -5   0   2   1   2  -4  -4   3  -4  -5   1   0   0  -5  -4  -4    2   1   8  18   0   4  12   9   6   1   1  18   0   0   6   8   5   0   0   0  0.43 0.29
   21 G    -2   2  -1   0  -5   1   0   2  -3  -4  -3   4  -4  -3  -2   1  -1  -1  -3  -3    1  11   2   5   0   5   4  17   0   1   2  34   0   1   1  10   3   1   0   2  0.49 0.34
   22 A    -1  -2   0  -2  -1  -3  -2  -3  -2   1   2  -1  -2   0   4  -2   0  -2   1   1    6   1   5   3   1   0   1   1   1   8  19   3   0   4  24   2   5   0   6  10  0.34 0.23
   23 I     0  -5  -3  -5  -1  -4  -5  -5  -3   2   0  -3  -1  -1  -5  -1   1   5   0   5    7   0   1   0   1   0   0   0   1  10   6   1   1   3   0   3   7   8   2  48  0.77 0.44
   24 L    -1  -5  -6  -6  -2  -5  -5  -5  -5   3   3  -5   3   2  -5  -4  -3  -5  -2   4    4   0   0   0   1   0   0   1   0  12  29   0   7   9   0   1   0   0   1  36  0.86 0.44
   25 V    -2  -5  -6  -6   2  -5  -5  -6  -6   3   2  -5   0  -1  -5  -5  -3  -5  -2   5    3   0   0   0   4   0   0   0   0  17  21   0   2   3   0   0   1   0   1  47  1.00 0.48
   26 D    -3  -1   2   5  -3  -1   2  -4   4  -4  -1   0   1  -1  -4  -3  -3  -2   2  -3    1   3  10  31   1   2  11   1  12   0   6   7   5   2   0   0   0   1   7   2  0.62 0.38
   27 F    -4  -7  -7  -8  -2  -7  -7  -7  -5   0   0  -7  -1   8  -8  -6  -6   1   2   1    1   0   0   0   1   0   0   0   0   6   8   0   1  68   0   0   0   2   5   9  1.96 0.78
   28 W    -4  -5  -2  -5  -1  -3  -3  -1   1  -5  -4  -3  -1   3  -6   0   1   8   7  -4    1   0   1   0   1   1   1   5   4   0   1   2   1   9   0   7  10  17  37   1  1.25 0.60
   29 A     6   0  -3  -4  -4   0  -2  -1   1  -4  -2  -3  -2  -5  -4   1   0  -6  -5  -2   59   5   1   0   0   4   2   4   4   0   4   0   1   0   0   9   7   0   0   1  0.88 0.52
   30 E    -1  -1  -1   3  -5  -1   0  -2  -1  -3  -4   0  -4  -5   5   2   2  -5  -3  -3    5   2   2  19   0   2   5   2   1   1   1   6   0   0  25  14  12   0   1   1  0.60 0.37
   31 W    -5  -3  -3  -5  -2  -3  -3  -1   0  -7  -5  -6  -3  -2  -7  -1  -2  12  -1  -7    1   2   1   1   1   1   2   6   2   0   1   0   1   1   0   6   3  70   2   0  3.04 1.07
   32 C    -2  -7  -2  -2  11  -4  -7  -6  -3  -6  -6  -7  -6  -1  -7  -2  -3  -6  -6  -3    2   0   3   2  79   1   0   0   1   0   0   0   0   3   0   3   1   0   0   2  3.08 1.06
   33 G    -1   1  -2  -2  -5  -2  -1   4  -1  -2  -4  -1  -4  -1   4  -2  -2  -5  -1   0    4   7   1   1   0   1   4  37   1   3   1   4   0   2  18   1   2   0   3   8  0.56 0.35
   34 P     0  -1  -1  -1  -5  -1  -2  -2   4  -4  -4  -1  -4   1   6  -1  -1   0   0   0    7   4   3   4   0   3   2   3  12   0   1   3   0   6  36   5   3   1   3   6  0.71 0.41
   35 C    -5  -8  -7  -8  12  -8  -8  -8  -8  -7  -7  -8  -7  -8  -8   1  -6  -8  -8  -6    0   0   0   0  89   0   0   0   0   0   0   0   0   0   0  11   0   0   0   0  3.97 1.30
   36 K    -3   3  -2  -2  -6   2  -1  -5  -2  -1  -3   5   2  -3  -2  -2  -1  -5  -3  -1    2  16   2   2   0   9   3   0   1   4   2  42   5   1   2   2   3   0   1   4  0.71 0.44
   37 M     2   0   0  -2  -3   1   1  -2   1   0  -1   1   3   0  -2   0  -1  -3   0  -1   19   6   4   1   0   8   9   1   4   5   4   7   9   5   1   5   2   0   4   4  0.13 0.17
   38 I    -1  -4  -5  -5  -1  -3  -1  -4  -4   3   3  -4   5   3  -5  -4  -2   0  -1   1    5   0   0   0   1   1   6   1   0  18  28   0  16  11   0   0   1   1   1   8  0.61 0.37
   39 A     2   0   2   1  -3  -1   1  -1   1  -2  -1   1   1  -2  -3   0  -1  -4  -1  -2   21   4   9  10   0   1  11   3   4   1   6  10   4   2   0   7   3   0   1   2  0.18 0.19
   40 P    -2  -1  -3  -1  -6   1   0  -3  -3  -6  -4   1  -3  -7   7   0  -3  -7  -4  -6    2   3   1   4   0   7   5   2   1   0   2   8   1   0  57   6   2   0   1   0  1.41 0.65
   41 I    -1  -1  -1   0  -3   0   1  -3   2   1   0   0   0   0  -2   0   0  -3   1   2    4   2   1   4   0   3  10   1   6   9   7   7   2   5   1   7   6   0   5  19  0.10 0.14
   42 L    -5  -5  -6  -7  -2  -3  -6  -6  -5   1   3  -6   2   5  -6  -5  -3   6   3   1    0   0   0   0   1   1   0   0   0   7  28   0   5  25   0   0   1  10  11  10  1.03 0.50
   43 D     0   0   1   2   0   1   4  -3   0  -1  -3   1  -2  -2  -3   0  -1  -5  -2  -2    9   3   8  10   2   7  30   1   2   4   1   7   1   2   0   7   2   0   1   2  0.35 0.27
   44 E     0   0   0   1  -1   1   4  -2  -1  -2  -3   3  -1  -2  -4   0  -1   0  -4  -3    7   4   4   6   1   6  29   2   2   2   2  16   2   2   0   7   4   1   0   2  0.39 0.33
   45 I     1  -2  -5  -5   0  -2  -4  -3  -4   2   4  -2   2   0  -2  -2  -1  -4  -1   1   10   2   0   0   2   2   0   2   0   9  41   2   5   4   2   2   4   0   2  10  0.46 0.34
   46 A     4  -1  -3  -2   1  -1  -1  -1  -3  -2  -1  -1  -3  -3  -2   2  -1   1   2   0   39   3   0   2   2   2   4   4   0   2   6   4   0   0   2  14   2   2   7   5  0.40 0.36
   47 D     0   1   1   0  -1   3   1  -2  -1  -2  -2   3  -1  -2   0   0  -1  -4  -3  -1    7   9   8   4   1  12  10   3   1   2   4  18   2   2   4   4   4   0   0   5  0.21 0.21
   48 E     0   0   1   1  -4   2   3  -2   1  -1  -2   2   0  -2  -3  -1   0   0  -3  -1    6   4   5   6   0   9  23   3   4   3   3  15   3   1   0   3   6   1   0   4  0.28 0.27
   49 Y    -2  -2  -4  -3  -4  -3  -3  -4   3   0   1  -3   1   4  -4  -3  -2   0   6   0    3   2   0   1   0   1   2   2   6   4  15   1   3  18   1   1   3   1  31   5  0.80 0.47
   50 Q     0   0   1  -1  -4   1   1   0  -1  -3  -1   3  -2  -3   3   0  -1  -2  -2  -2    6   3   7   2   0   7   8   8   1   1   5  19   1   1  16   6   4   1   1   2  0.29 0.25
   51 G    -2  -3   2   4  -2   0   1   3  -2  -4  -2  -2  -4  -4   0   1   0  -4  -4  -2    3   0  11  23   1   3   9  20   1   0   4   2   0   0   4  11   4   0   0   3  0.44 0.32
   52 K    -1   1   1   2  -3   2   1  -1   1  -1  -2   2   0  -2  -1   0   0  -3  -2  -2    6   8   6  11   0  10   7   5   4   5   3  17   2   2   2   4   4   0   1   2  0.17 0.16
   53 L     1  -2  -5  -5  -1  -3  -3  -4  -5   3   2  -4   1   0  -2  -3  -1  -1  -2   4   10   2   0   0   1   1   2   1   0  19  16   1   2   5   2   2   3   1   1  33  0.53 0.37
   54 T    -1   0   0  -1  -3   0   0  -2   3   0  -1   2   0  -1  -1  -1   1  -4  -3   1    3   5   6   3   0   3   5   2   9   5   7  18   2   2   2   4  11   0   0  15  0.16 0.20
   55 V    -4  -4  -4  -7  -1  -6  -6  -7  -2   3   2  -4   1   7  -7  -5  -4   2  -1   2    1   1   1   0   1   0   0   0   1  15  15   1   4  40   0   0   0   3   1  14  1.08 0.60
   56 A     2  -3  -3  -4   0  -3  -3   0  -1   1   2  -3   0   0  -4  -2   0  -4   1   2   23   0   1   0   2   0   2   8   1   7  23   1   1   4   0   2   5   0   6  14  0.30 0.29
   57 K     0   1  -2  -3  -5   2   0  -2  -1   0  -3   5  -1   0  -3  -1  -1  -5   0  -1   10   6   2   0   0   9   4   2   2   6   2  39   2   4   1   3   4   0   3   4  0.49 0.41
   58 L     0  -5  -4  -6  -1  -5  -2  -4  -3   3   2  -4   0  -1  -5  -4  -3  -5  -4   5    9   0   1   0   1   0   4   1   1  14  15   1   2   3   0   1   0   0   0  46  0.83 0.53
   59 N    -3  -2   5   6  -3  -1   1  -4   0  -7  -6  -3  -6  -7  -4  -2  -5  -8  -4  -7    2   2  29  48   1   2   9   1   2   0   1   1   0   0   1   2   0   0   1   0  1.49 0.80
   60 I     2  -2  -4  -5   4  -3  -3  -2  -2   2  -2  -3  -1  -1  -4   0   1  -1  -1   4   17   2   0   0  10   0   1   2   1  11   2   1   1   3   0   9   8   1   2  28  0.44 0.37
   61 D    -2  -3  -1   6  -6  -1   2  -2  -2  -4  -5  -2  -3  -6  -3   0   3  -7  -6  -4    4   1   2  47   0   3  11   3   1   1   1   2   1   0   1   5  16   0   0   1  1.00 0.61
   62 Q     1   0  -1   2  -1   2   4  -3   0  -1  -4   1  -4  -5  -1  -1  -1  -5  -2  -1   14   4   2  10   1   7  29   2   2   3   1  10   0   0   3   4   2   0   2   5  0.40 0.35
   63 N    -1  -1   4   0   1   1   0  -2   2  -2  -1   0  -1  -2  -3   1  -1   0   1  -1    5   3  27   4   4   6   6   3   5   1   8   4   2   2   1   9   4   1   4   4  0.28 0.28
   64 P     0   1   0  -1  -5   2   0  -1  -2  -2  -2   1  -1  -5   4   1   0  -5  -2  -3    7   8   4   4   0   9   5   5   1   3   4   9   1   0  23   9   5   0   1   2  0.37 0.30
   65 G     0   0   2   3  -5   1   3  -1  -1  -4  -5   0  -3  -1  -1   1  -1  -2  -2  -2    8   5   8  19   0   5  21   4   1   1   0   4   1   2   2  10   3   1   1   3  0.39 0.33
   66 T    -1  -4  -4  -2  -4  -3  -1  -5  -1   2   3  -2   1   1  -2  -3   2  -5  -2   3    5   0   1   2   0   1   4   0   2  10  32   2   3   6   2   1  12   0   1  19  0.45 0.36
   67 A     4  -2  -3  -4   5  -2  -3  -1  -2  -1   0  -3   0  -1   0   1  -1  -3  -4   0   33   2   1   1  11   1   1   5   1   3  11   1   2   3   6  11   3   0   0   5  0.42 0.36
   68 P     0   1   0   0  -4   2   2  -1   0  -1  -2   1   0  -3  -1   1   0  -2  -2  -2    6   6   4   5   0  12  14   5   2   5   3  11   2   1   3  12   5   1   1   2  0.18 0.20
   69 K    -1   3  -2   2  -2   1   2  -4   2  -3  -2   3  -1  -4  -3  -1   0  -5  -2  -3    5  19   1  10   1   7  14   1   6   1   3  19   2   0   1   4   5   0   1   1  0.45 0.36
   70 Y    -2  -3  -3  -6   1  -2  -2  -7  -1  -3   2  -4   0   5  -7  -5  -4   4   7  -3    3   1   1   0   3   2   3   0   2   1  18   1   2  21   0   1   1   6  33   2  1.16 0.66
   71 G    -2   1   3   0  -5   1   0   4   1  -4  -4   1  -3  -3  -3   0  -2  -6  -3  -4    2   6  16   6   0   6   7  32   3   1   1   7   1   1   1   7   2   0   1   1  0.54 0.40
   72 I    -3  -6  -6  -4  -5  -6  -6  -3  -7   6   0  -6  -1  -4  -4  -4  -3  -6  -5   5    2   0   0   1   0   0   0   3   0  38   7   0   1   0   1   2   1   0   0  44  1.34 0.69
   73 R    -2   3   0   0  -4   1   0  -3   2  -2  -1   2   1  -1  -3   0   0  -4   1  -2    2  19   5   5   0   6   7   2   6   2   6  12   3   2   1   8   7   0   6   2  0.25 0.24
   74 G     2  -1  -3  -1   2  -1  -3   4  -2  -4  -5  -1  -3  -4  -2   2  -1  -5  -1  -1   15   3   1   3   5   2   1  34   1   0   1   3   0   1   2  18   3   0   2   5  0.55 0.40
   75 I    -1  -5  -4  -5  -3  -4  -2  -5  -4   3   2  -4   3   3  -1  -4  -1  -1   4   2    4   0   1   0   0   0   3   0   0  15  18   1   8  11   4   0   4   1  13  15  0.53 0.36
   76 P    -6  -8  -7  -7  -2  -7  -7  -8  -8  -8  -8  -7  -8  -9   9  -4  -7  -9  -8  -8    0   0   0   0   1   0   0   0   0   0   0   0   0   0  96   1   0   0   0   0  3.45 1.45
   77 T    -1  -6  -2  -4   0  -4  -4  -6  -2  -3  -3  -5  -3  -1  -6   1   7  -7  -2  -2    4   0   2   1   2   0   1   0   1   1   2   0   0   3   0   8  70   0   2   2  1.59 0.88
   78 L    -5  -5  -7  -7  -3  -6  -7  -7  -3   4   3  -7   0   6  -7  -6  -3  -4   0   1    0   0   0   0   0   0   0   0   1  23  24   0   2  36   0   0   1   0   2   9  1.30 0.65
   79 L    -3   0  -4  -5  -2   0  -4  -6   0   2   3   1   3   1  -5  -4  -3  -2   2   2    2   6   0   0   1   4   1   0   3  10  32  10   8   5   0   0   0   0   6  13  0.47 0.35
   80 L    -3  -4  -3  -6  -5  -6  -6  -4  -1   3   3  -6   1   6  -6  -4  -5   0   1   1    2   1   1   0   0   0   0   2   1  15  25   0   3  35   0   1   0   1   3   9  0.99 0.52
   81 F    -4  -4  -3   0  -2  -5  -5  -4  -4   1   0  -4   0   7  -6  -3  -4   1   5  -1    1   1   1   5   1   0   0   2   0   6  10   1   2  43   0   2   1   2  17   5  1.14 0.59
   82 K    -1   3   1  -1  -5   1  -1  -1  -1  -2  -3   5  -4  -2   0  -1  -2  -5  -2  -1    4  13   6   4   0   6   3   5   2   3   1  37   0   2   5   5   1   0   2   4  0.49 0.36
   83 N    -1  -1   5   3  -5   1   0   1  -1  -5  -5   1  -5  -6   0   0  -2  -6  -4  -5    5   3  28  19   0   6   5  12   1   0   1   8   0   0   4   5   1   0   0   1  0.64 0.42
   84 G    -2  -4   0  -3  -6  -3  -3   7  -4  -7  -6  -1  -6  -5  -5   1  -3  -6  -6  -6    3   1   4   1   0   1   1  72   0   0   1   4   0   0   0   9   1   0   0   0  1.60 0.77
   85 E    -3   1   1   1  -4   3   3  -2  -2  -2  -4   3  -3  -3  -4   0   0  -5  -3  -1    1   6   5   7   0  13  22   3   1   3   0  20   0   1   0   5   7   0   1   4  0.46 0.36
   86 V    -1   0  -2  -1  -4   1   2  -3   0   2   0   2   1  -2   1  -2  -1  -3  -3   1    5   3   2   3   0   5  16   1   2  13   7  16   5   2   6   1   3   0   0  10  0.19 0.21
   87 A    -1   0  -1  -3  -1   0  -1  -3  -1   2   0   1   1  -1   0  -2  -1  -3  -1   3    5   5   4   1   1   4   4   1   1  14   7   9   4   2   4   2   2   0   3  28  0.24 0.23
   88 A     1  -1   0   2  -3   0   1   0   1  -1  -1   1   0  -2  -2   1  -1  -3   0   0   13   3   3  14   0   2  10   6   3   4   5  11   3   2   1   9   2   0   4   6  0.12 0.15
   89 T    -2   4  -1  -1  -5   0   2  -4  -2  -1  -2   2  -1  -1  -2   0   1  -5  -1   0    2  27   2   3   0   4  14   1   1   3   3  10   2   3   2   5   9   0   2   7  0.37 0.31
   90 K    -4   0  -4  -3  -3  -2  -3  -4   2   2   0  -2   0   3  -3  -2  -2  -3   5   2    0   5   0   2   0   2   1   1   4  13   8   3   2  11   1   3   3   0  23  17  0.53 0.37
   91 V     0   0  -1   0  -1   0   0  -2   1   1  -1   0  -2  -2  -1   0   1  -2   0   3    6   5   3   4   1   4   7   2   3   8   5   4   0   1   3   7  10   0   3  22  0.11 0.16
   92 G    -2  -3  -3  -2  -2  -2  -3   7  -2  -8  -6  -5  -7  -7  -6  -2  -2  -7  -7  -7    2   2   1   2   1   2   2  80   1   0   1   0   0   0   0   3   2   0   0   0  1.92 0.89
   93 A     3  -2  -2   0  -1  -3   0   1  -1  -2  -2  -2  -2   2   2  -1   0  -2   0   0   30   1   2   5   1   1   5   9   1   1   4   2   1   9  10   3   5   1   4   6  0.26 0.26
   94 L    -2   4   1  -1  -4   0  -2  -2   1   0   0   1   3   0  -2  -2  -2  -4  -2   1    3  24   6   4   0   3   1   3   4   4  10   9   8   5   2   2   1   0   1   9  0.26 0.24
   95 S     0  -3   2   3  -5  -1  -2  -2  -1  -3  -4   0  -2  -5   3   1   3  -6  -4  -2    7   1  12  14   0   3   2   2   1   1   1   6   1   0  15  11  22   0   1   2  0.52 0.40
   96 K     2   0  -2  -1  -4  -1   1  -4  -2  -2   0   4  -1  -2   0  -2  -1  -5  -2   0   20   4   2   4   0   1  10   0   1   2   9  28   2   2   5   1   3   0   1   6  0.34 0.32
   97 G     0  -2   1   3  -5   2   4  -1  -2  -4  -3   1  -4  -6  -2   0  -1  -6  -4  -3   10   1   5  17   0   7  28   5   1   1   2   9   0   0   1   8   3   0   0   1  0.52 0.39
   98 Q     1   0   0   2  -4   2   1  -1  -1  -2  -1   1   0  -2  -2   1   0  -4  -2  -1   10   4   4  12   0   9  10   4   1   2   5  10   3   1   1  11   6   0   1   4  0.15 0.16
   99 L    -2  -6  -3  -7  -3  -3  -5  -7  -6   4   5  -5   0   3  -6  -6  -3   0  -1  -1    4   0   1   0   0   1   1   0   0  19  51   1   2  12   0   0   1   2   2   3  1.04 0.57
  100 K     0   2  -2   0  -2   0   1  -3  -1   1   0   2  -2  -3  -3   0   0  -4  -3   1   10  11   1   5   1   4  12   0   2   9   8  12   0   1   0   5   6   0   0  13  0.17 0.20
  101 E     1   0   2   2  -5   2   3  -3  -2  -4  -5   2  -3  -6  -3   1  -1  -6  -5  -2   13   4   8  11   0  10  22   1   1   1   0  14   1   0   0  10   3   0   0   3  0.50 0.39
  102 F    -1  -2  -2  -5  -5  -3  -4  -5   2   0   0   1   0   6  -6  -3   0   6   2  -1    5   2   2   0   0   1   1   1   5   5   7   8   2  35   0   1   5  10   6   3  0.83 0.49
  103 L    -3  -6  -6  -7  -5  -2  -5  -7  -6   6   3  -5   2  -1  -6  -4  -2  -6  -1   3    2   0   0   0   0   2   0   0   0  39  26   1   5   2   0   1   2   0   2  19  1.05 0.55
  104 D    -1   0   4   3  -6   2   4  -4  -2  -4  -4   2  -4  -6  -5  -2  -1  -6  -4  -4    4   3  17  17   0   9  26   0   0   1   1  14   0   0   0   2   3   0   0   1  0.74 0.47
  105 A     0   0   2   0  -5   0   2  -3  -3  -5  -3   5  -3  -4  -2   1  -2  -6  -5  -4    9   3   8   5   0   3  16   1   0   0   3  35   0   1   2  12   2   0   0   1  0.58 0.39
  106 N    -1  -1   3  -2  -4   1   0  -4   6  -2   0  -2   0   0  -4   0  -1  -4   2  -1    4   2  18   1   0   6   5   0  22   1  12   2   2   4   0   7   3   0   7   4  0.47 0.33
  107 L    -1  -5  -6  -6  -4  -5  -5  -6  -5   4   4  -5   3  -2  -5  -4  -2  -4  -2   3    6   0   0   0   0   0   0   0   0  23  46   0   6   0   0   0   2   0   1  16  0.89 0.41
  108 A     4  -4  -3  -3  -3  -3  -3   3  -4  -4  -5  -3  -4  -5  -3   4  -2  -5  -4  -3   44   0   0   0   0   0   0  21   0   0   0   0   0   0   0  35   0   0   0   0  0.97 0.43

                      K         Lambda
Standard Ungapped    0.1384     0.3181
Standard Gapped      0.0507     0.2670
PSI Ungapped         0.1657     0.3179
PSI Gapped           0.0507     0.2670
