
Last position-specific scoring matrix computed, weighted observed percentages rounded down, information per position, and relative weight of gapless real matches to pseudocounts
           A  R  N  D  C  Q  E  G  H  I  L  K  M  F  P  S  T  W  Y  V   A   R   N   D   C   Q   E   G   H   I   L   K   M   F   P   S   T   W   Y   V
    1 M   -1 -1 -2 -3 -1  0 -2 -3 -2  1  2 -1  5  0 -2 -1 -1 -1 -1  1    0   0   0   0   0   0   0   0   0   0   0   0   0   0   0   0   0   0   0   0  0.00     0.00
    2 G    0 -2  0 -1 -2 -2 -2  5 -2 -4 -4 -2 -3 -3 -2  0 -2 -2 -3 -3    0   0   0   0   0   0   0   0   0   0   0   0   0   0   0   0   0   0   0   0  0.00     0.00
    3 S    1 -1  1  0 -1  0  0  0 -1 -2 -2  0 -1 -2 -1  4  1 -3 -2 -2    0   0   0   0   0   0   0   0   0   0   0   0   0   0   0   0   0   0   0   0  0.00     0.00
    4 S    1 -1  1  0 -1  0  0  0 -1 -2 -2  0 -1 -2 -1  4  1 -3 -2 -2    0   0   0   0   0   0   0   0   0   0   0   0   0   0   0   0   0   0   0   0  0.00     0.00
    5 H   -2  0  1 -1 -3  0  0 -2  7 -3 -3 -1 -2 -1 -2 -1 -2 -2  2 -3    0   0   0   0   0   0   0   0   0   0   0   0   0   0   0   0   0   0   0   0  0.00     0.00
    6 H   -2  0  1 -1 -3  0  0 -2  7 -3 -3 -1 -2 -1 -2 -1 -2 -2  2 -3    0   0   0   0   0   0   0   0   0   0   0   0   0   0   0   0   0   0   0   0  0.00     0.00
    7 H   -2  0  1 -1 -3  0  0 -2  7 -3 -3 -1 -2 -1 -2 -1 -2 -2  2 -3    0   0   0   0   0   0   0   0   0   0   0   0   0   0   0   0   0   0   0   0  0.00     0.00
    8 H   -2  0  1 -1 -3  0  0 -2  7 -3 -3 -1 -2 -1 -2 -1 -2 -2  2 -3    0   0   0   0   0   0   0   0   0   0   0   0   0   0   0   0   0   0   0   0  0.00     0.00
    9 H   -2  0  1 -1 -3  0  0 -2  7 -3 -3 -1 -2 -1 -2 -1 -2 -2  2 -3    0   0   0   0   0   0   0   0   0   0   0   0   0   0   0   0   0   0   0   0  0.00     0.00
   10 H   -1  0  0  1 -4  2  5 -2  4 -3 -3  0 -2 -3 -1  0 -1 -3 -1 -3    0   0   0   0   0   0  77   0  23   0   0   0   0   0   0   0   0   0   0   0  0.62 0.01
   11 S    1 -1  0 -1 -1 -1 -1 -1 -1 -1 -2 -1 -1 -2 -1  4  1 -3 -2  1    0   0   0   0   0   0   0   0   0   0   0   0   0   0   0  79   0   0   0  21  0.30 0.01
   12 S    0 -2  2 -1  5 -1 -1  1 -1 -2 -3 -1 -2 -3 -2  3  1 -3 -2 -2    0   0  16   0  23   0   0   9   0   0   0   0   0   0   0  42  10   0   0   0  0.38 0.03
   13 G    2 -2 -1 -2 -2 -2 -2  5 -2 -3 -3 -1 -2 -3 -2  1 -1 -3 -3 -2   28   0   0   0   0   0   0  65   0   0   0   0   0   0   0   7   0   0   0   0  0.70 0.04
   14 L   -1  0 -2 -2 -2  1 -1  1 -2  0  2  2  1 -1 -2 -1 -1 -2 -2  0    0   0   0   0   0   7   0  14   0   0  43  29   0   0   0   0   0   0   0   6  0.14 0.03
   15 V    2 -3 -3 -3 -1 -2 -2  1 -3  2  1 -2  0 -1 -2 -1 -1 -3 -2  3   25   0   0   0   0   0   0  11   0  14   6   0   0   0   0   0   0   0   0  44  0.21 0.04
   16 P    2 -2 -1 -2 -1 -1 -1  0  2 -1 -2 -1 -1 -2  4  0  0 -3 -2  1   38   0   0   0   0   0   0   6   8   0   1   0   0   0  24   0   6   0   0  14  0.35 0.03
   17 R    1  1 -1 -1 -2  0  0  0 -1 -1 -1  3 -1 -2 -1  0  0 -3 -2  1   13   7   1   1   0   1   1   8   0   1   1  37   0   0   1   1   7   0   0  20  0.14 0.02
   18 G    0  1 -1 -1 -3  0  0  3 -1 -3 -3  4 -2 -3 -1  0 -1 -3 -2 -2    5   1   0   1   0   0   1  24   0   1   1  62   0   0   1   1   1   0   0   1  0.42 0.05
   19 S    2 -1 -1 -1 -1 -1 -1  0 -2 -2 -1  0 -1 -3  0  2  3 -3 -2 -1   34   0   0   0   0   0   0   4   0   0   4   5   0   0   4  19  30   0   0   0  0.27 0.04
   20 M   -2 -2  0 -3 -3 -2 -3 -1  0  0  1  0  7 -1 -3 -2  0 -3 -2 -1    1   0   6   0   0   0   0   5   2   2   8   9  60   2   0   0   5   0   0   0  0.65 0.21
   21 S    2 -1 -1 -2 -2 -1 -1  0 -2  0 -3  0 -1 -3 -2  4  0 -4 -3 -2   21   1   0   0   0   0   0   5   0   6   0   5   2   0   0  57   2   0   0   0  0.47 0.17
   22 G    1 -2 -1 -2 -3 -1  1  4 -2 -3 -2 -1 -2 -3  0  1 -1 -4 -3 -3   12   0   0   0   0   0  10  48   0   0   6   2   0   0   5  16   2   0   0   0  0.52 0.14
   23 R   -1  4  0 -2 -4  2 -1  1 -1 -4 -3  4 -2 -3 -2  0 -2 -3  0 -3    3  26   2   0   0  10   0  13   0   0   0  33   0   0   0   6   0   0   5   1  0.47 0.15
   24 G    1 -1 -1 -2 -3  0 -2  5 -2 -4 -4  1 -3 -4 -3  0 -2 -3 -3 -2    8   1   0   0   0   3   0  63   0   0   1  11   0   0   0   6   0   0   0   3  0.79 0.18
   25 K   -1  2  2  0 -3  0 -1  1 -2 -3 -3  5  0 -4 -2  0 -1 -4 -3 -3    2   7  13   4   0   0   0  10   0   0   1  50   4   0   0   7   0   0   0   0  0.48 0.17
   26 Q    0  1  1  1  3  0 -1  2 -2 -3 -2  1  0 -3 -1  1  0 -3 -2 -2    4   8   5   7   9   4   1  17   0   0   1  14   4   0   2  18   4   0   0   0  0.20 0.08
   27 G    1 -1  0 -2 -2 -1 -1  4 -2 -2 -2  2 -2 -2 -1  1 -1 -3 -3 -1   11   0   4   0   0   0   0  37   0   0   5  21   0   1   2   9   3   0   0   5  0.33 0.11
   28 G    2 -1  1  0 -3 -1 -1  4 -2 -3 -3  2 -3 -4 -2  0 -1 -4 -3 -2   19   1   8   4   0   0   0  41   0   0   0  19   0   0   0   4   1   0   0   1  0.50 0.15
   29 K    2  0 -1  2 -3  0  0  0 -2 -3 -3  3 -2  1 -1  1 -1 -3 -2 -2   20   4   0  14   0   1   3   6   0   0   0  27   0   9   2  13   1   0   0   0  0.24 0.12
   30 A    3 -1 -1  2 -2 -1 -1  2 -2 -3 -3  1 -2 -4  1  1 -1 -4 -3 -1   30   0   0  13   0   0   0  17   0   0   1  14   0   0   7  14   1   0   0   3  0.32 0.13
   31 R    0  2  0 -1 -3  2  1 -1 -1 -3 -2  3 -2 -3  2  0  1 -3 -3 -2    8  10   3   0   0   9  10   2   0   0   4  26   0   0  10   3  14   0   0   2  0.29 0.11
   32 A    1  2  1 -1 -2  0 -1  0 -1 -2 -2  2 -1 -3 -2  2  1 -3 -2 -1   15  17   8   0   0   0   0   5   0   0   2  20   2   0   0  20   6   0   0   2  0.25 0.10
   33 K    1  2  1 -2 -2  0 -1 -1 -2 -1 -2  3 -2 -3 -2  0  0 -3 -2  0   14  10   8   0   0   0   0   3   0   5   1  36   0   0   0   5   6   0   0  10  0.24 0.11
   34 A    1  0  1 -1 -2  0  0  0 -1  1 -2  0 -1 -2  2  2  0 -3 -2 -1   12   6  10   0   0   4   7   5   0  18   1   6   0   0   9  19   2   0   0   1  0.14 0.08
   35 K   -1 -1 -1 -1 -3  3  1  1 -2  0 -1  2  0 -3 -2  0  0 -3 -2  2    1   0   1   0   0  17  12  14   0   3   2  16   2   0   0   3   7   0   0  21  0.18 0.10
   36 T   -1 -1 -1 -2 -2 -1 -1 -1 -2  0 -2  2 -2 -3 -1  4  2 -3 -3 -2    0   1   0   0   0   0   0   2   0   6   4  16   0   0   2  51  16   0   0   0  0.44 0.18
   37 R   -2  5  1  1 -4  2 -1 -3  2 -4 -3  3 -2 -4 -3 -1 -1 -4 -2 -3    0  48   6   9   0   9   0   0   6   0   0  15   0   0   0   2   3   0   0   0  0.66 0.18
   38 S   -1 -1 -1  1 -3 -1  1 -2 -2 -4 -4  2 -3 -4 -2  5  0 -4 -3 -3    0   0   0   6   0   0   7   0   0   0   0  16   0   0   0  68   3   0   0   0  0.79 0.27
   39 S    2  1 -1 -1 -2  1  1 -2 -2 -2 -2  2 -1 -3 -2  2  0 -3 -2 -1   24   7   1   0   0   4  12   0   0   1   0  15   1   1   0  24   5   0   1   5  0.26 0.12
   40 R   -3  6 -2 -3 -5  0 -1 -4  3 -5 -4  5 -3 -4 -3 -2 -2 -4 -3 -4    0  51   0   0   0   0   0   0   7   0   0  42   0   0   0   0   0   0   0   0  1.12 0.28
   41 A    4  0  2 -2  4  1 -2 -2 -2 -3 -3 -2 -2 -2  0  0 -1 -3  2 -2   51   5  12   0   9   7   0   0   0   0   0   0   0   0   4   3   0   0   9   0  0.44 0.19
   42 G   -1 -2  0 -1 -4 -2  1  5 -3 -5 -5  1 -4 -4  1 -1 -2 -4 -4 -4    3   0   5   2   0   0  12  58   0   0   0  13   0   0   6   0   0   0   0   0  0.80 0.22
   43 L   -1 -3 -3 -4 -2 -3 -1 -4 -4  1  4 -3  0 -1 -4  0  0 -3 -2  1    5   0   0   0   0   0   4   0   0   3  67   0   0   0   0   9   4   0   0   8  0.54 0.20
   44 Q   -1  0 -2 -2 -3  5  2 -3 -2  1 -1  0  0 -3 -3  0  1 -4 -3  0    2   2   0   0   0  40  10   0   0  13   3   2   3   0   0   6  12   0   0   7  0.49 0.23
   45 F   -4 -5 -5 -5 -4 -5 -5 -5 -4  0  2 -5 -1  7 -5 -4 -3 -2  0  1    0   0   0   0   0   0   0   0   0   3  21   0   0  64   0   0   0   0   0  12  1.27 0.34
   46 P   -3 -4 -4 -4 -5 -1 -3 -4 -4 -5 -5 -1 -5 -6  8  1 -3 -6 -5 -5    0   0   0   0   0   2   0   0   0   0   0   3   0   0  81  13   0   0   0   0  2.19 0.46
   47 V   -2 -1 -4 -5  2 -4 -4 -5 -4  1  1 -3  0  0 -1 -3 -1 -4 -3  5    0   5   0   0   5   0   0   0   0   2  10   0   1   4   2   0   3   0   0  67  0.74 0.28
   48 G    2 -3  0 -1 -3 -2  0  5 -3 -4 -4 -2 -3 -4 -3  2 -2 -4 -4 -4   18   0   3   3   0   0   5  49   0   0   0   0   0   0   0  23   0   0   0   0  0.78 0.25
   49 R   -4  7 -3 -4 -6  0 -3 -5 -3 -5 -2  2 -3  0  0 -3 -4 -4  1 -5    0  70   0   0   0   3   0   0   0   0   3  10   0   4   4   0   0   0   6   0  1.36 0.44
   50 V   -3 -5 -5 -5 -3 -4 -5 -5 -5  5  1 -4  2  2 -5 -4 -1 -4 -2  4    0   0   0   0   0   0   0   0   0  41   8   0   4  10   0   0   2   0   0  33  0.88 0.31
   51 H   -1  1 -2  1 -4 -1  1  0  6 -4 -2  3 -1  1 -3 -2 -2 -3  1 -4    3   5   0   8   0   0  10   9  24   0   4  24   1   7   0   1   1   0   4   0  0.45 0.23
   52 R   -3  7 -3 -4 -5 -1 -2 -2 -3 -5 -5  3 -4 -5 -1 -1  0 -5 -1 -5    0  67   0   0   0   0   0   2   0   0   0  16   0   0   3   3   6   0   2   0  1.30 0.43
   53 L   -3 -3 -3 -4 -3  0 -3 -4  1  2  1 -1  2  3 -4 -1 -2  5  4  0    0   0   0   0   0   5   0   0   3  18  16   4   5  15   0   5   0   8  15   5  0.44 0.20
   54 L   -3 -4 -5 -6 -3 -4 -5 -6 -5  1  5 -4  6 -2 -5 -4 -3 -4 -3  1    0   0   0   0   0   0   0   0   0   6  61   0  25   0   0   0   0   0   0   8  1.17 0.39
   55 R   -3  4 -3 -3 -5  3 -2 -4 -3 -4 -4  6 -3 -5 -4 -3 -3 -5 -4  0    0  24   0   0   0  12   0   0   0   0   0  56   0   0   0   0   0   0   0   8  1.14 0.41
   56 K    0  2  1  2 -4  2  2 -2 -2 -4 -3  3 -3 -3 -3  0  0 -4 -3 -3    8   9   5  13   0   9  12   1   0   0   1  29   0   1   0   4   6   0   0   0  0.41 0.19
   57 G    0  1  0  2 -3 -1  1  4 -1 -2 -3 -1  1 -4 -3  0  0 -4 -3 -2    6   8   3  15   0   0   9  35   1   2   0   2   5   0   0   7   4   0   0   2  0.39 0.17
   58 N   -1  3  2 -1  0  1  1 -3  2 -2 -3  0 -2 -1 -1 -1  1 -4 -2  0    3  25  14   1   2   7   8   0   6   0   0   4   0   3   3   2  10   0   0  11  0.27 0.17
   59 Y   -1 -1 -1  2 -4  0 -1 -1  1 -1 -1 -1 -2  1  0 -1 -1 -1  6  0    4   3   1  14   0   4   3   4   3   2   5   2   0   4   5   3   3   0  34   6  0.38 0.21
   60 S    2 -2  1 -2  1  0 -2  0 -1  0 -1 -1 -1 -3 -2  1  0 -3 -2  2   28   0   8   0   4   6   0   7   1   6   3   2   0   0   0  10   6   0   0  18  0.18 0.13
   61 E   -2  1 -1 -2 -3  2  0  1  2 -3 -2  2  0  0  0 -1 -2 -2  2 -1    0   9   2   0   0  13   6  11   7   0   4  18   3   3   5   4   0   0  12   4  0.21 0.14
   62 R   -3  6 -2 -3  1 -1 -2 -4 -2 -4 -3  3  2 -4 -4  0 -3 -5 -4 -4    0  61   0   0   3   0   0   0   0   0   0  19   8   0   0   8   0   0   0   0  1.10 0.38
   63 V   -2 -4 -5 -5  0  0 -4 -5 -4  5  0 -4 -1 -2 -4 -4 -2 -4 -1  5    0   0   0   0   2   5   0   0   0  39   5   0   0   0   0   0   0   0   2  47  0.87 0.32
   64 G    1 -3 -1  1 -3 -1 -1  4  2 -4 -4 -2 -3 -4 -3  3 -1 -4 -3 -4    9   0   0   7   0   2   2  38   6   0   0   0   0   0   0  35   0   0   0   0  0.69 0.28
   65 A    3  0  1 -2  1  1  0 -1  1 -2 -3  0 -2 -3  0  2  0 -3  0 -1   31   3   6   0   3   8   5   2   3   3   0   3   0   0   3  22   2   0   4   1  0.25 0.16
   66 G    1 -1 -1  1 -2  0  1  1  2 -3 -2  0 -2 -3 -2  2  2 -3  0 -1   11   0   0   6   0   3   8  13   6   0   3   6   0   0   0  22  17   0   3   2  0.21 0.14
   67 A    4 -3 -2 -1  2 -2 -2 -1 -3 -2 -3 -2 -2 -3 -2  1  2 -4 -3  1   48   0   0   4   4   0   0   3   0   0   0   0   0   0   0  12  16   0   0  13  0.49 0.26
   68 P    2 -3  0 -3  1 -2 -2 -3 -3 -1 -1 -2  1 -3  5  1 -1 -4 -3 -1   23   0   4   0   3   0   0   0   0   5   7   0   4   0  36  14   0   0   0   4  0.68 0.25
   69 V    0 -3  0 -2 -2 -3 -2 -4  1  3  0 -3 -1 -2 -4 -1  0 -4 -2  5    5   0   6   2   0   0   3   0   4  17   4   0   0   0   0   2   3   0   0  54  0.50 0.25
   70 Y   -1 -4 -4 -5 -4 -3 -4 -4 -1  1  0 -4 -2  3 -4 -1 -1  0  7 -1    6   0   0   0   0   0   0   0   0   8   8   0   0  13   0   3   5   0  56   2  1.02 0.36
   71 L   -1 -3 -4 -4 -2 -3 -4 -4 -4  2  4 -3  3  2 -4 -2 -1 -3 -1  1    3   0   0   0   0   0   0   0   0  10  50   0  11  11   0   3   3   0   0   8  0.54 0.23
   72 A    4 -2 -2 -2 -2 -2 -2  0 -2 -1  0 -2 -1 -3 -2  2  2 -3 -2  0   47   0   0   0   0   0   0   4   0   0   9   0   0   0   0  17  12   0   0   6  0.37 0.18
   73 A    4  1 -2 -2 -2  0  0  0 -2 -3 -3  2 -2 -3 -2  1  0 -3 -3 -2   49   8   0   0   0   2   4   4   0   0   1  18   0   0   0   6   5   0   0   0  0.38 0.18
   74 V    2 -3 -3 -3  4 -2 -3 -2 -3  2  0 -2  1 -2 -2  0 -1 -3 -2  3   24   0   0   0  10   0   0   1   0   8   6   0   3   0   0   4   0   0   0  39  0.33 0.17
   75 L   -1 -3 -4 -4  4 -3 -3 -4 -3  1  4 -3  3  0 -3 -3 -2 -3 -2  0    2   0   0   0  12   0   0   1   0   4  60   0   7   2   0   0   0   0   0   5  0.56 0.21
   76 E   -2 -2 -2  2 -4  1  6 -3 -2 -4 -4 -1  0 -4 -2 -2 -2 -4 -3 -3    1   0   0   8   0   4  77   1   0   0   1   0   3   0   0   0   0   0   0   0  1.11 0.33
   77 Y   -2 -3 -1 -3  2 -2 -1 -4  0  0  0 -3  2  2 -3 -1 -2  0  7 -2    1   0   3   0   5   0   4   1   0   5  10   0   6   4   0   4   0   0  55   0  0.79 0.26
   78 L   -2 -3 -4 -4 -2 -3 -4 -4 -3  2  4 -3  1  4 -4 -3 -2 -2  0  0    1   0   0   0   0   0   0   1   0   9  59   0   3  23   0   0   0   0   0   0  0.67 0.22
   79 T    2 -2 -2 -2 -1 -2 -2 -2 -3  2  0 -2  2  0 -2  0  3 -3 -2  1   21   0   0   0   1   0   0   1   0  20   4   0   7   4   0   7  24   0   0   8  0.22 0.13
   80 A    3 -1 -1  1 -2  0  0 -1 -2 -1  1 -1  0 -2 -2  1  0 -3 -2 -1   41   4   0   8   0   2   6   1   0   3  15   0   2   1   0   9   5   0   0   2  0.20 0.13
   81 E   -2 -2  0  2 -4  0  5 -3 -1 -3 -2  0 -3 -3 -2  0 -2 -3  2 -3    1   0   3  11   0   0  61   1   0   0   4   2   0   0   0   7   0   0   8   0  0.73 0.25
   82 I   -2 -4 -4 -5 -2 -4 -4 -5 -4  5  3 -4  1 -1 -4 -3 -2 -4 -2  3    0   0   0   0   0   0   0   0   0  49  26   0   2   0   0   0   0   0   0  24  0.75 0.25
   83 L   -1 -1 -4 -4 -3 -3 -4 -4 -4  1  4 -3  2  1 -4 -3  2 -3 -2  1    3   3   0   0   0   0   0   0   0   4  58   0   4   5   0   0  18   0   0   5  0.60 0.27
   84 E   -1 -1 -2  0 -4  1  5 -4  1 -2 -1  2  2 -4 -3 -2  0 -4 -3 -3    3   0   0   4   0   4  52   0   4   2   5  14   6   0   0   0   5   0   0   0  0.66 0.30
   85 L   -3  4 -3 -3 -3 -2  0 -2 -3  0  3  1  1 -2 -4 -3 -2 -4 -3 -1    0  27   0   0   0   0   8   3   0   2  45   8   4   0   0   0   2   0   0   3  0.47 0.25
   86 A    5 -3 -3 -3 -2 -2 -3 -1 -3 -2 -3 -2 -2 -4 -3  3  1 -4 -3  2   54   0   0   0   0   0   0   2   0   0   0   0   0   0   0  23   6   0   0  16  0.69 0.32
   87 G    0 -3 -3 -4  3 -1 -3  5 -1 -2 -1 -2 -1 -3 -4 -1 -3  7 -2 -1    5   0   0   0   9   2   1  45   1   2   5   3   2   0   0   2   0  18   0   6  0.80 0.28
   88 N   -2 -1  6  0 -1  0  1 -3 -2 -2 -1  1  0 -4 -3  0 -1 -5 -3 -2    2   2  50   3   1   2  10   0   0   2   9   7   2   0   0   7   1   0   0   2  0.60 0.27
   89 A    2 -1 -2 -2 -2  1  1 -1  4  0 -1 -1  0 -2 -3  0 -1 -3  1  1   26   2   0   0   0   9  11   2  12   4   3   1   3   0   0   5   3   0   7  12  0.19 0.15
   90 A    5 -3 -3 -3  0 -2 -3 -2 -3 -2 -1 -2 -2 -4 -3  2  2 -4 -3  0   58   0   0   0   1   0   0   0   0   0   4   0   0   0   0  13  16   0   0   7  0.68 0.32
   91 R   -1  4  0 -2 -4  2  2 -3 -1 -2 -3  3 -2 -2  1  1 -2 -4 -3 -2    2  26   4   0   0  11  14   0   1   4   0  18   0   2   5  12   0   0   0   2  0.41 0.20
   92 D   -1 -1  2  4 -4  0  2 -1  1 -1 -1 -1  0 -3 -3  0  0 -4 -3 -2    2   1  11  31   0   3  14   3   3   6   6   3   4   0   0   7   5   0   0   0  0.35 0.17
   93 N    0  0  5  0  0  1 -2 -2  1  0 -1  0 -2 -3 -3  1  0 -4 -3 -2    8   4  44   3   2   6   0   0   3   8   6   3   1   1   0   8   3   0   0   0  0.46 0.24
   94 K   -1  1  2 -2 -4  0 -1  3 -2 -4 -4  5 -3 -5 -3 -1  0 -5 -4 -4    3   6  10   0   0   2   0  23   0   0   0  49   0   0   0   3   5   0   0   0  0.70 0.29
   95 K   -1  4 -1 -2 -4  0 -1 -1  2 -1 -2  4 -2 -4 -2  0 -1 -4 -3  0    5  24   0   0   0   3   2   5   6   3   2  32   0   0   1   6   3   0   0   9  0.37 0.20
   96 T   -1  3  0 -2  0  0  0 -1  0 -2 -2  3  0 -3  0  1  1 -3  1 -2    1  16   3   0   2   3   2   3   1   2   2  30   4   0   5   9  12   0   6   0  0.30 0.18
   97 R   -3  6  0 -3 -4 -1  1 -4 -2 -3 -2  1 -3 -4 -1 -2  3 -4 -3 -1    0  50   5   0   0   0   8   0   0   0   2   8   0   0   2   0  21   0   0   4  0.76 0.32
   98 I   -3 -4 -1 -5 -3 -4 -5 -5 -4  6  2 -4  1  1 -4 -4 -2 -4 -3  3    0   0   4   0   0   0   0   0   0  59  14   0   2   5   0   0   0   0   0  16  0.88 0.32
   99 I   -1  0  0 -2 -3  2 -1 -3 -2  1 -1  1  0 -3 -3  2  4 -4 -3 -1    3   4   4   0   0  14   0   0   0  12   2   9   3   0   0  16  31   0   0   3  0.33 0.21
  100 P    0  1 -1 -3 -4 -1 -2 -3 -3 -3 -2  1 -3 -4  6  0 -1 -4 -4  0    6   7   2   0   0   2   0   0   0   0   3  12   0   0  47   7   2   0   0  10  0.91 0.28
  101 R   -2  4  1 -2  0  3  2 -3 -2 -4 -3  1 -3 -4 -1  1 -1 -4 -3 -2    1  35   7   0   2  13  18   0   0   0   2   4   0   0   2  11   2   0   0   2  0.53 0.24
  102 H   -2 -3 -1  5 -5 -2 -2 -2  8 -2 -3 -3 -4 -3 -4 -1 -2 -5 -2 -4    3   0   0  36   0   0   0   2  46   3   2   0   0   1   0   5   2   0   0   0  1.25 0.42
  103 L   -3  0 -4 -5 -3 -4 -4 -5 -4  5  3 -3  0  0 -4 -4 -1 -4 -2  2    0   7   0   0   0   0   0   0   0  39  39   0   0   3   0   0   2   0   0  10  0.69 0.27
  104 Q    0  0  1  0  1  3  2 -3  0 -2 -1  2  0  0 -2  0 -1 -3 -2 -2    8   3   6   3   4  20  16   0   1   2   5  19   4   4   0   3   2   0   0   0  0.26 0.16
  105 L    0  1  1 -3 -3  2  0 -3  0 -1  3  0  2 -2 -3 -2 -2  2 -2  0    7   8   9   0   0  11   5   0   2   0  40   3   6   0   0   0   0   3   0   6  0.26 0.18
  106 A    5 -3 -3 -3  2  0 -1 -2 -3 -2 -3 -2 -2 -4 -3  1  0 -4 -3  1   62   0   0   0   5   4   4   0   0   0   0   0   0   0   0  12   4   0   0  10  0.69 0.31
  107 I   -2 -1 -4 -5 -3 -4 -4 -5 -4  5  1 -4  2 -1 -2 -3 -2 -4 -3  4    2   4   0   0   0   0   0   0   0  44  12   0   6   2   1   0   0   0   0  30  0.72 0.27
  108 R    0  3  1  1  3  1  0 -2  0 -3 -1  1 -2 -3 -3  0  0 -4 -3 -3    7  26   7   8  10   8   2   1   2   0   8   9   0   0   0   7   3   0   0   0  0.28 0.16
  109 N    0  1  6 -1 -1  0 -1  0  1 -4 -3  0 -3 -4 -3  0 -1 -5 -3 -4    6   8  51   0   1   4   2   7   3   0   3   5   0   0   0   6   1   0   0   0  0.66 0.28
  110 D   -3 -3  1  6  0 -2  1 -3 -3 -4 -5 -2 -4 -2 -3  0  1 -5 -4 -2    0   0   7  65   2   0   5   0   0   0   0   0   0   2   0   5   9   0   0   3  1.09 0.37
  111 E    0  2 -1  2 -4  1  4 -2 -2 -2 -3  0 -2 -2 -1  0 -1 -4 -3 -1    6  12   0  11   0   3  37   2   0   2   1   4   0   2   2   7   3   0   0   6  0.35 0.19
  112 E   -2 -2 -2  0 -4  3  5 -4 -2 -1 -2  0 -1 -4 -3 -2  1 -4 -3  0    0   0   0   3   0  12  54   0   0   4   2   4   2   0   0   0   9   0   0  10  0.69 0.31
  113 L   -3 -4 -5 -5 -3 -4 -5 -5 -4  0  4 -4  0  5  0 -4 -3 -2  1  0    0   0   0   0   0   0   0   0   0   2  58   0   0  27   5   0   0   0   4   3  0.88 0.31
  114 N   -3 -2  4  5 -4 -2  0  0  4 -4 -4 -2  1 -3 -3  0 -2  3  0 -4    0   1  20  39   0   0   2   6  12   0   0   0   6   0   0   6   0   5   3   0  0.72 0.28
  115 K   -1 -1 -1  1 -3  1 -2  0 -2 -2 -2  2 -1  5 -3  1  1 -2  0 -3    2   1   2   8   0   7   0   8   0   1   2  16   1  32   0  11   9   0   0   0  0.31 0.19
  116 L    0 -4 -5 -5 -3 -4 -4 -5 -4  0  5 -4  3  0 -5 -4 -3 -3 -3  0    7   0   0   0   0   0   0   0   0   0  76   0   9   3   0   0   0   0   0   6  0.97 0.34
  117 L   -2  0 -3 -3 -3  0 -1 -2 -3  2  3 -2  0  3 -4 -3 -1 -2  0  1    0   5   0   0   0   5   6   3   0  16  36   0   0  13   0   0   3   0   2  10  0.29 0.16
  118 G   -1  0  2  4 -3  0  1  2  2 -3 -4  2 -3 -4 -2  1 -1 -4 -3 -3    4   4   9  26   0   2   8  15   7   1   0  14   0   0   0  11   0   0   0   0  0.38 0.15
  119 R   -1  1  1  2 -3  1 -1  2  2  1 -2 -1 -2 -3 -3 -1 -1 -4 -2 -1    1   9   9  16   0  10   0  22   6  17   0   0   0   0   0   3   3   0   0   4  0.22 0.14
  120 V    0 -3 -3 -1  1 -3 -3 -4 -4  1  0 -3 -1 -2 -3 -2  1  2 -2  5    7   0   0   4   2   0   0   0   0   4   5   0   0   0   0   0   7   4   0  64  0.59 0.24
  121 T   -1 -3 -2  0  2 -2  0 -3 -3  1 -1 -2 -1 -3  1  0  5 -4 -3 -1    0   0   0   4   6   0   5   0   0  12   5   0   0   0   6   4  55   0   0   1  0.51 0.22
  122 I   -2 -2 -4 -4 -3 -3 -3 -4 -4  6  1  2  0 -1 -3 -3 -2 -4 -2  2    0   0   0   0   0   0   0   0   0  68   5  16   0   1   0   0   0   0   0   7  0.70 0.23
  123 A    3 -2 -1  0  1 -1  0 -1  1 -2 -3  0 -2 -3  1  2 -1 -4 -2 -1   44   0   0   6   3   0   7   0   5   1   0   5   0   0   7  18   0   0   0   5  0.33 0.15
  124 Q   -1 -1  1  0 -3  3  3  1  2 -4 -3 -1 -2 -2  2  1 -1 -3  0 -3    3   2   8   1   0  18  22  13   6   0   0   0   0   2  10  12   0   0   3   0  0.35 0.13
  125 G    0 -3 -1  1 -3 -3 -2  6 -3 -4 -4 -2 -4 -4 -3  1 -2 -4 -4 -4    6   0   0  10   0   0   0  72   0   0   0   0   0   0   0  10   0   0   0   0  1.06 0.24
  126 G    1 -3 -1 -2 -3  1 -2  6  2 -4 -4 -2 -3 -4 -3 -1 -2 -3 -3 -4   11   0   0   0   0   7   0  70   7   0   0   0   0   0   0   2   0   0   0   0  0.97 0.21
  127 V   -1 -1 -3 -4 -2 -3 -3 -4 -3  2  0 -3  2 -2 -3 -2  1 -3 -2  5    0   4   0   0   0   0   0   0   0   7   1   0   6   0   0   0  11   0   0  67  0.58 0.19
  128 L    0 -2 -3 -3 -2  0 -2 -3 -2  2  3  0  2 -1 -1 -2 -1 -3 -2  1    9   0   0   0   0   7   0   0   0  13  43  10   4   0   3   0   0   0   0   7  0.23 0.10
  129 P   -2 -3 -3 -3 -4 -3 -3 -4 -4 -4 -5 -1 -4 -5  8  1 -2 -5 -4 -4    0   0   0   0   0   0   0   0   0   0   0   3   0   0  85  13   0   0   0   0  2.14 0.35
  130 N    0 -1  4 -1 -3 -1 -1 -2  4 -2 -2 -1 -2  0  1  1  0 -3  2 -2    7   1  33   0   0   0   0   0  12   3   4   3   0   3   7  15   2   0   9   0  0.32 0.12
  131 I   -2 -3 -3 -3 -2 -3 -3 -4 -3  5  1 -3  0  1 -1 -2  1 -3 -2  1    1   0   0   0   0   0   1   1   0  71   3   1   0   5   3   1  10   0   0   3  0.58 0.17
  132 Q    0  0  3 -1 -3  2 -1  0  6 -3 -3  1 -2 -3 -2  0 -1 -3 -1 -3    8   4  23   0   0  14   1   7  29   0   1   7   1   0   0   4   0   0   0   1  0.47 0.13
  133 A    1  0 -1 -1 -3  2  1 -2 -2 -3 -3  3 -2 -4  5  1 -1 -4 -3 -3   15   3   2   0   0  10   9   0   0   0   0  22   0   0  30   9   0   0   0   0  0.60 0.13
  134 V    1 -2  0 -1 -2  0  2 -2 -1  0  0 -1  0 -2 -2  1  0 -3 -2  2   12   0   4   0   0   1  23   0   1   4  12   0   1   0   0  17   2   0   1  22  0.14 0.07
  135 L   -2  0 -3 -3 -2 -2  0 -4 -3  0  4 -2  1 -1 -3  0 -1 -3 -2  0    0   8   0   0   0   0   8   0   0   0  70   0   0   0   0  11   0   0   0   3  0.40 0.13
  136 L   -1 -2 -3 -1 -2  1 -2 -3 -3  1  4  0  1 -1 -3 -2 -2 -3 -2  0    5   0   0   5   0   8   0   0   0   6  64   8   1   0   0   0   0   0   0   2  0.34 0.10
  137 P   -1  0  0  0 -3 -1 -1 -1 -2 -2 -1  1 -2 -3  6 -1  0 -4 -3 -2    4   5   5   4   0   0   0   3   0   1   7  12   0   0  51   0   8   0   0   0  0.86 0.12
  138 K    1  2 -1 -2 -3  0  0 -2 -2 -3 -2  5 -2 -4 -2  0  0 -4 -3 -2   13   6   0   0   0   0   0   0   0   0   5  69   0   0   0   3   4   0   0   1  0.60 0.16
  139 K   -2  3 -1 -2 -4  2  0 -3 -1 -3 -3  5 -2 -4  1 -1 -1 -4 -3 -1    0  16   0   0   0  11   0   0   1   0   0  55   0   0   5   1   3   0   0   7  0.55 0.14
  140 T    0  3 -1 -1 -3  0  0  0 -2 -2 -2  1 -2 -3  1  1  2 -3 -2 -1    3  26   0   0   0   0   7   8   0   0   0  11   0   0   8  14  19   0   0   5  0.27 0.08
  141 E    1  2 -1  0 -3  1  2  2 -1 -3 -3  2 -2 -3 -1  0 -1 -3 -3 -2   17  13   0   5   0   6  14  23   0   0   0  16   0   0   1   3   2   0   0   0  0.30 0.07
  142 S    1  2  0 -1 -3  2  1 -1 -1 -3 -3  3 -2 -3 -2  2  0 -3 -2 -2   10   8   0   1   0  10   5   3   1   0   1  32   0   0   0  24   3   0   0   0  0.33 0.09
  143 H    1  2  0 -1 -2  0 -1  1  0 -3 -3  3 -2 -3 -1  1  1 -3 -1 -2   19   9   2   2   0   0   0  10   2   0   0  36   0   0   1   8   9   0   1   1  0.27 0.08
  144 H    1  1 -1 -1 -2  0 -1  1  2 -3 -3  2 -2 -3  2  1  1 -3 -2 -2   13  10   0   1   0   2   1  10   7   0   0  19   0   0  10  11  14   0   0   1  0.24 0.06
  145 K    2  1  0 -1 -2  2  1  0 -1 -3 -3  3 -2 -3  0  1 -1 -3 -2 -2   26   6   1   2   0  13   6   6   0   0   0  26   0   0   2  11   1   0   0   0  0.28 0.06
  146 A    3 -1 -1  0 -2  2  0  0 -1 -2 -2  1 -1 -3  0  1  1 -3 -2 -1   38   0   1   3   0  11   5   2   0   0   2   9   0   0   3  13  12   0   0   0  0.25 0.06
  147 K    0  0 -1  0 -3  2  4 -1 -1 -2 -2  2 -2 -3  0  1 -1 -3 -2 -2    7   0   0   0   0  13  45   3   0   2   1  18   0   0   2   9   0   0   0   0  0.41 0.05
  148 G    2  0  0 -1 -2 -1  0  2 -1 -2 -3  0 -2 -3  1  2  1 -3 -2 -2   25   7   4   0   0   0   4  22   0   0   0   0   0   0   5  23  10   0   0   0  0.28 0.02
  149 K   -1  2  0 -1 -3  3  1 -2 -1 -3 -3  5 -1 -3 -1  0 -1 -3 -2 -3    0   0   0   0   0  27   0   0   0   0   0  73   0   0   0   0   0   0   0   0  0.54 0.03

                      K         Lambda
Standard Ungapped    0.1326     0.3161
Standard Gapped      0.0435     0.2670
PSI Ungapped         0.1421     0.3177
PSI Gapped           0.0435     0.2670
