
Last position-specific scoring matrix computed, weighted observed percentages rounded down, information per position, and relative weight of gapless real matches to pseudocounts
           A  R  N  D  C  Q  E  G  H  I  L  K  M  F  P  S  T  W  Y  V   A   R   N   D   C   Q   E   G   H   I   L   K   M   F   P   S   T   W   Y   V
    1 S    2 -1  0 -1 -1 -1 -1  0 -1 -2 -2 -1 -1 -2 -1  3  2 -3 -2 -1   28   0   0   0   0   0   0   0   0   0   0   0   0   0   0  48  24   0   0   0  0.35 0.02
    2 G    2 -1  3  3 -2 -1  0  1 -1 -2 -3 -1 -2 -3 -1  1  0 -3 -2 -2   40   0  25  24   0   0   0  11   0   0   0   0   0   0   0   0   0   0   0   0  0.33 0.02
    3 H   -2 -1  0  2 -3  1  3 -2  6 -3 -1  0 -2 -2 -2 -1 -1 -3  0 -3    0   0   0  19   0   0  28   0  44   0   9   0   0   0   0   0   0   0   0   0  0.49 0.04
    4 M   -1 -2 -3 -4 -1 -2 -3 -4 -3  2  3 -2  4  0 -3 -2 -1 -2 -1  3    0   0   0   0   0   0   0   0   0   0  36   0  25   0   0   0   0   0   0  39  0.38 0.05
    5 L   -1 -2 -3 -2 -2 -1  1 -4 -2  1  3 -2  1 -1 -3 -2 -1 -2 -2  2    0   0   0   0   0   0  20   0   0   0  61   0   0   0   0   0   0   0   0  19  0.32 0.07
    6 S    1  0  0  1 -2  1  1 -1 -1 -2  0  0 -1  1 -2  2  1 -2 -1 -1    9   6   0   8   0  11   8   0   0   0  10   0   0   9   0  29  10   0   0   0  0.15 0.04
    7 E   -1 -1 -1  2 -3  0  3  0 -2 -1  1  1 -1 -2 -2  0 -1 -3 -2  0    0   0   0  14   0   0  29   7   0   0  21   9   0   0   0  10   0   0   0  10  0.17 0.06
    8 E   -2  1  1  2 -4  1  6 -3 -1 -4 -4  0 -3 -4 -2 -1 -2 -4 -3 -3    0  10   5   7   0   0  78   0   0   0   0   0   0   0   0   0   0   0   0   0  0.95 0.18
    9 L    0 -2 -2  0 -2 -1  1 -3 -2  1  2 -2  0  2 -2 -1  1 -2 -1  0   12   0   0   7   0   0  14   0   0  11  33   0   0  11   0   0  13   0   0   0  0.14 0.07
   10 R    0  4 -1  0 -3  1  1 -1 -1 -3 -1  1 -2 -3 -2  0  0 -3 -2 -2    5  44   0   5   0   4  13   3   0   0   6   6   0   0   0   9   5   0   0   0  0.40 0.12
   11 Q    2  3  0  0 -2  2  1 -2 -1 -1 -1  0 -1 -3 -2  0  0 -3 -2 -1   28  22   4   6   0  13  10   0   0   5   4   0   0   0   0   0   4   0   0   4  0.21 0.10
   12 I    1  3 -1 -1  1 -1  0 -2  1  0  1  0  0 -2 -2 -1  1 -3 -2  0   14  24   0   3   5   0   5   0   5   7  18   0   0   0   0   0  11   0   0   6  0.11 0.07
   13 V    0 -3 -3 -4 -2 -3 -3 -4 -3  3  3 -3  1 -1 -3 -2 -1 -3 -2  3    6   0   0   0   0   0   0   0   0  19  37   0   0   0   0   0   0   0   0  36  0.46 0.13
   14 F    1  2 -1  0 -2  1 -1 -2  2  0  0  1  1  0 -2 -1  0 -2 -1 -1   20  13   0   5   0  11   0   0   7   8  10   7   5   6   0   0   8   0   0   0  0.09 0.06
   15 R    0  2  0  2 -3  2  3  1 -1 -3 -3  0 -2 -3 -2  1  0 -3 -3 -3    4  15   0  17   0  13  24   9   0   0   0   0   0   0   0  13   3   0   0   0  0.38 0.11
   16 T    4 -2 -2 -2  2 -1 -1 -1 -2  0 -2 -1  1 -2 -2  0  2 -3  0 -1   56   0   0   0   4   0   4   0   0   5   0   3   7   0   0   0  16   0   5   0  0.38 0.17
   17 I   -2 -3 -4 -4 -2 -3 -4 -5 -4  4  4 -3  4 -1 -4 -3 -2 -3 -2  1    0   0   0   0   0   0   0   0   0  32  55   0  13   0   0   0   0   0   0   0  0.74 0.20
   18 E    2 -1  0  3 -2  2  1  0  0 -2 -1  0  0 -3 -2  1 -1 -3 -2 -2   26   0   3  20   0  12   6   4   2   0   6   7   3   0   0  11   0   0   0   0  0.23 0.10
   19 S    1  1  0  1  1  1  1  0 -1 -2 -1  2 -1 -3 -2  1  0 -3 -2 -1   14  10   5   6   4   8   8   4   0   0   5  19   0   0   0  10   3   0   0   4  0.17 0.07
   20 L   -3 -4 -5 -5 -3 -4 -4 -5 -4  1  5 -4  1 -1 -4 -4 -3 -3 -2  0    0   0   0   0   0   0   0   0   0   4  96   0   0   0   0   0   0   0   0   0  1.13 0.29
   21 P   -1 -3  0  1 -4 -2 -2 -3  1 -4 -4 -1 -3 -4  7 -1  1 -5 -4 -3    4   0   4   7   0   0   0   0   3   0   0   4   0   0  64   3  11   0   0   0  1.38 0.26
   22 E   -1 -2  0  3 -3  0  3 -1 -1 -3 -3 -1 -3 -3  2 -1  1 -3  0 -2    3   0   4  23   0   3  32   4   0   0   0   0   0   0  13   0  10   0   4   3  0.46 0.15
   23 D   -1  2  2  3 -4  1  2 -1  1 -3 -3  2 -2 -4 -2 -1 -1 -4 -2 -2    4  18  11  19   0   4  16   4   4   0   0  16   0   0   0   0   0   0   0   4  0.37 0.12
   24 L   -2 -1 -1 -2 -3  3  2 -3  3 -2  0 -1  1  2 -3  0  0 -1  3 -2    0   0   0   0   0  23  14   0  11   0   9   0   4  14   0   9   4   0  14   0  0.32 0.15
   25 R   -3  6 -2 -3 -5  2 -1 -4 -2 -4 -4  3 -3 -4 -3 -2 -2 -4 -3 -4    0  75   0   0   0   8   0   0   0   0   0  17   0   0   0   0   0   0   0   0  1.29 0.30
   26 M    1 -1 -1 -1 -3  0  4 -2 -2 -1  0  0  2 -3 -2  1  2 -3 -3 -1   14   0   0   0   0   0  40   0   0   4   7   4   9   0   0   7  16   0   0   0  0.34 0.16
   27 A    3 -3 -3 -3  1 -2 -3 -2 -3  1  0 -2  1 -2  1 -1 -1 -3 -2  3   39   0   0   0   4   0   0   0   0   8   7   0   5   0   7   0   0   0   0  30  0.36 0.15
   28 I   -2 -3 -4 -4 -2 -3 -4 -4 -4  4  3 -3  1  2 -4 -3 -2 -3 -1  3    0   0   0   0   0   0   0   0   0  30  35   0   0   9   0   0   0   0   0  26  0.57 0.16
   29 T   -1 -2 -2 -2 -2  1  1 -3 -2  2  1 -2  1 -1 -3 -1  2 -2  1  2    3   0   0   0   0   7  11   0   0  10  18   0   4   0   0   0  17   0   6  23  0.19 0.10
   30 L   -1  0 -4 -4 -3 -3 -3 -4  1  0  5 -3  1 -1 -4 -3 -2 -3  0  0    3   7   0   0   0   0   0   0   4   0  79   0   0   0   0   0   0   0   3   4  0.69 0.22
   31 R    1  3 -1 -2  1 -1 -1 -2  1 -2 -2  0 -2 -1 -2  1  1 -2  3  0   14  24   0   0   3   0   0   0   5   0   0   2   0   0   0  15  14   0  18   6  0.28 0.14
   32 E   -1 -1 -1  2 -3  1  2 -1  2 -3 -2  1 -2  2 -3 -1 -2 -1  4 -2    4   0   0  16   0   6  14   3   6   0   0  12   0   8   0   0   0   0  27   3  0.37 0.14
   33 L   -1 -1 -3 -2 -2 -1 -2 -3 -2  1  2 -2  2  3 -3 -2 -2  2  3  1    6   4   0   3   0   3   0   0   0  10  19   0   7  16   0   0   0   4  13  15  0.24 0.10
   34 D   -2  0 -1  3 -4  2  4 -1 -1 -3 -2  0 -2 -3 -2 -1 -2 -3 -1 -1    0   3   0  17   0  10  47   4   0   0   2   4   0   0   0   3   0   0   3   7  0.53 0.17
   35 G   -1 -3 -1  1  1  0  2  5 -3 -5 -4 -2 -4 -4 -3 -1 -2 -4 -4 -4    0   0   0   8   5   4  16  68   0   0   0   0   0   0   0   0   0   0   0   0  0.98 0.23
   36 L   -2 -3 -4 -4 -2  0 -3 -4 -2  0  4 -3  3  3 -4 -3 -2  4  2 -1    0   0   0   0   0   5   0   0   0   0  57   0   8  14   0   0   0   7   6   0  0.58 0.18
   37 S    0  0  2 -1 -2 -1 -1 -2 -2 -3 -3  0 -2 -4  0  4  3 -4 -3 -2    4   4  14   0   0   0   0   0   0   0   0   4   0   0   3  50  21   0   0   0  0.56 0.20
   38 Y   -1 -2 -3 -3 -3  1 -2 -4  2  0  1 -2 -1  2 -3 -1  0  0  6  0    3   0   0   0   0   7   0   0   4   3  16   0   0   3   0   4   7   0  48   4  0.59 0.20
   39 E    1  1 -1 -1 -3  2  4 -2 -1 -2 -3  2 -2 -4  0  0 -1 -4 -3 -2   19   8   0   0   0   8  35   0   0   2   0  20   0   0   4   4   0   0   0   0  0.44 0.15
   40 E   -2  0 -1  2 -5  3  6 -3 -1 -5 -4  0 -3 -5 -3 -1 -2 -4 -3 -4    0   5   0  12   0  12  72   0   0   0   0   0   0   0   0   0   0   0   0   0  1.11 0.28
   41 I    1 -3 -3 -3 -2 -3 -3 -3 -4  5  1 -3  0 -2 -3 -2  2 -3 -2  2   17   0   0   0   0   0   0   0   0  53   7   0   0   0   0   0  14   0   0   8  0.50 0.19
   42 A    5 -3 -2 -3 -2 -2 -2  3 -3 -3 -3 -2 -2 -4 -2  1 -1 -4 -3 -2   69   0   0   0   0   0   0  24   0   0   0   0   0   0   0   7   0   0   0   0  0.80 0.24
   43 A    2  0  1  2 -3  0  2 -2  2 -3 -3 -1 -2 -3 -2  0  0 -4 -2 -1   29   3   7  16   0   3  21   0   8   0   0   0   0   0   0   4   5   0   0   3  0.32 0.12
   44 I   -1 -1 -2 -1 -2 -2 -1 -3 -3  3  1  0  2 -1 -3 -2  0 -3 -2  2    4   4   0   3   0   0   4   0   0  28  12   7   9   0   0   0   7   0   0  22  0.22 0.10
   45 M   -2 -1 -3 -4  2 -2 -3 -4 -3  0  4 -3  4 -1 -4 -1  0 -3 -2  0    0   3   0   0   5   0   0   0   0   0  63   0  17   0   0   4   8   0   0   0  0.60 0.20
   46 D    0 -3  1  1 -4  0 -1  6 -3 -5 -5 -2 -4 -4 -3 -1 -2 -4 -4 -4    4   0   6   7   0   4   3  75   0   0   0   0   0   0   0   0   0   0   0   0  1.09 0.24
   47 C   -1 -3 -3 -3  4 -2 -1 -3 -3  3  1 -3  3 -1 -3 -2  0  2 -2  3    4   0   0   0  11   0   4   0   0  19  12   0  11   0   0   0   6   4   0  28  0.34 0.13
   48 P    1 -2  1 -1 -3 -1 -1 -1 -2 -3 -3  1 -3 -4  4  3  0 -4 -3 -3    9   0   8   0   0   0   0   3   0   0   0  10   0   0  25  41   3   0   0   0  0.61 0.18
   49 V   -1 -2 -2  0 -2 -1  2 -3 -2  2  1  0  0 -2  1 -1  0 -3  0  2    4   0   0   4   0   0  27   0   0  14  14   5   0   0   7   0   4   0   3  18  0.18 0.10
   50 G    1 -2  0 -2 -3 -2 -2  5 -2 -4 -4  0 -3 -4 -2  3 -1 -4 -3 -3   12   0   4   0   0   0   0  51   0   0   0   4   0   0   0  29   0   0   0   0  0.74 0.20
   51 T    2  1  0 -2 -2 -1 -2 -1 -2 -2 -3  0 -2 -3 -2  1  5 -4 -3 -2   19   9   4   0   0   0   0   3   0   0   0   4   0   0   0   4  56   0   0   0  0.57 0.21
   52 V    0 -4 -4 -4 -2 -3 -4 -4 -4  3  0 -3  0  0 -4 -3 -1 -4 -2  5    7   0   0   0   0   0   0   0   0  17   0   0   0   4   0   0   0   0   0  73  0.80 0.24
   53 R   -2  4  0 -2 -4  1  0 -3 -1 -3 -3  4  1 -3 -2  0 -1 -4 -3 -3    0  27   4   0   0   5   4   0   0   0   0  45   7   0   0   7   0   0   0   0  0.62 0.19
   54 S    0 -1 -1 -2 -2  1 -1  0 -2 -2 -2  1 -2 -3 -2  4  2 -4 -3  0    0   0   0   0   0   7   0   4   0   0   3   8   0   0   0  55  15   0   0   7  0.46 0.20
   55 R   -1  6 -2 -3 -4  0 -2 -1 -2 -1 -2  0 -2 -3 -3 -2  1 -3  0 -1    3  63   0   0   0   3   0   4   0   3   3   0   0   0   0   0  12   0   4   4  0.70 0.23
   56 I   -1 -3 -3 -4 -2 -1 -3 -4  2  3  3 -3  2 -1 -3 -2 -1 -3 -2  2    4   0   0   0   0   4   0   0   7  25  36   0   4   0   0   0   0   0   0  20  0.40 0.14
   57 F    0  1  0 -2 -3  0 -1 -1  7 -3 -3  0 -2  2 -3  1 -1 -2  1 -3    6   8   3   0   0   4   0   4  40   0   0   5   0  10   0  12   3   0   4   0  0.53 0.18
   58 R   -3  6 -2  0 -4  1 -1 -3 -1 -4 -2  2 -2 -3 -3 -2 -2 -3  0 -3    0  72   0   5   0   4   0   0   0   0   4  12   0   0   0   0   0   0   4   0  1.00 0.25
   59 A    4 -3 -2 -3 -2 -2 -2  4 -3 -3 -3 -2 -2 -4 -2  0 -1 -4 -3 -2   64   0   0   0   0   0   0  31   0   0   0   0   0   0   0   4   0   0   0   0  0.79 0.22
   60 R   -2  5 -2 -3 -3 -1 -2 -4 -2  1  2  0 -1 -2 -3 -1 -2 -3 -2  1    0  49   0   0   0   0   0   0   0   9  24   0   0   0   0   5   0   0   0  13  0.49 0.17
   61 E    1  2 -1  1 -3  2  2 -1 -1 -2  0  2 -1 -2 -2  0 -1 -3 -2 -1   12  15   0   7   0  11  13   4   0   0  13  13   0   0   0   7   0   0   0   4  0.17 0.07
   62 A    2  3 -1 -2 -3  3  0 -2 -1 -2 -1  2  0 -3 -2  0  0 -3 -2 -2   26  20   0   0   0  20   4   0   0   0   5  18   2   0   0   0   5   0   0   0  0.35 0.13
   63 I   -2 -3 -4 -4 -2 -3 -4 -5 -4  2  5 -3  3 -1 -4 -3 -2 -3 -2  1    0   0   0   0   0   0   0   0   0  11  73   0  10   0   0   0   0   0   0   5  0.76 0.19
   64 D   -1  5 -1  0 -4  1  0 -3 -1 -3 -2  3 -2 -4 -3  0 -2 -4 -3 -3    5  55   0   5   0   6   2   0   0   0   3  16   0   0   0   8   0   0   0   0  0.68 0.18
   65 N    2  1  1  0 -2  2  0  0 -1 -1 -1  2 -1 -3 -2  0 -1 -3 -2 -2   32   6  11   4   0  12   4   6   0   5   4  16   0   0   0   0   0   0   0   0  0.21 0.10
   66 K   -1  1  0  0 -3  3  2 -2  1 -2  1  2  1 -2 -2 -1  0 -2  0 -2    2   5   5   4   0  19  14   0   5   0  17  17   4   0   0   0   5   0   4   0  0.19 0.08
   67 V    0 -3 -3 -4 -2  0 -3 -4 -3  2  4 -2  3 -1 -3 -2 -2  2 -2  1    8   0   0   0   0   6   0   0   0  12  56   0   9   0   0   0   0   4   0   4  0.43 0.13
   68 Q    0  1  1  3 -3  3  4 -2 -1 -3 -3  0 -2 -4 -2 -1 -1 -3 -3 -3   10  11   6  18   0  19  36   0   0   0   0   0   0   0   0   0   0   0   0   0  0.51 0.11
   69 P   -1 -2 -1  3 -4  0  2  1 -2 -4 -4 -1 -3 -4  5 -1 -1 -4 -3 -3    0   0   0  30   0   0  22  11   0   0   0   0   0   0  37   0   0   0   0   0  0.82 0.08
   70 L   -2 -2 -3 -4 -2 -2 -3 -4 -2  1  3 -3  3  3 -3 -2 -1 -1  2  1    0   0   0   0   0   0   0   0   0   0  45   0  15  25   0   0   0   0   8   8  0.38 0.05
   71 I    1 -2  2 -1 -2 -1 -2  2 -1  1  0 -1  1 -2 -2  0 -1 -3 -2  0   24   0  21   0   0   0   0  20   0  16  10   0   9   0   0   0   0   0   0   0  0.13 0.02
   72 R   -2  6 -1 -2 -4  1  0 -3  0 -3 -2  2 -2 -3 -2 -1 -1 -3 -2 -3    0 100   0   0   0   0   0   0   0   0   0   0   0   0   0   0   0   0   0   0  0.90 0.05
   73 R   -1  6  0 -2 -3  1  0 -2  0 -3 -2  2 -1 -3 -2 -1 -1 -3 -2 -3    0 100   0   0   0   0   0   0   0   0   0   0   0   0   0   0   0   0   0   0  0.74 0.00

                      K         Lambda
Standard Ungapped    0.1393     0.3244
Standard Gapped      0.0411     0.2670
PSI Ungapped         0.1343     0.3203
PSI Gapped           0.0411     0.2670
