
Last position-specific scoring matrix computed, weighted observed percentages rounded down, information per position, and relative weight of gapless real matches to pseudocounts
            A   R   N   D   C   Q   E   G   H   I   L   K   M   F   P   S   T   W   Y   V   A   R   N   D   C   Q   E   G   H   I   L   K   M   F   P   S   T   W   Y   V
    1 M    -1  -2  -2  -3  -2   0  -2  -3  -2   1   2  -1   6   0  -3  -2  -1  -2  -1   1    0   0   0   0   0   0   0   0   0   0   0   0 100   0   0   0   0   0   0   0  0.36 0.01
    2 H    -1   0   3   0  -3   2   2  -2   6  -4  -3   0  -2  -3  -2   0  -1  -3   0  -3    0   0  25   0   0  14  24   0  37   0   0   0   0   0   0   0   0   0   0   0  0.51 0.03
    3 H    -2   0   3   0  -3   2   0  -2   7  -4  -3   0  -2  -2  -2  -1  -1  -3   1  -3    0   0  24   0   0  14   0   0  62   0   0   0   0   0   0   0   0   0   0   0  0.67 0.04
    4 H    -1   0   0   0  -4   1   3  -2   6  -4  -3   2  -2  -3  -2  -1  -1  -3   0  -3    0   0   0   0   0   0  39   0  42   0   0  19   0   0   0   0   0   0   0   0  0.58 0.06
    5 H    -2   2   0  -1  -4   2   2  -3   7  -4  -3   2  -2  -3  -2  -1  -2  -3   0  -3    0  10   0   0   0  10  19   0  45   0   0  16   0   0   0   0   0   0   0   0  0.71 0.15
    6 H    -1  -1   3   1  -3  -1  -1   2   5  -4  -3   1  -2  -2  -2   0  -1  -2   2  -3    0   0  19   9   0   0   0  20  25   0   0  10   0   0   0   6   0   0  10   0  0.40 0.10
    7 H    -1   0  -1  -1  -3   2   1   0   1  -2  -1   2  -1  -1  -2   1   1  -2   3  -2    0   0   0   0   0  15   7   8   5   0   7  19   0   0   0  15   8   0  16   0  0.20 0.10
    8 V    -1   0  -1  -2  -3   3   1  -3  -1  -1   1   2  -1  -2  -2  -1   1  -2   1   0    0   0   0   0   0  25   7   0   0   0  15  21   0   0   0   0  14   0   6  11  0.24 0.13
    9 D    -2  -1   1   5  -4   1   3  -3  -2  -3  -2   1  -3  -4   1  -1   0  -4  -3  -3    0   0   6  38   0   6  23   0   0   0   6   9   0   0   6   0   5   0   0   0  0.56 0.18
   10 E     1   1   1   1  -4   2   5  -3  -1  -4  -4   0  -3  -4  -2   1  -1  -4  -3  -3   11   6   6   5   0   6  55   0   0   0   0   0   0   0   0  12   0   0   0   0  0.67 0.23
   11 N     0  -1   2   3  -3   0   2  -2  -1  -1  -1   1   1  -3  -2   1  -1  -4  -3  -2    5   0  13  21   0   0  18   0   0   5   5  11   5   0   0  16   0   0   0   0  0.29 0.14
   12 L     0   0  -1   0  -2   0  -1  -3  -2   0   2   1   2  -2  -2   1   2  -3  -2   0    5   4   0   5   0   4   0   0   0   5  22  10  10   0   0  10  18   0   0   5  0.14 0.11
   13 Y     0  -2  -2  -3  -2  -2  -2  -3   2   0   0  -1   1   2  -3   0   1  -1   5   1    9   0   0   0   0   0   0   0   5   5   5   5   5  10   0  10  10   0  26  10  0.27 0.15
   14 F    -1  -3  -1  -4  -2  -3  -3  -4  -3   3   3  -3   2   2  -3  -3  -2  -2  -1   1    4   0   5   0   0   0   0   0   0  21  40   0   5  12   0   0   0   0   0   9  0.42 0.18
   15 Q     0   2   0  -1  -3   3   3  -1  -1  -3  -3  -1   0  -3  -3   0   0  -3   2  -1    8  11   4   0   0  20  28   4   0   0   0   0   4   0   0   4   4   0   8   4  0.35 0.21
   16 G     3  -3  -2   1  -2  -2  -1   3  -3  -2  -2  -2  -2  -3  -2   2   0  -4  -3   0   39   0   0   7   0   0   3  21   0   0   4   0   0   0   0  14   4   0   0   7  0.41 0.23
   17 G    -1  -1  -1   1  -3  -2   1   2  -3  -2  -2   1  -3  -4  -3   4  -1   3  -3  -3    2   3   0   9   0   0   9  19   0   3   3  10   0   0   0  37   0   5   0   0  0.45 0.29
   18 G     1  -3   0  -2   1  -2  -2   3   0   0   0  -1  -1  -3  -3   1   1  -4  -3   1   14   0   6   0   3   0   0  24   3   7   9   3   0   0   0  10   9   0   0  12  0.21 0.16
   19 R    -1   1  -1   0  -3   2   0  -3  -2   1   2   1   0  -2  -1   0  -1  -3   0   0    3   8   3   5   0  10   6   0   0   9  28   9   0   0   2   6   3   0   3   4  0.12 0.13
   20 T     0   0   0   2   0  -1   0   0  -2   0  -1   0  -2  -2  -1   2   2   2  -1  -1    5   5   3  12   3   0   3   6   0   7   3   8   0   0   3  18  16   3   3   3  0.12 0.13
   21 G     1  -3   1   1  -4  -1   0   5  -3  -4  -4  -1  -3  -4  -3   0   0  -4  -4  -1   10   0   5   6   0   2   7  49   0   0   0   2   0   0   0   6   5   0   0   5  0.67 0.32
   22 G     0  -1  -1  -1  -4  -2  -1   1   1  -2  -1   2  -3  -4   5  -2   0  -4  -1  -3    9   2   2   3   0   0   2  13   4   3   6  14   0   0  32   0   6   0   2   0  0.54 0.28
   23 Q    -2   0   0  -1  -4   5   1  -1   1  -1  -2   1   0  -4  -1   0   0  -4  -1  -2    1   5   4   2   0  36   8   5   4   4   3   6   2   0   2   7   7   0   2   2  0.44 0.31
   24 K    -1   2  -1   0  -1   1   0  -1  -2   0   0   3  -2  -1   0  -1  -1   0   0  -2    4  13   2   4   2   7   4   4   0   7  11  25   0   2   5   2   2   1   3   1  0.18 0.18
   25 K    -1   0  -1  -2  -3  -1  -2  -3   0   1   2   2   0   1   0   0  -1  -3  -1   0    4   5   3   2   0   2   0   0   2   9  28  15   2   6   5  10   2   0   2   3  0.14 0.17
   26 V     0  -3  -2  -2  -3   0   1  -2  -3   1   0  -2  -2  -3   4   0   1   0  -3   1    9   0   2   2   0   3   9   2   0   9   9   1   0   0  24   6   8   2   0  14  0.34 0.23
   27 G    -1  -2  -1  -1  -4  -1   0   4  -1  -4  -1  -2   0  -4   4   1   0  -4  -4  -2    4   1   2   2   0   3   5  32   2   0   6   2   2   0  22   9   6   0   0   2  0.54 0.30
   28 Q     0   2  -1   0   2   4   0  -3   4  -2  -4   1  -3  -2   1   0  -2   0  -1  -4    7  10   2   4   5  25   6   1  11   3   0   6   0   2   7   7   1   1   1   0  0.42 0.31
   29 T    -2   2   0   1   0   1  -1  -3  -3  -2  -2   1  -3  -4  -2   1   4   2  -2  -2    2  14   4   7   2   5   3   1   0   2   4   9   0   0   2  10  30   3   1   2  0.39 0.32
   30 S     3  -1   1   0   1   0  -1   0  -1  -1  -4  -3  -4  -5   0   3  -1  -5  -2  -2   25   3   7   4   3   4   3   5   1   3   0   0   0   0   5  29   1   0   1   3  0.40 0.34
   31 I    -1   2  -3  -3  -1   1  -2  -2  -3   2   1   0   1   0  -4   0  -2  -4  -2   2    5  12   0   1   1   6   1   3   0  16  16   7   5   4   0   7   0   0   1  16  0.20 0.20
   32 L    -1  -1  -2  -2  -3  -1  -1  -4  -1   2   3  -3   0   1  -2  -2  -1  -3  -1   3    5   4   2   2   0   2   4   1   2  11  31   0   1   5   1   2   3   0   1  21  0.31 0.23
   33 H    -4   3   1   3  -5   0  -1  -2   4  -3  -1  -1  -4  -4  -2  -1  -2   7  -1  -5    0  14   6  20   0   3   4   3  11   1   6   4   0   0   2   4   2  18   2   0  0.74 0.42
   34 Y     0  -3   1   3  -1  -2  -2  -3   0  -2  -2  -2  -3   2  -1  -1   1  -3   4   1    7   0   8  19   1   2   0   1   2   1   3   2   0   8   3   5   8   0  19  11  0.36 0.29
   35 I    -1  -1   0   1  -3  -3  -3  -4  -4   1   3  -2   0   1  -3  -2  -2  -4  -3   2    5   3   5  10   0   1   0   0   0   7  35   1   2   5   1   2   2   0   0  19  0.38 0.27
   36 Y    -1   0   1  -1  -4  -1   0  -3   4  -3  -2  -1  -1   3  -2   0  -1   3   5  -2    4   6   8   3   0   3   7   1  10   0   3   4   1  11   1   8   3   4  20   3  0.39 0.27
   37 K    -2  -1  -1  -2  -1   4   2  -1  -2  -1  -1   1   0  -1  -3   0  -1   4  -2  -1    2   2   3   1   1  25  14   4   1   4   7   9   2   2   1   8   3   7   1   5  0.35 0.30
   38 S     0   1   5  -1  -4   1  -1  -2   4  -5  -2   0  -4  -3  -2   3  -1  -5  -4  -4    6   7  25   2   0   5   3   3  10   0   4   4   0   1   2  25   3   0   0   0  0.58 0.39
   39 S     0   0  -1  -2  -4   3   2  -1   0  -3   0   0  -1  -2   0   3   0  -4  -2  -2    9   4   3   0   0  14  11   5   2   1   9   5   1   1   5  22   5   0   1   1  0.24 0.24
   40 L    -1  -2   2  -2   0  -1  -2  -2  -2   1   3  -1   0   0  -2   0  -1  -3  -3   2    4   2  12   2   2   2   1   2   1   6  30   3   2   4   2   6   2   0   0  16  0.22 0.20
   41 G     0  -2  -1   1  -4  -1  -2   4   1  -3  -4   1  -4  -2   0   1  -1  -4  -3  -3    8   1   2   9   0   2   2  38   3   1   1  10   0   1   4  10   4   0   1   2  0.50 0.32
   42 Q    -1  -1   2  -2  -2   1   1   4  -3  -4  -2   0  -2  -4   0   2   1   1  -4  -3    4   2   9   2   1   6   8  28   0   0   4   6   1   0   5  13   7   2   0   2  0.35 0.27
   43 S     1   0   1  -1  -2   0   0   0   0  -1  -2   2  -2  -3  -2   3   0  -4  -2  -1   13   5   6   2   0   5   6   6   2   3   3  13   1   1   1  24   5   0   1   4  0.21 0.21
   44 I     1  -2   0   0   1  -2  -2   0  -3   1   0  -2   0  -1  -2   1   3  -1  -2   1   10   2   4   5   3   1   1   6   0   9  11   1   1   3   1  10  19   1   1   9  0.13 0.16
   45 H    -1   1  -1  -2  -1   1   0  -4   2  -4  -1   1  -3   1   4   0  -2   5  -1  -3    6   9   3   2   2   6   5   1   6   0   6  10   0   5  18   6   2  10   2   2  0.40 0.29
   46 A     1  -1  -1  -2  -1  -1  -1  -1  -1   0   1  -1   0   1   1   1   1   2  -1   0   15   2   3   2   1   2   3   5   2   4  15   3   2   6   8  10   9   3   1   5  0.08 0.11
   47 Q    -1   1  -1  -1  -1   1   0  -1   1   1  -1   0  -1  -3  -1   2   0  -1  -1   1    3   7   2   3   1   6   6   3   3  11   6   6   1   0   2  19   5   1   2  13  0.11 0.16
   48 L    -2  -1  -1  -3  -1  -1  -2  -3   1  -1   4   1   2  -1  -2  -2   0  -4   1   0    2   3   3   1   1   2   2   2   4   2  39   8   4   2   2   2   5   0   6   7  0.31 0.26
   49 R     1   3  -2   0  -1   2   1  -1  -1  -1  -1   0  -2  -4   2   1  -1  -2  -1  -2   12  18   0   4   1   8   8   5   2   4   5   4   1   0  10  12   2   1   2   2  0.23 0.22
   50 Q     0   2   0  -1  -4   4   0  -1   4  -2  -2   1  -2  -4  -3   0   0  -1  -1  -2    9  11   4   3   0  21   5   4   9   2   3   9   1   0   1   8   5   1   2   2  0.35 0.28
   51 C     0   0  -1   0   6  -2  -2   1  -1  -1  -1   0   0   0  -3   0  -1  -1  -1   0    8   6   3   5  21   1   2  10   2   2   6   5   2   5   1   5   3   1   2   9  0.30 0.23
   52 L    -2  -2   0  -2  -2  -2  -1  -1  -3   2   3  -2   2   0  -3  -1   0   0   0   0    2   2   5   3   1   1   3   6   1  10  37   2   4   3   1   6   5   1   3   6  0.29 0.24
   53 Q    -1   2   0  -1  -5   5   1  -1  -1   0  -3  -1  -1  -5  -1   0   0   2  -2  -1    5  12   3   3   0  26   8   5   1   6   2   3   1   0   3   8   6   3   2   5  0.36 0.32
   54 E    -1   0  -1   3  -1   2   3  -3  -1   0  -1   1  -2  -5  -1  -1   1  -2  -4  -1    4   6   3  16   2   8  17   1   1   5   5   8   1   0   3   4  10   1   0   5  0.27 0.24
   55 P    -1  -1   0  -2  -3  -2  -1   0   0  -1  -1   2  -1  -1   4   0  -1   0  -3   0    5   4   5   1   1   1   3   6   2   3   8  12   2   2  24   8   4   1   0   8  0.31 0.25
   56 F    -1   1   1   1  -3  -1   0  -2  -1   0  -1  -2  -2   4  -1   0   1   0   1   0    5   7   6   7   0   2   7   3   1   5   7   2   0  20   2   8   8   1   4   5  0.16 0.17
   57 I    -2  -2  -2  -1   0   0   0  -2  -3   2   3  -2   1  -2  -2  -1  -2   1  -2   1    2   2   2   4   2   5   6   3   0  12  34   2   3   1   2   4   2   2   1  11  0.31 0.25
   58 R    -2   3   0   0  -3   0  -2  -4   1  -2  -1   0  -4   0   3   1  -2   6  -1  -1    3  15   4   6   1   4   3   1   3   3   6   6   0   4  13   9   2  11   2   4  0.38 0.30
   59 S    -1  -1   0   1  -2   0   2  -2   1  -2  -3   0  -4  -3   0   3   1   0  -2  -3    4   3   5   9   1   4  16   3   3   2   3   6   0   1   5  27   7   1   1   1  0.36 0.32
   60 L    -2  -1  -1  -1   1  -2   0  -1  -2   1   2  -1   1   1  -1  -2   0   1  -2   1    3   4   2   3   3   1   6   6   1   9  27   4   3   5   3   3   5   2   1  10  0.14 0.14
   61 K     0   1   0   1   0   0   2  -1   0  -3  -3   2  -1  -4  -1   0   2  -1  -3  -3    9   7   4   7   2   4  15   5   2   1   2  15   2   1   3   6  12   1   1   1  0.25 0.23
   62 S    -2  -1   3  -1  -3  -1   0  -2  -2   1  -2  -1  -2  -4  -1   3   3  -5  -4   1    3   3  12   2   1   2   6   2   1   7   4   3   1   0   3  23  17   0   0  10  0.35 0.32
   63 Y    -2   0  -1  -2  -2  -1  -2   0   1  -1   0   0  -1   3  -1  -1  -2   3   5  -2    4   5   3   2   1   3   2   7   3   4  10   5   1  13   3   5   2   3  21   2  0.36 0.27
   64 K    -1   3   0  -2  -4   2   1  -2  -1  -2  -4   5  -5  -5  -1  -1  -2  -7  -4  -4    5  13   4   2   0   9   9   4   2   3   2  36   0   0   3   4   3   0   1   1  0.71 0.48
   65 L     0  -1  -1  -3   2  -1  -2   1  -2   0   2   0   1   0  -1   0  -1  -3  -2   1    7   4   3   1   5   2   2  13   1   5  23   5   3   4   4   6   3   0   1   9  0.11 0.13
   66 H    -5  -1  -1  -3  -5   0  -2  -3   6   3   1  -1   0   1  -4  -1  -1  -2   2   0    0   3   3   2   0   5   3   2  21  16  12   4   2   5   1   4   4   1   6   6  0.52 0.35
   67 R    -1   5  -1   1  -2   1   1  -4   2  -2  -2   0  -1  -2  -3   0  -1  -6  -3  -3    5  31   3   9   1   6   8   1   5   3   4   5   1   2   1   8   4   0   1   2  0.51 0.36
   68 T    -1   1   0  -1  -3  -1  -1  -3   0  -1   0   0  -3  -3  -1   1   4  -5  -3   1    4   7   4   3   0   2   4   1   2   3   8   7   0   1   3  11  27   0   1  10  0.31 0.28
   69 A    -1  -3  -1  -3  -3  -3  -1   0  -1   1   2  -2   1   4  -1  -1  -1   0   1  -1    4   1   3   1   0   1   4   7   1   8  21   3   4  17   3   6   4   1   5   4  0.24 0.19
   70 S     0   0   1   1  -2   1   0  -2   1  -2  -2   0   1  -2  -1   2   1  -4  -1   0    9   4   6   7   1   6   6   3   3   2   4   7   4   2   3  17   8   0   2   6  0.12 0.14
   71 P     0  -2  -2   0  -1  -1   0   3   2  -1  -4  -2  -3  -4   4  -1  -2  -3  -4  -1    8   2   2   5   1   3   7  26   5   3   2   3   1   1  19   4   3   0   1   5  0.46 0.30
   72 F    -2  -1  -1  -3  -2  -1  -3  -1   8  -1  -2  -3  -1   2  -1   0  -2  -1  -2  -1    4   3   3   1   1   3   2   4  39   3   5   2   1   7   3   8   3   1   1   5  1.02 0.51
   73 D    -2  -3   1   4  -3   1   2  -2   0  -4  -3  -1  -3  -4  -2   2   1  -5  -4  -3    4   1   7  23   1   6  14   3   2   1   4   3   1   1   2  16   9   0   1   2  0.50 0.36
   74 R    -2   1   0   1  -3   1   1   3   2  -5  -4   2  -3  -3  -3   1  -1  -3  -3  -4    3   9   5   7   0   6   9  23   5   0   1  10   1   1   1  11   3   0   1   1  0.39 0.30
   75 R     0   3  -1   2  -3   0   2  -1  -2  -4  -5   2  -3  -3   0   0  -1   0  -3  -3    8  18   2  13   1   4  14   4   1   1   1  11   1   1   4   8   4   1   1   1  0.38 0.30
   76 V    -3  -9  -7  -7  -1  -9  -9  -5  -9   5  -3  -9  -3  -1  -7  -6  -3  -9  -6   7    2   0   0   0   1   0   0   1   0  26   3   0   1   2   0   1   2   0   0  59  1.90 0.92
   77 T    -3   1   4  -3  -2  -4  -4  -4  -2  -4  -2   0   1   1  -6   0   4   5   2  -3    2   7  18   1   1   0   1   1   1   1   5   6   3   5   0   6  25   6   8   2  0.67 0.49
   78 S     2   0  -3   0   7  -1  -5  -2  -4  -5  -5  -2  -7  -6  -7   4   0  -4  -5  -4   15   5   1   5  23   3   1   4   0   1   1   2   0   0   0  30   6   0   0   1  1.06 0.66
   79 L     0  -7  -8  -7   2  -6  -8  -5  -8   3   3  -6   3  -2  -7  -5  -2  -3  -6   5    7   0   0   0   4   0   0   1   0  14  27   0   7   1   0   1   2   0   0  33  1.09 0.60
   80 E     4   2  -1   3   2   1  -1  -3  -1  -5  -5   1  -5  -5  -6   1  -2  -7  -3  -3   31  10   3  14   3   6   4   2   2   1   1   7   0   0   0   9   3   0   1   2  0.58 0.44
   81 W    -4  -5  -9 -10   0  -7  -7  -9  -5   0   0  -4  -2   7  -5  -8  -4   9   3  -1    2   1   0   0   2   0   1   0   0   5   8   1   1  35   1   0   1  29   8   4  2.03 0.98
   82 H    -3  -3   3   0   1  -2  -3  -3   8  -4  -3  -4   1  -4  -5   3  -1  -7  -3  -4    2   1  14   5   3   2   2   2  29   1   3   1   4   1   1  23   3   0   1   1  1.11 0.63
   83 P    -2  -1  -2  -3  -5  -1  -2  -4   0  -4  -4  -2  -3  -4   8  -2  -4  -4  -3  -3    3   3   3   2   0   3   3   2   2   1   2   3   1   1  62   4   1   0   1   3  1.65 0.84
   84 T    -1  -1   1   1  -1   2  -1  -2   1  -2  -3   1  -1  -1  -2   3   2  -2  -2   0    4   3   5   8   1   9   4   3   3   2   2   7   1   3   2  18  15   1   2   6  0.23 0.22
   85 H    -3  -1   3   4  -4   1   2  -1   3  -4  -3   1  -3   0  -4  -1  -2  -3  -1  -3    2   4  11  20   0   5  13   6   7   1   3   9   1   5   1   5   2   0   2   2  0.44 0.32
   86 P    -4  -2   1   2  -3   0   0   4  -1  -6  -4   0  -4  -4   3   1  -2  -7  -3  -4    1   2   6  11   1   4   7  26   1   0   2   6   1   1  14  10   3   0   1   2  0.54 0.40
   87 T    -2   1   4   0   1   0  -2   0   0  -3  -4   1  -2  -3  -1   1   2   4  -1  -4    4   8  17   5   2   4   3   6   2   2   2   8   1   1   3  10  14   5   3   1  0.35 0.29
   88 T    -4   1  -4  -6   1  -1  -5  -6  -1   4   3  -2   1   0  -6  -3   0   0   1   1    1   6   1   0   2   3   1   1   2  19  30   3   3   3   0   2   6   2   4  10  0.57 0.35
   89 V    -1  -8  -9  -9  -1  -4  -8  -9  -8   4   4  -7   1   1  -8  -6  -5  -8  -2   3    5   0   0   0   1   1   0   0   0  20  41   0   3   6   0   1   1   0   1  20  1.25 0.65
   90 A     6  -7  -7  -8  -2  -6  -7  -4  -8   0   0  -6  -5   0  -6   0  -1  -8  -2   3   53   0   0   0   1   0   0   1   0   4   8   0   0   3   0   6   4   0   1  15  1.21 0.71
   91 V     2  -7  -5  -8   1  -7  -7  -2  -8  -4  -6  -7  -5  -6  -7   5   5  -9  -7   1   14   0   0   0   3   0   0   4   0   1   1   0   0   0   0  37  30   0   0   9  1.32 0.84
   92 G     1  -5  -6  -6   4  -6  -7   6  -3  -5  -5  -3  -3  -6  -6   1  -1  -5  -7  -6   13   1   0   0   8   0   0  57   1   1   1   2   1   0   0   9   3   0   0   1  1.49 0.78
   93 S     0  -6  -3   2   2  -5  -4   2  -2  -6  -2  -5  -3  -3  -7   6  -1  -8  -3  -6    8   0   1   9   3   0   1  15   1   0   5   1   1   1   0  47   4   0   1   0  1.04 0.69
   94 K     0   0   0   1   0   1   1  -1   0  -3  -2   1  -1   0  -3   1  -1   2   2  -2    7   4   5   8   2   7  10   5   2   1   5  10   2   4   1   9   4   3   9   3  0.14 0.15
   95 G    -4  -4   2   7  -4  -3  -3  -2  -2  -8  -7  -2  -3  -4  -8   1  -2  -5  -5  -5    2   1   8  62   1   1   2   4   1   0   1   3   1   1   0   9   3   0   0   1  1.73 0.92
   96 G     0   0  -1  -2   1   0  -5   5  -2  -6  -4   2  -5  -5  -5   0  -1  -8  -4  -7    9   6   4   2   3   4   0  42   1   0   2  13   0   1   1   7   4   0   1   0  0.86 0.54
   97 D    -2   0   0   0   0   1   0  -5   0  -2  -2   1  -1  -1  -5   1   5  -7  -3  -1    3   4   5   6   2   5   6   1   2   2   4  10   2   3   0  11  29   0   1   5  0.44 0.37
   98 I    -2  -9 -10 -10   0  -9  -8 -10  -5   6   2  -7  -2  -3  -6  -8  -4  -6  -8   5    4   0   0   0   2   0   0   0   0  37  16   0   1   1   1   0   1   0   0  37  1.64 0.81
   99 I    -3   4  -3  -4   0   0  -2  -1   0   0  -1   4   1  -1  -6  -2  -3  -2   0  -1    2  19   1   1   2   4   3   6   2   6   6  27   3   3   0   3   2   1   4   5  0.55 0.38
  100 L    -4  -7  -6  -9  -2  -4  -7  -5  -9   6   3  -5  -1  -2  -7  -6  -3  -5  -2   4    2   0   1   0   1   1   0   1   0  37  27   1   1   2   0   1   2   0   2  23  1.35 0.68
  101 W    -9  -7  -9 -11  -2  -5 -11  -8  -2  -7  -4  -8  -5   2 -11  -6  -8  12   3  -9    0   0   0   0   1   1   0   0   1   0   2   0   0   7   0   1   0  75   9   0  4.13 1.79
  102 D    -3  -1   4   7  -4  -2  -1  -2  -4  -8  -6   0  -5  -8  -6   0  -3  -9  -8  -5    2   4  18  47   0   2   4   3   0   0   1   6   0   0   0   8   2   0   0   1  1.36 0.76
  103 Y     0  -2  -4  -4  -1  -4   0  -4  -2   1   2  -2   0   0   0  -2   0   5   3   1    7   3   1   1   1   0   6   1   1   6  21   3   2   4   6   3   6   6  10  11  0.34 0.25
  104 D     0   0   2   3  -5   0   3  -1  -2  -4  -3   0  -4  -3  -4   1   2  -6  -3  -3    8   6   8  13   0   4  16   4   1   1   2   6   0   1   1  12  12   0   1   2  0.36 0.29
  105 V    -1  -1   0   0  -2   1  -1   1  -1  -1  -1   1   0  -1  -2   1   3  -4  -3  -1    4   4   4   6   1   5   4   9   2   3   6   8   2   2   2  10  20   0   1   5  0.18 0.19
  106 Q    -2   1   2   0  -2   2   0   2   2  -3   0   0  -1   0  -1   0  -1  -4  -1  -2    2   7   9   5   1   8   6  18   5   1   8   6   2   4   3   6   4   0   2   3  0.17 0.16
  107 N    -1   1   2   1  -2   1   2  -2  -2  -4  -1   1  -2  -5   2   1   0  -4  -3  -2    4   6  10   8   1   5  12   4   1   1   6  10   1   0   9  11   7   0   1   3  0.24 0.23
  108 K    -1   1   0  -1   0   0   0   1   1  -1   0   1  -1  -1  -1   0  -1   2   0   0    5   7   4   4   3   5   7  11   3   4  10   9   1   2   3   6   3   3   3   7  0.04 0.05
  109 T    -1  -1   1  -1  -3   0   3  -3  -2  -1  -1   2  -2  -3   1   1   2  -2  -3   0    4   3   6   3   0   4  17   2   1   4   6  13   1   1   6   9  12   1   1   6  0.24 0.24
  110 S    -1   2  -2  -1   5  -2  -2  -4   1  -2   0   0  -2  -3   3   1   1  -4  -1  -1    5  11   2   4  10   2   3   1   3   2   8   6   1   1  15  12   7   0   2   5  0.31 0.26
  111 F     0  -2  -2  -2   0   0  -1  -2  -2   2   2  -1   0   0  -2  -1   2  -1   0   1    6   2   2   2   2   5   3   3   1  11  19   4   2   5   2   4  13   1   3  10  0.15 0.14
  112 I     0   0  -1  -1  -1  -1  -1  -1   0   2   1  -1   1   0  -1  -1   0   0   1   1    8   5   3   4   1   2   2   5   3  13  14   4   3   5   4   4   5   1   5   9  0.04 0.05
  113 Q    -2   1  -1  -1  -4   2   1  -3  -1  -3  -3   2  -3  -2  -1   1   4  -6   0  -1    3   7   3   4   0   8  10   2   1   2   3  12   1   2   3  10  21   0   4   5  0.35 0.31
  114 G    -1  -3  -1  -2  -1  -3  -2   1   1   1   3  -3   0   3  -3  -1  -1  -1   1   0    6   1   3   3   2   1   3  12   4   6  26   1   3  10   1   6   4   1   4   5  0.25 0.18
  115 M    -1   1  -1   0  -1   0   1  -2   3  -1  -1   2   0   0  -1   1   1  -3  -1  -1    5   9   3   6   1   4   8   3   7   3   7  11   3   4   3   9   9   0   2   4  0.11 0.11
  116 G     0  -3  -2  -1  -4  -1   0   6   1  -3  -4  -1  -4  -3  -3  -1  -2  -6  -4  -2    7   2   2   4   1   3   7  47   3   1   2   4   0   1   2   5   3   0   1   4  0.80 0.49
  117 P    -3  -5  -2  -7  -5  -3  -4  -4  11  -6  -6  -5  -4  -2   1  -3  -4  -8  -3  -5    3   1   2   0   0   1   1   2  69   1   1   1   1   2   7   3   1   0   1   1  2.82 1.28
  118 G    -1   0   0   0  -1   1   0   0  -3  -3  -3   1  -4  -3  -4   2   4  -6  -3  -2    4   6   4   5   1   6   7   9   0   2   2  10   0   1   1  14  23   0   1   2  0.38 0.34
  119 D     1   2  -1   3  -3   0   0   2  -1  -4  -3   2  -3  -4  -3   0  -2  -6  -2  -2   11  12   3  15   1   4   7  15   2   1   3  11   1   1   1   7   2   0   2   3  0.34 0.27
  120 A     1   1  -1  -1   0  -1   1   0  -4  -2  -4  -2  -1  -3   3   2   1   3  -2  -2   11   7   3   3   2   2   9   7   0   2   2   3   2   1  14  15   7   4   2   3  0.26 0.26
  121 I    -5  -9  -7  -8  -1  -7  -6  -2  -7   5  -1  -9  -3  -4  -8  -8  -5  -5  -8   7    1   0   0   0   1   0   1   3   0  27   6   0   1   1   0   0   1   0   0  58  1.92 0.94
  122 T    -2   3   3  -3  -3  -2  -1  -2   0  -4  -2  -1   0  -1  -5   2   3   2   2  -3    3  15  11   1   1   2   3   3   2   1   5   4   2   3   0  15  18   3   6   2  0.42 0.36
  123 G     2  -2  -4   3   6   0  -3   1  -2  -4  -6  -2  -3  -6  -4   3   0  -3  -6  -4   14   2   1  14  17   4   2  11   1   1   0   3   1   0   1  20   6   0   0   1  0.77 0.51
  124 M    -2  -8  -8  -9   3  -8  -8  -5  -6   4   3  -6   2  -2  -6  -5  -3  -8  -7   5    4   0   0   0   5   0   0   1   0  17  28   1   4   2   1   1   2   0   0  34  1.20 0.63
  125 K     3   0  -2   2   3   2  -1  -3   1  -2  -3   1  -4  -5  -6   2  -1  -7  -3  -1   23   6   2  11   6   8   3   2   3   3   3   9   0   0   0  13   4   0   1   4  0.40 0.34
  126 F    -4  -9  -6  -7  -2  -9  -9  -7  -8  -1  -2  -8  -3   7  -9  -8  -2  10   1  -1    2   0   1   0   1   0   0   1   0   4   4   0   1  40   0   0   3  33   5   5  2.41 1.11
  127 N     0  -3   3   1   1  -2  -2  -1   4  -4  -4  -1  -3  -2  -2   4   0  -5  -2  -4    7   1  14   8   3   1   3   4   9   1   2   3   1   2   2  30   5   0   1   2  0.59 0.40
  128 Q    -2  -1  -1  -3  -3   1  -2  -3   2  -3  -3   0  -3  -3   7  -1  -2  -5  -3  -3    3   4   3   2   1   5   3   3   5   2   3   6   1   1  48   4   3   0   1   2  1.14 0.61
  129 F     0   0   1   0  -1   0  -1  -1   3  -1  -1   0   0   1  -2   2   1  -2   0  -1    8   4   7   4   1   4   4   3   7   4   6   5   2   6   2  14  10   0   3   5  0.10 0.10
  130 N    -3  -1   3   5   2   1   1  -1   0  -3  -4   1  -5  -2  -4   0  -2  -6  -3  -2    3   4  14  26   4   5   9   5   2   2   2   8   0   2   1   6   3   0   1   3  0.53 0.35
  131 T     0  -2   1   2  -4   0  -1   4  -1  -6  -5  -1  -3  -5   3   2  -1  -4  -3  -5    6   2   5  10   0   3   5  27   2   0   1   5   1   0  12  14   5   0   1   1  0.52 0.39
  132 N    -2   1   4   1  -3   1  -1   1   3  -4  -4   0  -3  -5  -4   1   2  -2  -1  -4    3   6  17   7   1   5   4  12   7   1   2   6   1   1   1  11  11   1   3   1  0.40 0.31
  133 Q    -2   0  -2  -4   0   1  -2  -4   2   0   1   1   2   2  -5  -1   0   2   3   1    2   5   2   0   2   7   3   1   4   6  15   8   4   7   0   5   6   2  11  10  0.25 0.20
  134 L    -3  -6  -9  -7  -4  -8  -8  -5  -6   3   5  -5   1   3  -8  -8  -4  -7  -4   2    3   0   0   0   0   0   0   1   0  14  52   1   4  11   0   0   1   0   0  12  1.33 0.69
  135 F     4  -7  -7  -5   1  -7  -6  -4  -5   1   3  -7  -3   1  -7  -3  -3  -4   3   3   28   0   0   1   2   0   0   2   0   7  24   0   1   6   0   2   2   0   8  16  0.81 0.50
  136 V     0  -8  -7  -8   1  -7  -7  -5  -8  -4  -6  -7  -5  -9  -6   6   4  -9  -8  -1    8   0   0   0   3   0   0   1   0   1   1   0   0   0   0  54  25   0   0   5  1.69 1.00
  137 S     4  -8  -6  -8   6  -7  -8   4  -8  -5  -5  -7  -5  -6  -8   2  -2  -9  -6  -1   28   0   0   0  15   0   0  31   0   1   1   0   0   0   0  14   3   0   0   5  1.33 0.76
  138 S    -1  -7  -4  -1  -2  -6  -6   2  -5  -9  -4  -7  -8  -6  -6   7  -1  -6  -7  -7    6   0   1   4   1   0   1  16   0   0   2   0   0   1   0  65   3   0   0   0  1.72 1.01
  139 I    -1   1  -1   2   0   1   1  -1  -1  -2  -2  -1   1   1  -4   1   0   3   2  -2    6   6   3  12   2   5   9   5   1   3   4   3   4   5   0  11   6   4   7   3  0.17 0.18
  140 R    -6  -6  -1   8 -10  -7  -2  -5  -1 -10  -8  -5 -10  -8  -9  -3  -6  -6 -10  -8    1   1   3  86   0   0   3   1   1   0   0   1   0   0   0   2   1   0   0   0  2.87 1.36
  141 G    -1   0   1  -3   1  -1  -3   4   3  -7  -2   3  -1  -4  -4   0  -1  -7  -2  -6    6   6   6   1   3   3   1  28   6   0   4  17   2   1   1   8   5   0   1   0  0.56 0.40
  142 A    -2  -1  -2  -4  -4   0  -2  -6   1  -1  -3   0  -1  -2  -5   2   6  -7  -1  -1    4   3   2   1   0   4   3   1   3   3   3   7   2   2   1  15  42   0   2   4  0.86 0.59
  143 T    -2  -8  -8  -6   1  -6  -6  -7  -8   6   1  -8  -1  -5  -6  -5  -1  -1  -3   5    4   0   0   0   2   0   1   0   0  36  14   0   1   0   1   1   4   1   1  32  1.34 0.68
  144 T    -3   5  -3  -6   3  -1  -4  -3  -1   0  -1   4  -1  -1  -6  -1  -2  -2  -3  -2    3  29   1   0   5   3   1   2   1   5   6  26   2   3   0   5   3   1   1   3  0.82 0.52
  145 L    -3  -4  -5  -5   3  -1  -4  -6  -1   4   3  -3   0  -1  -7  -4  -2  -7  -2   4    2   1   1   1   5   3   1   1   1  22  28   2   2   2   0   2   3   0   2  22  0.84 0.47
  146 R    -4  -4  -6 -10  -9  -5  -9  -4  -2  -4  -1  -4  -4   0  -8  -7  -5  12   1  -4    2   1   1   0   0   1   0   2   1   1   6   2   1   4   0   1   1  72   4   2  3.63 1.60
  147 D    -4  -2   3   7  -4  -3   0  -4  -3  -6  -7  -2  -6  -4  -5   0  -3  -9  -8  -7    1   2  11  60   0   1   6   2   1   1   1   3   0   1   1   6   2   0   0   1  1.72 0.90
  148 F    -2  -3  -5  -6  -4  -4  -4  -4  -1   2   3  -2   2   2  -1  -3  -1   3   1   2    4   1   1   0   0   1   1   1   1  11  30   2   4   9   4   2   4   4   4  15  0.53 0.33
  149 S    -1   1   1   0  -2   1   1  -2   0  -3  -3   2  -3  -5  -1   3   2  -4  -2  -3    5   6   6   6   1   6  10   3   2   2   2  12   1   0   3  20  11   0   1   2  0.33 0.29
  150 G     0   1   1   0  -3  -2  -2   4  -1  -5  -4   0  -4  -4  -2   2   2  -3  -2  -3    7   8   6   6   1   2   3  25   2   1   2   5   0   1   2  13  14   0   1   2  0.42 0.32
  151 S     0   1   2  -1  -1   2   2   1   0  -3  -3   0  -3  -2  -1   1   0  -4  -1  -2    7   7   9   4   1   8  13  13   2   2   3   5   1   2   4  10   6   0   2   3  0.19 0.19
  152 V     0  -2   0  -1   5   0  -1  -2  -3   0  -2   0  -1  -4   1   1   1  -5   0   1    7   2   4   3  11   4   5   4   1   6   3   7   2   1   7  12   7   0   3  11  0.22 0.20
  153 I    -1  -2  -2  -3  -1   0  -1  -1  -2   1   1   1   1   2  -1  -1   0  -1   0   1    6   2   1   1   1   3   4   5   1   7  15   9   3  10   4   5   7   1   3  11  0.10 0.11
  154 Q    -2   1   0   2  -2   3   3  -4   2  -2  -3   2  -3  -2  -1   0  -1  -3  -1  -2    3   8   5  10   1  11  18   2   4   3   3  11   1   2   3   7   3   0   2   4  0.35 0.29
  155 V     0   1  -3  -2   2   0   0  -3  -1   2   0   0   0  -2   0   0   3  -5  -2   2    6   6   1   2   4   4   5   2   2  10   8   5   2   2   4   7  16   0   1  12  0.18 0.17
  156 F    -3   1  -1  -3  -1  -1  -2  -3   1   1   2   1  -1   2  -3  -2   0   0   2   2    2   9   2   2   1   3   2   2   3   7  16   7   1  10   1   3   6   1   8  12  0.22 0.17
  157 A     0   1  -1  -1  -3   0  -1  -2   0   0   1   0  -1   0  -1   0   2  -2   1  -1    9   7   3   4   0   3   3   3   2   5  14   7   1   4   3   8  13   1   5   4  0.09 0.11
  158 K    -2   0   0  -1  -3   0   0   2   0  -2   0   1  -1  -1   2   0   2  -2  -2  -2    3   5   4   4   0   4   6  15   2   3   9   8   1   3   9   8  13   0   1   3  0.15 0.16
  159 T    -1  -1  -1  -3  -2   0  -1   2   6  -1   0   0  -1   1  -2   1   0  -6   0  -3    6   4   3   2   1   5   3  14  18   3   8   5   2   5   2  10   5   0   3   2  0.36 0.26
  160 D    -1  -1   1   0  -2   0   2  -1   6  -2  -3   0  -3  -2   0   1   1  -6  -3  -2    4   4   6   6   1   3  11   6  18   3   2   6   1   2   5   9  10   0   1   3  0.39 0.29
  161 S     0  -1   1   1  -4  -1   0   2   3  -4  -3  -1  -3  -1  -1   2   1  -4  -3  -3    9   3   6   8   0   3   6  17   6   1   2   4   1   2   3  16   9   0   1   2  0.29 0.25
  162 W    -1   0  -1   0   0   0   0  -1   6  -2  -2   0  -2  -1  -1   1   0   5   0  -1    5   4   3   6   2   3   5   5  16   3   4   5   1   3   3  10   6   7   4   4  0.32 0.22
  163 D    -1   1   0   4  -3   0   1   1  -1  -2  -2   0  -2  -4  -2   1  -1  -4  -3   1    6   6   5  19   1   4   9  10   2   2   3   5   1   1   2  11   4   0   1   9  0.25 0.19
  164 Y    -1  -2   0   0  -3  -1  -1  -1   4   0   0  -1   1   0  -1   1  -1   0   2   2    5   2   4   5   0   3   3   5  11   6   7   3   3   4   3  10   3   1   7  13  0.17 0.14
  165 W     0  -1   0  -1  -3  -1   0  -1  -1   0  -1   0  -2   1   3   1   1   4  -1   0    7   3   4   4   1   3   5   4   1   5   6   6   1   5  13   9   8   5   2   7  0.14 0.13
  166 Y     0  -3  -1  -1  -1  -2  -2  -2   1   2   0  -3  -1   1  -2   1  -1  -4   0   4    7   2   3   4   2   2   3   3   3  12   8   1   1   5   3  10   3   0   4  25  0.30 0.20
  167 C     0   1   1  -2   5  -1  -2   0  -1  -1  -1  -1  -1  -1  -1   1   0  -2  -1   0    6   8   7   2  11   3   3   8   1   4   7   4   1   2   4  12   7   1   2   7  0.17 0.15
  168 C     2  -4  -3   1   6  -3  -4   0  -3   0  -3  -3  -2  -3  -4   3  -1  -4  -5   1   16   1   2   8  15   1   1   7   1   5   3   2   1   1   1  20   4   0   0  11  0.57 0.38
  169 V     0  -2  -2  -4   2  -3  -2  -2  -3   2   2  -4   0   0  -3   0   0  -1  -1   3    8   2   2   1   3   1   3   3   1  10  18   1   2   4   2   7   6   1   2  22  0.32 0.21
  170 D     1   0   0   5   1   0  -1  -1  -2  -3  -3   0  -5  -1  -2   2  -1   1  -2  -1   11   5   4  26   3   4   3   4   1   2   2   5   0   3   3  13   4   2   1   4  0.40 0.29
  171 V    -2  -6  -3  -5   1  -3  -7  -3  -2   2   1  -4   1   5  -2  -2  -3   7   1   2    4   1   1   1   3   1   0   2   1   9  12   1   3  21   3   3   2  16   5  12  0.87 0.47
  172 S     0  -3   3  -1  -4   0  -4  -4   5  -4  -3  -1  -4  -4   0   4  -1  -3  -3  -4    9   2  12   4   0   4   1   1  14   1   3   5   1   1   5  32   3   1   1   2  0.74 0.50
  173 V    -1   0  -3  -3  -1  -1  -2  -2   0  -2  -2   0  -2   1   6   0  -2   4  -1  -2    5   6   2   2   2   2   3   3   2   2   4   6   1   5  33   8   3   5   2   3  0.61 0.43
  174 S    -2  -2   3   5   0   0   0  -2   2  -5  -3   0  -4  -3  -2   2   0  -5  -3  -3    3   2  11  26   2   4   7   4   4   1   3   5   0   1   2  14   7   0   1   2  0.52 0.38
  175 R    -1  -1   1   1   0  -1   1   3   0  -4  -2   0  -3  -3  -1   1  -1  -6  -1  -3    6   4   7   6   2   3   9  25   2   1   4   6   1   1   4  12   3   0   2   2  0.31 0.26
  176 Q    -2   2   3   1  -3   1  -1   0   2  -3  -3   1  -3  -3   0   1   1  -2  -2  -3    4   9  16   9   0   6   4   7   4   2   3   8   1   1   5  10   7   1   1   1  0.27 0.24
  177 M    -3   0  -2  -3  -1   0  -2  -5   2   2   3  -2   2   1  -5  -3   0   1   1   1    2   6   2   1   1   5   3   1   4  10  25   2   4   6   0   2   7   2   5  10  0.32 0.23
  178 L    -2  -5  -6  -7   0  -5  -8  -8  -8   4   4  -5  -1   4  -7  -5  -3  -7  -3   2    3   1   1   0   2   1   0   0   0  18  41   1   1  16   0   1   2   0   1  12  1.15 0.60
  179 A     4  -4  -5  -5   1  -4  -5  -1  -5   1   1  -7  -3   0  -7  -3  -3  -1   0   4   33   1   0   1   2   1   1   4   0   8  13   0   1   4   0   2   2   1   3  22  0.74 0.47
  180 T     1  -7  -3  -5   1  -7  -6  -3  -6  -3  -3  -7  -2  -2  -7   5   4  -2  -5  -1    9   0   1   1   2   0   0   2   0   1   3   0   1   2   0  45  25   1   0   5  1.26 0.80
  181 G     3  -7  -4  -5   4  -7  -8   6  -4  -6  -7  -6  -8  -8  -5   1   0  -3  -5  -1   20   0   1   1   8   0   0  48   0   0   1   0   0   0   1   9   5   0   0   5  1.34 0.75
  182 D    -1  -7  -2   1   1  -6  -4   3   0  -8  -7  -6  -3  -3  -6   5   1  -8  -4  -6    6   0   2   7   2   0   1  23   2   0   0   0   1   1   0  43   8   0   1   1  1.15 0.73
  183 S     0   2   1   2   0   0   0  -1   1  -3  -1   0  -1  -1  -3   1  -1   3   0  -2    7  12   7  13   2   4   6   5   3   1   7   5   2   3   1  10   4   4   3   2  0.16 0.16
  184 T    -3  -7   0   8  -5  -5  -2  -2  -5  -7  -7  -4  -6  -2  -7  -1  -3  -9  -5  -5    3   0   4  72   0   1   3   3   0   0   1   1   0   2   0   5   2   0   1   1  2.10 1.06
  185 G     0   1   2  -2   1   0  -2   4   2  -5  -4   3  -1  -3  -3   0  -2  -7  -4  -5    7   8   9   2   3   4   2  28   5   1   2  14   2   1   1   6   2   0   1   1  0.54 0.38
  186 R    -1  -1   1  -2  -1   0  -2  -3   1  -1  -1   0  -1   0  -5   2   4  -4  -1  -1    5   3   6   2   1   4   3   2   4   3   7   6   2   4   0  14  26   0   2   5  0.33 0.30
  187 L    -1  -8  -6  -7   1  -5  -4  -5  -6   5   2  -6  -2  -1  -5  -5  -2  -4  -5   5    5   0   0   0   3   1   2   1   0  29  19   0   1   3   1   1   2   0   0  31  1.11 0.58
  188 L    -4   4  -2  -3  -1   0  -2  -3   2  -1  -3   4   0   1  -4  -1  -2   2   0  -1    1  22   2   2   2   4   2   2   4   4   3  24   2   6   1   4   3   2   4   5  0.57 0.39
  189 L    -5  -2  -4  -3  -1  -2  -5  -4  -3   5   4  -4   2   0  -6  -4  -3  -3  -3   3    1   2   1   2   1   2   1   2   1  26  30   1   4   3   0   1   2   0   1  18  0.88 0.48
  190 L    -7  -6 -10  -8   0  -5  -3 -10   1  -1  -2  -7  -6   1  -4  -8  -5  12   2  -3    0   1   0   0   2   1   2   0   3   4   4   0   0   5   1   0   1  65   7   2  3.29 1.47
  191 G    -4  -2   2   7  -4  -3  -1  -2  -2  -7  -6  -2  -9  -7  -5   0  -4 -10  -6  -5    2   3  10  61   0   1   4   4   1   0   1   3   0   0   1   6   1   0   0   1  1.69 0.90
  192 L    -1  -1  -4  -3   0  -2  -4  -3  -1   2   3  -3   2   0   1  -3   1   1  -1   2    5   3   1   1   2   2   1   2   1  10  24   2   5   4   7   2  10   2   2  13  0.32 0.24
  193 D    -3   5   1   2  -6   1   2  -3  -2  -5  -5   2  -6  -7  -1   0  -1  -7  -4  -4    3  30   7   9   0   6  11   3   1   1   1  10   0   0   3   8   3   0   1   2  0.71 0.48
  194 G    -2  -3   1   0  -6  -1  -2   2  -3  -6  -4  -2  -2  -2  -1   3   4   0  -1  -4    3   2   7   5   0   3   3  14   1   0   2   3   1   2   4  19  27   1   2   1  0.58 0.46
  195 H    -1   1   0   0  -4   0   1   3   0  -5  -4   3  -2  -4   0   1  -1  -5  -2  -4    5   8   5   4   0   4   9  22   2   1   2  15   1   1   4  10   4   0   2   1  0.36 0.29
  196 E    -2   1   1  -1   0   2   1  -2  -2  -6  -4   2  -2  -1   2   1   0  -1   0  -2    3   9   6   4   2  10  10   3   1   0   2  13   1   2   9  12   7   1   4   3  0.27 0.27
  197 I    -1  -3  -2  -3   6  -1   0  -3  -3   2   1  -2   1  -2  -1  -1   1  -6  -2   2    6   2   2   1  18   3   5   2   1   9  13   2   3   2   3   5   7   0   1  14  0.47 0.31
  198 F     0   0  -1  -2  -1   0   0  -2   1   1   1   0   0   0  -3   0   1   0   1   1    7   5   3   1   2   4   5   3   4   9  13   5   2   4   0   7   8   1   5  10  0.07 0.09
  199 K    -2   2  -1  -3  -3   0  -1  -2   0  -1  -1   3  -1  -1  -3   0   3  -4   0   0    2  12   3   1   1   4   5   4   2   3   5  16   1   2   2   8  18   0   4   7  0.29 0.27
  200 E    -3  -2  -1  -4   0  -2  -1  -5  -3  -1   3  -3   0   4  -3   0   2   0   1  -1    2   2   3   1   2   2   5   1   0   4  27   2   2  16   1   8  13   1   5   3  0.45 0.33
  201 K    -2   2   0   0  -4   1   2  -2   2  -1  -1   1  -2  -2  -1   1   1  -5  -2  -1    3   9   4   5   0   7  11   2   5   4   7   7   1   2   4  12   8   0   1   5  0.15 0.17
  202 L     1  -3  -2  -3  -2  -2   0   5  -4  -2  -2  -3   1  -3  -2  -1  -2   0  -6  -1   11   2   2   1   1   2   6  44   0   2   5   2   3   1   3   4   3   1   0   4  0.72 0.47
  203 H    -4  -2  -2  -5  -3  -3  -5  -2  11  -6  -6  -4  -6  -3  -4  -1  -4 -10  -3  -6    2   3   2   1   1   1   1   3  73   1   1   1   0   1   1   5   1   0   1   1  3.00 1.36
  204 K    -3   0   1   2  -3   0   1  -1  -1  -3  -3   1  -3  -3  -3   2   4  -7  -6  -3    2   5   5  11   1   3   9   5   1   1   3   9   1   1   2  16  22   0   0   2  0.43 0.37
  205 A     1  -1   2   3  -4   1  -1   1   2  -6  -6   2  -2  -4  -6   1  -2  -4  -3  -4   13   4  10  18   0   6   4  11   5   0   0  10   1   1   0  12   2   0   1   1  0.50 0.38
  206 K     1  -2  -2   2  -2  -2   1  -1  -3  -3  -3   1  -5  -1   2   1  -1   6   0  -3   11   3   2   9   1   1   8   5   1   2   2   9   0   3  11  10   4  12   3   2  0.40 0.33
  207 V    -6  -6  -6 -10   1  -6  -6 -10 -10   5  -2  -6  -3  -3  -6  -7  -2  -9  -6   7    1   0   0   0   3   0   1   0   0  27   4   1   1   1   1   0   3   0   0  56  1.86 0.91
  208 T    -3   2   3  -3   0  -1  -2  -1  -1  -2   0   1   0  -1  -4   1   2   1   0  -1    1  13  12   1   2   2   2   4   1   2   9   8   3   3   1  10  15   2   4   5  0.26 0.25
  209 H     2  -2  -4   2   6  -2  -3   1   1  -6  -6  -2  -4  -7  -7   4   0  -8  -3  -4   15   2   1  11  15   2   1   9   4   0   1   3   1   0   0  27   6   0   1   2  0.84 0.56
  210 A    -2  -7  -9  -9   3  -6  -7  -6  -9   3   3  -8   1  -2  -8  -4  -2  -8  -7   6    4   0   0   0   5   0   0   1   0  14  22   0   3   2   0   2   2   0   0  43  1.29 0.68
  211 E     3   2  -2   2   3   1  -1  -5   0  -5  -4   1  -2  -5  -6   2  -1  -7  -3  -1   24  11   1  10   6   5   4   1   2   0   2   8   1   0   0  17   3   0   1   4  0.53 0.42
  212 F    -4  -6  -7 -10   2  -9  -9  -8  -5   0  -1  -8  -2   7  -2  -5  -4   9   1   0    2   1   0   0   3   0   0   0   0   6   5   0   1  38   3   1   2  26   5   6  1.95 0.94
  213 N    -2  -3   4   2   3  -2  -4  -4   5  -3  -4  -4  -3  -2  -5   5  -3  -8  -3  -3    3   2  19   9   5   2   1   1  11   2   2   1   1   2   1  34   2   0   1   2  0.94 0.61
  214 P    -2  -1  -3  -3  -6  -2  -3  -3  -2  -4  -4  -1  -2  -3   8  -1  -2  -3  -3  -4    4   3   2   2   0   2   2   3   1   1   2   4   1   1  62   4   3   1   1   1  1.65 0.87
  215 R    -1  -1   2   3  -1   0  -1  -3   2  -2  -2   0  -2   0  -4   1   1  -3   0  -1    6   4   8  18   1   5   4   2   5   2   4   5   1   5   1  12   9   0   3   5  0.26 0.23
  216 C    -2  -1   3   2   0   1   0   3   2  -3  -4  -1  -2  -5  -5   2  -2  -3  -4  -3    4   4  13  10   2   5   5  23   5   2   2   5   1   1   0  14   2   0   1   3  0.46 0.34
  217 D    -1   2   1   3  -6  -1   2   1  -1  -5  -5   0  -4  -4   3   1   0  -6  -4  -4    6   9   6  15   0   3  11  12   1   0   1   6   0   1  13  10   5   0   1   1  0.40 0.32
  218 W    -3  -1   3  -1  -3   2  -1  -1   4  -4  -2  -1   0   1  -2   0   1   3   3  -3    2   4  13   3   1  11   4   4   9   1   4   4   2   6   2   8   9   3   9   1  0.35 0.27
  219 L    -3  -2  -4  -6   1  -1  -2  -5  -1   3   3  -3   1   1  -6  -3  -2  -1   4   2    2   3   1   0   3   4   3   1   2  13  30   2   3   4   0   3   2   1  11  12  0.56 0.33
  220 M    -6  -9 -10 -10  -5  -9  -9 -10  -9   4   5  -9  -1   5  -9  -6  -8  -5  -4   2    1   0   0   0   0   0   0   0   0  19  46   0   2  19   0   1   0   0   1  12  1.59 0.79
  221 A     6  -6  -6  -6  -1  -4  -6  -4  -6   1  -1  -5  -1  -3  -5  -1  -4  -3  -3   3   52   0   0   1   2   1   1   1   0   7   6   1   1   1   0   4   1   0   1  19  1.18 0.64
  222 T    -1  -8  -7  -8  -2  -8  -8  -8  -9  -5  -7  -8  -8  -4  -8   6   6 -10  -9  -2    6   0   0   0   1   0   0   0   0   1   1   0   0   1   0  51  37   0   0   3  1.93 1.10
  223 S     4  -5  -5  -8   6  -8  -8   5  -9  -5  -7  -8  -8  -7  -8   1  -3  -9  -9  -2   26   1   0   0  15   0   0  41   0   1   0   0   0   0   0  10   2   0   0   3  1.55 0.85
  224 S    -1  -7  -3  -5   0  -7  -8   3  -3  -7  -8  -8  -5  -6  -9   7  -3 -10  -6  -6    5   0   2   1   2   0   0  19   1   0   0   0   0   0   0  67   2   0   0   1  1.92 1.09
  225 V     0   2   0   2  -1   0   0  -1   1  -2   0   0  -1   0  -4   0  -1   2   2  -1    9  10   5  12   1   4   5   5   3   2   9   4   2   3   0   7   4   3   7   4  0.12 0.13
  226 D    -9  -4  -3   9  -5  -8  -3  -7  -9 -10 -10  -5 -10 -10  -9  -4  -6 -10  -7 -10    0   1   1  90   0   0   1   0   0   0   0   1   0   0   0   2   0   0   0   0  3.18 1.46
  227 A    -2   3   2  -1   2   1  -2   3   2  -7  -5   3   0  -3  -3   0  -1  -1  -3  -6    3  13   8   3   3   6   2  20   4   0   1  18   2   2   1   7   4   1   1   0  0.49 0.37
  228 T    -3  -1   0  -3   0  -1  -4  -5  -1  -2  -2   0  -1  -3  -7   2   6  -5  -2  -1    2   3   4   2   2   3   1   1   1   2   4   6   2   1   0  12  47   0   1   4  0.98 0.66
  229 V    -1  -9  -5  -9   3  -9  -8  -7  -7   5   1  -9   0  -4  -8  -5  -3  -9  -8   5    6   0   1   0   6   0   0   0   0  30  11   0   2   1   0   1   2   0   0  39  1.48 0.75
  230 K    -3   6  -1  -8  -3  -2  -6  -6   0  -1  -3   5  -1  -3  -6  -3  -2   2   2  -3    3  35   3   0   1   2   0   0   2   4   3  30   2   1   0   2   2   3   5   2  1.18 0.70
  231 L    -5  -6  -8 -10  -1  -3  -9  -9  -6   5   4  -9   0   0  -9  -8  -4  -8  -1   3    1   1   0   0   1   2   0   0   0  33  33   0   2   4   0   0   1   0   2  20  1.40 0.71
  232 W   -11 -11 -12 -13  -5  -6 -12  -9  -4 -11  -3 -12  -7   1 -12  -9  -9  13   4 -11    0   0   0   0   0   1   0   0   0   0   3   0   0   6   0   0   0  78  11   0  4.47 1.90
  233 D    -6  -2   2   8  -6  -3   0  -6  -2  -8  -7  -3  -8  -6  -7  -1  -3  -8  -5  -5    1   3   8  67   0   1   6   1   1   0   1   2   0   0   0   4   2   0   0   1  1.99 0.99
  234 L    -1  -4  -4  -4   0  -2  -3  -3  -4   3   3  -4   3  -2   0  -2   0  -1  -1   2    6   1   1   1   2   2   2   2   0  14  31   1   6   2   4   3   6   1   2  13  0.49 0.29
  235 R    -1   6  -1   1  -2   1   0  -4  -1  -4  -3   0  -4  -2  -1   0  -2  -5  -4  -3    6  41   4   7   1   5   5   1   2   1   2   5   0   2   3   7   3   0   1   2  0.80 0.45
  236 N    -1   0   3   1  -4   1  -1  -1  -1  -2  -3   2   1  -2  -2   1   3  -4  -3  -2    6   4  16   6   0   6   4   5   2   2   2  10   4   2   2  11  15   0   1   2  0.30 0.24
  237 I     0  -2  -1   0  -1  -2  -1   3  -1   1   1  -1   0   1   0  -1   0  -2  -2   0    7   2   3   5   2   2   3  20   1   7  15   3   3   5   4   5   6   0   1   6  0.11 0.10
  238 K    -2   2   1   0  -3   1   1   0   1  -3  -4   3  -2  -4  -2   1   2  -2  -2  -2    3  10   6   6   1   5   9   6   3   2   2  17   1   1   2  12  10   1   1   3  0.29 0.25
  239 D    -1  -1   1   1   4   0   1   0  -2  -3  -2   0  -2  -2   2   1   1  -1  -4  -2    4   3   6   9   9   3   9   6   1   1   5   7   1   2  11  10   7   1   1   3  0.23 0.20
  240 K    -1   0  -1  -2  -1  -1   0  -1  -2   0   0   2   0   0   2   0  -1   2  -1   1    6   5   3   2   1   3   6   5   1   5   9  14   2   4  10   7   4   3   2   9  0.09 0.10
  241 N     1   0   0  -1   0   1   1   0   2  -1   0   1   0  -2  -1   0   0  -2  -1  -1   11   5   5   3   2   7   8   8   4   2   8  10   2   2   3   8   4   1   2   5  0.07 0.08
  242 S     0  -2  -1  -2   4   0   1  -3   2  -1  -3   0  -3  -3   2   2   3  -1  -2  -2    6   2   2   3   8   4   9   2   5   3   3   5   0   1  12  14  16   1   1   3  0.33 0.29
  243 Y    -3  -3  -2  -4   0  -1  -2  -4   1   2   2  -1   0   2   0  -2   1   1   2   2    2   1   2   1   2   2   3   1   3  11  22   4   2   9   4   3   8   2   6  12  0.27 0.20
  244 I     0   0  -1  -2   1   0  -1  -2  -1   1   1   0   2   2  -2   0   0  -1   0   1    9   6   3   2   3   4   3   2   2   9  14   5   5   8   1   6   6   1   3  11  0.09 0.08
  245 A     0   0  -1   0  -1   0   1  -1  -1  -1  -1   0   0  -1  -1   1   2  -3  -1   1    7   4   3   5   1   5   8   5   2   4   6   6   3   2   2  10  13   0   2  11  0.08 0.10
  246 E    -2  -3  -1  -1  -1  -1   1   0  -1   0   3  -1   1   2  -1   0   1  -3  -1   0    3   1   2   3   1   3   9   6   1   4  27   3   3   8   3   8   7   0   2   5  0.17 0.15
  247 M    -1   1  -1   0  -2   1   1  -1   1   0   0   1   1  -1  -1   0   1  -2   0   0    4   7   2   4   1   5  10   5   3   4   9   9   4   3   3   6  11   1   4   5  0.06 0.08
  248 P     1  -3  -1   1  -4   0   1   5   0  -4  -4  -2  -5  -4   0  -1  -3  -6  -4  -5   12   2   4   7   1   4  10  40   2   1   2   3   0   1   4   5   2   0   1   1  0.70 0.44
  249 H    -5  -5   0  -3  -4  -3  -3  -7  10  -8  -5  -5  -2  -2  -6  -1  -1  -3  -1  -4    1   1   4   2   1   1   2   1  68   0   2   1   1   2   0   6   4   0   2   1  2.74 1.21
  250 E    -2   0   0   1  -3   2   2   0  -1  -3  -4   1  -3  -4  -3   2   3  -6  -4  -2    3   6   4   9   1   9  13   7   2   2   2   8   1   1   1  13  16   0   1   3  0.34 0.30
  251 K     0   0   2   2  -3   1  -1   2   2  -4  -2   2  -1  -2  -3   1  -2  -3  -3  -3    8   6   8  12   1   5   4  13   6   1   5  11   2   2   1  11   3   0   1   2  0.24 0.21
  252 P     0   0  -1   1  -4   1   0   0  -4  -3  -3   0  -3  -1   3   1   0   5   0  -1    8   5   2   7   0   5   7   7   0   1   2   5   1   2  14  11   6   8   3   5  0.27 0.26
  253 V    -4  -8  -7  -9  -1  -7  -8  -7  -6   4  -1  -7  -3  -2  -6  -6  -1  -2  -5   7    1   0   0   0   1   0   0   1   0  21   6   0   1   2   1   1   4   1   0  61  1.83 0.89
  254 N    -2   1   3  -2   1  -1  -1  -3  -2  -3   0   1  -1   1  -4   1   3   4   1  -3    3   8  12   2   3   2   4   2   1   1   9   7   2   5   1  12  15   6   4   1  0.32 0.29
  255 A     1  -1  -1   1   6   0  -3   0   0  -3  -6  -1  -3  -3  -5   4  -1  -1  -2  -2   10   4   3   8  16   5   1   6   2   2   0   4   1   1   1  27   4   1   2   3  0.64 0.45
  256 A     0  -6  -7  -8   4  -5  -7  -6  -8   3   3  -5   0  -4  -6  -3  -3  -8  -5   5    9   0   0   0   6   1   0   1   0  13  23   1   2   1   0   2   2   0   0  38  1.12 0.61
  257 Y     2   1  -3   1   4   1  -1  -3   1  -2  -2   1  -2  -4  -5   2   0  -6   0  -1   17   6   1   8   9   5   4   2   3   2   4   8   1   1   0  15   6   0   3   5  0.33 0.28
  258 F    -5  -7  -7  -9  -2  -8  -7  -7  -8  -2  -2  -7  -3   7  -2  -5  -5  10   2  -1    1   0   0   0   1   0   0   1   0   2   5   0   1  38   2   1   1  34   5   4  2.37 1.10
  259 N     0  -3   3   1   3  -3  -3  -5   5  -4  -3  -5  -4  -2  -4   5  -1  -4  -3  -4    7   2  11   8   6   1   2   1  13   1   3   1   0   2   1  35   3   0   1   1  0.88 0.55
  260 P    -3  -2  -3  -2  -3  -1  -3  -2  -1  -4  -2  -1  -3  -3   7  -1  -2   2  -3  -3    3   3   2   2   1   3   2   4   2   1   4   4   1   1  55   4   3   2   1   2  1.33 0.62
  261 T     0   0   2  -1  -2   1  -1  -2   3  -1  -1   0   0  -1  -3   2   1   0  -1   0    6   5   9   3   1   5   5   3   8   4   7   5   2   3   1  14   9   1   2   6  0.13 0.13
  262 D    -2  -2   2   5  -2  -1   1  -2   2  -4  -4  -1  -2  -5  -3   2   0  -6  -3  -3    4   2   8  32   1   3   9   4   4   1   2   4   1   1   1  14   5   0   1   3  0.65 0.42
  263 S     0  -1   1   1  -3  -1   1   4  -1  -6  -6  -1  -4  -4   1   1  -3  -3  -3  -6    7   3   7   7   1   2  11  32   1   0   1   3   1   1   8  11   2   0   1   1  0.59 0.42
  264 T    -1   0   3   1  -1   1   1   0   0  -2  -2   1  -4  -2  -1   1   2  -1  -1  -3    4   6  12   7   1   7   7   8   2   2   3   8   0   2   3   9  12   1   3   2  0.19 0.20
  265 K    -3   2  -3  -5   0   2  -2  -4   3   1   2   0   1   2  -4  -2  -2   0   3   1    1  10   1   0   2   8   2   1   7   8  18   5   3   7   1   3   3   1   9   8  0.34 0.25
  266 L    -6  -7  -9  -8  -1  -8  -9  -8  -4   4   5  -6   1   3  -9  -7  -4  -8  -5   1    1   0   0   0   2   0   0   0   1  22  50   1   3  10   0   0   1   0   0   9  1.47 0.74
  267 L     4  -7  -6  -8   1  -6  -7  -4  -7   1   2  -5  -3  -1  -7  -2  -1  -4  -1   3   35   0   0   0   3   0   0   2   0   7  19   1   1   2   0   4   3   0   2  21  0.89 0.55
  268 T     0  -6  -5  -6   1  -7  -7  -3  -8  -4  -5  -7  -8  -6  -5   6   5  -9  -8  -1    7   0   1   0   3   0   0   2   0   1   1   0   0   0   1  48  30   0   0   5  1.54 0.93
  269 T     3  -7  -1  -6   5  -3  -6   4  -1  -5  -5  -6  -3  -8  -7   2   1  -3  -8   0   24   0   3   0  10   1   0  26   2   1   1   0   1   0   0  15   8   0   0   8  0.89 0.58
  270 D     0  -5  -2  -2   3  -5  -5   4  -5  -7  -7  -6  -8  -5  -6   6  -1  -9  -2  -5    6   1   2   3   5   1   1  26   0   0   1   0   0   1   0  47   4   0   2   1  1.30 0.80
  271 Q     0   1   0   2  -2   0   0   0  -1  -4  -1   0   0   0  -4   0   0   2   3  -3   10   8   4  11   1   5   5   9   2   1   7   5   3   4   1   7   5   3  10   1  0.17 0.18
  272 R    -7  -5   0   8  -6  -5  -2  -3  -6  -9  -9  -3  -6 -10  -6  -3  -4 -10  -9  -6    0   1   4  81   0   1   3   3   0   0   0   2   0   0   1   2   2   0   0   1  2.61 1.24
  273 N    -4   2   4   1   1  -2  -2   3   1  -5  -6   2  -2  -4  -5   1  -3  -5  -3  -6    1  11  20   8   3   2   3  19   4   1   1  13   1   1   1   9   2   0   1   0  0.67 0.46
  274 E    -3   2   0  -2  -4   1  -1  -3  -1  -4  -3   1  -2  -4  -5   2   5  -7  -1  -1    2   9   4   2   0   6   4   2   2   1   3   9   1   1   0  15  32   0   2   5  0.63 0.48
  275 I    -1  -8  -6  -7   1  -8  -8  -9  -8   6   2  -7  -1  -3  -8  -4  -2  -4  -7   5    5   0   1   0   2   0   0   0   0  36  17   0   1   1   0   2   3   0   0  31  1.37 0.69
  276 R    -3   5   0  -4   0  -1  -5  -6   0  -1  -2   5   0  -3  -4  -1  -1  -3   0  -3    2  27   4   1   2   3   0   1   2   4   5  30   3   1   1   4   4   0   4   2  0.84 0.53
  277 V    -3  -5  -7  -7   0  -3  -5  -8  -3   4   3  -6   1   1  -6  -5  -3  -1  -2   4    2   1   0   0   2   1   1   0   1  24  28   1   3   5   0   1   2   1   1  26  1.05 0.55
  278 Y    -8  -8  -6 -10  -9  -7  -9  -8  -5  -3  -3  -9  -6   3  -7  -4  -6  12   4  -4    0   0   1   0   0   0   0   0   0   2   3   0   0  11   0   2   1  65  12   2  3.53 1.54
  279 S    -4  -1   3   7  -5  -3  -1  -5  -3  -3  -6   0  -6  -7  -6   1  -3  -5  -8  -6    2   4  14  51   0   2   4   1   1   2   1   6   0   0   0  10   2   0   0   1  1.43 0.78
  280 S     0  -1  -3  -3   0  -3  -1  -2  -3   2   2  -1   2   0   0   1   0  -4   1   2    8   4   1   1   2   1   4   3   0  10  18   3   5   4   5  10   7   0   4  12  0.16 0.15
  281 Y    -1   2   1   0  -1   0   0   1  -1  -2  -2   1  -2  -2   0   2   0  -1   0  -2    5  13   6   5   1   5   5   9   1   2   4   7   1   2   5  18   5   1   3   3  0.18 0.18
  282 D    -2   1   2   3  -1   0   0  -2   1  -3  -3   1  -3  -3  -3   2   2  -5  -3  -3    3   6  10  16   1   4   6   4   3   1   3   7   1   1   2  17  12   0   1   1  0.36 0.28
  283 W     0  -3  -1   0   0   0  -1   3  -2  -1   0  -1   1   0   1   0  -1   5  -2  -2    7   1   3   5   2   5   3  19   1   4  10   3   3   3   7   6   4   9   2   2  0.25 0.20
  284 S    -1   0   1   3  -2   0   1  -1  -2  -3  -3   2  -2  -3  -2   2   1  -2  -2  -2    4   5   6  14   1   5  10   4   1   2   3  13   1   1   2  15   8   1   1   2  0.26 0.22
  285 K     0  -1   0  -2   5   0  -1  -2  -2  -1   0   2  -1  -1   0   1   0   1  -2   0    8   3   4   2  11   5   4   3   1   4  11  11   1   3   4   9   6   2   1   6  0.16 0.14
  286 P    -1  -1  -1  -1  -2  -1   1  -1  -2   1   1   0   0  -3   4  -1  -2   0  -2   1    4   3   3   4   1   3   8   4   1   9  13   5   2   1  20   5   3   1   1   9  0.25 0.20
  287 D     1   0  -1   0   0   1   0   0   0  -1   0   1   0   0   0   1   1  -2   1  -1   11   5   2   4   2   7   5   6   2   3   8   8   2   3   4   9   8   1   5   4  0.05 0.06
  288 Q     0   0   0  -1   0   1   1   0   1  -1  -2   0  -2  -3   0   1   3  -3  -3   0    6   4   4   3   2   5   8   7   3   4   4   5   1   1   5   9  19   0   1   8  0.15 0.16
  289 I    -2  -1  -3  -3  -2   0   0  -2  -1   1   3  -2   0   2  -3  -2  -1  -1   1   1    3   4   1   1   1   4   7   3   1   9  30   2   2   8   2   3   3   1   4  11  0.30 0.20
  290 I     0   0  -2  -1   1  -2   0  -1  -2   2   0   0   1  -1  -2   0   2  -4   0   1    7   5   2   4   3   2   5   4   1  13   8   5   3   3   2   8  14   0   3   9  0.11 0.11
  291 I    -1   0  -2  -1   1  -2  -1   3  -2   0   0   0  -1  -1   1   0  -1  -3   0   0    5   6   1   3   2   2   5  25   1   5   8   5   2   2   7   6   4   0   3   7  0.19 0.15
  292 H    -3  -2  -1  -2  -4   0   0  -2   9  -2  -2  -1  -3  -2   0  -2  -3  -3   0  -3    3   2   3   3   0   4   6   4  43   3   4   3   1   2   5   4   2   0   3   2  1.30 0.62
  293 P     0  -1   2   1  -2  -1   0   0   1  -2  -3  -1   0  -2   2   1   2  -1  -2   0    9   3  10   6   1   3   7   7   3   2   2   4   2   2  10   8  13   1   1   6  0.17 0.16
  294 H    -1  -1   3   1   1  -1  -1  -1   5  -1   0  -1  -2  -2  -2   0  -1   0  -1  -1    6   3  15   9   3   3   3   4  15   4   8   5   1   2   2   6   4   1   2   4  0.32 0.20
  295 R    -1   2   2   0  -3   2   1  -1   1  -2  -1   1  -1  -2  -1   0   0  -3  -2  -1    5  11   8   5   0   9  10   4   3   3   6   9   1   2   3   7   6   0   2   4  0.15 0.12
  296 Q    -1  -1  -1  -1   0   1   0   0   2  -1  -2   1  -2   0   1   1   3  -3  -2   1    4   2   3   4   2   7   5   6   4   3   4   7   1   4   6   9  16   0   1  10  0.13 0.13
  297 F    -1  -2   1  -1  -1  -1  -2   3   1  -1  -2  -1  -1   2  -2   0   0  -1   1  -1    5   3   7   3   1   3   3  24   3   4   4   3   1   8   2   7   6   1   5   5  0.22 0.14
  298 Q     0   2   0  -1   0   3   0   0   2  -1  -2   1  -1  -2   0   0   0   0  -1   0    7  10   5   3   2  12   5   7   4   3   3   8   1   2   4   6   7   2   2   7  0.13 0.11
  299 H    -2  -1  -1  -1   4  -1   0   0   5  -2  -1  -1  -3  -1  -1   1  -1   6  -1  -1    4   4   3   4   7   2   6   7  12   3   5   5   1   2   3  10   4  11   2   4  0.40 0.22
  300 L     0  -2   0  -1   1  -1  -1  -1  -1   0   1  -1  -1  -1  -1   1   0  -1  -2   2    6   2   4   4   3   3   4   4   1   4  16   3   2   3   3  13   7   1   1  15  0.12 0.10
  301 T     1   0   0  -1   3  -1  -3  -2  -1  -1  -1   0   0  -2  -1   1   3   0  -1   0   13   6   5   4   5   3   2   3   2   3   6   5   2   2   3  10  17   1   2   6  0.18 0.15
  302 P     0   0  -1  -1   0  -1  -1  -1  -2   2   0  -1  -2  -2   1   0   1   1  -2   2    6   5   3   4   2   3   3   5   1  13   7   4   0   2   7   7   8   2   1  15  0.12 0.10
  303 I    -1  -2  -1  -3   0  -3  -3  -3   0   2   2  -3   0   3  -2  -1   0   1   1   1    5   2   4   1   2   1   2   2   2  12  21   2   2  13   2   5   5   2   4   9  0.28 0.16
  304 K    -1   2   0   1   1   1   0  -2  -1  -2  -3   2  -3  -2  -2   3   0  -4  -2  -2    5  10   5   7   3   5   7   4   1   2   3  12   1   2   2  20   6   0   2   3  0.25 0.20
  305 A     2  -3  -2  -1   2  -3  -2   1  -4   1   1  -2  -1  -1   0  -1  -1  -2  -2   2   17   1   2   3   4   1   3  10   0   7  13   2   1   3   6   5   3   1   2  16  0.20 0.14
  306 T     1   0  -1   1   1   2  -1  -2   4  -2  -2  -1  -1  -2  -3   2   0  -3  -3   0   10   5   3   8   3   8   4   3   9   2   4   4   2   2   1  16   7   0   1   8  0.23 0.18
  307 W    -3  -3  -1  -3  -4  -2  -3   0  -1  -3  -2  -2   0   5  -4  -3   0  10   1  -2    3   2   3   2   0   2   2   7   2   2   5   3   2  18   1   3   5  30   5   3  1.31 0.61
  308 H    -1  -1   2   2   0   1   0  -2   6  -4  -4  -2  -4  -3  -5   3  -1  -5  -2  -3    5   4   9   9   2   7   6   3  18   1   2   2   1   1   1  21   4   0   1   2  0.67 0.40
  309 P    -1  -1  -1  -3  -2  -1  -1  -2  -1  -3  -3  -2  -3  -4   7   0  -1   2  -1  -3    5   3   3   2   1   3   4   4   2   2   4   3   1   1  45   7   3   3   2   2  0.99 0.58
  310 M    -1   1   1   3   0   1   0  -2   2  -1  -1   1  -1  -2  -3   0   1  -4  -2   1    5   6   7  15   2   5   5   4   5   4   5   7   2   2   1   8   7   0   1  10  0.16 0.13
  311 Y    -1  -1   0  -1  -2   0   1   3   0  -1  -1   0  -2   0  -1   0  -2   0   1  -2    5   4   5   4   1   4  10  25   3   3   5   5   1   4   3   7   3   1   4   3  0.22 0.17
  312 D    -1   0   2   2  -1   0   0  -1   2  -2  -2   1  -4  -3   1   1  -1  -5  -1  -1    5   5   9  13   1   5   5   5   5   2   5   8   0   1   7  11   4   0   2   4  0.19 0.16
  313 L    -1  -2  -1  -3   3  -2  -2  -2  -1   2   2  -1  -1   0  -4   0  -1   3   2   2    5   3   3   2   6   2   2   3   2  12  16   4   2   3   1   7   4   4   6  13  0.24 0.15
  314 I     0  -2  -1  -2   0  -2  -4  -4  -3   3   3  -2  -1   2  -2  -1  -2  -3  -2   2    9   2   3   3   2   2   1   2   1  15  24   2   2   8   2   5   2   0   1  13  0.38 0.22
  315 V     2  -3  -3  -4   3  -3  -4  -3  -4   2   1  -4   0   3  -4   0  -1   0  -2   3   15   2   1   1   5   1   1   3   0  10  14   1   2  12   1   6   4   1   2  17  0.43 0.25
  316 A     2  -4  -1  -2   2  -3  -4  -2  -4   0  -1  -4  -2  -3  -4   4   1  -2  -5   2   14   1   3   3   4   1   1   3   0   5   6   1   1   2   1  29   9   1   0  13  0.51 0.35
  317 G     2  -2  -1  -2   2  -2  -3   4   0  -3  -2  -2  -3  -2  -2   2   0   0  -5  -3   18   2   4   2   4   2   2  28   2   2   4   3   1   2   2  12   6   2   0   2  0.47 0.31
  318 R     0   2  -1  -1   2   0  -2   0   1  -2  -1  -1  -2   1  -1   2   0   0   0   0    9  11   3   4   4   4   3   6   3   2   7   3   1   5   3  17   5   1   3   6  0.12 0.10
  319 Y    -1  -2   1   0   1  -1  -2   0   1  -1  -1  -2  -2   2  -1   3  -1   0   2  -1    6   2   6   6   2   3   2   8   3   3   6   3   1   9   3  19   5   1   7   4  0.19 0.13
  320 P     0  -1   0   1  -2  -1   0   0   1  -1  -1   0   0  -1   3   1  -1  -1  -1  -2    7   3   4   8   1   3   6   7   3   4   5   6   3   3  17   9   4   1   2   3  0.17 0.11
  321 D    -1   0   2   4  -2   1  -1  -1  -1  -2  -2  -1  -2  -2   1   1  -1  -2  -2  -2    5   6   8  24   1   6   5   5   1   2   4   4   1   2   8   9   4   1   2   3  0.36 0.20
  322 D    -1   0   0   1  -1  -1   0   3  -1  -1   0  -1  -1   0   0  -1   0  -2   1  -1    5   4   4   9   2   3   6  18   2   4   8   4   2   4   5   5   5   1   4   5  0.10 0.06
  323 Q    -1   1   1  -2  -1   0  -1   0   0   1   1   0  -1   1  -2   0   0  -2  -1   0    5   8   6   2   1   5   5   8   3   8  15   6   1   5   2   6   6   1   2   5  0.05 0.03
  324 L     2  -2  -3  -3   2  -2  -3  -2  -2   1   2  -2   1   1  -3  -1  -2  -1   3   1   16   2   1   2   4   2   2   3   1   8  18   3   3   5   1   4   3   1  10  10  0.30 0.15
  325 L    -1  -2  -1  -2   2  -2  -3  -2  -2   2   1  -3   1   0  -1   2   3  -1  -1   1    5   2   3   3   3   2   2   3   1  12  11   2   3   4   3  15  14   1   2   9  0.24 0.14
  326 L     2  -3  -3  -3   1  -3  -3   4  -4  -1   0  -3   0  -1  -1   0  -1   0  -3   2   17   2   2   1   3   1   2  25   1   3   8   2   3   2   3   6   4   2   1  12  0.39 0.21
  327 N     1  -5   1  -3   0  -3  -3   0   0  -3  -3  -3  -4  -3  -5   6   0  -1  -1  -4   11   1   6   2   2   1   2   7   2   2   3   2   1   1   1  46   6   1   3   2  0.90 0.54
  328 D     1   1   0   3  -4  -1   2   0   2  -4  -3  -1   2  -4  -3   1  -2   1  -3  -3   10   6   4  17   0   3  13   9   5   1   3   4   5   1   1   9   2   2   1   2  0.33 0.24
  329 K    -4  -5   1   7  -7  -4  -2  -2  -5  -5  -3  -2  -6  -3  -1  -1  -4  -4  -5  -5    2   1   7  62   0   1   3   3   0   1   3   3   0   1   4   5   1   0   1   1  1.73 0.85
  330 R    -3   4   1  -2  -1  -1  -1   2   3  -5  -5   4  -3  -3  -2   0  -3  -5  -4  -4    3  20   7   3   1   3   5  15   6   1   2  20   1   1   2   6   2   0   1   1  0.64 0.39
  331 T    -2  -1  -1  -3   2   1  -4  -3   1  -2  -2   0   1   0  -3   1   5  -5  -3  -2    4   3   3   2   4   5   1   2   3   2   5   6   3   4   2  10  36   0   1   3  0.67 0.44
  332 I    -2  -5  -4  -7   1  -7  -7  -4  -3   6   1  -5   0  -3  -5  -4  -4  -5  -5   5    4   1   1   0   3   0   1   2   1  33  12   1   2   1   1   2   2   0   0  33  1.26 0.60
  333 D    -4   5  -1   1   0   0  -1  -4   2  -3  -2   4  -4  -3  -5  -2  -3  -1   1  -4    2  31   3   7   2   4   4   1   5   2   4  22   1   1   1   3   2   1   5   1  0.85 0.50
  334 I    -6  -6  -7  -7   2  -4  -8  -6  -4   6   3  -3  -2   2  -7  -5  -3  -8  -1   4    1   0   0   0   3   1   0   1   1  33  22   2   1   7   0   1   2   0   2  22  1.20 0.60
  335 Y    -8  -8  -8 -11  -6 -10  -7  -8  -3  -2  -4  -7  -3   4 -11  -6  -5  12   4  -6    1   0   0   0   0   0   1   0   1   3   2   0   1  12   0   1   1  64  12   1  3.59 1.60
  336 D    -4  -1   3   7  -3  -4   0  -4   2  -7  -7  -2  -6  -7  -3  -1  -3  -9  -7  -7    2   4  11  55   1   1   7   2   4   0   1   2   0   0   2   6   2   0   0   0  1.58 0.85
  337 A     1  -1  -2  -3   1  -2  -3  -2  -4   1   2  -1   1  -1   0   0   2  -1   0   1   10   4   2   2   3   2   1   3   0   6  20   3   3   2   5   8  10   1   3  11  0.18 0.16
  338 N    -1   3   2   1  -6   2   1  -3   1  -4  -3   1  -2  -2  -3   2   0  -7  -2  -2    4  15   8   8   0   9  10   2   4   1   4   7   1   2   2  12   5   0   2   3  0.32 0.27
  339 S    -2  -1   2   0  -2  -1   0  -2  -3  -3  -4   0  -2  -5  -3   3   5  -3  -5  -4    4   4   8   5   1   2   7   4   1   2   2   6   1   1   2  22  27   0   0   2  0.59 0.44
  340 G    -2   0  -1  -1  -1   1  -3   5  -2  -5  -4   0  -2  -2  -1   0  -3   0  -1  -4    4   5   3   3   2   5   2  45   1   1   2   6   1   2   3   8   2   1   2   1  0.78 0.49
  341 G    -2   2   2   0  -7   3   2  -3   0  -4  -5   4  -1  -4  -4   0   0  -2  -5  -3    4   9   8   5   0  14  13   3   2   1   2  20   2   1   1   7   6   1   1   2  0.52 0.39
  342 L    -2   0  -1  -4   7   1  -2  -3  -2   1   2  -1   1  -3   0  -1  -2   0  -4   0    3   6   3   1  19   7   3   3   1   7  17   4   3   1   6   5   2   1   1   6  0.49 0.31
  343 V    -1  -2  -4  -6  -3  -3  -1  -6   0   3   3  -1   1  -3  -1  -3  -2  -4  -2   4    5   3   1   0   1   1   5   1   2  15  23   4   3   1   3   2   3   0   2  26  0.61 0.35
  344 H     1   1   0  -2   3   2   0  -2   5  -4  -2   1   0  -2  -3   0  -1  -1   0  -3   13   8   4   3   5   8   7   3  14   1   5   9   2   2   1   6   4   1   4   2  0.33 0.25
  345 Q    -2   0   0  -2  -3   1   1  -3  -2  -2  -3   0  -1  -5  -4   3   4  -4  -6   1    3   5   4   2   1   6   9   2   1   3   2   6   2   1   1  18  26   0   0   8  0.51 0.40
  346 L    -3  -3  -5  -6   1  -4  -6  -6  -2   1   4  -4   2   4  -6  -5  -2  -2   2   1    3   2   1   1   3   1   0   1   1   8  38   1   5  16   0   1   3   1   7   8  0.90 0.48
  347 R    -1   1   0   0   1   0   0   0   1  -1  -1   1   1   0  -2   1   1   1   0  -1    5   7   4   4   3   3   4   9   3   3   6  10   4   4   2  10   7   2   3   4  0.05 0.05
  348 D    -1  -1   0   2  -2   0   0   3   0  -1   0   0  -2   0  -2  -1   0   1  -2  -2    6   4   4  11   1   3   6  22   2   3   9   5   1   4   3   5   5   2   1   3  0.16 0.11
  349 P    -1  -2   1   2  -3   1   2  -1   3  -1  -3   0  -3  -3   2   0   1  -5  -3  -1    4   2   6  10   1   5  11   5   7   3   3   6   1   1  12   8   8   0   1   5  0.24 0.20
  350 N     1  -1   1  -2   0  -1  -1   5   4  -5  -4   0  -3  -3  -2  -1  -2  -6  -2  -3   11   3   5   3   2   3   4  35   9   1   2   5   1   1   3   5   2   0   2   2  0.60 0.39
  351 A    -1  -2   0  -4  -2  -5  -2  -3   9   1  -2  -1  -1  -4  -6   0  -2  -8  -3  -1    6   2   4   1   1   0   3   2  46   6   5   3   2   1   1   8   3   0   1   5  1.49 0.77
  352 A     0  -1   1   0  -6   0   1   1  -2  -2  -1   0  -3  -4  -3   2   3  -3  -4  -1    7   4   6   5   0   5   9  11   1   3   6   5   0   1   2  13  18   0   1   4  0.24 0.24
  353 G     1   0   2   2  -1   0  -2   3   3  -4  -5  -1  -4  -3  -2   1  -1   0  -3  -2   10   4   8  13   1   4   2  20   6   1   1   4   0   1   2  11   4   1   1   3  0.35 0.28
  354 I    -1   0  -2  -1  -1  -1  -1  -2  -4   2  -1  -4  -2   2   2  -1  -1   4   1   3    6   5   2   3   1   3   5   3   0  11   6   1   1   7   9   4   3   6   4  20  0.29 0.23
  355 I    -1  -4  -3  -4   3  -6  -4  -3  -5   3  -1  -4  -3  -1   1  -1  -1   1  -1   5    5   1   1   1   5   0   2   2   0  14   6   1   0   2   7   5   3   2   2  38  0.76 0.46
  356 S     0   0   2  -2   1  -1  -2  -3   1  -3  -2  -2  -2   0  -2   3   2   3   0  -2    7   5   9   3   3   3   2   2   3   2   4   3   1   4   3  23  13   4   4   3  0.34 0.31
  357 L     0   0  -3  -2   5  -3  -4  -1  -2   0   1  -3  -2  -2  -5   3   0  -1   0   2    8   5   1   3  12   1   1   5   1   5  11   2   1   2   0  19   5   1   3  13  0.38 0.29
  358 N     0  -4   0  -3   5  -4  -4  -5  -3   1   2  -4   1  -4  -4  -1  -1  -2  -5   4    9   1   4   2  11   1   1   1   1   7  20   1   3   1   1   6   4   1   0  25  0.66 0.38
  359 K     4   0  -2   2   2   0   0  -2  -3  -3  -4   1  -3  -4  -4   1  -1   3  -4  -1   27   5   2  10   3   4   6   4   1   2   2   8   1   1   1  11   3   4   1   5  0.40 0.32
  360 F    -3  -7  -3  -4   2  -3  -6  -5  -4  -3  -1  -8   0   7  -3  -3  -3   8   0  -1    3   0   2   1   4   1   1   2   0   2   7   0   2  43   2   3   2  17   3   5  1.65 0.81
  361 S    -1  -3   3   2  -3  -1  -4  -4   7  -7  -4  -3  -3  -5  -5   4  -2  -4  -3  -4    6   2  12   9   1   2   1   1  25   0   2   2   1   1   1  28   3   0   1   2  1.16 0.68
  362 P    -2  -1  -4  -1  -5   0  -2  -5  -2  -5  -5  -1  -7  -5   7  -1  -3  -3  -3  -5    4   4   1   4   0   4   3   1   1   1   2   4   0   1  59   6   2   0   1   1  1.59 0.91
  363 T    -3  -3   2   5  -1  -1   0  -1   0  -3  -4  -2  -1  -3  -4   2   3  -8  -3  -4    2   1  10  26   1   2   6   5   2   2   2   3   2   1   1  16  14   0   1   2  0.61 0.44
  364 G    -2   2   0   0  -2   0   0   5  -2  -4  -1   0  -2  -3  -3   0  -4  -3  -3  -4    4  10   4   6   1   5   6  37   1   1   6   5   1   1   1   6   1   0   1   1  0.56 0.39
  365 D    -3   1   3   1  -3   1   0  -1   1  -4  -2   1  -1  -2   0   0   0  -6   3  -4    2   9  14   8   1   7   7   4   3   1   5   9   2   2   6   7   6   0   8   1  0.26 0.24
  366 V    -3  -2  -5  -7   2  -2  -4  -7   0   4   3  -5   2   2  -8  -4  -1   5   2   1    3   3   1   0   4   2   1   0   2  19  25   1   4   8   0   1   4   7   7   8  0.74 0.43
  367 L    -2  -9 -10  -8  -2  -9  -8  -8 -10   4   5  -9   0   2 -10  -8  -5  -9  -5   3    4   0   0   0   1   0   0   0   0  17  48   0   2   8   0   0   1   0   0  18  1.43 0.74
  368 A     5  -8  -7  -7   2  -8  -6  -5  -8   0  -2  -8  -2  -2  -8   3   2  -9  -3   2   41   0   0   0   4   0   0   1   0   5   5   0   1   2   0  18  12   0   1  11  1.05 0.68
  369 S     1  -8  -7  -8   2  -8  -7   3  -6  -5  -6  -6  -8  -7  -7   5   3 -10  -7  -2   12   0   0   0   4   0   0  22   0   1   1   1   0   0   0  38  18   0   0   3  1.28 0.81
  370 G     2  -7  -4  -5   2  -9  -6   6  -4  -7  -9  -8  -6  -6  -9   2  -2 -10  -3  -3   17   0   1   1   3   0   1  56   0   0   0   0   0   0   0  12   3   0   1   2  1.55 0.87
  371 M     0  -2   0   1   0  -1  -1  -2   1  -6  -2   0   2  -4  -7   5   1  -2  -4  -3    7   3   5   7   2   3   4   4   3   0   4   5   5   1   0  37   8   1   1   2  0.60 0.48
  372 G    -1  -7  -3   8 -11  -4   0   0  -5  -8  -8  -4 -10  -8  -9   0  -5 -11  -5  -9    5   0   1  67   0   1   5   9   0   0   1   2   0   0   0   6   1   0   1   0  2.04 1.07
  373 F    -2   2   3   3   1   0  -2   2   0  -8  -7   2  -1  -1  -3   1  -4  -8  -1  -7    3  10  14  18   2   4   3  13   3   0   0  12   1   2   1  10   1   0   3   0  0.57 0.42
  374 N    -2   0   3  -2  -1   0  -3   2   0  -4  -3   0   1  -3  -7   2   4  -8  -4  -3    3   5  11   2   1   5   1  14   2   1   3   5   3   1   0  13  26   0   1   2  0.55 0.44
  375 I    -2  -4  -9  -9   2  -8  -7  -7  -5   6   2  -2   0  -4  -9  -4  -2  -9  -7   5    3   1   0   0   3   0   0   1   0  36  15   3   2   1   0   1   3   0   0  30  1.29 0.67
  376 L    -3   5  -1  -7   2  -1  -5  -5   0   0   0   4  -2  -1  -8  -3  -3  -3   0  -3    3  32   3   0   4   3   0   1   2   4   9  25   1   3   0   2   1   1   3   3  0.91 0.57
  377 I    -5  -6  -9 -10   2  -6  -7  -7  -7   6   3  -7   0   1  -9  -8  -5  -8  -4   4    1   1   0   0   4   0   0   0   0  34  28   0   2   6   0   0   1   0   1  21  1.41 0.71
  378 W    -9 -12 -13 -14  -6 -12 -12 -12  -5 -12  -7 -12  -7   0 -13 -12 -12  13   2  -8    0   0   0   0   0   0   0   0   0   0   1   0   0   3   0   0   0  88   6   0  5.08 2.13
  379 N    -3   2   3   6  -5  -1  -1  -6  -3  -9  -6   0  -8  -6  -8   1  -3  -5  -6  -6    2  10  14  46   0   2   5   1   1   0   1   6   0   1   0  10   1   0   0   1  1.31 0.76
  380 R    -2   1  -4  -5  -6   1   1  -4  -3   0   1  -1   0  -1   5  -2  -1  -1   0  -1    3   8   1   0   0   5   8   1   1   6  13   3   2   2  31   3   3   1   3   5  0.59 0.44
  381 E    -3   3   0   3  -8   4   4  -5  -2  -6  -5   1  -4  -4  -6  -1  -4  -7  -3  -5    2  17   4  14   0  15  29   1   1   0   1   7   0   1   0   5   1   0   1   1  0.91 0.59
  382 D    -2  -4   2   6  -7   2   4  -1  -3  -7  -7  -1  -6  -7  -4  -2   0  -7  -6  -6    4   0   8  40   0   7  26   4   1   0   0   3   0   0   1   2   5   0   0   0  1.11 0.62
  383 T     4  -4  -3  -4  -3  -3  -3  -3  -4  -4  -4  -3  -4  -5  -4   3   5  -5  -5  -3   42   0   0   0   0   0   0   0   0   0   0   0   0   0   0  18  40   0   0   0  1.13 0.57

                      K         Lambda
Standard Ungapped    0.1353     0.3199
Standard Gapped      0.0373     0.2670
PSI Ungapped         0.1219     0.3173
PSI Gapped           0.0373     0.2670
