
Last position-specific scoring matrix computed, weighted observed percentages rounded down, information per position, and relative weight of gapless real matches to pseudocounts
            A   R   N   D   C   Q   E   G   H   I   L   K   M   F   P   S   T   W   Y   V   A   R   N   D   C   Q   E   G   H   I   L   K   M   F   P   S   T   W   Y   V
    1 G     2  -2  -1  -2  -2  -2  -2   5  -2  -3  -3  -1  -2  -3  -2   0  -1  -3  -3  -2   27   0   0   0   0   0   0  73   0   0   0   0   0   0   0   0   0   0   0   0  0.71 0.00
    2 S     1  -1   0  -1  -1  -1  -1   1  -1  -3  -3  -1  -2  -3  -1   5   1  -3  -2  -2    0   0   0   0   0   0   0  10   0   0   0   0   0   0   0  90   0   0   0   0  0.56 0.08
    3 D    -1  -1   3   3  -2   0   1  -2  -1  -3  -3   1  -2  -3  -2   1   3  -4  -3  -2    0   0  20  20   0   0  11   0   0   0   0   9   0   0   0  13  27   0   0   0  0.38 0.07
    4 L    -2  -2   2  -3  -2  -2  -3  -3  -2   0   3  -2   1   3  -3  -1  -1  -2   0   0    0   0  15   0   0   0   0   0   0   0  53   0   0  18   0   7   0   0   0   7  0.31 0.11
    5 T    -2  -2   3   2  -3  -1  -1  -2  -1  -2  -2   0  -2   4  -3  -1   2  -1   2  -2    0   0  18  16   0   0   0   0   0   0   0   8   0  32   0   0  17   0   9   0  0.35 0.12
    6 Y    -2  -1  -2  -2  -3  -1  -1  -3  -1  -2   0   3  -1   1   4  -1   0  -1   3  -2    0   0   0   0   0   0   0   0   0   0  12  28   0   7  24   0   9   0  19   0  0.44 0.12
    7 A     3  -1  -2  -2  -2  -1   1  -2  -2  -3  -2   2   1  -2  -2   1  -1   7  -1  -2   35   0   0   0   0   0  10   0   0   0   0  14   6   0   0  14   0  20   0   0  0.56 0.19
    8 Y    -4  -4  -5  -5  -4  -4  -4  -5  -2  -2   0  -4  -2   4  -5  -4  -4  10   6  -1    0   0   0   0   0   0   0   0   0   0   9   0   0  20   0   0   0  40  28   3  1.66 0.36
    9 L    -3  -4  -5  -5  -3  -3  -4  -5  -4   2   4  -4   2   2  -4  -4  -2   6  -1   1    0   0   0   0   0   0   0   0   0  13  50   0   4  12   0   0   0  13   0   8  0.69 0.21
   10 V     3  -3  -2  -3  -2  -2  -2  -1  -3   1  -1  -2  -1  -3  -3   1   2  -4  -3   4   30   0   0   0   0   0   0   3   0   3   0   0   0   0   0  11  12   0   0  41  0.40 0.20
   11 G    -2  -4  -2  -3  -4  -4  -4   7  -4  -6  -6  -3  -5  -5  -4  -2  -3  -4  -5  -5    0   0   0   0   0   0   0 100   0   0   0   0   0   0   0   0   0   0   0   0  1.89 0.40
   12 L    -3  -4  -5  -5  -3  -4  -5  -5  -4   1   4  -4   0   6  -5  -4  -3  -2   0  -1    0   0   0   0   0   0   0   0   0   3  58   0   0  39   0   0   0   0   0   0  0.94 0.28
   13 Y    -2  -3  -3  -4  -2  -3  -3  -4  -3   3   1  -3   3   2  -3  -1   2  -2   0   2    0   0   0   0   0   0   0   0   0  22   7   0  14  13   0   3  20   0   2  18  0.35 0.16
   14 E    -3  -2  -1   7  -5   1   4  -3  -2  -5  -5  -2  -4  -5  -3  -2  -3  -5  -4  -5    0   0   0  67   0   5  28   0   0   0   0   0   0   0   0   0   0   0   0   0  1.32 0.34
   15 G     2  -3  -2  -3  -3  -3  -3   6  -3  -5  -5  -3  -4  -4  -3   1  -2  -4  -4  -4   17   0   0   0   0   0   0  74   0   0   0   0   0   0   0   9   0   0   0   0  1.20 0.30
   16 D    -3  -3   1   7   1  -1   2  -3  -2  -4  -5  -2  -4  -5  -3  -1  -2  -5  -4  -2    0   0   5  71   4   0  14   0   0   0   0   0   0   0   0   3   0   0   0   3  1.17 0.31
   17 G    -2  -4  -2  -3  -4  -4  -4   7  -4  -6  -6  -3  -5  -5  -4  -2  -3  -4  -5  -5    0   0   0   0   0   0   0 100   0   0   0   0   0   0   0   0   0   0   0   0  1.89 0.40
   18 Y    -1  -2   2  -2   5  -2  -2   0   1  -3  -3  -2  -3  -2  -3   3   1   2   3  -3    0   0  13   0  15   0   0   5   3   0   0   0   0   0   0  34  11   3  16   0  0.47 0.21
   19 F    -3  -4  -5  -5  -3  -4  -5  -5  -4   5   0  -4   1   6  -5  -4  -3  -2   0   0    0   0   0   0   0   0   0   0   0  41   3   0   4  52   0   0   0   0   0   0  1.05 0.31
   20 S    -1   0   0  -2   0   3   0  -1  -1   0  -1  -1   3  -1  -3   1   0  -2   2   1    0   4   3   0   2  22   3   6   0   7   0   0  12   0   0  10   6   0  12  12  0.16 0.14
   21 I    -2  -3  -4  -4  -2  -3  -4  -4  -4   5   1  -3   2   1  -3  -2  -1  -3  -2   4    0   0   0   0   0   0   0   0   0  41   4   0   4   8   0   4   0   0   0  36  0.57 0.20
   22 T     0   0   4  -1  -2   0  -1  -2  -1  -2  -3   1  -2  -3   0   2   3  -4  -3   0    4   3  31   0   0   3   0   0   0   0   0   8   0   0   4  14  23   0   0   7  0.37 0.16
   23 K    -2   0   0  -2  -4   1  -1  -3   4  -3  -3   5  -2   0  -2   0   0  -3  -2  -3    0   0   4   0   0   6   0   0  13   0   0  56   0   5   0   7   4   0   0   0  0.61 0.23
   24 K    -1   3  -1   2  -3   1   0  -2  -1  -1  -1   3  -1  -3  -2   0   1  -3  -2  -2    1  19   1  13   0   4   1   1   0   4   8  29   0   1   1   5  12   0   0   1  0.27 0.12
   25 G     0  -1   1  -1  -2   0   1   3  -1  -3  -3   2   0  -2  -2   1  -1  -3   0  -2    6   1   6   1   0   1   9  28   0   1   1  21   3   0   1  16   1   0   4   1  0.28 0.11
   26 K    -2   1   1   0  -3   0  -1  -2  -1  -3  -1   5  -2  -2  -2  -1  -1   5  -2  -3    1   6   8   5   0   1   1   1   0   1   6  53   0   1   1   1   1  10   1   1  0.53 0.18
   27 Y    -2   1   2  -2  -3  -1  -2  -1   2  -1  -1   0  -2   1  -3  -2  -2   0   6  -2    1  11  14   1   0   1   1   4   5   4   5   4   0   4   1   1   1   0  42   1  0.49 0.18
   28 L     0   0  -1  -2  -2  -2  -2  -3  -2   2   2  -2   1  -1   1  -1   0   2  -1   1    7   8   5   1   0   1   1   1   0  11  34   1   4   1   6   1   4   3   0  12  0.15 0.08
   29 T    -1   2   0  -2  -3   3  -1  -2  -1  -2  -2   0  -2  -1   0   2   1  -2   3  -1    4  14   3   0   0  25   0   1   0   0   3   0   0   0   4  18   9   0  14   4  0.28 0.15
   30 Y    -1  -1  -3  -3   3  -2  -3  -1  -2   0   1  -2   1   4   2  -2  -2  -1   3   0    4   5   0   0   9   0   0   5   0   3  13   0   4  23  10   1   0   0  13   7  0.26 0.11
   31 E    -1   3   1  -1   1   1   2  -2  -1  -3  -3   2  -2  -1  -2   2   0  -3  -2  -3    1  25   5   0   4   4  15   1   0   0   1  11   0   5   0  24   4   0   0   0  0.33 0.14
   32 L    -3  -4  -4  -5  -3  -4  -4  -5  -3   2   3  -4   1   5  -4  -3  -2  -1   2   0    0   0   0   0   0   0   0   0   0  14  42   0   3  33   0   0   0   0   4   4  0.67 0.21
   33 G    -1  -1  -2  -2  -2   2   1   1  -2   2  -1   0  -1  -2  -3   0   1  -3  -2   2    0   3   0   0   0  14  10  11   0  16   0   3   0   0   0   8  10   0   0  25  0.16 0.13
   34 I    -2  -4  -4  -5  -2  -4  -4  -5  -4   5   2  -4   3   1  -4  -3  -2  -3  -2   3    0   0   0   0   0   0   0   0   0  53  19   0   8   4   0   0   0   0   0  16  0.69 0.22
   35 E     0   1   1  -1  -3   0   1  -1  -2  -2  -2   2  -2  -1  -2   1   2  -3  -2   0    6   8   7   0   0   0   9   3   0   0   0  22   0   4   0  10  22   0   0   7  0.22 0.12
   36 L    -2   0  -3  -3  -3   3  -2  -4  -2   0   3  -2   2   3  -3  -2  -1  -2  -1   0    0   4   0   0   0  23   0   0   0   0  42   0   7  15   0   0   4   0   0   6  0.40 0.20
   37 S     0  -1   3  -1  -3   1  -1  -2   5  -3  -3   1  -2  -3  -2   3   0  -4  -2  -3    7   0  21   0   0   4   0   0  20   0   0  11   0   0   0  30   4   0   0   0  0.47 0.19
   38 I    -1   0   2   0  -2  -1  -1  -2  -2   2   2   0   0  -2  -2   0   1  -3  -2   0    0   4  15   4   0   0   3   0   0  16  25   8   0   0   0  10  12   0   0   0  0.13 0.10
   39 K    -2   1   1   0   0   0   2  -3  -1  -3  -2   3   0  -2   0   0   1  -3   1  -2    0   8   9   4   3   0  19   0   0   0   3  27   4   0   3   4   9   0   7   0  0.26 0.13
   40 D    -3   0   4   6  -5  -1   1  -3  -2  -5  -5  -2  -4  -5  -3  -1  -2  -6  -4  -5    0   4  25  66   0   0   5   0   0   0   0   0   0   0   0   0   0   0   0   0  1.25 0.32
   41 V    -1  -1  -2  -2  -3  -1   1  -4   1   2   1  -1   1   1  -3  -2  -2  -1   4   1    3   3   0   0   0   0  17   0   4  18  17   4   3   4   0   0   0   0  19   8  0.21 0.12
   42 Q     0   1   2  -1  -3   3   1  -2  -1  -3  -1   1   0  -1   0   0   0  -3  -2  -2   11   7  15   0   0  22  11   0   0   0   4  10   3   4   4   7   4   0   0   0  0.24 0.12
   43 L    -1  -3  -4  -4   3  -3  -4  -4  -4   3   3  -3   4   0  -4  -3  -1  -3  -2   1    3   0   0   0   9   0   0   0   0  18  42   0  18   3   0   0   3   0   0   4  0.52 0.19
   44 I     0  -3  -4  -5   2  -3  -4  -4  -4   1   5  -4   2  -1  -4  -3  -2  -3  -2   0   11   0   0   0   4   0   0   0   0   4  76   0   5   0   0   0   0   0   0   0  0.76 0.26
   45 Y    -2   0   2  -2   3   1   1  -3   1   0   0   0   1   0  -3  -2  -2  -1   4  -2    0   6  15   0   7   8  12   0   4   5  11   3   7   3   0   0   0   0  19   0  0.21 0.14
   46 K    -2  -1   1   0  -3   1   1  -3  -1   1   0   2   0   2  -3  -2  -2  -1   4  -1    0   0   9   4   0   6   8   0   0  10  10  17   3   6   0   0   0   0  25   0  0.25 0.15
   47 I    -3  -4  -5  -5  -3  -4  -4  -5  -4   6   2  -4   3   1  -4  -4  -2  -3  -2   2    0   0   0   0   0   0   0   0   0  68  16   0   8   4   0   0   0   0   0   4  0.86 0.27
   48 K     0   2  -1  -2   3   4   1  -3   4  -4  -3   4  -2  -4  -3  -1  -2  -4  -2  -3    7   8   0   0   7  29   4   0  13   0   0  32   0   0   0   0   0   0   0   0  0.61 0.23
   49 K    -1   1   3   1  -3   3   1  -2   2  -3  -3   3  -2  -3  -2   1   1  -3  -2  -3    0   3  19   7   0  15   4   0   5   0   0  25   0   0   0  10   9   0   0   0  0.38 0.15
   50 I    -1  -1  -1  -2  -3   1   0  -3  -1   2   0   1   2   1  -3  -2  -1  -1   4   1    3   0   3   0   0   7   7   0   0  14   7  12  10   4   0   0   0   0  20  11  0.19 0.14
   51 L    -2  -3  -4  -4  -3  -3  -4  -4  -3   2   4  -3   2   4  -4  -3  -1  -1   2   0    0   0   0   0   0   0   0   0   0  12  46   0   4  24   0   0   4   0   8   0  0.56 0.21
   52 G    -2  -2   2   0  -4  -2  -2   6  -3  -5  -5   2  -4  -5  -3  -2  -3  -4  -4  -5    0   0  12   6   0   0   0  64   0   0   0  18   0   0   0   0   0   0   0   0  1.01 0.31
   53 I    -2  -3  -3  -3   3  -3  -3   3   0   3  -1  -3   2   2  -3  -2  -2  -3   0   1    0   0   0   0   8   0   0  31   4  26   0   0   9   9   0   0   0   0   2   8  0.36 0.19
   54 G     0  -3   2  -2  -3  -2  -3   6  -2  -4  -4  -2  -3  -3   0  -1  -1  -3   1  -3    5   0  10   0   0   0   0  65   0   0   1   0   0   0   5   1   4   0   6   0  0.87 0.26
   55 I    -1   0   0  -2  -2  -1  -1  -2   1   3   0   2  -1  -2  -2   0   1  -3   0   2    1   4   4   1   0   0   1   1   5  25   4  19   0   0   1   9   9   0   3  15  0.13 0.11
   56 V    -1   1   1  -2  -2  -2  -2  -1  -2   3   0   0   0  -2  -3  -2  -1  -3  -2   3    1  11  11   1   0   0   1   4   0  21   5   5   0   0   1   1   1   0   0  37  0.25 0.16
   57 S    -1   1   0  -2  -2  -1  -2  -2  -1   1  -1  -1  -1   2  -2   2   1  -1   2   0    1   8   4   1   0   1   1   1   0  15   1   1   0  12   1  27  11   0  10   5  0.16 0.12
   58 F     0   0   1  -1  -2   0   0  -1  -1   1   0   1   0   0  -1   0   0  -2   1   0    7   1  12   1   0   1   5   2   1  12   9  16   3   5   1  10   1   0   5   7  0.04 0.05
   59 R    -1   3   1  -1  -3   1  -1  -2   2  -2  -2   2   2  -1  -2  -1   0  -2   2  -2    1  21   7   1   0   7   1   1   7   1   2  19   9   1   1   1   7   0  10   1  0.26 0.13
   60 K    -1   0   2  -1  -3  -1  -1   0   1  -2   0   4  -1  -2  -2  -1   1  -3   0  -1    1   1  11   1   0   1   1   8   3   1  11  37   0   0   1   1  13   0   5   4  0.22 0.15
   61 R     0   2   0   1  -3   1   1  -1   1   0  -2   2  -2  -2   0  -1  -1  -3   1  -2    7  12   5  11   0   4  11   5   4   9   2  17   0   0   5   0   0   0   6   0  0.15 0.09
   62 N    -1   1   1   1  -3   0   0   0  -2  -1  -2   4  -2  -3  -2   1   1  -4  -3  -1    0   3   6   8   0   0   5   5   0   3   4  36   0   0   0  13   8   0   0   7  0.24 0.15
   63 E    -1   1   2   2  -3   1   2   0  -1  -1  -2   0   1  -3  -2   1   1  -4  -3  -1    0   8  10  11   0   3  18   7   0   6   0   5   7   0   0  11  12   0   0   3  0.19 0.11
   64 I     1   3  -1  -2  -2  -1  -1   0  -2  -1   0   1  -1  -2  -2   1   1   4  -2   0   11  20   1   1   0   0   1   9   0   4   9  10   0   0   1  13   8   6   0   5  0.15 0.09
   65 E     0   0   4   1  -3   1   1  -1  -1  -1  -3   1  -2  -3   0   0   0  -3  -2  -2    7   4  26   7   0   7  11   4   0   7   1  12   0   0   4   3   5   0   0   1  0.24 0.12
   66 M     2  -2  -2  -2  -2   0   0  -2  -1   1  -1   0   1   2  -2  -1   2  -1   3  -1   21   0   0   0   0   3   5   1   0  10   4   5   6   9   0   1  20   0  14   1  0.16 0.13
   67 V    -1  -3   0  -3   4  -3  -3  -3   0   3   0  -3   1  -1  -3  -2  -1  -3   0   3    4   0   7   0  10   0   0   1   3  28   5   0   4   0   0   1   0   0   4  31  0.33 0.17
   68 A     0   1   1   0   1  -1   0  -2   0   1   0   1   2  -2  -2  -1  -1  -3  -2   1   12   8   8   7   3   1   3   1   3  10   9  11   9   0   1   1   1   0   0  12  0.04 0.06
   69 L    -3   1  -3  -4  -3  -2  -3  -4  -2   1   1  -2  -1   3  -4  -3  -2   7   5   0    1   8   0   0   0   0   0   1   0  11  16   0   0  10   0   1   0  21  24   5  0.71 0.22
   70 R    -1   4   1  -2  -3  -1  -2  -1  -2   0  -2   1  -1  -3  -3   0   1   3  -2   1    0  30   7   0   0   0   0   5   0   8   0   7   0   0   0   7  13   5   0  16  0.26 0.16
   71 I    -2  -3   1  -3  -2  -3  -1  -1  -3   4   1  -3   0  -2  -4  -2  -2  -4  -2   3    0   0  11   0   0   0   5   4   0  33  14   0   0   0   0   0   0   0   0  33  0.41 0.21
   72 R    -1   3   2   1  -3   1   0  -2   2  -1  -2   0   2  -3  -2   0   0  -3  -2  -2    5  19  14  10   0   6   4   0   6   6   0   4   9   0   0   8   7   0   0   0  0.20 0.12
   73 D    -2   0   5   4  -4   1  -1  -2   2  -4  -4   0  -3  -4  -3   2  -1  -5  -3  -4    0   3  38  23   0   8   0   0   4   0   0   5   0   0   0  19   0   0   0   0  0.70 0.27
   74 K    -2   1   1  -2  -3   1  -1  -3  -2   1   1   4   1  -3  -3   0  -1  -4  -3  -1    0   3   6   0   0   7   0   0   0  13  15  44   4   0   0   9   0   0   0   0  0.35 0.22
   75 N    -2   0   3   0  -3   2   2  -3  -1  -3   0   3   0  -3  -2  -1   1  -4  -3  -2    0   0  16   4   0  11  16   0   0   0  11  27   3   0   0   0  12   0   0   0  0.34 0.19
   76 H    -1  -2   1   2  -3   0   1   3   3  -1  -3  -1  -2  -3  -2   0   0   3  -2  -2    0   0   7  16   0   3   8  27  12   6   0   0   0   0   0   7   8   5   0   0  0.32 0.15
   77 L    -2  -3  -3  -3  -2   0  -3  -4  -3   3   4  -3   3   0  -3  -2   0  -2  -2   1    1   0   0   1   0   5   1   1   0  23  46   1   7   4   1   1   5   0   0   4  0.41 0.17
   78 K    -1  -1   0  -1  -2   0   2  -2  -1   1   0   2  -1   1  -2  -1   0  -2   2  -1    1   1   6   1   0   4  16   1   0  17   6  17   0   5   1   1   8   0  12   1  0.13 0.11
   79 S    -1   2   3   2  -2   1   2  -1  -1  -2  -2   2  -2  -2  -1   1  -1  -3  -2  -1    2  12  17  12   0   4  13   2   0   1   2  13   1   1   1  10   1   0   1   6  0.23 0.09
   80 K    -1  -1   0  -2  -2  -1  -2  -3  -2   2   2   1   0   1  -2  -1   1  -2   0   2    1   1   5   1   0   1   1   1   0  13  20  17   0   7   1   1  10   0   4  16  0.11 0.09
   81 I    -2  -3  -4  -4  -2  -3  -4  -4  -4   5   3  -3   4  -1  -4  -2  -2  -3  -2   1    0   0   0   0   0   0   0   0   0  53  23   0  16   0   0   4   0   0   0   0  0.68 0.26
   82 L    -2  -2   1  -2  -2  -1   0  -3  -2   3   2  -2   1   0  -2  -2   0  -2  -1   1    1   1  11   1   0   1  10   1   0  29  23   1   4   4   1   1   6   0   0   6  0.18 0.11
   83 P    -1  -1   1   1  -3   0  -1  -2  -2  -2  -1   2  -2  -3   5   0   0  -3   0  -2    3   0   7   8   0   4   1   1   0   0   9  17   0   0  32   7   5   0   5   1  0.49 0.16
   84 I    -2  -3  -3  -4  -2  -3  -3  -4   4   5   2  -3   2  -1  -3  -3  -2  -3  -1   1    0   0   0   0   0   0   0   0  17  47  24   0   4   0   0   0   0   0   0   4  0.55 0.22
   85 F    -3  -3   3  -3  -3  -3  -3  -3  -2   0   0  -3  -1   7  -4  -2  -2  -1   2  -2    0   0  21   0   0   0   0   0   0   4   9   0   0  57   0   0   0   0   4   0  0.84 0.28
   86 E    -2  -2   4   4  -4  -1   2   2  -1  -4  -4  -1  -3  -4  -2   0  -1  -4  -3  -4    0   0  27  30   0   0  19  16   0   0   1   0   0   0   0   5   0   0   0   0  0.63 0.20
   87 K    -1   0   1   0  -3   2   0   1  -1  -3  -3   4  -2  -3  -2  -1  -1  -3   0  -3    4   0   8   4   0  10   1  12   0   0   1  47   0   0   0   1   4   0   5   1  0.41 0.18
   88 Y    -2  -2   1  -3   2  -2  -3  -3   2   1  -2  -2  -2   3  -3  -2  -2   0   7  -1    1   1   8   1   5   1   1   1   5  13   1   1   0   8   1   1   1   0  50   1  0.71 0.23
   89 P     0   2   2  -2  -3   0  -1  -2  -2   0  -2  -1  -2   0   5   0  -1  -3  -2  -2    9  14  13   1   0   4   1   1   0   9   1   1   0   5  35   5   1   0   0   1  0.53 0.15
   90 M    -2  -2  -3  -3   1  -2  -3  -3  -3   1   3  -2   4   2   0  -2   0  -2  -1   1    1   1   1   1   4   1   1   1   0   4  44   1  15   8   5   1   6   0   0   5  0.32 0.14
   91 F    -2   1  -2  -3  -2  -2  -2  -3  -2   2   3  -2   0   2  -2  -2   1  -2  -1   0    1  12   1   1   0   1   1   1   0  12  39   1   0  12   1   1  11   0   0   4  0.23 0.12
   92 S    -1  -2   0   0  -2  -1   0   0  -2  -2  -3  -1  -2  -3   0   2   5  -3  -3  -2    1   1   4   4   0   0   6   8   0   1   1   1   0   0   5  13  54   0   0   1  0.50 0.21
   93 N    -1  -1   2  -1  -2   1  -1  -2   1   0  -2   1  -1  -2   1   1   1  -3   0  -1    1   1  14   1   0   7   1   1   4  10   1  14   0   0   8  16  13   0   4   4  0.16 0.10
   94 K    -2   4   1  -1  -3   1   0  -2  -1  -3  -3   5  -2  -3  -2  -1   0  -3  -2  -3    1  21   6   1   0   4   1   1   0   1   1  53   0   1   1   1   5   0   0   1  0.61 0.20
   95 Q    -1   3  -1  -2  -3   3   0  -2   1  -2  -1   2   1  -1  -2  -1  -1  -1   4  -2    4  16   1   1   0  17   1   1   3   1   6  20   5   1   1   1   1   0  20   1  0.31 0.14
   96 Y     0   0   0  -1  -2   0   1  -1   1  -2  -1   1   0   1  -2   0  -1   2   3  -2   11   4   5   1   0   4   8   4   5   1   5  11   4   4   1   8   1   3  18   1  0.12 0.07
   97 D     0  -1   1   4   1   2   0  -2  -1  -2   0  -1  -1  -2  -2   1  -1  -3  -2  -1    5   1   7  33   4  13   1   1   0   1  11   1   0   1   1  14   1   0   0   5  0.28 0.13
   98 Y    -2  -1  -2  -2  -3   4  -1  -3   0  -2  -1  -1  -1   4  -3  -2  -2   0   5  -2    1   1   1   1   0  33   1   1   0   1   5   1   0  19   1   1   1   0  31   1  0.65 0.23
   99 L    -2  -2  -3  -1  -2  -2  -2  -3  -2   2   2   0   0   3  -3  -2  -2  -1   3   1    1   1   0   4   0   0   1   1   0  12  28   7   0  20   1   1   1   0  11  11  0.26 0.12
  100 R     0   1   2  -2  -2   1  -1  -2  -1   0   2   1   0   0   0  -1  -1  -2   0  -1    6   8  15   1   0   8   1   1   0   4  32   9   0   4   5   1   1   0   3   1  0.12 0.10
  101 F    -2  -2  -3  -3  -3  -3  -3  -1  -2  -1   1   0  -1   6  -3  -3  -2   5   1   0    1   1   0   1   0   0   1   5   0   1  14   8   0  53   1   1   1   8   0   5  0.67 0.22
  102 R     0   1  -2  -2  -3  -1  -1  -3  -1   0   0   3   1   0  -2  -1  -1  -2   2   1    9   8   0   0   0   0   0   0   0   6  10  34   4   5   0   0   0   0   9  12  0.19 0.13
  103 N    -2  -1   3   0   1   2   1  -3   1  -2  -1   2   2  -2  -3  -1  -1  -3   0  -1    0   0  22   2   4  10  12   0   4   0   4  22  11   0   0   0   0   0   5   4  0.27 0.17
  104 A     2  -1  -1  -2  -2   0   0  -2   1   1  -1   0  -1   1  -2   0  -1  -2   2   1   32   0   2   0   0   5   6   0   4  12   0   8   0   8   0   6   0   0   8   8  0.14 0.12
  105 L    -2  -2   1  -3   1  -2  -3  -4  -3   3   2   0   2   3  -3  -2  -2  -2  -1   2    0   0  11   0   4   0   0   0   0  24  16   9   8  15   0   0   0   0   0  13  0.24 0.14
  106 L    -2  -2   3  -2  -2  -2  -2  -3   1   2   2  -1   1   2  -3  -2  -1  -2   1   1    0   0  22   0   0   0   0   0   5  12  29   3   4   9   0   0   0   0   6   8  0.23 0.14
  107 S    -2   1   3  -1  -3   1   0   1  -1  -3  -2   4   1  -2  -2   0  -1  -3   1  -3    0   5  22   0   0   3   4  10   0   0   4  33   5   0   0   4   0   0   6   0  0.32 0.17
  108 G    -2   1   4   0  -3   0   2  -1  -1   0  -1   1  -2  -2  -2   0  -1  -3   0  -2    1   7  30   4   0   0  14   5   0  10   5  12   0   0   1   4   1   0   5   1  0.24 0.13
  109 I    -2  -2   1   1   1  -1  -2  -3  -2   3   2  -1   1  -1  -3  -2  -1  -3   1   1    0   0   8  11   3   3   0   0   0  30  21   3   3   0   0   0   0   0   6   9  0.20 0.13
  110 I    -1   0   2   0   3  -1  -1  -2  -2   1   0   1  -1   1  -2   0   0   4  -1   0    1   7  12   5  10   0   0   1   0  12   8  12   0   9   0   7   4   7   0   5  0.12 0.09
  111 Y     0  -1   1  -2  -3  -1   1  -1   2  -1   0   1  -2   0  -3   0  -2  -1   5  -2    6   0   9   0   0   0  12   4   7   4   8   9   0   0   0   7   0   0  32   0  0.28 0.16
  112 L    -2  -1   0  -1  -3   0  -2  -3   2  -1   2   1   3   1  -3   0   0  -1   3  -1    0   0   6   3   0   3   0   0   7   0  25  11  12   5   0   7   5   0  15   0  0.18 0.13
  113 E     0   1   2  -1  -3   0   1  -2  -1  -3  -2   2  -2  -1   3   1   1  -3  -2  -2    3   6  11   0   0   3  11   0   0   0   5  14   0   4  13  15  13   0   0   0  0.25 0.12
  114 D    -1   2   4   2  -3   1   1  -2  -1  -1  -3   2  -2  -3  -2   0   0  -4  -3  -2    4  12  30  11   0   4  11   1   0   5   1  12   0   0   0   4   4   0   0   0  0.36 0.14
  115 L    -2   0  -1  -3  -2  -2  -1  -3   1   2   3  -2   0   3   0  -2   0  -2   0   0    1   7   4   0   0   0   4   1   5  16  34   0   0  17   5   0   5   0   0   0  0.21 0.13
  116 P     0   0   0   0  -3  -1   0  -1   1  -1  -2   2  -2  -3   4   0   0  -3  -2   0   10   4   3   4   0   0   5   4   5   5   1  21   0   0  22   4   6   0   0   7  0.29 0.11
  117 D    -1  -1   2   3  -3   1   2   1   1   0  -2  -1  -2  -2  -2   0   0  -3   0  -2    1   1  16  20   0   7  14  11   3  10   1   1   0   0   1   4   6   0   3   1  0.23 0.11
  118 Y    -2   1   2  -2  -3  -1  -1  -2  -1   0   0   2  -1   3  -2   0  -1  -1   3  -1    1   6  17   1   0   0   1   1   0   7   8  16   0  16   1   9   1   0  15   1  0.21 0.13
  119 T    -1   0   2   1  -2  -1   0  -2   1  -1   1   0  -1   1  -2   0   1  -1   3  -1    1   6  11   8   0   0   4   1   4   1  18   5   0   4   1   6  12   0  18   1  0.14 0.10
  120 R    -1   2   1  -2  -3  -1  -1  -2  -1  -1  -1   3  -2  -2   3   0   1  -2   2  -2    1  11   9   1   0   0   1   1   0   4   5  27   0   0  16   4   9   0  10   1  0.30 0.13
  121 S     0  -2   1   0  -2  -1  -1  -2  -2   1   0  -1  -1  -1   1   1   1  -2   1   1    5   0   8   5   0   0   0   1   0  11  11   4   0   0   7  15  10   0   8  14  0.09 0.07
  122 D    -1  -1   1   2   2  -1   1  -2  -2   1   0   1   1  -1  -2   0  -1  -3  -2  -1    4   0  11  14   7   0   8   1   0  17   8  14   5   4   0   7   0   0   0   0  0.10 0.09
  123 E    -1   2   2   2  -3   0   1  -2   1   0  -1   1  -1  -2  -2   0   0  -3  -2  -1    1  15  14  14   0   0  13   1   3  12   8   7   0   0   1   4   6   0   0   1  0.17 0.09
  124 P    -2   0   2  -1  -3   0   0  -2  -2  -1   0   0  -1  -3   5  -1   1  -3  -2  -1    1   6  12   1   0   4   5   1   0   4  13   6   0   0  33   1   9   0   0   4  0.46 0.14
  125 L    -1  -1   2   1  -2  -1   0  -2  -1   1   1   1   0   0  -2  -1  -1  -2  -1   1    2   1  14   7   0   1   4   2   0   9  19  15   0   4   1   1   1   0   1  16  0.08 0.07
  126 N     0  -1   4   0  -2  -1   0  -1  -1  -1  -2   1  -2  -2  -2   0   1  -2   0  -1   11   1  34   1   0   1   4   2   0   5   2  13   0   1   1   5   9   0   4   5  0.25 0.12
  127 S    -1   0   2  -1  -2   0  -1  -2  -2   2   0   1   1  -2   2   1   0  -3  -2   0    1   5  11   1   0   4   1   1   0  21   6   9   4   1  11  15   7   0   0   1  0.14 0.09
  128 I    -1  -2  -2  -2   1  -2  -2  -3  -2   2   1  -1   1   1   0  -1   0  -1   2   1    5   1   1   1   4   1   1   1   0  23  15   5   5   4   5   4   4   0  10  12  0.12 0.07
  129 E    -1  -1   2   3  -3   0   2   0  -1  -2  -1   1  -2  -3   2   0   0  -3  -2  -2    1   1  13  18   0   1  15   7   0   1   9  11   0   1  11   5   4   0   0   1  0.25 0.09
  130 S    -1  -1   1   1  -2   0   1  -2  -1   0   0   0  -1   1   1   1   0  -2   0   0    1   1   9   7   0   4  11   1   0   5   8   6   0   8   6  12   7   0   4   8  0.07 0.04
  131 I    -1  -2   3   0  -2  -1   0  -2  -2   3   0  -2   1   1   1  -1   0  -2  -1   1    1   1  19   5   0   1   5   1   0  26   6   1   4   8   7   1   5   0   0   8  0.14 0.10
  132 I    -1  -1   0  -2  -2   0  -1  -2  -1   1   2   1   1   0   0  -1   1  -2   1   0    1   1   5   1   0   3   1   1   0  16  24  12   4   4   5   4  10   0   6   1  0.08 0.07
  133 N     0  -1   3   0  -2   0   0  -1   1  -1  -1   1  -1  -1  -2   0   0  -2   1  -1    6   1  27   5   0   1   5   2   4   4   8  12   0   1   1   6   5   0   6   6  0.14 0.08
  134 T    -1  -1   1   1  -2  -1  -1  -2  -2   0   1   1  -1  -2   2   1   0  -3  -2  -1    1   1  10  12   0   1   1   1   0   6  23  12   0   0  12  14   4   0   0   1  0.15 0.07
  135 S    -1  -2   1   0  -2  -1  -1  -2  -1   0   0   0  -1  -1   3   1   2  -2   1   0    1   0   9   3   0   0   3   1   0   5   9   4   0   0  14  15  21   0   8   6  0.20 0.08
  136 Y    -2  -2  -2  -3  -3  -2  -2   0  -1   0   1   1   2   2  -3  -1  -2   0   5  -1    1   0   0   0   0   0   0   7   0   7  20  11   6   4   0   6   0   0  34   0  0.31 0.13
  137 F    -2  -2   3   3  -3  -1  -1  -2  -1  -2  -2   0  -2   4  -2   0   0  -2   1  -2    1   1  24  20   0   0   1   1   0   1   1   6   0  28   1   5   6   0   4   1  0.38 0.13
  138 S    -1  -1   5   2  -3  -1  -1  -2  -1  -3  -1   1  -2  -3   0   1   0  -3  -3  -3    1   1  38  15   0   0   1   1   0   1   7  13   0   0   5  11   5   0   0   1  0.41 0.13
  139 A     1  -2   2   1   1  -1   0  -1   1  -2  -2  -1  -2  -1  -2   2  -1   3   0  -1   20   0  17  10   3   0   6   1   5   0   1   0   0   3   0  19   0   5   4   6  0.19 0.09
  140 W    -5  -5  -6  -6  -5  -4  -5  -5  -4  -5  -4  -5  -3   1  -6  -5  -5  12   3  -5    0   0   0   0   0   0   0   0   0   0   0   0   0   5   0   0   0  88   7   0  3.41 0.49
  141 L    -2  -3  -4  -5  -2  -3  -4  -5  -3   2   4  -4   3   4  -4  -3  -2  -2  -1   1    0   0   0   0   0   0   0   0   0  15  53   0   7  20   0   0   0   0   0   6  0.60 0.17
  142 V     1  -2  -2  -2   1  -2  -2  -1  -3   1   0  -2   1  -2  -2   2   1  -3  -2   2   15   0   0   0   4   0   0   3   0   9   9   0   4   0   0  23  12   0   0  21  0.19 0.10
  143 G    -1  -4  -2  -3  -4  -3  -4   7  -4  -6  -5  -3  -4  -5  -4  -2  -3  -4  -5  -5    0   0   0   0   0   0   0 100   0   0   0   0   0   0   0   0   0   0   0   0  1.80 0.33
  144 F    -4  -4  -5  -5  -4  -5  -5  -5  -3  -1   0  -5   1   8  -5  -4  -4  -1   1  -2    0   0   0   0   0   0   0   0   0   0   7   0   5  89   0   0   0   0   0   0  1.61 0.33
  145 I    -1  -3   0  -3  -2  -2  -3  -3  -3   2   0  -2   1   3  -3   1   2  -2  -1   2    0   0   4   0   0   0   0   0   0  20   0   0   3  19   0  11  20   0   0  23  0.28 0.13
  146 E    -2  -2   0   6   1   0   4  -3  -2  -4  -4  -1  -1  -4  -3   1  -2  -5  -4  -4    0   0   0  49   4   0  35   0   0   0   0   0   3   0   0   9   0   0   0   0  0.90 0.23
  147 A     5  -3   0  -2  -2  -2  -2   2  -3  -3  -3  -2  -2  -4  -2   1  -1  -4  -3  -2   70   0   5   0   0   0   0  17   0   0   0   0   0   0   0   7   0   0   0   0  0.71 0.22
  148 E    -2   0  -1   5  -5   0   5  -3  -2  -4  -4   1  -3  -4  -2  -1  -1  -5  -3  -2    0   4   0  34   0   0  49   0   0   0   0   5   0   0   0   0   3   0   0   5  0.81 0.22
  149 G     1  -4  -2  -3  -4  -3  -3   6  -3  -5  -5  -3  -4  -5  -3   0  -3  -4  -4  -4   11   0   0   0   0   0   0  85   0   0   0   0   0   0   0   4   0   0   0   0  1.38 0.27
  150 C    -1  -2   2  -2   6  -2  -2  -2  -2  -3  -3   0  -3  -3  -3   4   1  -3   0  -3    0   0  13   0  26   0   0   0   0   0   0   5   0   0   0  44   7   0   4   0  0.65 0.21
  151 F    -4  -5  -5  -5  -4  -5  -5  -5  -3   2  -1  -5  -1   8  -5  -4  -4  -1   1  -2    0   0   0   0   0   0   0   0   0  12   0   0   0  88   0   0   0   0   0   0  1.60 0.34
  152 S    -1  -1   2   1   2   1  -1  -2  -1   0  -1   0   1   1  -2   1   1  -2   1   0    1   0  15   7   6   8   1   1   0   6   4   3   5  10   0  18   7   0   5   5  0.09 0.07
  153 V    -1  -3  -2  -3   2  -2  -3  -3  -2   4   0  -2   0  -1  -2  -1   1  -2   1   2    1   1   1   1   6   1   1   1   0  50   1   1   0   1   1   4   9   0   8  12  0.34 0.13
  154 Y    -1   2   1  -2  -3  -1  -1  -2  -1  -2  -2   1  -2   2  -2   2   0  -1   3  -2    1  16  10   0   0   0   1   1   0   0   1  13   0  12   0  21   6   0  17   1  0.26 0.11
  155 K     0   0  -1  -2  -2   1   0   0  -1   0   0   2   2   0  -2   0  -1  -2   0   0    4   3   0   0   0   9   5   8   0   8  11  18   9   4   0  10   0   0   4   3  0.06 0.05
  156 L    -1  -1   2  -1  -2   0  -1  -2  -1   0   2   1   1   1   0   0   0  -2  -1   0    1   1  13   1   0   4   1   1   0   1  26  14   5   7   5   5   8   0   0   7  0.08 0.06
  157 N    -1  -1   4   0  -3   0  -1   1   2  -3  -3   1   0  -2  -2   1   0  -3   0  -2    1   1  35   1   0   3   1  11   5   1   1  14   4   0   1  11   5   0   5   1  0.33 0.11
  158 K    -1   2   3   1  -3   0   1  -2  -1  -3  -3   3  -2  -3  -2   1  -1  -3  -2  -3    1  13  19   5   0   0   9   1   0   1   1  32   0   0   1  14   1   0   0   1  0.40 0.12
  159 D    -1  -1   2   2  -2  -1  -1  -1   1  -2  -1   1  -1  -3  -2   3   1  -3  -2  -1    0   0  15  12   0   0   0   3   4   0  10  10   0   0   0  31  10   0   0   3  0.22 0.10
  160 D     0   1   0   0  -2  -1  -1   2  -1  -3  -3   1  -2  -2   3   1   0  -2   1  -2    5  10   4   5   0   1   1  16   0   1   1  12   0   1  14  16   5   0   7   1  0.25 0.09
  161 D     0   1   0   0  -2   1   0   0  -1  -1  -1   2  -1   0   0   0   0  -2   1  -1   10   6   4   5   0   8   4   5   0   4   4  19   0   5   4   1   8   0   8   4  0.07 0.05
  162 Y    -1   3  -1  -2  -3   1  -1  -1   1  -1   0   1   2  -1  -2  -1  -1   3   2  -1    4  26   1   1   0   8   1   5   3   4  12   6   8   1   1   3   1   4   9   1  0.19 0.11
  163 L    -1   0   0  -2  -2  -1  -1  -2  -2   1   1  -1   0   0   2  -1   0  -2  -1   2    1   5   5   1   0   1   5   1   0   9  20   4   0   5  12   1   7   0   1  20  0.13 0.07
  164 I    -1   0  -2  -2  -2   1  -1  -2  -1   2  -1   0  -1   1  -2  -1   0   3   2   2    1   5   1   1   0  11   1   1   0  15   2   8   0   5   1   5   8   5  12  17  0.13 0.09
  165 A     0   0  -2  -3   1  -1  -2  -1   2   1   2  -1   0   0   0  -1  -1  -2   1  -1   12   8   0   1   4   0   1   5   9   8  30   1   0   4   6   5   1   0   5   1  0.10 0.09
  166 S     0   2   1  -1   4  -1  -1   0   1  -1  -2  -1  -2  -3  -2   2   1  -3  -2  -2    4  13   9   1  12   1   1   8   4   5   1   1   0   1   1  25  11   0   0   1  0.23 0.12
  167 F    -3  -4  -4  -4  -3  -4  -4  -4  -2   1   1  -4  -1   7  -4  -3  -3  -1   3  -2    1   0   0   0   0   0   0   1   0   7   9   0   0  70   0   1   0   0   8   0  1.23 0.32
  168 D    -1   1   1   1  -3   2   3  -2  -1  -1  -1   0  -2  -3  -2   2   0  -3  -3  -2    0   7   8   5   0  11  22   0   0   7   5   4   0   0   0  25   5   0   0   0  0.28 0.14
  169 I    -2  -3  -4  -4  -2  -3  -4  -4  -4   5   3  -3   2  -1  -3  -3  -2  -3  -2   3    1   0   0   0   0   0   1   1   0  42  31   0   3   0   0   1   0   0   0  18  0.60 0.20
  170 A     2   0  -1   0  -2  -1  -1   0  -2  -2  -2   1  -2  -3  -2   3   3  -3  -2   0   17   5   0   4   0   0   1   4   0   0   1   8   0   0   0  28  21   0   0   9  0.27 0.14
  171 Q    -3  -1   2  -2  -4   7   0  -3   1  -4  -4  -1  -2  -5  -3  -2   1  -4  -3  -4    0   0  10   0   0  76   0   0   3   0   0   0   0   0   0   0   7   0   0   0  1.31 0.41
  172 R    -2   3   3   0  -4   0  -1   0   1  -4  -4   4  -3  -4  -2   0  -2  -4  -3  -4    0  19  19   5   0   0   0   5   4   0   0  39   0   0   0   7   0   0   0   0  0.55 0.21
  173 D    -2   0   2   1  -3  -1  -1  -1   2  -1  -1   1   1   0  -3   0  -1  -1   5   0    0   4  15   8   0   0   0   4   4   4   4  12   4   0   0   5   0   0  27   9  0.24 0.15
  174 G    -2   1   3   4  -4   1   2  -1   1  -3  -1  -1   0  -3  -3   0  -2  -4  -3  -3    0   9  15  32   0   5  11   5   4   0  10   0   3   0   0   4   0   0   0   0  0.38 0.16
  175 D    -2  -1  -1   2  -3   2   1  -3   2  -1  -1   1   1   2  -3   1   0  -2   2  -2    0   0   0  14   0  13   7   0   7   3   3  11   6  11   0  11   4   0   8   0  0.19 0.13
  176 I    -2  -1   0   1  -3  -1   1  -3   1   2  -2  -2  -2  -1   1   0   0  -2   4   0    0   3   4  10   0   0  11   0   4  20   0   0   0   0   6   9   7   0  23   2  0.23 0.16
  177 L    -2  -4  -4  -5   1  -4  -4  -5  -4   2   4  -4   0  -1  -4  -3  -1  -3  -2   3    0   0   0   0   4   0   0   0   0  12  55   0   0   0   0   0   4   0   0  26  0.66 0.23
  178 I    -2  -3  -4  -4  -2  -3  -4  -4  -3   3   4  -3   5   2  -4  -3  -2  -2  -2   0    1   0   0   0   0   0   0   1   0  20  45   0  22   8   0   0   0   0   0   0  0.64 0.22
  179 S    -1  -1   0   1   1   2   4  -2  -2  -1  -1   2  -2  -3  -2   1  -1  -4  -3  -2    3   0   4   4   4   7  35   0   0   4   7  16   0   0   0  15   0   0   0   0  0.35 0.17
  180 A     2  -1   1   0  -2   1   1  -2  -1  -1  -1   0  -2   0   0   1  -1  -2   1  -2   28   0   7   5   0  10  10   0   0   4   4   4   0   4   3  12   0   0   8   0  0.16 0.11
  181 I    -3  -4  -5  -5  -3  -4  -4  -5  -4   6   2  -4   1   2  -4  -4  -2  -3   2   1    0   0   0   0   0   0   0   0   0  59  19   0   3   7   0   0   0   0   7   5  0.77 0.26
  182 R     2   3  -2  -2  -3   2  -1  -2  -2   0  -2   4  -2  -3  -2   0   0  -4  -3   0   19  16   0   0   0   9   0   0   0   6   0  35   0   0   0   3   3   0   0   8  0.38 0.19
  183 K    -1   0   2   2  -3   1   3  -2  -1  -1  -1   2  -2  -3  -2   1   0  -4  -3  -2    0   4  12  12   0   3  22   0   0   7   8  13   0   0   0  12   5   0   0   0  0.25 0.12
  184 Y    -3  -3  -1  -4  -3  -3  -3  -4  -1   1   0  -2   2   5  -4  -3  -3   0   6   0    0   0   4   0   0   0   0   0   0  11   5   3   7  25   0   0   0   0  40   4  0.78 0.26
  185 L    -3  -4  -5  -5  -3  -4  -4  -5  -3   0   3  -4   2   6  -5  -4  -3  -1   2   1    0   0   0   0   0   0   0   0   0   0  39   0   4  45   0   0   0   0   4   8  0.89 0.28
  186 S    -2  -2   5   1  -4   0   0   4  -2  -2  -4   1  -3  -4  -3   0  -2  -4  -4  -4    0   0  34   5   0   3   3  35   0   3   0  12   0   0   0   4   0   0   0   0  0.65 0.23
  187 F     0  -3  -2  -2   2  -2  -3   3  -3   2   0  -2   1   0  -2   0   1  -3  -2   0    4   0   0   0   5   0   0  26   0  21   8   0   4   5   0   4  15   0   0   5  0.20 0.11
  188 T    -2  -2   4   0   3  -2  -2   2  -2  -3  -3   0  -3  -4   0   0   3  -4  -3  -3    0   0  29   3   8   0   0  16   0   0   0   5   0   0   4   3  29   0   0   0  0.50 0.21
  189 T    -1   0   1  -2  -2   0  -2   1  -2   2  -1  -1  -1   0  -1   0   1  -2   1   1    0   7   8   0   0   4   0  12   0  25   0   4   0   4   3   4  10   0   5  13  0.09 0.10
  190 K    -2   1   2  -2  -3   0  -1  -1  -1   1  -2   4  -2  -2  -3   1  -1  -3   3  -2    0   4  14   0   0   2   0   4   0  16   0  34   0   0   0  12   0   0  14   0  0.33 0.20
  191 V     0  -1  -1  -3  -2  -2  -2  -3  -2   2   1  -1   0   2  -3  -1   1  -2   1   2    5   4   4   0   0   0   0   0   0  17  15   4   0  14   0   5  12   0   3  16  0.14 0.09
  192 Y    -2   1   2   2  -3   1   0  -2   3  -3  -3   2  -2  -1  -2   0   0  -2   3  -3    0   7  12  14   0   5   4   0   8   0   0  21   0   0   0   7   4   0  17   0  0.35 0.15
  193 L    -1   1   1   0  -3   0   1  -3   1   0   0   1  -1   0  -2   0   1  -2   2  -1    0   8   8   5   0   0  13   0   4   8  11  10   0   4   0   7  14   0   8   0  0.11 0.09
  194 D     0   0   1   2  -2   0  -1   1  -1  -2  -1   1  -1  -2  -2   1   1  -3   0  -1    4   4   7  15   0   3   0  12   0   0   9  15   0   0   0  12   9   0   4   5  0.13 0.08
  195 K    -2   0   0  -2  -4   2   0  -1  -1  -4  -3   5  -2  -3   0   0   1  -3   3  -3    0   0   5   0   0  11   4   3   0   0   0  47   0   0   3   4  12   0  12   0  0.51 0.24
  196 T    -2   1   4  -1  -3   1  -1  -2  -1  -3  -3   3  -2  -1  -2   1   1  -4  -2  -1    0   8  31   0   0   4   0   0   0   0   0  26   0   4   0   9  12   0   0   5  0.43 0.19
  197 N    -1  -1   3   1  -3   1   0   1  -1  -3  -3   1  -2  -2   0   1   1  -3   1  -3    1   0  22   8   0   5   4  13   0   0   1   9   0   0   4  15   9   0   8   0  0.27 0.12
  198 C     0  -2   0  -2   1   0  -1  -1  -1   1  -1  -1  -1   1  -3  -1   2  -1   4   1    7   0   6   0   4   7   4   4   0  11   0   4   0   7   0   0  15   0  21   9  0.17 0.13
  199 S    -2  -3  -1  -4   2  -3  -3  -1  -1  -1  -1  -3   3   2  -4   1  -2  -1   7  -1    0   0   4   0   5   0   0   4   0   3   4   0  11   6   0  13   0   0  48   3  0.72 0.28
  200 K     0   2  -1   0   1   2   1  -2  -1   0  -1   2  -1  -2   0   1   0  -2   1  -1    7  12   0   3   3  11   9   0   0   8   6  14   0   0   4  11   3   0   7   0  0.14 0.09
  201 L    -3  -3  -1  -4  -3  -3  -4  -4  -2   1   3  -4   1   3  -4  -3  -2   5   4   1    0   0   4   0   0   0   0   0   0   7  32   0   3  15   0   0   0  10  21   7  0.60 0.21
  202 K    -1   0   1  -1  -3   1   1   0  -1  -1  -2   2   0  -2  -2   1   1  -3   1   0    0   3   7   0   0   5  13   8   0   5   0  16   4   0   0  13  11   0   8   7  0.14 0.10
  203 V     0  -3  -3  -3  -2  -3  -1  -4  -3   3  -1  -3   1   0  -3   0   2  -4  -2   4    4   0   0   0   0   0   4   0   0  17   0   0   3   4   0   8  17   0   0  44  0.41 0.20
  204 T    -1   0   1  -2  -3   2   0  -3  -1  -2  -2   0   1  -2  -3   1   3  -2   3   1    0   4   8   0   0  14   5   0   0   0   0   3   5   0   0  14  23   0  13  11  0.25 0.17
  205 S    -1  -1   4   0  -3  -1  -1   0  -2  -4  -4   2  -3  -4  -3   4  -1  -5  -3  -1    0   0  23   3   0   0   0   4   0   0   0  18   0   0   0  47   0   0   0   5  0.60 0.27
  206 V    -1   0  -2  -3  -3  -1  -2  -3  -2   2  -1   4  -1   2  -3  -1   0  -3   0   1    5   3   0   0   0   0   0   0   0  21   3  38   0  10   0   4   4   0   3   9  0.27 0.18
  207 R    -1   1   2   0  -3   0   1  -1  -1  -2  -3   2  -2  -3  -2   1   2   2   0  -1    4   9  16   3   0   0  11   4   0   3   0  17   0   0   0   7  15   4   4   2  0.22 0.12
  208 S    -1  -1   1   4  -3  -1   0  -1  -2  -1   0   0   1  -2  -2   2   1  -3   0  -2    4   3   4  27   0   0   4   3   0   2  11   4   6   0   0  18   8   0   4   0  0.21 0.13
  209 V    -1  -3  -1  -4  -2  -3  -4  -4   1   4   3  -3   3  -1  -4  -3  -2  -3   2   1    4   0   3   0   0   0   0   0   4  36  26   0  11   0   0   0   0   0   9   7  0.46 0.19
  210 E    -1  -1   2  -1  -3   2   2  -2  -1  -1   0   3  -1  -3  -2   0   0  -4  -3  -2    4   0  15   0   0  10  20   0   0   5  13  22   0   0   0   8   3   0   0   0  0.27 0.15
  211 N    -2  -1   5   0  -4   0  -1  -1  -2   1  -3   2  -2  -1   1  -1  -2  -4  -3   0    0   0  39   3   0   4   0   4   0  13   0  19   0   3   8   0   0   0   0   7  0.42 0.22
  212 I    -2  -4  -4  -5  -3  -4  -4  -5  -3   4   2  -4   1   3  -4  -3  -2  -2   1   3    0   0   0   0   0   0   0   0   0  41  13   0   3  18   0   0   0   0   5  20  0.62 0.22
  213 I    -2  -1  -4  -4  -3  -3  -3  -4  -3   5   1  -1   0  -1  -4  -2   0  -3   2   3    0   3   0   0   0   0   0   0   0  51   9   5   0   0   0   3   4   0   8  17  0.51 0.22
  214 K    -1  -1   2   2  -3   0   1  -2   2  -1  -2   1   0  -3   2   1   1  -4  -2  -1    0   0  14  11   0   4   8   0   7   5   0   9   3   0  11  10  14   0   0   5  0.24 0.12
  215 F    -3  -3  -3  -4  -4  -3  -1  -4   4  -1  -2  -3   1   5   0  -3  -3  -1   6  -1    0   0   0   0   0   0   5   0  13   4   0   0   5  25   5   0   0   0  39   4  0.88 0.29
  216 L    -4  -4  -1  -4   1  -4  -1  -5  -3   2   0  -4  -1   7  -5  -4  -3  -1   1  -2    0   0   4   0   3   0   5   0   0  14   8   0   0  67   0   0   0   0   0   0  1.10 0.34
  217 Q    -2  -1   3   2  -3   1   1  -2  -1  -1  -2   2  -2   1  -3   1   0  -2   2  -1    0   0  19  11   0   4   6   0   0   5   0  19   0   8   0  10   4   0   9   3  0.22 0.14
  218 N    -1  -1   4   1  -4  -1   1  -2   1  -3  -1   3   0   2  -3   0  -2  -3  -1  -3    4   0  26   5   0   0   8   0   4   0   7  28   3  12   0   4   0   0   0   0  0.33 0.18
  219 A    -1  -3   3  -3   4   0  -3  -3   2  -3  -3  -3  -3   0  -4   0  -1  -1   7  -3    4   0  19   0  11   5   0   0   4   0   0   0   0   0   0   7   3   0  46   0  0.82 0.30
  220 P    -1  -2   1  -1  -2  -1  -1   0  -2  -2  -2   0  -2  -3   7  -1  -1  -3  -2  -1    2   1   9   2   1   1   2   6   1   1   3   6   1   1  53   2   2   0   1   6  0.95 0.18
  221 V     0  -1   0  -1   1   0  -1  -1  -1   0   0  -1   0   0   1   1   0  -1   2   0    4   2   6   2   5   6   3   3   1   9   8   3   1   2   7  17   3   1  11   7  0.05 0.03
  222 K    -1   2   0  -1  -2   1   0  -1   2  -2  -1   3  -1  -2   1   1   0  -2  -1  -1    3   9   2   2   1   5   3   3   8   2   8  26   1   2   6  13   2   1   1   3  0.16 0.06
  223 L    -1  -3  -3  -4  -2  -3  -3  -4  -3   1   5  -3   2   0  -3  -1   0  -3  -2   0    5   0   0   0   0   0   0   1   0   5  69   0   4   4   0   5   4   0   0   0  0.58 0.21
  224 L    -2   0   0  -2  -3   1   0  -3  -2   0   2   2   0   0  -3  -1   0  -2   2   0    0   5   4   0   0   8   5   0   0   4  32  17   0   4   0   4   4   0   8   4  0.15 0.12
  225 G    -1  -2  -1  -2  -3  -2  -2   5  -3  -4  -4   1  -3  -4  -3   2   1  -4  -4  -4    0   0   0   0   0   0   0  59   0   0   0  12   0   0   0  17  12   0   0   0  0.88 0.27
  226 N    -1   0   2   0  -3   0   0  -1   2   0  -1   1   1  -1  -2   1   0  -2   2  -1    0   4  15   3   0   4   6   4   5   7   4   8   7   0   0  13   3   0  12   3  0.10 0.09
  227 K    -3   1   0  -3  -5  -1  -1  -4  -3  -5  -5   7  -3  -5  -3  -2  -3  -5  -4  -4    0   4   4   0   0   0   0   0   0   0   0  92   0   0   0   0   0   0   0   0  1.48 0.43
  228 K     0   2   0  -3  -4  -1  -2  -3   2  -3   0   2  -2   0  -3  -1  -2  -1   6  -2    8  12   5   0   0   0   0   0   5   0  12  18   0   0   0   3   0   0  37   0  0.49 0.23
  229 L    -2  -2   1  -3  -3  -2  -1  -3   1   3   3   1   0  -1  -3   0  -2  -3   1   0    0   0   8   0   0   0   3   0   4  23  34  11   0   0   0   9   0   0   7   0  0.22 0.16
  230 Q    -1  -2  -1   4  -3   3   2  -2  -1  -4  -4  -1  -3  -3  -2   3   0  -3   1  -3    0   0   0  25   0  21  12   0   0   0   0   0   0   0   0  32   4   0   6   0  0.57 0.23
  231 Y    -4  -4  -4  -5  -4  -4  -4  -5  -1  -2   1  -4  -2   4  -5  -4  -3   0   8  -2    0   0   0   0   0   0   0   0   0   0  18   0   0  18   0   0   0   0  64   0  1.42 0.37
  232 K    -1   0  -1  -2  -2   0   0  -3  -2   1   2   0   1   2  -3   0   0  -2   1   1    0   4   4   0   0   5   6   0   0  13  23  10   3  10   0   6   3   0   4  10  0.10 0.07
  233 L    -2   0   0   2  -3  -1   0  -3  -2   1   1   4  -1  -2  -3  -2  -1  -4  -3  -1    0   3   4  15   0   0   5   0   0  12  22  35   0   0   0   0   4   0   0   0  0.28 0.17
  234 W    -4  -5  -5  -5  -5  -4   0  -5  -4  -3  -3  -5  -3   6  -6  -4  -4  11   1  -4    0   0   0   0   0   0   7   0   0   0   0   0   0  37   0   0   0  56   0   0  2.30 0.44
  235 L    -1   0  -2  -3   4  -1  -2  -3  -3   1   2   2   0   1  -3   0  -1  -3  -2  -1    4   4   0   0  12   0   0   0   0  10  27  25   0   7   0  10   0   0   0   0  0.22 0.13
  236 K    -2   2   2  -1  -4   1   3  -3  -1  -4  -3   4  -2   0  -3  -1  -2  -3   1  -3    0   9  13   0   0   5  20   0   0   0   0  42   0   4   0   0   0   0   7   0  0.53 0.19
  237 Q     1  -2   2   0  -2   0  -1  -2  -2   2   0  -1   0   0  -2   1   0  -3  -2   1   17   0  14   5   0   6   0   0   0  17   6   0   0   5   0  10   5   0   0  15  0.10 0.07
  238 L    -1  -3  -3  -4  -2  -3  -3  -4   1   2   3  -3   0   2  -3  -2  -2  -1   3   2    7   0   0   0   0   0   0   0   5  11  34   0   0  10   0   0   0   0  17  17  0.35 0.12
  239 R    -1   3   0  -2  -3   0   0  -3  -2   1   0   2  -1  -2  -2   0  -1  -3  -2   0    0  27   5   0   0   0   6   0   0  13  12  20   0   0   0  11   0   0   0   6  0.22 0.10
  240 K    -1  -1   0  -2  -2  -1   1  -3  -2   0   2   1   2  -1  -3   0   0  -2   0  -1    0   0   5   0   0   0  14   0   0   5  35  17   6   0   0   6   5   0   5   0  0.15 0.10
  241 I    -1  -3   0  -3  -2  -2  -3  -3  -3   4   1  -3   4   1  -3   1  -1  -3  -2   1    0   0   5   0   0   0   0   0   0  42   9   0  16   5   0  16   0   0   0   6  0.34 0.15
  242 S    -1   0   2  -1  -3   1   1   0  -1   0  -1   3   1  -2  -2   0   0  -3   0  -1    0   0  13   0   0   5  10   5   0  11   6  28   5   0   0   6   5   0   5   0  0.14 0.09
  243 R     0   3   5   1  -4   1   0  -2  -1  -4  -4   1  -3  -4  -3  -1  -1  -4  -3  -3    9  22  47   6   0   5   5   0   0   0   0   5   0   0   0   0   0   0   0   0  0.62 0.18
  244 Y    -2   1   0  -2  -4  -1   0   2  -1  -3  -3   2  -2   2  -3  -2  -2  -1   5  -3    0   5   5   0   0   0   7  18   0   0   0  23   0  11   0   0   0   0  31   0  0.42 0.15
  245 S    -1   0   2   0  -3   0   3   0  -1  -4  -4   3  -3  -4  -2   2   0  -4  -3  -3    0   0  14   0   0   0  29   7   0   0   0  23   0   0   0  22   5   0   0   0  0.43 0.14
  246 E    -2  -1   1  -1  -4   2   2  -3   8  -4  -4   1  -3  -2  -3  -2  -2  -3   2  -4    0   0   5   0   0  13  13   0  54   0   0   9   0   0   0   0   0   0   6   0  0.96 0.23
  247 K    -1  -2   0  -2  -2  -1  -2  -3  -2   0   3   0   2   0  -3   0  -1  -2   1   0    1   0   8   0   0   0   0   1   0   0  56   9   7   0   0   9   0   0   7   0  0.25 0.10
  248 I    -1  -2  -2  -3  -2  -2  -2  -3  -3   2   1  -2   2   1  -2   1   4  -3  -1   0    0   0   0   0   0   0   0   0   0  17  15   0   9   7   0   8  44   0   0   0  0.31 0.11
  249 K    -1   2  -1  -1  -4   1   2  -2  -1  -4  -3   5  -2  -4   2  -1  -1  -4  -3  -3    0   8   0   0   0   0  19   0   0   0   0  64   0   0   9   0   0   0   0   0  0.65 0.13
  250 I    -1  -2  -1   2  -2  -2  -1  -3  -3   3   0  -2   0  -1  -2   0   3  -3  -2   1    0   0   0  18   0   0   0   0   0  47   0   0   0   0   0   0  35   0   0   0  0.24 0.05
  251 P     0  -2  -1  -1  -2  -1  -1  -2  -2  -3  -3  -1  -2  -4   7   2   0  -4  -3  -2    0   0   0   0   0   0   0   0   0   0   0   0   0   0  73  27   0   0   0   0  1.40 0.03
  252 S     0   3   0  -1  -2   0   0  -2  -1  -3  -3   1  -2  -3   4   2   0  -3  -2  -2    0  36   0   0   0   0   0   0   0   0   0   0   0   0  27  37   0   0   0   0  0.53 0.01
  253 N    -1   0   5   1  -3   0   0  -1   0  -3  -3   2  -2  -3  -2   0   0  -4  -2  -3    0   0  73   0   0   0   0   0   0   0   0  27   0   0   0   0   0   0   0   0  0.56 0.01
  254 Y    -2  -2  -2  -3  -3  -2  -2  -3   2  -2  -1  -2  -1   3  -3  -2  -2   2   7  -1    0   0   0   0   0   0   0   0   0   0   0   0   0   0   0   0   0   0 100   0  0.92 0.02

                      K         Lambda
Standard Ungapped    0.1401     0.3209
Standard Gapped      0.0392     0.2670
PSI Ungapped         0.1280     0.3177
PSI Gapped           0.0392     0.2670
