
Last position-specific scoring matrix computed, weighted observed percentages rounded down, information per position, and relative weight of gapless real matches to pseudocounts
            A   R   N   D   C   Q   E   G   H   I   L   K   M   F   P   S   T   W   Y   V   A   R   N   D   C   Q   E   G   H   I   L   K   M   F   P   S   T   W   Y   V
    1 M    -1  -1  -2  -3  -2   0  -2  -3  -2   1   2  -1   6   0  -3  -2  -1  -2  -1   1    0   0   0   0   0   0   0   0   0   0   0   0 100   0   0   0   0   0   0   0  0.36 0.01
    2 A     3  -2  -2  -2  -1  -1  -1  -1  -2   0   0  -1   3  -1  -1   0   0  -2  -2   0   66   0   0   0   0   0   0   0   0   0   0   0  34   0   0   0   0   0   0   0  0.26 0.02
    3 V    -1  -2   2  -1   3  -1  -2  -2  -2  -1  -1  -1   2  -2   3   0   2  -3  -2   0    0   0  19   0  11   0   0   0   0   0   0   0  18   0  19   0  23   0   0  11  0.31 0.05
    4 L    -2  -3  -4  -4  -2  -2  -4  -4  -3   2   4  -3   6  -1  -4  -3  -2  -3  -2   1    0   0   0   0   0   0   0   0   0  11  48   0  37   0   0   0   0   0   0   4  0.73 0.20
    5 K    -1   4  -1  -2  -4   0  -1  -2  -2  -4  -3   5  -2  -4  -2   2   0  -4  -3  -3    0  22   0   0   0   0   0   0   0   0   0  53   0   0   0  22   4   0   0   0  0.71 0.22
    6 I    -2  -4  -4  -4  -2  -4  -4  -5  -4   5   2  -4   0   3  -4  -3  -2  -3  -1   2    0   0   0   0   0   0   0   0   0  51  20   0   0  17   0   0   0   0   0  12  0.66 0.20
    7 I    -1  -3  -3  -3   2  -2  -3   0  -3   3   2  -3   3   0  -3  -1   0  -3  -2   2    0   0   0   0   6   0   0   8   0  21  24   0  14   4   0   6   3   0   0  14  0.26 0.11
    8 S    -1  -2  -1  -2  -2  -2  -2  -2  -3  -2  -3  -2  -2  -4  -2   5   4  -4  -3   0    0   0   0   0   0   0   0   0   0   0   0   0   0   0   0  55  39   0   0   6  0.79 0.28
    9 W    -4  -4  -5  -6  -4  -4  -5  -5  -4   1   1  -5  -2   3  -5  -4  -4  11   2  -2    0   0   0   0   0   0   0   0   0  10  13   0   0  13   0   0   0  60   4   0  2.03 0.37
   10 N    -3  -2   8   0  -5  -2  -2  -2  -1  -5  -5  -2  -4  -5  -4  -1  -2  -6  -4  -5    0   0 100   0   0   0   0   0   0   0   0   0   0   0   0   0   0   0   0   0  1.90 0.43
   11 V     1  -4  -4  -4  -2  -3  -3  -4  -4   4   0  -3   0  -2  -3  -2   0  -4  -2   4   11   0   0   0   0   0   0   0   0  34   0   0   0   0   0   0   6   0   0  49  0.62 0.21
   12 N    -1   1   6   4  -4  -1  -1  -2   2  -4  -4  -1  -3  -4  -3  -1  -2  -5  -3  -4    7   8  57  23   0   0   0   0   6   0   0   0   0   0   0   0   0   0   0   0  0.92 0.26
   13 G    -1  -3  -2  -3  -4  -3  -3   6  -3  -5  -5  -3  -4  -5  -3   2  -2  -4  -4  -4    0   0   0   0   0   0   0  83   0   0   0   0   0   0   0  17   0   0   0   0  1.39 0.30
   14 L    -2  -3  -4  -5   2  -3  -4  -4  -4   2   4  -3   3   2  -4  -3  -2  -2  -1   1    0   0   0   0   6   0   0   0   0  13  57   0   8  10   0   0   0   0   0   6  0.59 0.18
   15 R    -2   5   3   1  -4   1  -1  -3  -1  -4  -4   1  -3  -4  -3   0   0  -4  -3  -4    0  55  20   6   0   4   0   0   0   0   0   4   0   0   0   6   6   0   0   0  0.76 0.23
   16 A     3  -2   1  -2   1  -2  -2   0  -2  -2  -2  -2  -2  -3   1   2   1  -4  -3   0   40   0   9   0   4   0   0   3   0   0   0   0   0   0   8  17  11   0   0   8  0.34 0.15
   17 V    -1  -1  -2  -2  -3  -1  -2   0  -2  -1  -1   1  -2   2   4  -1   0   5  -1   0    1   0   0   0   0   0   1   9   0   0   4  15   0  11  27   4   7   9   0  10  0.41 0.12
   18 H    -2   1   1  -2  -3   0  -1  -2   2   0   2   2   1   1  -2  -1  -1  -2  -1  -1    1   7  11   0   0   4   1   1   8   3  27  24   3   6   0   1   0   0   0   4  0.15 0.10
   19 R    -2   4  -1   0  -3   1  -1  -3  -1  -2   0   2   1   0  -2   0  -1  -2   0  -2    0  38   0   5   0   6   0   0   0   0   9  17   6   4   0   8   0   0   5   0  0.35 0.14
   20 K    -2  -1   0   2  -4   1  -1  -3   3  -3  -3   3   2  -1   4   0  -1  -4  -2  -3    0   0   4  12   0   8   0   0  12   0   0  25   8   3  21   4   3   0   0   0  0.43 0.16
   21 G     1   1   0   1  -3   2   2   0   2  -2  -3   0  -2  -3   0   1  -1  -3  -2  -1   12  12   3   6   0  10  16   7   8   0   0   3   0   0   4  11   0   0   0   8  0.20 0.08
   22 F    -1  -3  -3  -3  -2   0  -3   0  -2   0   2  -2   1   3  -3  -2  -2  -2   1   3    3   0   0   0   0   8   0   9   0   0  24   0   3  18   0   0   0   0   4  30  0.26 0.13
   23 L     1   1  -2  -2  -2  -1   0  -1  -2  -1   3   1   0  -2  -2   0   0  -3  -2  -1   14   9   0   0   0   0   6   3   0   0  40  12   0   0   0   9   8   0   0   0  0.17 0.12
   24 K    -1   1  -1   3   2   3   2  -2  -1  -3  -3   2  -2  -4  -2   1   0  -4  -3  -3    0   5   0  20   6  23  16   0   0   0   0  12   0   0   0  12   6   0   0   0  0.44 0.15
   25 W     1  -3  -3  -3  -2  -2   0  -3  -2   1   1  -3   1   3  -3  -2  -1   7   2   0   14   0   0   0   0   0   8   0   0  12  10   0   4  16   0   0   4  21   6   3  0.49 0.15
   26 F    -1  -3  -4  -4  -2  -3  -4  -4  -3   3   2  -3   2   2  -4  -3  -1  -2  -1   3    3   0   0   0   0   0   0   0   0  19  26   0   8  11   0   0   0   0   0  32  0.46 0.15
   27 M    -2   3  -1   3  -3   2   1  -3   1  -1  -2   2   0  -3  -2   0  -1  -4  -2   0    0  21   0  21   0  11   8   0   4   3   0  15   3   0   0   4   0   0   0   9  0.32 0.13
   28 E    -1   3  -1   0  -3   1   3  -2  -1  -3  -2   3  -2  -1  -2   0   0  -3  -2  -3    4  18   0   4   0   6  24   0   0   0   3  24   0   4   0   7   6   0   0   0  0.35 0.13
   29 E    -2  -1  -2  -1  -3   1   3  -1   2   1   1   1  -1   2  -3  -2  -2  -2  -1   1    0   0   0   0   0   8  26   6   6   8  13   8   0  13   0   0   0   0   0  12  0.16 0.11
   30 K    -1   0   4   4  -4   2   2   0  -1  -4  -4   1  -3  -4  -2   0  -1  -4  -3  -3    3   4  25  27   0  12   9   6   0   0   0   7   0   0   0   6   0   0   0   0  0.51 0.15
   31 P     3  -3  -3  -3  -3  -3  -3  -3  -3   1  -2  -2  -2  -1   6  -1  -2  -3   1  -1   30   0   0   0   0   0   0   0   0  14   0   0   0   3  47   0   0   0   6   0  0.95 0.24
   32 D    -3  -3   0   7  -5  -2   0  -3  -3  -5  -5  -2  -4  -5  -3   1  -1  -6  -5  -4    0   0   0  87   0   0   0   0   0   0   0   0   0   0   0   9   4   0   0   0  1.50 0.34
   33 I    -2  -4  -4  -5  -2  -4  -4  -5  -4   6   0  -4   0   0  -4  -3  -2  -4  -2   4    0   0   0   0   0   0   0   0   0  60   0   0   0   4   0   0   0   0   0  36  0.89 0.26
   34 L    -2  -3  -4  -4   4  -3  -4  -4  -4   4   3  -3   0   0  -4  -1  -2  -3  -2   2    0   0   0   0  12   0   0   0   0  31  37   0   0   3   0   6   0   0   0  11  0.49 0.16
   35 C     0  -4  -3  -4   9  -4  -4   2  -4  -2  -1  -4  -2   2  -4  -2  -1  -3  -2  -2    9   0   0   0  53   0   0  16   0   0   6   0   0  12   0   0   4   0   0   0  1.06 0.27
   36 L    -3  -4  -4  -5  -2  -3  -4  -5  -4   3   4  -4   1   2  -4  -4  -2  -3  -2   1    0   0   0   0   0   0   0   0   0  24  64   0   0   8   0   0   0   0   0   4  0.72 0.21
   37 Q    -2  -1  -2  -2  -4   8   0  -3  -1  -5  -4  -1  -2  -5  -3   2  -2  -4  -3  -4    0   0   0   0   0  86   0   0   0   0   0   0   0   0   0  14   0   0   0   0  1.47 0.40
   38 E    -3  -2  -2   0  -6   0   7  -4  -2  -5  -5  -1  -4  -5  -3  -2  -3  -5  -4  -4    0   0   0   0   0   0 100   0   0   0   0   0   0   0   0   0   0   0   0   0  1.65 0.40
   39 I    -1  -3  -2  -3  -2  -2  -3  -3  -3   1   1  -2  -1  -2  -3   0   5  -4  -3   2    0   0   0   0   0   0   0   0   0   6  16   0   0   0   0   4  57   0   0  17  0.58 0.23
   40 K    -2   1  -1  -2  -4   0  -1  -3   6  -3  -3   5   1  -3  -3  -2  -2  -4  -2  -1    0   4   0   0   0   0   0   0  24   0   0  60   6   0   0   0   0   0   0   6  0.83 0.27
   41 A    -1  -3  -3   0   5  -2  -3  -1  -3   1   2  -3   2  -1  -3  -2   1   4  -2   1    3   0   0   6  16   0   0   6   0   6  23   0   8   0   0   0  10   8   0  14  0.27 0.12
   42 A     1   2   1  -1  -2   2   0  -2   2  -3  -3   1  -2  -3  -2   1   3  -3  -2  -2   19  14   8   0   0  10   4   0   5   0   0   6   0   0   0   7  27   0   0   0  0.30 0.13
   43 P    -1   1   0   2   1   0   1   1   3  -3  -3   1  -2  -3   2  -1  -1  -3  -2  -2    4   9   3  17   4   0  10  15  11   0   0   8   0   0  13   0   0   0   0   4  0.28 0.09
   44 E     0   0   0   2  -3   1   3  -1  -1  -2   0   2   1  -3  -2   0  -1  -3  -2  -2    7   4   3  15   0   4  25   3   0   0  11  15   8   0   0   4   0   0   0   0  0.23 0.10
   45 Q     0  -1   0   2  -2   1   2   1  -1  -1  -1   0   1  -3  -2   0  -1  -3  -2   0    6   0   4  11   0   9  21  12   0   0   6   3   5   0   0   8   0   0   0  12  0.16 0.08
   46 L    -1  -2  -2  -2  -2  -2   0  -3   1   1   2  -2   0   2   2  -1   1  -2   0   1    1   1   1   1   0   1   6   1   6   8  31   1   0  12  11   1  11   0   0   7  0.18 0.08
   47 P     0  -1  -1   0  -2  -1   0  -2   1   0  -2   0  -2  -3   5   1   1  -3  -2  -2    7   1   1   3   0   1   4   1   4   7   1   8   0   0  37  10  14   0   0   1  0.59 0.13
   48 R     0   2  -1   2  -3   1   2  -2  -1  -2   0   2  -1  -2  -2   0  -1  -3   0  -2   10  11   0  15   0   4  12   1   0   0  15  19   0   0   0   6   0   0   3   1  0.18 0.08
   49 K    -1   0  -1   2  -3   1   2  -2   3  -3  -3   2  -2  -2   1  -1  -1   5  -1  -3    1   1   1  16   0   7  16   1  10   1   2  22   0   1   6   1   1  10   1   1  0.38 0.11
   50 L    -1  -1   0  -1  -2  -1   1  -1   1   1   1   0   0   0  -2  -1   0  -1   2   1    1   1   6   1   0   1  14   6   4   7  23   4   0   1   1   1   5   0  12  10  0.07 0.06
   51 R     1   1  -1  -2  -2   2   0  -2  -2   0   1   0   0  -2  -2  -1   1  -2  -2   0   14  12   0   0   0  13   7   1   0   0  22   5   0   0   0   1  13   0   0  10  0.13 0.08
   52 H     0   1   2   0  -2   0   2  -1   1   0  -1   1   0  -2  -2   0  -1  -3  -2   0    6   8  15   1   0   1  17   4   4  10   5   8   4   1   1   7   1   0   0   9  0.08 0.05
   53 V    -1  -2  -1  -3  -2  -2  -3  -3  -3   2   2  -1   1  -1   1   0  -1   5  -1   2    4   0   3   0   0   0   0   0   0  14  23   5   3   0   6   8   0  12   0  22  0.28 0.12
   54 E    -2   0  -1   3  -3   0   2  -2  -2  -2  -1   2  -2   0   4  -1  -2  -3  -2  -2    0   5   0  20   0   0  16   0   0   0   9  21   0   7  20   0   0   0   0   0  0.40 0.13
   55 G    -1  -3  -1   3  -4  -2   0   6  -3  -4  -4  -2  -4  -4  -3  -1  -2  -4  -4  -4    0   0   0  17   0   0   8  70   0   0   1   0   0   0   0   0   0   0   0   0  1.03 0.23
   56 Y    -3  -3  -3  -3  -3  -2  -1  -4   3  -2  -2  -3  -2   4  -4  -2   0   6   7  -2    0   0   0   0   0   0   5   0   8   0   1   0   0  15   0   0   6  12  50   0  1.03 0.25
   57 R    -2   2   2   0  -3   1   1  -2   3  -3  -3   2  -2  -2  -2   1  -1  -2   2  -1    0  13  11   4   0   3  11   0  12   0   0  18   0   0   0  10   0   0  12   6  0.29 0.12
   58 S     0  -2   0  -2  -2   0  -1  -2   2   1  -1  -1  -1  -1   0   2   0  -2   2   1    6   0   4   0   0   4   0   0   6  14   0   4   0   0   3  28   4   0  10  17  0.15 0.11
   59 F    -3  -3  -4  -4  -3  -3  -4  -4   1   2  -1  -4  -1   5  -4  -3  -1   4   6  -1    0   0   0   0   0   0   0   0   4  16   0   0   0  29   0   0   4   6  41   0  0.96 0.25
   60 F    -2  -3  -3  -3  -3  -2  -1  -4   1   0  -1  -3  -1   5  -4  -1   0   6   5  -2    3   0   0   0   0   0   6   0   3   4   4   0   0  33   0   3   6  13  23   0  0.70 0.20
   61 T     1   0   1  -1   3   2  -1  -1  -1  -1  -1  -1  -1   0  -2   2   1  -2  -1  -1   10   5   9   0   8  12   1   4   0   4   4   0   0   6   0  24  12   0   0   1  0.16 0.09
   62 P     1   0   0  -2   3  -1  -1   0   1  -2  -1  -1  -2  -1   4   1  -1  -2   0  -2   12   5   6   0  10   0   4   9   6   0   7   0   0   3  21  10   0   0   3   1  0.26 0.09
   63 A     2   0   2  -1  -2   2   0  -2   2  -2  -1   2   0  -3  -2   2  -1  -3  -2  -2   20   3  12   0   0  12   3   0   8   0   6  13   3   0   0  16   0   0   0   0  0.21 0.12
   64 E     0  -1   0   2  -3   1   0   4  -2  -1  -3  -1  -2  -3   0  -1   1  -3  -3  -1    9   3   3  13   0   8   3  36   0   4   0   0   0   0   3   0  10   0   0   6  0.29 0.12
   65 R    -1   3  -1   0   2   2  -1   0  -1  -3  -2   2  -2  -3  -2   1   0   3  -2  -2    0  22   0   5   6  12   0   7   0   0   4  17   0   0   0  14   6   6   0   0  0.28 0.12
   66 K    -1   1   1  -1  -3   2   2  -1  -1  -3  -1   4  -2  -3  -2   0   1  -4  -3  -2    0   3   6   0   0  14  12   3   0   0   8  37   0   0   0   7   9   0   0   0  0.36 0.15
   67 G     0   1  -1  -2  -3  -2  -2   5  -2  -4  -4   2  -3  -3  -3   0  -2  -3   1  -4    6   8   0   0   0   0   0  58   0   0   0  16   0   0   0   6   0   0   6   0  0.73 0.20
   68 Y    -3   1  -2  -3   2   0  -2  -4   5  -3  -3   2  -2   0  -4  -2  -3  -1   7  -3    0   8   0   0   6   4   0   0  18   0   0  14   0   0   0   0   0   0  50   0  0.94 0.27
   69 S     2  -2   1  -1  -2  -1  -1   1   3  -3  -3  -1  -2  -2  -2   3  -1  -2   2  -2   24   0   8   0   0   0   0  12  10   0   1   0   0   0   0  33   0   0   9   0  0.35 0.15
   70 G    -1  -3  -2  -3  -3  -3  -3   6  -3  -4  -4  -3  -3  -4  -3  -2  -3  -4  -4  -1    0   0   0   0   0   0   0  89   0   0   1   0   0   0   0   0   0   0   0   6  1.39 0.28
   71 V     0  -3   0  -3  -2  -3  -3  -3  -3   1  -1  -3  -1  -2  -3  -1   3  -4  -3   5    6   0   6   0   0   0   0   0   0   4   0   0   0   0   0   0  24   0   0  59  0.56 0.23
   72 A     5  -3  -3  -3  -2  -2  -2   2  -3  -3  -3  -2   1  -4  -2   0   0  -4  -3  -2   76   0   0   0   0   0   0  14   0   0   0   0   4   0   0   0   6   0   0   0  0.78 0.26
   73 M    -2  -3  -3  -4   1  -3  -3  -4  -3   3   3  -3   2   1  -3  -2   1  -3  -1   2    0   0   0   0   4   0   0   0   0  31  30   0   6   8   0   0   9   0   0  12  0.41 0.14
   74 Y    -3  -3  -4  -5  -3  -3  -4  -5  -3   2   4  -4   0   3  -4  -3  -2   3   3   0    0   0   0   0   0   0   0   0   0  11  57   0   0  18   0   0   0   4  10   0  0.66 0.20
   75 T    -1  -3  -2  -3   4  -2  -2  -3  -3   2  -1  -2  -1  -2  -3   2   2  -3   0   2    0   0   0   0  12   0   0   0   0  19   0   0   0   0   0  24  19   0   4  22  0.35 0.17
   76 K    -2   3   1   2  -4   0   0  -1  -2  -4  -4   5  -3  -4  -2   0  -2  -4  -3  -4    0  20   8  13   0   0   0   4   0   0   0  48   0   0   0   6   0   0   0   0  0.62 0.20
   77 V     0   0   0  -2  -3   1   0  -3  -1   1  -1   3  -1   3  -3  -1  -1  -2   1   0    8   0   6   0   0   9   3   0   0  11   0  30   0  17   0   0   3   0   6   7  0.19 0.13
   78 P    -1   1  -1   0   2   2   1  -3  -2  -3  -2   2   2  -3   3   0   1  -3  -3  -2    0   8   0   4   7  10   9   0   0   0   0  18   9   0  18   6  11   0   0   0  0.35 0.13
   79 P    -2  -3  -3  -3  -4  -3  -1  -4  -3   0  -1  -3  -2   2   7  -2  -1  -4  -2   0    0   0   0   0   0   0   4   0   0   6   6   0   0  11  61   0   4   0   0   8  1.21 0.26
   80 S     0   0   0  -1  -2   0   1  -3  -2   1   1   1   0  -2  -2   0   0  -3  -2   1    6   4   4   0   0   4  12   0   0  13  18  16   0   0   0   3   8   0   0  13  0.10 0.07
   81 S     1  -1   2  -1  -2   0  -1  -2   4  -2  -2   1  -2  -3   0   2   0  -4  -2   0   12   0  15   0   0   3   0   0  15   0   0  14   0   0   4  19   4   0   0  13  0.25 0.13
   82 L     2  -1  -3  -3  -2  -2  -1  -3  -2   2   0  -2   0   2  -3  -1  -1  -2   1   2   27   4   0   0   0   0   6   0   0  18   3   0   0  10   0   0   0   0   6  25  0.22 0.13
   83 R    -2   3   0  -1  -3   0   2  -3  -2   0  -2   2  -2  -3   2   0   1  -4  -3  -2    0  19   4   0   0   0  22   0   0  11   0  18   0   0  10   3  12   0   0   0  0.34 0.14
   84 E    -2   2  -1  -1  -3   1   2  -3   2   0  -1   1  -1   0  -3   0  -1  -2   3  -1    0  18   0   0   0   4  20   0   6   8   6   8   0   4   0   6   0   0  15   4  0.22 0.11
   85 G    -1  -3  -1   3  -3  -2  -2   5  -3  -1  -3  -2  -3  -3  -3  -1   0  -3   0  -1    0   0   0  24   0   0   0  56   0   4   0   0   0   0   0   0   6   0   4   6  0.72 0.21
   86 F    -2  -2  -3  -4   3  -3  -3  -2  -3   4   1   0   0   3  -3  -2  -1  -2  -1   2    0   0   0   0   8   0   0   4   0  39   5  12   0  16   0   0   3   0   0  12  0.32 0.15
   87 G     1  -2   2   0  -3  -1   0   3  -2  -3  -3  -1  -2  -3   3   1   1  -4  -3  -1   10   0  12   4   0   0   8  26   0   0   0   0   0   0  14  11   7   0   0   6  0.35 0.11
   88 V    -1  -2   0  -1  -3  -2  -1   4   1   0   1  -1  -1  -2   0  -1   0  -3  -2   1    0   0   3   3   0   0   3  37   6   4  16   3   0   0   4   0   9   0   0  12  0.24 0.11
   89 E     0   1   0   3  -3   0   2  -2   3  -2  -1   1  -2   0  -2   0  -1  -3  -1  -2   10  11   4  19   0   0  15   0  12   0   8   8   0   6   0   7   0   0   0   0  0.22 0.10
   90 R    -1   0   1   0  -3   1   2   1  -1  -2  -1   1   0   1  -2  -1   0   2   0  -1    3   3  11   3   0   6  16  12   0   0   6  14   4   8   0   0   4   4   4   3  0.12 0.07
   91 F    -1  -2   0   1  -3  -1   0  -3   4   2   1  -2   1   1  -3  -2  -2  -3  -1   0    6   0   6   8   0   0   8   0  20  19  15   0   4   6   0   0   0   0   0   6  0.19 0.11
   92 D    -2  -2   0   5  -3   1   2  -2   2  -3  -2  -1   0   0  -2   0  -2  -3  -2  -3    1   0   0  47   0   7  16   1   6   0   5   0   4   4   0   7   0   0   0   1  0.55 0.17
   93 T     0  -1   0   0  -2   1  -1   0  -2   0   1   1   0  -2   0   1   1  -3  -2   0    9   0   4   4   0  10   1   7   0   4  17   9   0   0   5  14   7   0   0   8  0.07 0.05
   94 E     0   2  -1   1  -3   2   4  -2  -1  -2  -2   2   1  -3  -2  -1  -1  -3  -2  -1    7  12   0   5   0   9  41   1   0   0   1  12   6   0   0   1   0   0   0   4  0.42 0.14
   95 G    -1   0  -2  -2  -3  -2  -2   5  -2  -3  -3  -1  -3  -3   1  -1  -2  -3   1  -1    1   6   0   0   0   0   1  66   0   0   1   4   0   0   7   1   0   0   6   6  0.79 0.19
   96 R    -1   7   0  -3  -5  -1  -2  -3  -2  -4  -4   1  -3  -4  -3  -1  -2  -4  -3  -4    6  82   4   0   0   0   0   0   0   0   0   4   0   0   0   4   0   0   0   0  1.25 0.32
   97 I     0  -3  -3  -3   4  -2  -3  -3  -3   4   0  -3   3  -1  -3  -2   0  -3  -2   3    6   1   0   1  12   0   1   1   0  33   1   1  11   0   1   1   7   0   0  24  0.38 0.14
   98 Q    -2  -3  -3  -3  -2   0  -3  -4  -3   5   2  -3   0  -1  -3  -2  -1  -3  -2   3    1   1   0   1   0   7   1   1   0  51  16   1   0   0   1   1   1   0   0  18  0.48 0.16
   99 I    -1  -1  -1  -2  -2   2   0  -2  -2   1   1  -1   3  -2   1   0   2  -2  -2   0    1   1   0   1   0  14   7   1   0   8  14   1  13   0   7   9  20   0   0   4  0.17 0.10
  100 A     2  -2  -2  -2  -2  -1   0  -2  -2   1   1  -2   0  -2   1   0   2  -3  -2   1   29   0   0   0   0   0   6   1   0   6  19   0   0   0   6   1  20   0   0   9  0.19 0.10
  101 D     0   1  -1   2  -3   2   4  -2  -1  -2  -2   0   1  -3  -2   0  -1  -3  -2  -1    7   8   0  14   0  10  37   1   0   0   1   0   6   0   0   6   0   0   0   7  0.38 0.14
  102 F    -2  -2  -2  -3  -3  -2   0  -1   3   0   1  -2  -1   5  -3  -2   0  -1   3  -1    1   0   0   0   0   0   7   6   9   3  17   0   0  36   0   1   6   0  11   0  0.37 0.14
  103 D    -1   0  -1   3  -4   2   3   3  -2  -4  -4   0  -3  -4   1  -1  -2  -4  -3  -3    4   6   0  21   0  12  21  25   0   0   0   5   0   0   6   0   0   0   0   0  0.46 0.14
  104 D     0  -1   2   1  -3   0   1   0   1  -3  -3   1   0  -3   1   1   2  -3  -2  -2    4   0  13   6   0   4  12   4   4   0   0   9   4   0   6  15  19   0   0   0  0.25 0.10
  105 F    -2  -3  -4  -4  -2  -3  -4  -4  -2   3   2  -3   0   5  -4  -3  -2  -1   2   0    0   0   0   0   0   0   0   0   0  24  27   0   0  35   0   0   0   0   6   3  0.57 0.17
  106 L    -1   0   0  -2  -2  -1  -2   0  -1   0  -1  -1  -1   2  -2   1   3  -2   2   1    0   5   6   0   0   0   0   7   0   4   4   0   0  10   0  15  26   0  10  11  0.15 0.10
  107 L     0  -3  -4  -4  -2  -3  -3  -1  -4   3   3  -3   0   1  -3  -2  -1  -3  -1   3    6   0   0   0   0   0   0   6   0  20  35   0   0   6   0   0   0   0   0  27  0.38 0.14
  108 Y    -2  -3  -4  -4  -2  -3  -4  -1  -3   4   2  -3   4   0  -4  -3   0  -3   0   2    0   0   0   0   0   0   0   6   0  46  12   0  15   4   0   0   4   0   3  10  0.45 0.17
  109 N     0  -1   6  -1  -3   2  -1  -1   2  -4  -4   0  -3  -4  -3   0   1  -4  -3  -3    6   0  53   0   0  12   0   4   6   0   0   6   0   0   0   4   9   0   0   0  0.67 0.22
  110 I     0  -3  -3  -4  -2  -3  -3   0  -4   3   0  -3  -1  -2  -3  -2   1  -4  -2   5    6   0   0   0   0   0   0   8   0  15   0   0   0   0   0   0  11   0   0  59  0.52 0.21
  111 Y    -4  -4  -4  -5  -4  -3  -4  -5   0  -3  -2  -4   2   3  -5  -4  -3   0   9  -3    0   0   0   0   0   0   0   0   0   0   0   0   6  10   0   0   0   0  84   0  1.82 0.40
  112 F     2  -3  -3  -3   6  -3  -3  -1  -3   0   0  -3  -1   2  -3   0   0  -3  -1   1   25   0   0   0  26   0   0   4   0   4   6   0   0  12   0   4   7   0   0  13  0.39 0.15
  113 P    -2  -4  -4  -3  -4  -3  -3  -4  -4  -3  -4  -3  -4  -5   8  -3  -3  -5  -4   1    0   0   0   0   0   0   0   0   0   0   0   0   0   0  88   0   0   0   0  12  2.25 0.39
  114 N    -2   0   6  -1  -3   1  -1  -2   4  -3  -3  -1  -2  -3  -3  -1   2  -4  -2  -1    0   4  53   0   0   9   0   0  12   0   1   0   0   0   0   0  14   0   0   4  0.70 0.22
  115 G     2  -2   0  -1  -2  -1  -1   1   1  -2  -1  -1  -1  -2   2   1   2  -3  -2  -1   28   1   5   1   0   0   1  12   4   1   7   1   0   0   9  14  16   0   0   1  0.23 0.10
  116 K    -1   1   2   0  -3  -1   0   4  -1  -3  -3   0  -2  -2  -2   1  -1  -2   1  -2    0  10  12   6   0   0   6  37   0   0   1   4   0   0   0  10   0   0   8   4  0.35 0.12
  117 M     2   2  -1   1  -2  -1  -1  -2  -2  -2  -1  -1   2  -3   2   1  -1  -3  -2  -2   27  16   0  12   0   0   0   0   0   0   7   0  10   0  11  14   0   0   0   0  0.24 0.12
  118 S    -1   2  -1   0  -3   0   2   3   1  -3  -3   0  -2  -3   1   0  -1  -3  -2  -3    1  18   0   4   0   0  19  30   3   1   1   4   0   0   8   8   1   0   0   1  0.36 0.11
  119 E    -1  -1  -1   2  -2   0   3  -2  -1  -1   1   0  -1  -2  -1  -1  -1  -2  -2  -1    2   1   1  16   0   1  34   2   1   1  25   7   1   1   1   2   1   0   1   2  0.28 0.10
  120 E     0  -1   1   0  -2   1   2   0   3  -2  -2   1  -1  -2   1   0   0  -2  -1   0    7   1   9   5   0   4  17   9  12   1   2   8   0   1   7   1   4   0   1  10  0.15 0.06
  121 R    -1   5   0  -1  -3   0   1  -1   2  -3  -2   1  -2  -3   1  -1  -1  -3  -2  -2    6  49   4   1   0   1   9   6   6   1   2   4   0   1   6   1   1   0   1   1  0.48 0.14
  122 L     0   0  -2  -2  -2  -2  -1  -2  -2   1   3  -2   1   2  -2  -2  -1  -1   0   1    7   7   1   1   0   1   5   1   0  10  37   1   0  15   1   1   1   0   1   9  0.17 0.08
  123 K     0   0   0   2  -2   3   2  -1  -1  -2  -2   1   0  -2   0   0   0  -2  -2  -2    8   1   1  11   0  18  19   2   1   1   2  10   5   1   4   5   7   0   1   2  0.22 0.07
  124 Y     0   1  -2  -2  -2  -1   0  -2   0  -2  -1  -1  -1   3   0  -1  -1   4   4  -1   11  12   1   1   0   1   6   2   1   1   2   1   1  20   4   2   1   7  23   2  0.31 0.10
  125 K    -1   5  -1  -2  -3   1   0  -2  -1  -2  -2   3   1  -3  -2  -1   0  -2  -2  -2    2  42   1   1   0   7   1   1   0   1   2  22   7   1   1   1   7   0   1   1  0.48 0.14
  126 L     1   1  -2  -2  -2   0  -1  -2   1   0   1  -1   2  -1  -2  -1   0  -2   1   0   22   9   1   1   0   4   4   1   4   8  15   1  12   1   1   1   7   0   8   1  0.09 0.07
  127 E    -1   4  -1   1  -4   4   1  -3  -1  -3  -3   2  -2  -4  -2  -1   0  -3  -2  -3    4  37   0   7   0  23   7   0   0   0   1  14   0   0   0   0   4   0   0   0  0.57 0.17
  128 F    -3  -3  -3  -3  -3  -3   1  -4  -2  -2  -1  -3  -2   7  -4  -3  -1   6   1  -1    0   0   0   0   0   0  14   0   0   0   1   0   0  61   0   0   3  13   0   4  0.99 0.26
  129 Y    -2  -2  -2   0  -3  -2   0  -3  -1   1   0  -2  -1   3  -3  -2  -2   6   5  -1    1   1   1   8   0   1   7   1   0  12   5   1   0  12   1   1   1  14  33   1  0.58 0.16
  130 D    -1   2   0   3  -3   1   3  -1  -1  -3  -3   3  -2  -3  -2  -1  -1  -3  -2  -3    4  14   1  18   0   6  20   5   0   1   1  26   0   0   1   1   1   0   0   1  0.40 0.12
  131 A     2   1   1   3  -2   0   0  -2  -2  -1   0  -1  -1  -3  -2   1  -1  -4  -2   1   23   8   5  22   0   4   4   0   0   0   9   0   0   0   0  12   0   0   0  15  0.18 0.11
  132 F    -2  -3  -3   0  -2  -2  -3  -4  -3   2   3  -1   2   3  -3  -2   1  -2  -1   0    0   0   0   7   0   0   0   0   0  11  42   4   6  16   0   0  11   0   0   4  0.31 0.13
  133 L    -2   0  -2  -3   2   3   0  -3  -2  -1   3  -1   0   1  -3  -1  -2  -2   0   0    0   7   0   0   6  25   4   0   0   0  38   0   0   7   0   6   0   0   4   4  0.27 0.15
  134 E     1   2   0  -1  -2   1   2  -2   2  -1  -2   0   2  -3  -2   1   0  -3  -2  -1   19  14   5   0   0   7  18   0   8   3   0   0   9   0   0  10   4   0   0   4  0.20 0.11
  135 D    -1   2   0   2  -3  -1   2  -3  -1  -2  -1   0  -2   1  -3  -1  -2  -1   4  -2    7  17   3  17   0   0  16   0   0   0   8   4   0   7   0   0   0   0  20   0  0.29 0.13
  136 V    -1   0  -3  -4  -2  -2  -3  -4   0   1   2  -2   2   1  -3  -2  -2   5   2   1    5   6   0   0   0   0   0   0   3   6  31   0  10   6   0   0   0  10  11  11  0.34 0.12
  137 N    -1   0   1  -1   2   2   3  -3  -1  -1   0   1  -1  -3  -2   0  -1  -3  -2   0    0   4   8   0   6  10  35   0   0   4  14   7   0   0   0   4   0   0   0   6  0.26 0.12
  138 R     1   1   2  -1   2  -1   0  -2  -2   0  -2   2  -2  -3  -2   0   2  -3  -2  -1   20  11  15   0   7   0   4   0   0   8   0  17   0   0   0   0  17   0   0   0  0.22 0.12
  139 E    -1  -1  -1   0  -2   0   3   0  -1  -1   1   0  -1  -2  -2  -1   1  -2   0  -1    1   1   1   4   0   1  35   7   0   1  23   4   0   1   1   1  13   0   5   1  0.21 0.11
  140 R    -2  -1  -3  -1  -2  -2  -2  -3   0   3   3  -2   0  -1   1  -1  -2  -3  -2   0    0   4   0   5   0   0   0   0   3  24  47   0   0   0   8   5   0   0   0   0  0.32 0.14
  141 D     1   0   1   4  -3  -1   1  -2  -2  -1  -3   2  -2  -3   1   0  -1  -4  -3  -2   13   4   4  34   0   0   4   0   0   6   1  22   0   0   6   5   0   0   0   0  0.35 0.13
  142 S     2   0  -1   0   0   1   0  -1  -2   0  -2   1  -1  -2   0   2   0  -3  -2  -1   22   3   0   7   3   7   4   1   0  13   1  11   0   0   5  20   1   0   0   1  0.14 0.08
  143 G    -1   0   1   3  -2  -1   0   3  -1  -2  -2   0  -2  -3  -2   0   0  -3  -2  -2    1   7   7  20   0   1   5  28   0   1   5   4   0   1   1   8   9   0   1   1  0.26 0.07
  144 R    -1   2   2  -1  -3   0   2  -2  -1  -2  -2   3  -2  -3  -2   1  -1  -3  -2   0    1  11  15   1   0   1  13   1   0   1   1  32   0   1   1  11   1   0   0   9  0.30 0.11
  145 N     0   0   0  -2  -3  -1  -1  -2   4  -3  -3   2  -3  -3   6  -1  -2  -3  -2  -3    7   4   4   1   0   1   1   1  13   1   1  15   0   0  48   1   1   0   0   1  0.96 0.19
  146 V    -2  -3  -3  -4  -2  -3  -3  -4  -3   3   3  -3   0   1  -3  -2   0  -3  -1   3    0   0   0   0   0   0   0   0   0  15  31   0   0   6   0   0   8   0   0  37  0.42 0.14
  147 I    -2  -4  -4  -4  -2  -4  -4  -5  -4   4   2  -4   0   3  -4  -3  -2  -2  -1   2    0   0   0   0   0   0   0   0   0  43  22   0   0  18   0   0   0   0   0  17  0.61 0.19
  148 I    -1  -4  -4  -4  -2  -3  -4  -4  -4   4   2  -3   0   1  -4  -3  -2   4  -1   3    4   0   0   0   0   0   0   0   0  42  20   0   0   6   0   0   0   8   0  20  0.55 0.17
  149 C     1  -3  -3  -3   6  -2  -3   1  -3   1   0  -3   3  -2  -3  -1   0  -3  -3   2   12   0   0   0  23   0   0  12   0   8   5   0  16   0   0   0   7   0   0  15  0.39 0.16
  150 G    -1  -4  -2  -3  -4  -3  -4   7  -4  -5  -5  -3  -4  -5  -4  -2  -3  -4  -5  -5    0   0   0   0   0   0   0 100   0   0   0   0   0   0   0   0   0   0   0   0  1.83 0.36
  151 N    -3  -3   1   8  -5  -2   0  -3  -3  -5  -5  -2  -5  -5  -3  -2  -3  -6  -5  -5    0   0   3  97   0   0   0   0   0   0   0   0   0   0   0   0   0   0   0   0  1.83 0.39
  152 F    -3  -3  -4  -5  -3  -3  -4  -4  -3   0   3  -4   3   4  -4  -3  -2   6   2   1    0   0   0   0   0   0   0   0   0   0  35   0  12  27   0   0   0  14   4   8  0.72 0.20
  153 N    -3  -2   8   0  -5  -2  -2  -2  -1  -5  -5  -2  -4  -5  -4  -1  -2  -6  -4  -5    0   0 100   0   0   0   0   0   0   0   0   0   0   0   0   0   0   0   0   0  1.90 0.43
  154 T     1  -2  -2  -3   1  -2  -2  -3  -2   2   0  -2   0  -1  -2  -1   2  -2   1   3   15   0   0   0   3   0   0   0   0  16   7   0   0   0   0   0  21   0   6  29  0.25 0.12
  155 A     3   0  -1  -2   2  -1  -1  -1  -2  -2  -1   0  -2  -3   2   2   1  -3  -2  -1   33   7   0   1   5   0   1   1   0   1   5   5   0   0  12  23   6   0   0   1  0.31 0.12
  156 H    -2   0  -1   0   1  -1  -1  -3   7  -2   1  -2  -1  -2   2  -2  -2  -3  -1  -1    1   5   0   7   4   0   1   1  43   1  18   1   0   0  13   1   1   0   0   5  0.58 0.19
  157 R     0   1   1   2  -2   1   2   0  -1  -2  -2   0   0  -1  -2   1   1   3  -1  -2    5   9   8  11   0   6  18   5   0   1   1   1   3   4   1  11   9   6   0   1  0.20 0.07
  158 E     0  -1  -1   1  -2   0   3  -2  -2  -1   0  -1  -1  -2   2   0  -1  -3  -2  -1   10   1   0   9   0   0  34   1   0   4  12   1   0   0  13   9   1   0   0   5  0.29 0.11
  159 I    -2   0  -2  -3  -2   0  -2  -3  -2   4   2  -1   1  -1  -2  -2  -1  -2  -2   1    1   7   1   1   0   5   1   1   0  51  17   5   4   1   1   1   1   0   1   1  0.33 0.13
  160 D    -2  -2   0   7  -3  -1   1  -2  -2  -3  -3  -1  -3  -3  -2  -1  -2  -4  -3  -3    1   1   1  78   0   1   6   1   0   1   2   1   0   1   1   1   1   0   1   1  1.14 0.23
  161 L    -1   3  -1   0  -2  -1  -1  -3   1   2   2  -1   0  -1  -2  -1   0  -2  -1   0    1  23   1   7   0   0   1   1   6  18  24   1   0   0   1   6   5   0   0   6  0.14 0.08
  162 A     1   0   0  -1   2  -1   0   1  -2  -2  -2   1  -2   0   1   1  -1   6  -1  -2   18   4   6   1   7   0   4  10   0   1   1  10   0   4   5  14   1  14   0   1  0.26 0.09
  163 R    -2   2   3   2  -3  -1   0   0   1   0  -2   0  -2  -2  -2   0  -1   4  -2  -1    0  14  23  15   0   0   4   5   5   9   0   5   0   0   0   5   0   7   0   6  0.24 0.10
  164 P     0  -2  -2  -2  -3   3  -1   2  -2  -1  -3   1  -2  -4   5  -1   0  -4  -3  -2   10   0   0   0   0  18   0  16   0   5   0   9   0   0  38   0   5   0   0   0  0.71 0.18
  165 K     1   0  -1   0  -3   0   1  -1  -2  -2  -1   5  -2  -3  -2  -1   0  -3  -2  -1   15   0   0   4   0   0   6   4   0   0   5  53   0   0   0   0   5   0   0   5  0.37 0.16
  166 E     0  -1   0   0  -3   0   2   3  -2  -2  -2   1  -2  -3   0   0   0  -3  -3  -1   10   0   3   4   0   0  23  26   0   0   5  10   0   0   4   5   4   0   0   4  0.24 0.08
  167 N    -2   3   5   2  -3   1  -1  -2  -1  -1  -3   0  -2  -3  -2   0  -1  -4  -3  -3    1  18  50  10   0   5   1   1   0   5   1   1   0   0   1   5   1   0   0   1  0.61 0.18
  168 S    -1   3  -1   0   2   1  -1  -2   2  -1  -2   2  -1   2  -2   1   0  -2  -1  -1    0  24   0   6   5   5   0   0   6   4   0  14   0  14   0  13   3   0   0   3  0.19 0.10
  169 N    -1   2   2   1  -3   0   1   1  -1  -3  -3   2  -2  -3   1   1  -1  -4  -3  -3    0  12  16   8   0   0   9  10   0   0   0  22   0   0   7  14   0   0   0   0  0.33 0.10
  170 V    -1  -1   2  -1  -2   2   0  -2  -1   1   1   1   0  -2  -2   1   1  -3  -2   0    0   0  12   0   0  12   4   0   0  10  15  13   3   0   0  17   8   0   0   4  0.13 0.08
  171 S     1   1   0  -1   3  -1   1   0  -2  -2  -2   0  -2  -3   3   1  -1  -3  -2  -1   19   7   4   0   9   0  12   5   0   0   1   7   0   0  19   8   0   0   0   5  0.29 0.09
  172 G     0  -2  -1  -2   2  -1  -1   4  -2  -2  -1   0   1  -3  -2   1  -1  -3  -3  -2    1   1   1   1   6   1   5  49   0   1   5   5   5   1   1  16   1   0   0   1  0.46 0.13
  173 F    -2  -3  -3  -3  -2   0  -3  -1  -2   2   0  -3   0   6  -3  -2  -2  -1   1   0    1   1   1   1   0   5   1   6   0  16   6   1   0  51   1   1   1   0   0   7  0.51 0.15
  174 L     0  -2   0  -1  -2  -1   0  -2  -2  -1   1  -1  -1  -2   0   0   4  -2  -2  -1    8   1   5   1   0   1   7   1   0   1  24   1   0   1   5   4  40   0   0   1  0.25 0.12
  175 P    -1   0  -1   2  -2   0   1   0  -1  -1  -2   0  -2  -2   4   0  -1  -3  -2  -2    2   7   1  14   0   4  10   6   0   8   2   6   0   1  24  10   1   0   1   1  0.34 0.07
  176 V     0   1  -1   0  -2   1   4  -2  -1  -1  -1   1  -1  -2   1   0  -1  -2  -2   0    6   6   1   1   0   7  38   2   0   1   7   5   0   1   7   7   1   0   1   9  0.25 0.09
  177 E    -1  -1  -1   0  -2   0   4   1  -1  -2  -1   0  -1   0  -1   0  -1  -2  -1  -2    2   1   1   1   0   1  51  13   1   1   8   1   1   6   1   6   1   0   1   2  0.37 0.12
  178 R    -1   6  -1  -2  -3   1  -1   0  -1   0  -2   1  -2  -3  -2  -1  -2  -3  -2  -2    6  60   1   1   0   4   1   6   0  11   2   1   0   1   1   1   1   0   1   1  0.58 0.17
  179 A     1   1  -1   0  -2   2   2   0  -1  -2   0   1  -1  -2  -1   0   0  -2  -2  -1   18   6   1   4   0  16  16   6   0   1  10  11   0   1   1   1   4   0   1   1  0.16 0.07
  180 W    -1   0  -1   0  -2  -1  -2   2   2  -2   0  -1  -1  -1  -2   0  -2   8   1  -2    4   6   1   5   0   1   1  16   6   1  10   4   0   1   1   8   1  27   5   1  0.50 0.12
  181 I    -2   0  -1  -3  -2  -2  -3  -3  -2   2   1  -2   4   5  -3  -2  -2  -1   1   0    1   5   4   1   0   0   1   1   0  13  12   1  20  35   1   1   1   0   4   1  0.41 0.14
  182 D     0   1   1   2  -2   1   1   1  -1  -3  -3   0  -2  -3  -2   2   1  -3  -2  -2    8   9   5  17   0   8   6  12   0   1   1   1   0   0   1  17  14   0   0   1  0.24 0.08
  183 K     0   2   3   0  -2   0   1   0  -1  -2  -2   1  -2   0   0   1  -1  -2  -1  -2   10  13  23   1   0   4   7   7   0   1   1   9   0   6   5   9   1   0   1   1  0.19 0.07
  184 F     0  -2  -2  -2   2  -2  -1  -3  -2   0   3  -2   2   2  -2  -1   1  -2  -1   0    6   1   1   1   5   1   5   1   0   1  47   1   5  10   1   5  10   0   0   1  0.22 0.10
  185 I    -1   0  -2  -3  -2  -2  -2  -3   2   2   3  -1   1  -1  -3  -2  -1  -2   0   2    5   4   0   0   0   0   0   0   9  18  36   5   3   0   0   0   0   0   3  14  0.23 0.10
  186 E     0  -1  -1   1  -3   3   2   1   1  -2   0   1  -1  -3  -2   1  -1  -3  -2  -2    5   0   0   7   0  26  13  12   5   0  11   8   0   0   0   9   0   0   0   0  0.24 0.11
  187 N     1   0   3  -1  -2  -1   0   1   1  -2  -1   0   0  -2  -2   0   0   3   0  -2   16   5  21   0   0   0   5  13   4   0   4   7   4   0   0   0   8   6   3   0  0.18 0.08
  188 G    -1   1  -1   2  -3  -2  -1   4  -2  -1  -2  -1  -2  -3   2   1  -1  -3  -3  -2    0  10   0  12   0   0   0  44   0   5   5   0   0   0   9  11   0   0   0   0  0.44 0.13
  189 Y    -3  -3  -4  -4  -3  -3  -1  -5  -3   0   4  -3   0   4  -4  -3  -2  -1   2  -1    0   0   0   0   0   0   7   0   0   0  60   0   0  27   0   0   0   0   7   0  0.66 0.21
  190 V    -1  -3  -2   0  -2  -2  -1  -3  -3   2   0  -2   1  -2  -3  -1   2  -4  -2   4    3   0   0   6   0   0   3   0   0  16   4   0   3   0   0   4  16   0   0  45  0.32 0.15
  191 D    -3  -3   0   7  -5  -2   1  -3  -3  -1  -5  -2  -4  -5  -3  -2  -3  -6  -5  -4    0   0   0  89   0   0   6   0   0   5   0   0   0   0   0   0   0   0   0   0  1.52 0.34
  192 T     0  -2  -2  -2  -2  -2  -2  -2  -3   2  -1  -2  -1   0  -2   3   3  -3  -2   1    5   0   0   0   0   0   0   0   0  23   0   0   0   5   0  28  30   0   0  10  0.34 0.17
  193 F    -3  -3   0  -4   2  -3  -4  -1  -1  -2   0  -3  -1   6  -4  -3  -1   4   5  -2    0   0   5   0   5   0   0   4   0   0   7   0   0  42   0   0   5   6  26   0  0.77 0.21
  194 R     0   7  -2  -3  -4  -1  -2  -3   2  -4  -3   0  -3  -4  -3  -2   1  -4  -3  -3    7  77   0   0   0   0   0   0   5   0   0   0   0   0   0   0  11   0   0   0  1.11 0.30
  195 M    -2   1  -1  -2   0   0   1  -3   5  -1   0   0   0  -1  -3   0   2  -2   2  -2    0   6   0   0   3   3   9   0  24   4  10   7   3   0   0   4  19   0   8   0  0.26 0.13
  196 F     0  -2  -2  -3  -2   2  -2   0  -2   0   2  -1   0   3  -3  -2  -2  -2   0   0   12   0   0   0   0  18   0   7   0   5  24   4   0  23   0   0   0   0   0   7  0.20 0.12
  197 N    -3  -1   3  -2  -4   3  -1   0   7  -4  -4  -1  -3  -2  -3  -2  -2  -2   4  -4    0   0  22   0   0  17   0   7  38   0   0   0   0   0   0   0   0   0  16   0  0.86 0.25
  198 S    -2  -3  -3  -3  -4  -2  -2   1  -3  -4  -4   0  -4  -5   8  -1   0  -5  -4  -4    0   0   0   0   0   0   0  11   0   0   0   5   0   0  76   3   5   0   0   0  1.78 0.32
  199 D    -1   3   1   2  -3   2   2  -1  -1  -3  -3   2  -2  -4  -2   1   1  -4  -3  -3    0  19   7  17   0  11  11   3   0   0   0  11   0   0   0  10  10   0   0   0  0.37 0.11
  200 P    -1   2   1  -1  -3   2   1  -2  -1  -3  -3   2  -2  -4   3   0   2  -4  -3  -1    0  16   8   0   0  11   6   0   0   0   0  18   0   0  17   4  16   0   0   3  0.41 0.13
  201 G     0   1  -1   2  -3  -1   1   2  -1  -2  -2   1  -2  -2  -2  -1   0  -2   2   0    6  12   0  13   0   0   9  20   0   0   0   9   0   0   0   0   8   0  13   9  0.18 0.10
  202 Q     2   2  -2  -2  -2   0   0   0  -2  -2   0   0   3  -2   1   0  -1  -3  -2  -1   28  14   0   0   0   3   8   8   0   0  10   6  14   0   7   3   0   0   0   0  0.18 0.11
  203 Y    -3  -3  -3  -4  -4  -3  -1  -4   0  -2  -2  -3  -2   5  -4  -3  -3   0   7  -2    0   0   0   0   0   0   5   0   0   0   1   0   0  29   0   0   0   0  60   0  1.26 0.28
  204 T    -1  -3  -1  -2  -2  -2  -2   0  -3  -2  -3  -2  -2  -4  -2   2   6  -4  -3  -2    0   0   0   0   0   0   0   7   0   0   0   0   0   0   0  17  76   0   0   0  0.97 0.30
  205 W    -3  -4  -4  -5   6  -4  -4  -1  -3  -2  -2  -4  -2   5  -5  -3  -3   8   3  -1    0   0   0   0  21   0   0   5   0   0   0   0   0  31   0   0   0  29   9   5  1.25 0.27
  206 W    -2  -3  -3  -3  -3  -2  -3  -3  -3  -2  -2  -3  -2   4  -3  -2   0  10   1   0    1   1   1   1   0   1   1   1   0   1   2   1   0  22   1   1   6  51   1   7  1.49 0.24
  207 S     0   0   2   1  -2  -1  -1   0  -1  -2  -2  -1  -2  -3  -1   3   1  -3  -2  -2    6   7  10  10   0   1   1   5   0   1   2   1   0   1   1  43  10   0   1   1  0.31 0.11
  208 Y     0  -2  -2  -2  -2   0  -2   0  -1  -1  -1  -1   1   0   0   0   1   0   5   0    9   1   1   1   0   5   1   6   0   1   1   1   5   1   5   9  13   0  32  10  0.25 0.11
  209 R     0   4   0   0  -2   0  -1  -2  -1  -1   0   0   2  -2   1   0  -1  -3  -2   0    5  34   6   5   0   1   1   1   0   1   9   1   9   1   9  10   1   0   0   7  0.22 0.10
  210 T     0  -1  -1   0  -2  -1  -1   0   4  -2  -1   0   1  -2   3   2   0  -3  -2  -2    7   0   0   6   0   0   0   9  16   0   5   5   6   0  17  24   4   0   0   0  0.29 0.11
  211 R    -1   1   3   0  -3  -1  -1   3   1  -1  -3   1  -2  -3  -2  -1  -1  -3  -2  -1    1   9  18   5   0   0   0  34   4   5   1  14   0   0   0   0   0   0   0   7  0.32 0.11
  212 A     2  -2  -1  -2  -2   0  -1   3   1  -2  -1  -1  -1   0  -2   0   2  -3  -2  -2   26   0   0   0   0   7   0  26   6   0   5   0   0   5   0   0  21   0   0   0  0.27 0.12
  213 R    -2   5  -2  -2  -3  -1   0  -3  -1  -2  -2   1  -2   3  -3  -1  -2  -2   2  -1    1  47   0   0   0   0   4   1   0   0   1   5   0  20   0   5   0   0   8   6  0.50 0.17
  214 E     0  -1   0   2  -2   0   0  -2   2  -2  -2   1  -2  -1   3   1  -1  -2   2  -1    5   1   1  15   0   5   5   1   6   1   2   9   0   1  16  16   1   0  11   4  0.25 0.07
  215 R    -1   3   0   1  -2   1   0  -2  -1  -2   0   1  -1   0  -2   0   0  -2  -1  -2    1  27   5  10   0   7   1   1   0   1  14  10   0   5   1   6   9   0   1   1  0.18 0.07
  216 N    -1  -1   6   1  -2  -1  -1   2  -1  -3  -3  -1  -2  -2  -2   0  -1  -2  -2  -2    2   1  56   6   1   1   2  14   1   1   3   2   1   1   2   2   2   0   1   2  0.59 0.14
  217 V    -1   1  -1  -1  -1  -1  -1  -2   0   0  -1   1  -1   0  -1   0   0  -1   3   1    3  11   2   2   1   1   2   3   1   5   3  10   1   1   2   9   6   0  20  18  0.10 0.05
  218 G     0   0  -1  -1  -2  -1  -1   5  -2  -2  -2  -1  -2  -2   1  -1  -1  -2  -2  -2    3   7   2   2   1   1   2  57   1   2   3   2   1   1   9   2   2   0   1   2  0.56 0.10
  219 W    -1  -2  -2  -2  -2  -2  -2   0  -2  -2   1  -2   1  -1  -2   3   0   8  -1  -2    1   0   0   1   0   0   1   7   0   0  16   1   5   0   0  33   5  27   0   1  0.64 0.18
  220 R    -3   6  -2  -3  -5   2  -1  -4  -1  -4  -3   2  -3  -3  -3  -2  -2  -3   1  -4    0  72   0   0   0  10   0   0   0   0   0  12   0   0   0   0   0   0   7   0  1.11 0.28
  221 L    -3  -4  -5  -5  -2  -4  -4  -5  -4   6   3  -4   0  -1  -4  -4  -2  -4  -2   1    0   0   0   0   0   0   0   0   0  68  32   0   0   0   0   0   0   0   0   0  0.91 0.26
  222 D    -3  -3   0   8  -5  -2   0  -3  -3  -5  -5  -2  -5  -5  -3  -2  -3  -6  -5  -5    0   0   0 100   0   0   0   0   0   0   0   0   0   0   0   0   0   0   0   0  1.89 0.39
  223 Y    -3   2  -3  -4  -4  -2  -3  -4   5  -3  -1  -2  -2   3  -4  -3  -3   0   7  -3    0  12   0   0   0   0   0   0  19   0   6   0   0  12   0   0   0   0  51   0  1.02 0.27
  224 F    -2  -4  -4  -4   1  -4  -4  -4  -3   4   1  -4   0   4  -4  -3  -1   3   0   2    0   0   0   0   3   0   0   0   0  46   6   0   0  24   0   0   4   4   0  13  0.57 0.18
  225 F    -2  -3  -4  -4  -2  -3  -4  -5  -3   2   4  -3   1   1  -4  -3  -2  -2   3   2    0   0   0   0   0   0   0   0   0  14  58   0   0   3   0   0   0   0  12  13  0.58 0.18
  226 V     1  -3  -3  -3   3  -3  -3   3  -3   1   0  -3  -1  -2  -3  -1   0  -3  -3   3   10   0   0   0  10   0   0  25   0   6   6   0   0   0   0   0   4   0   0  40  0.35 0.15
  227 N     0   1   0   0  -2  -1  -1  -2   3  -1  -3   1  -2  -3  -2   4   1  -4  -2  -2    4  10   3   6   0   0   0   0   8   7   0   6   0   0   0  51   4   0   0   0  0.39 0.18
  228 E    -1   1   2  -1  -3   3   2  -1   3  -3  -2   2  -2  -3   0   1  -1  -3  -2  -3    3   6  11   0   0  19  15   4  10   0   5  15   0   0   4   9   0   0   0   0  0.31 0.11
  229 E     2   3  -1   0  -2   1   0  -2   2  -3  -3   1  -2  -3   1   2   1  -3  -2  -2   23  21   0   4   0   5   3   0   6   0   0   8   0   0   6  17   7   0   0   0  0.29 0.11
  230 F    -2  -3   1  -3  -2  -3  -3  -1  -3   1   4  -3   0   1  -4  -1  -2   5  -1  -1    0   0  11   0   0   0   0   4   0   8  54   0   0   7   0   6   0  10   0   0  0.42 0.17
  231 K     2   1  -2  -3  -2  -1   0  -2  -2   1   2   1   2  -2  -2  -1  -1  -3  -2   1   27  10   0   0   0   0   5   0   0   7  22  11   9   0   0   0   0   0   0   9  0.16 0.10
  232 G     0   0   1   3   1  -1   1  -1  -2  -4  -4  -1  -3  -4   3   3  -1  -4  -3  -3    3   5   4  19   4   0  12   3   0   0   0   0   0   0  13  36   0   0   0   0  0.44 0.15
  233 K     1   3   0  -2   3   0  -1  -1   1  -3  -3   2  -2  -3  -2   1   0   2  -2  -2   16  21   3   0   8   3   0   3   4   0   0  19   0   0   0  13   6   4   0   0  0.28 0.12
  234 V     0  -3  -4  -4   4  -3  -3  -4  -3   2   0  -3   0   2   1  -2  -1  -2   1   3    6   0   0   0  13   0   0   0   0  16   6   0   0  10   6   0   0   0   4  39  0.38 0.14
  235 K    -1   0  -1  -2   2   4   0  -3   1  -1  -2   3  -1  -3  -2  -1   1  -3  -2   2    3   0   0   0   6  25   3   0   3   0   0  28   0   0   0   0  11   0   0  21  0.34 0.17
  236 R     1   2   1   3  -3   0   2  -2  -1  -2  -3   1  -2  -3  -2   2  -1  -4  -3  -2   14  12   4  20   0   0  20   0   0   3   0   9   0   0   0  18   0   0   0   0  0.34 0.12
  237 S     2  -2  -1  -2   1  -1  -1   0   0   0   0  -1  -1  -2  -2   3   1  -3  -2   0   22   0   0   0   4   0   0   6   3   9   7   0   0   0   0  33  10   0   0   4  0.21 0.11
  238 W    -1  -1  -1   2  -3   0   2   0  -1  -1  -2   1  -2   1   1   0   0   2   0  -2    1   0   0  18   0   0  16   9   0   5   1  16   0   9   7   3   6   4   4   0  0.18 0.08
  239 I    -2  -3  -3  -3  -2  -2  -1  -4   0   5   2  -3   2  -1  -3  -2   1  -3  -2   1    1   0   0   0   0   0   5   1   4  59  13   0   5   0   0   0  10   0   0   0  0.46 0.18
  240 L    -1   4  -2   0  -2  -1  -2  -3  -2   1   2   0   1  -2  -3  -1  -1  -3  -2   0    4  35   0   6   0   0   0   1   0  13  27   0   4   0   0   3   0   0   0   5  0.26 0.12
  241 S     0  -2   0   0  -2  -1   0  -2  -2  -2   0  -1  -2  -2   5   1   2  -3   1  -2    8   0   3   5   0   0   5   1   0   0  10   0   0   0  32  10  18   0   6   0  0.49 0.13
  242 D     0  -1   0   3   3   0   2   2  -2  -3  -3   0  -2  -3  -2   0   0   3  -2  -3    6   0   4  21   9   4  17  15   0   0   1   3   0   0   0   8   3   6   0   0  0.30 0.10
  243 V     1   0  -3  -3   1  -2  -2  -1  -2   3   0  -2   0   1   1  -1  -1  -2   1   2   16   7   0   0   3   0   0   5   0  26   1   0   0   5   6   0   0   0   8  20  0.15 0.09
  244 M    -1   1  -1  -3   3  -2  -2  -3   3  -1   2  -1   4   2  -3  -2  -2  -2  -1  -1    4   9   3   0  10   0   0   0  11   0  26   4  23  10   0   0   0   0   0   0  0.30 0.15
  245 G     0   0  -1  -2  -2  -2  -2   5  -2  -3  -1  -1  -2  -3  -2   1  -1  -2  -2  -2    5   5   1   1   0   1   1  57   0   1   8   1   0   1   1  14   1   0   1   1  0.58 0.13
  246 S     0  -2  -1  -2  -3   0  -2  -2  -2  -4  -4  -2  -3  -4  -2   6   0  -4  -3  -3    0   0   0   0   0   4   0   0   0   0   0   0   0   0   0  96   0   0   0   0  1.19 0.36
  247 D    -3  -3   0   8  -5  -2   0  -3  -3  -5  -5  -2  -5  -5  -3  -2  -3  -6  -5  -5    0   0   0 100   0   0   0   0   0   0   0   0   0   0   0   0   0   0   0   0  1.89 0.39
  248 H    -4  -2  -1  -3  -5  -1  -2  -4  10  -5  -5  -3  -4  -3  -4  -3  -4  -4   0  -5    0   0   0   0   0   0   0   0 100   0   0   0   0   0   0   0   0   0   0   0  2.54 0.48
  249 C     1  -3   0  -3   8  -2  -3  -3   3  -2   0  -3  -2  -3  -3   0   0  -3  -2  -1   17   0   7   0  46   0   0   0  10   0   8   0   0   0   0   4   5   0   0   4  0.77 0.20
  250 P    -1  -4  -3  -3   3  -3  -3   0  -4  -4  -4  -3  -4  -5   8  -2  -2  -5  -4  -4    4   0   0   0   7   0   0  10   0   0   0   0   0   0  80   0   0   0   0   0  1.91 0.30
  251 I    -2  -4  -4  -4  -2  -3  -4  -5  -4   4   2  -3   0  -1  -4  -3  -1  -3  -2   4    0   0   0   0   0   0   0   0   0  38  20   0   0   0   0   0   0   0   0  42  0.65 0.18
  252 G    -1   0  -1  -2  -2  -1  -1   2  -2  -1  -2   0  -2   0  -2   1   1   4   2   0    0   5   0   0   0   0   3  18   0   0   0   9   0   5   0  14  16   8  10  13  0.19 0.09
  253 L     2  -3  -3  -4  -2  -2  -3  -3  -3   2   3  -3   1  -1  -3  -1  -1  -3  -2   1   22   0   0   0   0   0   0   0   0  16  48   0   0   0   0   5   0   0   0   9  0.36 0.13
  254 E    -1   0  -1   2  -3   0   3  -3  -1   1  -2  -1  -1   1  -2   0   1  -3   0   1    0   7   0  10   0   0  34   0   0  12   0   0   0   7   0   5  12   0   3  10  0.23 0.11
  255 I    -2  -3  -4  -4  -2  -3  -4  -4  -3   3   4  -3   2   4  -4  -3  -2  -2   0   1    0   0   0   0   0   0   0   0   0  19  49   0   7  21   0   0   0   0   0   4  0.57 0.16
  256 E     0   1   3   3  -3   0   1  -2   2  -4  -4   1  -3  -4  -2   1  -1  -4  -2  -3    6   8  20  26   0   0   4   0   7   0   0  12   0   0   0  16   0   0   0   0  0.42 0.12
  257 L    -2  -3   1   0  -2  -2  -3  -3  -3   3   3  -3   1  -1  -3  -2  -1  -3  -2   2    0   0  12   6   0   0   0   0   0  29  34   0   0   0   0   0   0   0   0  19  0.32 0.10
  258 L    -2  -1   4  -1  -2  -1  -2  -2  -1   0   3  -1   0  -1  -3  -1  -1  -3  -2  -1    0   0  49   0   0   0   0   0   0   0  51   0   0   0   0   0   0   0   0   0  0.33 0.05
  259 E    -1   2  -1   3  -3   0   2  -2  -1   0  -2   0  -1  -3   3  -1  -1  -3  -2  -1    0  18   0  21   0   0  21   0   0  20   0   0   0   0  20   0   0   0   0   0  0.34 0.02
  260 H    -2  -1   4   4  -3   0   1  -1   4  -4  -4  -1  -3  -3  -2   0  -1  -4  -1  -3    0   0  38  42   0   0   0   0  21   0   0   0   0   0   0   0   0   0   0   0  0.62 0.04
  261 H    -2  -2  -2  -3  -2  -1  -2  -3   5   2   2  -2   1   0  -3  -2  -1  -2   0   1    0   0   0   0   0   0   0   0  33  33  34   0   0   0   0   0   0   0   0   0  0.26 0.01
  262 H    -2  -1   0  -1  -3   0  -1  -2   7  -3  -3  -1  -2  -2   5  -1  -2  -3   1  -3    0   0   0   0   0   0   0   0  67   0   0   0   0   0  33   0   0   0   0   0  0.90 0.02
  263 H    -1  -1   0   0  -2   1   3  -2   5  -2  -2   0  -1  -2  -2   0   2  -3   0  -2    0   0   0   0   0   0  33   0  33   0   0   0   0   0   0   0  34   0   0   0  0.37 0.01
  264 H    -2   0   0  -1  -3   0   0  -2   8  -4  -3  -1  -2  -1  -2  -1  -2  -3   2  -3    0   0   0   0   0   0   0   0 100   0   0   0   0   0   0   0   0   0   0   0  0.96 0.03
  265 H    -2   0   1  -1  -3   0   0  -2   7  -3  -3  -1  -2  -1  -2  -1  -2  -2   2  -3    0   0   0   0   0   0   0   0   0   0   0   0   0   0   0   0   0   0   0   0  0.00     0.00

                      K         Lambda
Standard Ungapped    0.1405     0.3231
Standard Gapped      0.0429     0.2670
PSI Ungapped         0.1401     0.3179
PSI Gapped           0.0429     0.2670
