
Last position-specific scoring matrix computed, weighted observed percentages rounded down, information per position, and relative weight of gapless real matches to pseudocounts
            A   R   N   D   C   Q   E   G   H   I   L   K   M   F   P   S   T   W   Y   V   A   R   N   D   C   Q   E   G   H   I   L   K   M   F   P   S   T   W   Y   V
    1 M    -2  -2  -3  -3  -3   2  -2  -4  -2   0   1  -2   8  -1  -3  -2  -2  -2  -2   0    0   0   0   0   0  15   0   0   0   0   0   0  85   0   0   0   0   0   0   0  0.86 0.14
    2 L     1  -2  -1  -2  -2   2   0  -3  -2   1   0   0   5  -2  -1  -1  -1  -3  -2   1   16   0   3   0   0  11   9   0   0   6   5   4  32   0   2   0   0   0   0  14  0.23 0.09
    3 E    -1   1   1  -1  -2   1   0  -2  -2  -1  -2   2  -2  -3  -2   2   4  -3  -2  -1    0   5   6   0   0   9   1   0   0   2   3  17   0   0   0  15  41   0   0   2  0.36 0.10
    4 G    -1  -4  -2  -3  -4  -3  -4   7  -3  -5  -5  -3  -4  -5  -4  -2  -3  -4  -5  -5    0   0   0   0   0   0   0 100   0   0   0   0   0   0   0   0   0   0   0   0  1.68 0.21
    5 K    -1   0  -1  -2  -2   0  -1  -3   1   1   0   2   1  -2  -2   0   3  -3  -2   1    0   1   2   0   0   3   0   0   5  15   5  22   3   0   0   6  27   0   0  12  0.18 0.07
    6 V    -1  -4  -4  -4   6  -4  -4  -4  -4   1  -1  -4  -1  -2  -4  -3  -1  -4  -3   5    0   0   0   0  24   0   0   0   0   3   0   0   0   0   0   0   0   0   0  74  0.89 0.18
    7 K    -2   1   0  -2  -4   0   0  -3  -2  -4  -4   7  -3  -4  -2  -1  -2  -4  -3  -4    0   0   3   0   0   0   0   0   0   0   0  94   0   0   0   3   0   0   0   0  1.12 0.21
    8 W    -3  -4  -4  -5   1  -1  -4  -4  -4  -4  -3  -4  -3  -1  -5  -2   1  12   0  -4    0   0   0   0   4   4   0   0   0   0   0   0   0   0   0   3  10  79   0   0  2.57 0.28
    9 F    -4  -4  -5  -5  -4  -5  -5  -5  -2  -2  -1  -5  -2   8  -5  -4  -4   0   3  -2    0   0   0   0   0   0   0   0   0   0   0   0   0  93   0   0   0   0   7   0  1.77 0.27
   10 N    -3  -2   7   3   0  -1  -1  -2  -1  -5  -5  -2  -4  -4  -3   1  -1  -5  -4  -4    0   0  71  17   3   0   0   0   0   0   0   0   0   0   0   9   0   0   0   0  1.13 0.21
   11 S     1   1   1   1   1  -1   0  -1  -2  -1  -2   0  -1  -3   0   1   0  -3  -2   1   15  11   7   7   4   0   6   4   0   0   0   2   0   0   3  16   2   0   0  23  0.11 0.06
   12 E     0   3  -1   1  -3   1   3  -1  -1  -3  -3   2  -2  -4  -2   1   1  -4  -3  -2    8  19   0   7   0   2  25   2   0   0   0  15   0   0   0  11  12   0   0   0  0.35 0.08
   13 K    -2   1   1  -2  -4   1  -1  -3  -2  -3  -2   5   3  -4  -2   1  -1  -4  -3  -3    0   0   5   0   0   3   0   0   0   0   0  66  14   0   0  12   0   0   0   0  0.66 0.17
   14 G    -1  -4   1  -2  -4  -3  -3   7  -3  -5  -5  -3  -4  -5  -4  -1  -3  -4  -4  -5    0   0   6   0   0   0   0  94   0   0   0   0   0   0   0   0   0   0   0   0  1.53 0.21
   15 F    -3  -3  -4  -4  -4  -3  -3  -4   2  -2  -2   1  -2   7  -5  -3  -3   3   5  -3    0   0   0   0   0   0   0   0   4   0   0  12   0  62   0   0   0   4  18   0  1.14 0.21
   16 G    -1  -4  -2  -3  -4  -4  -4   7  -4  -6  -6  -3  -4  -5  -4  -2  -3  -4  -5  -5    0   0   0   0   0   0   0 100   0   0   0   0   0   0   0   0   0   0   0   0  1.85 0.27
   17 F    -4  -5  -5  -5  -4  -5  -5  -5  -3  -2   1  -5  -1   8  -5  -4  -4  -1   1  -2    0   0   0   0   0   0   0   0   0   0   9   0   0  91   0   0   0   0   0   0  1.76 0.28
   18 I    -3  -4  -5  -5  -3  -4  -5  -5  -5   6   2  -4   0  -1  -4  -4  -2  -4  -3   1    0   0   0   0   0   0   0   0   0  82  18   0   0   0   0   0   0   0   0   0  1.10 0.22
   19 E     0  -2   1   0   0   0   2  -2  -2  -3  -3  -1  -2  -4   0   2   4  -4  -3  -2    4   0   5   4   2   2  15   0   0   0   0   0   0   0   3  19  45   0   0   0  0.49 0.14
   20 V    -1   1  -2  -1  -3   1  -1  -2  -2  -2  -2   0   3  -3   5  -1  -1  -4  -3   0    2  10   0   4   0  10   0   2   0   0   0   3  15   0  38   4   3   0   0   9  0.64 0.14
   21 E    -2  -2   1   5  -4   0   3  -3  -2  -1  -4  -1  -3  -4  -1  -1   1  -5  -4  -3    2   0   4  49   0   2  23   0   0   6   0   0   0   0   2   2  10   0   0   0  0.72 0.15
   22 G     0  -2   1   1  -3  -2  -1   5   0  -4  -4  -1  -3  -4  -3   1   0  -4  -3  -3    3   0   5   9   0   0   3  55   3   0   0   3   0   0   0  10   7   0   0   2  0.65 0.13
   23 Q    -1   3  -1  -2  -3  -1  -1   4  -2  -3  -4   1  -3  -4  -1   1  -1  -4  -3  -1    2  22   0   0   0   1   3  42   0   0   0   6   0   0   2  15   1   0   0   5  0.52 0.14
   24 D     0   0   1   2  -3   1   3  -1  -1  -1  -3   3  -2  -4   1   0  -1  -4  -3  -1    7   0   7  13   0   6  23   2   0   4   0  23   0   0   6   2   3   0   0   3  0.31 0.10
   25 D    -4  -3  -1   7  -6  -2   2  -3  -3  -5  -6  -2  -5  -5  -3  -2  -3  -6  -5  -5    0   0   0  87   0   0  13   0   0   0   0   0   0   0   0   0   0   0   0   0  1.72 0.31
   26 V    -2  -4  -5  -5  -2  -4  -4  -5  -5   3   1  -4   0  -2  -4  -3  -2  -4  -3   6    0   0   0   0   0   0   0   0   0  11  13   0   0   0   0   0   0   0   0  76  0.95 0.23
   27 F    -4  -4  -4  -5  -4   2  -4  -5  -3  -2  -2  -4  -2   8  -5  -4  -4  -1   1  -3    0   0   0   0   0  12   0   0   0   0   0   0   0  88   0   0   0   0   0   0  1.74 0.32
   28 V     0  -4  -4  -5   1  -4  -4  -4  -4   1   0  -4  -1   0  -4  -3  -2  -4  -2   6    9   0   0   0   3   0   0   0   0   0   6   0   0   3   0   0   0   0   0  79  0.86 0.23
   29 H    -4  -3  -2  -3  -6  -2  -2  -4  11  -6  -5  -3  -4  -4  -5  -3  -4  -5   0  -6    0   0   0   0   0   0   0   0 100   0   0   0   0   0   0   0   0   0   0   0  2.79 0.43
   30 F    -2  -1  -3  -3  -3   4  -2  -4   0   1  -1  -1  -1   5  -4  -3  -2   2   3   0    2   1   0   0   0  25   0   0   1  11   0   2   0  35   0   0   0   2  12   7  0.56 0.17
   31 S    -1   0   0  -2  -3  -2  -2  -2  -3  -4  -4   0  -3  -4  -3   6   2  -5  -3  -3    0   6   2   0   0   0   0   0   0   0   0   3   0   0   0  80   9   0   0   0  0.98 0.27
   32 A     4  -2   0   0  -2  -1   0  -1  -2  -2  -3   1  -2  -4  -2   1   0  -4  -3  -1   56   0   4   6   0   0   6   1   0   0   0  10   0   0   0   9   3   0   0   4  0.44 0.15
   33 I    -3  -4  -5  -5   2  -4  -5  -5  -4   6   2  -4   0   2  -4  -4  -2  -3  -2   2    0   0   0   0   4   0   0   0   0  65  17   0   0   7   0   0   0   0   0   7  0.82 0.20
   34 Q    -1   1   2   0  -4   4   2  -3   2  -3  -3   1  -2  -2  -2  -1   0  -3   0  -1    3   7  11   2   0  32  16   0   7   0   0   7   0   1   0   0   7   0   2   5  0.42 0.13
   35 G     0   0  -1  -2  -3   1  -2   2  -2  -2  -1   0   5  -3   0   2   1  -3  -3  -2    6   5   2   0   0   6   0  20   0   0   4   3  25   0   4  18   7   0   0   0  0.26 0.12
   36 E     0   1   2   4  -4   1   3  -2   1  -4  -4  -1  -3  -4  -2   0  -1  -4  -3  -3    7   8  14  26   0   4  30   1   4   0   0   0   0   0   1   3   3   0   0   0  0.52 0.13
   37 G    -1  -3   1   1  -4  -2   0   6  -2  -5  -5  -2  -4  -3  -3  -1  -3  -3   1  -4    0   0   6  10   0   0   6  70   0   0   0   0   0   0   0   2   0   0   6   0  0.99 0.21
   38 F     0  -4  -4  -5  -3  -4  -4  -4  -2  -1   1  -4   0   6  -4  -3  -1  -1   4   0    8   0   0   0   0   0   0   0   0   0  14   0   2  54   0   0   4   0  12   6  0.81 0.20
   39 K    -2   5  -2  -2  -5   0   2  -3   0  -4  -4   4  -3  -4   1  -2  -2  -4  -3  -4    2  41   0   0   0   0  15   0   3   0   0  34   0   0   6   0   0   0   0   0  0.80 0.21
   40 T     0  -2  -1  -2  -1  -1   1  -1  -2  -2  -3  -2  -2  -3  -2   4   4  -4  -3   0    5   0   0   0   1   0   9   2   0   0   0   0   0   0   0  45  29   0   0   9  0.53 0.19
   41 L    -3  -3  -4  -4  -2  -3  -4  -5  -4   1   5  -4   1  -1  -4  -3  -2  -3  -2   1    0   0   0   0   0   0   0   0   0   5  86   0   0   0   0   0   0   0   0   5  0.92 0.22
   42 E     0   0   0   2  -3   1   2   0  -1   0  -2   2  -2  -2  -2   0   1  -3  -2  -1   10   0   4  11   0   8  13   8   0   8   0  21   0   1   0   0  10   0   0   2  0.18 0.08
   43 E    -1  -2  -2   1  -5   0   6  -3  -2  -4  -3  -1  -3  -5   2  -1   0  -5  -4  -3    6   0   0   7   0   0  68   0   0   0   2   1   0   0  10   0   4   0   0   2  0.91 0.24
   44 G    -1  -2   1  -2  -4  -1  -1   6  -3  -5  -5  -3  -4  -5  -4  -2  -3  -4  -5  -5    0   1   8   0   0   3   4  84   0   0   0   0   0   0   0   0   0   0   0   0  1.38 0.27
   45 Q    -1  -1  -1   2  -4   6   3  -3  -1  -1  -1  -1  -2  -4  -3  -2  -2  -4  -3  -3    5   0   0  11   0  51  21   0   0   4   8   0   0   0   0   0   0   0   0   0  0.75 0.23
   46 A     0   3   0   0  -3   1   2  -2  -1  -3  -3   3  -2  -4   0   0   0  -4  -3  -1    9  21   2   5   0   3  16   0   0   0   0  23   0   0   3   6   5   0   0   6  0.32 0.11
   47 V    -2  -4  -5  -5  -3  -4  -2  -5  -5   1  -1  -4  -1  -3  -4  -3  -2  -5  -3   7    0   0   0   0   0   0   3   0   0   2   0   0   0   0   0   0   0   0   0  95  1.22 0.31
   48 S    -1  -2  -1  -1  -3   1   5  -3  -2  -1  -3  -1  -3  -1  -2   2   2  -4  -3  -3    1   0   1   0   0   4  50   0   0   5   0   0   0   3   0  22  14   0   0   0  0.59 0.20
   49 F    -4  -4  -5  -5  -4  -4  -2  -5  -2  -2  -2  -5  -2   8  -5  -4  -4  -1   4  -3    0   0   0   0   0   0   3   0   0   0   0   0   0  81   0   0   0   0  16   0  1.68 0.33
   50 E    -1  -2  -1   3   4   0   3  -2  -2  -1  -3  -1  -2  -3  -2   0   2  -4  -1  -1    2   0   0  24  12   1  25   1   0   4   0   3   0   0   0   6  15   0   2   6  0.38 0.13
   51 I    -1   1  -3  -3   0  -2  -1  -4  -3   4   0  -2   0   1  -3  -2  -1  -3  -1   3    3  12   0   0   3   0   5   0   0  37   4   0   0   7   0   0   2   0   1  26  0.33 0.13
   52 V    -1  -1  -2  -1  -3   1   3  -2  -1   1  -1   1  -1  -3   1  -1   0  -4  -2   2    3   0   0   0   0   8  27   2   1  12   2  11   0   0   6   0   8   0   0  21  0.22 0.11
   53 E    -2   1   2   2  -4   3   3  -2   1  -3  -3   1  -1  -4   1   0  -1  -4  -3  -3    0   8  15  12   0  18  20   0   4   0   2  10   1   0   6   4   0   0   0   1  0.41 0.12
   54 G    -1   0   0   1  -4  -2  -2   5  -3  -5  -4   1  -3  -4  -3   1  -1  -4  -4  -4    0   5   4   7   0   0   0  59   0   0   0  11   0   0   0  11   3   0   0   0  0.79 0.19
   55 N     0   0   3   0  -3   2   1  -1  -1  -2   0   0  -2  -3   2   1   0  -4  -3  -2    7   2  21   4   0  16   6   1   0   0  11   3   0   0  10  14   3   0   0   0  0.26 0.11
   56 R    -2   4   0   0  -4   1   0   0  -2  -4  -4   5  -3  -4  -3  -1  -2  -4  -3  -4    0  26   4   4   0   3   3   8   0   0   0  50   0   0   0   2   0   0   0   0  0.70 0.20
   57 G    -1   0  -2  -3  -4  -2  -3   6  -3  -5  -5   2  -4  -5  -4  -2  -3  -4  -4  -5    0   4   0   0   0   0   0  79   0   0   0  17   0   0   0   0   0   0   0   0  1.31 0.27
   58 P     0  -1  -1  -3  -3  -2  -1  -3  -3  -1   1   0   1   0   6  -1  -2  -3  -1  -2    7   3   3   0   0   0   3   0   0   2  18   5   6   4  45   2   0   0   2   0  0.74 0.17
   59 Q     0   0  -1  -1  -3   5   3  -3   2  -3  -3   1  -2  -3  -2   1   1  -3   0  -2    4   2   0   0   0  34  19   0   5   0   0  10   0   0   0  13   7   0   3   3  0.47 0.16
   60 A     6  -3  -3  -3  -2  -2  -2  -1  -3  -3  -3  -2  -3  -4  -2   2  -1  -4  -3  -2   89   0   0   0   0   0   0   0   0   0   0   0   0   0   0  11   0   0   0   0  1.10 0.29
   61 A     2  -2  -2  -1  -2  -1   0  -2  -2   2  -1  -1  -1  -2  -2   0   2  -3  -1   2   30   0   0   4   0   1   4   1   0  14   3   3   0   0   0   6  15   0   2  17  0.18 0.10
   62 N    -2   2   6   2  -1   0   1  -1   1  -4  -4   0  -3  -4  -3  -1  -2  -5  -3  -3    2  11  50  11   2   2  11   2   2   0   0   5   0   0   0   0   0   0   0   2  0.70 0.20
   63 V    -2  -4  -2  -5  -2  -4  -4  -5  -5   2   1  -4  -1  -2  -4  -3  -2  -4  -3   6    0   0   3   0   0   0   0   0   0   7   8   0   0   0   0   0   0   0   0  82  0.99 0.27
   64 T    -1  -2  -2  -2  -2   2  -2  -3  -2   1  -1  -2  -1  -2  -2   1   4  -3  -2   2    1   0   0   0   0  12   0   0   0   8   4   0   0   0   0  14  36   0   0  26  0.33 0.12
   65 K     1   0  -1  -2  -3  -1  -1   4  -2  -4  -3   2  -3  -4   3  -1  -2  -4  -3  -3   18   6   0   0   0   0   0  39   0   0   0  20   0   0  17   0   0   0   0   0  0.55 0.09
   66 E     1  -2  -3  -2  -2   0   1  -3  -2   1   3  -2   1  -1  -2  -1  -1  -3  -2   0   20   0   0   0   0   6  14   0   0  13  47   0   0   0   0   0   0   0   0   0  0.21 0.05
   67 A     5  -2  -2  -2  -1  -1  -1   0  -2  -2  -2  -1  -1  -3  -1   1   0  -3  -2   0  100   0   0   0   0   0   0   0   0   0   0   0   0   0   0   0   0   0   0   0  0.47 0.03

                      K         Lambda
Standard Ungapped    0.1351     0.3144
Standard Gapped      0.0504     0.2670
PSI Ungapped         0.1647     0.3169
PSI Gapped           0.0504     0.2670
