
Last position-specific scoring matrix computed, weighted observed percentages rounded down, information per position, and relative weight of gapless real matches to pseudocounts
            A   R   N   D   C   Q   E   G   H   I   L   K   M   F   P   S   T   W   Y   V   A   R   N   D   C   Q   E   G   H   I   L   K   M   F   P   S   T   W   Y   V
    1 G     2  -2  -1  -2  -2  -2  -2   5  -2  -3  -3  -1  -2  -3  -2   0  -1  -3  -3  -2   29   0   0   0   0   0   0  71   0   0   0   0   0   0   0   0   0   0   0   0  0.71 0.01
    2 G     0  -3  -1  -2  -3  -2  -3   6  -2  -4  -4  -2  -3  -4  -3  -1  -2  -3  -4  -4    0   0   0   0   0   0   0 100   0   0   0   0   0   0   0   0   0   0   0   0  1.19 0.05
    3 E    -1  -2  -1   2   1   1   3  -3  -2  -3  -2  -1  -2  -4   6  -1  -2  -4  -3  -3    0   0   0  16   5   5  25   0   0   0   5   0   0   0  44   0   0   0   0   0  0.85 0.07
    4 H    -1  -2  -1  -2  -3   0  -1   0   4  -3  -3  -1   0  -3   5   2   0  -3  -2  -3    0   0   0   0   0   3   0   9  19   0   0   0   4   0  35  25   5   0   0   0  0.65 0.07
    5 S     0  -1   0   0  -2  -1  -1   2   0  -1  -1  -1  -2  -3   3   3   1  -3  -2  -1    0   3   3   3   0   0   0  16   3   4   5   0   0   0  14  38   8   0   0   4  0.26 0.05
    6 D    -2  -2   1   5  -4   0   3   0  -2  -3  -2  -1  -3  -4   3   0  -1  -4  -3  -3    0   0   3  45   0   0  24   6   0   0   5   0   0   0  15   3   0   0   0   0  0.63 0.08
    7 E    -1  -1  -1   3  -3   0   4  -3  -1  -2  -2  -1   2  -3  -2   0   0  -4  -3   0    0   0   0  17   0   0  53   0   0   0   0   0  11   0   0   5   3   0   0  11  0.47 0.09
    8 D    -2  -2   0   5  -4   0   4  -2  -2  -1  -3  -1  -3  -4  -2  -1  -1  -4  -3  -2    0   0   0  53   0   0  36   0   0   8   0   0   0   0   0   0   3   0   0   0  0.76 0.10
    9 A     2   0  -1  -1  -2   0   0   1  -2  -2  -2  -1  -1  -3   1   2   2  -3  -2  -1   20   6   0   0   0   3   3  14   0   0   3   0   0   0   8  24  16   0   0   3  0.24 0.04
   10 P    -1  -2  -1  -2  -2   0  -1   0  -2   1  -1  -1   0  -2   4   0   1  -2  -2   0    1   1   1   1   0   7   1   9   0  15   1   1   5   1  28   9  12   0   0   6  0.34 0.04
   11 S    -1  -2   3   5   0  -1   1  -2  -1  -1  -3  -1  -2  -3  -2   1   1  -4  -3  -2    0   0  17  44   3   0   7   0   0   8   0   0   0   0   0  10  11   0   0   0  0.47 0.07
   12 S    -1  -2  -2  -2  -2  -2  -1  -3  -3   1   3  -2   2  -1   4   1  -1  -3  -2   0    0   0   0   0   0   0   3   0   0  12  38   0   9   0  21  16   0   0   0   0  0.35 0.06
   13 D    -2   3   1   2  -4   1   3  -1  -1  -4  -3   2  -2  -4  -2   0  -1  -4  -3  -3    0  27   5  12   0   0  31   3   0   0   0  19   0   0   0   3   0   0   0   0  0.49 0.07
   14 D    -2  -1  -1   3  -5   2   6  -3  -1  -4  -4   0  -3  -4  -2  -1  -2  -4  -3  -4    0   0   0  17   0   4  79   0   0   0   0   0   0   0   0   0   0   0   0   0  1.01 0.14
   15 L    -2  -3  -4  -4  -2  -3  -4  -4  -3   2   4  -3   4   0  -4  -3  -2  -2  -2   1    0   0   0   0   0   0   0   0   0  13  71   0  16   0   0   0   0   0   0   0  0.64 0.10
   16 E    -2   2  -1   0  -5   2   6  -3  -1  -4  -4   0  -3  -4  -2  -1  -2  -4  -3  -3    0  13   0   0   0   6  82   0   0   0   0   0   0   0   0   0   0   0   0   0  0.98 0.14
   17 Q     1   0  -1  -1  -3   5   2  -1  -1  -3  -3   1  -2  -4  -2   0   0  -3  -2  -2   17   0   0   0   0  51  16   2   0   0   0   8   0   0   0   2   4   0   0   0  0.56 0.11
   18 F    -3  -4  -4  -5  -3  -4  -4  -4  -2  -1   1  -4  -1   8  -5  -4  -3   0   2  -2    0   0   0   0   0   0   0   0   0   0  11   0   0  89   0   0   0   0   0   0  1.30 0.17
   19 A     6  -2  -3  -3  -1  -2  -2  -1  -3  -2  -3  -2  -2  -3  -2   0  -1  -4  -3  -1  100   0   0   0   0   0   0   0   0   0   0   0   0   0   0   0   0   0   0   0  0.92 0.16
   20 K    -2   1   1  -1  -4   2   2  -2  -1  -4  -3   5  -2  -4  -2  -1  -1  -4  -3  -3    0   2   9   0   0   5  17   0   0   0   0  68   0   0   0   0   0   0   0   0  0.70 0.12
   21 Q     0   2   1   1  -3   2   2  -2   1  -2  -1   0  -1  -3  -2   0   2  -3  -2  -2    5  13  10   7   0   9  23   0   4   0   7   0   2   0   0   0  20   0   0   0  0.24 0.05
   22 F    -3  -4  -4  -5  -3  -4  -4  -4  -3   0   3  -4   0   7  -4  -3  -3   0   1  -1    0   0   0   0   0   0   0   0   0   0  31   0   0  69   0   0   0   0   0   0  0.96 0.14
   23 K    -2   3  -1  -2  -4   0   0  -3  -2  -4  -3   6  -2  -4  -2  -1  -1  -4  -3  -3    0  11   0   0   0   0   0   0   0   0   0  87   0   0   0   0   2   0   0   0  0.96 0.15
   24 Q    -2   0  -1  -2  -3   6   0  -3   3   1  -1   1  -1  -3  -3  -1  -2  -3  -2  -1    0   0   0   0   0  65   0   0  10  12   6   5   0   0   0   0   0   0   0   3  0.66 0.14
   25 R    -2   6  -1  -2  -4   1   0  -3  -1  -4  -3   4  -2  -4  -3  -1  -2  -4  -3  -3    0  64   0   0   0   5   0   0   0   0   0  31   0   0   0   0   0   0   0   0  0.95 0.13
   26 R    -3   7  -2  -3  -5   0  -1  -4  -1  -4  -3   1  -3  -4  -3  -2  -2  -4  -3  -4    0 100   0   0   0   0   0   0   0   0   0   0   0   0   0   0   0   0   0   0  1.44 0.19
   27 I    -2  -4  -4  -4  -2  -3  -4  -5  -4   5   2  -3   2  -1  -4  -3  -1  -3  -2   2    0   0   0   0   0   0   0   0   0  69  17   0   8   0   0   0   0   0   0   7  0.65 0.11
   28 K     0   1  -1  -1  -3   0   0  -2  -2  -3  -3   5  -1  -3  -2   2   2  -4  -3  -2    4   0   0   0   0   0   0   0   0   0   0  57   2   0   0  19  18   0   0   0  0.50 0.11
   29 L    -2  -3  -4  -5  -2  -3  -4  -5  -4   1   5  -3   2   1  -4  -3  -2  -2  -2   0    0   0   0   0   0   0   0   0   0   0  93   0   3   5   0   0   0   0   0   0  0.81 0.13
   30 G    -1  -3  -1  -2  -4  -3  -3   7  -3  -5  -5  -3  -4  -4  -3  -1  -3  -4  -4  -4    0   0   0   0   0   0   0 100   0   0   0   0   0   0   0   0   0   0   0   0  1.55 0.16
   31 F    -3  -3  -4  -4  -3  -3  -4  -4  -1  -1   0  -3  -1   5  -4  -3  -3   0   7   1    0   0   0   0   0   0   0   0   0   0   9   0   0  25   0   0   0   0  52  14  0.97 0.19
   32 T    -1  -2  -1  -2  -2  -2  -2   1  -3  -2  -3  -2  -2  -4  -2   1   6  -4  -3  -2    0   0   0   0   0   0   0  11   0   0   0   0   0   0   0   7  82   0   0   0  0.93 0.22
   33 Q    -3  -1  -1   2  -5   8   0  -3  -1  -5  -4   0  -2  -5  -3  -2  -2  -4  -3  -4    0   0   0  11   0  89   0   0   0   0   0   0   0   0   0   0   0   0   0   0  1.48 0.30
   34 A     3  -2  -2  -2  -2  -1   1   3  -2  -3  -3  -2  -2  -4  -2   0   2  -4  -3  -2   44   0   0   0   0   0  11  30   0   0   0   0   0   0   0   0  16   0   0   0  0.51 0.14
   35 D    -3  -2   2   6  -4   3   0  -3  -2  -3  -3  -1   2  -4  -3  -1  -2  -5  -4  -4    0   0   7  62   0  20   0   0   0   0   0   0  11   0   0   0   0   0   0   0  0.97 0.21
   36 V    -2   1  -3  -4  -2   2  -2  -4  -3   1  -1  -2  -1  -2  -3  -3  -1  -4  -2   5    0  11   0   0   0  11   0   0   0   3   0   0   0   0   0   0   0   0   0  75  0.66 0.19
   37 G    -1  -4  -2  -3  -4  -3  -3   6  -3  -5  -5  -3  -4  -4  -3  -1   1  -4  -4  -4    0   0   0   0   0   0   0  89   0   0   0   0   0   0   0   0  11   0   0   0  1.42 0.23
   38 L    -1  -2  -2  -2  -2   1   0   0   0   0   3  -1   0   0  -3   0  -1  -2   0   0    1   0   0   0   0   9   7  11   3   3  41   4   0   3   0   8   0   0   4   5  0.12 0.07
   39 A     6  -3  -3  -3  -2  -2  -2  -1  -3  -2  -3  -2  -2  -4  -2   0   0  -4  -3  -1   95   0   0   0   0   0   0   0   0   2   0   0   0   0   0   0   3   0   0   0  1.00 0.24
   40 L     0  -3  -4  -4  -2  -3  -4  -4  -4   1   5  -3   4  -1  -4  -3  -2  -3  -2   1   11   0   0   0   0   0   0   0   0   0  71   0  12   0   0   0   0   0   0   6  0.65 0.16
   41 G     3  -3  -2  -2  -2  -2  -2   5  -3  -3  -3  -2  -3  -4  -2   0   2  -4  -3  -2   32   0   0   0   0   0   0  49   0   0   0   0   0   0   0   3  16   0   0   0  0.71 0.15
   42 T     2  -1   2  -2  -2  -1  -1   1   0  -1  -2   1  -2  -3  -2   0   2  -3  -2   0   22   0  13   0   0   0   0  11   3   3   0  16   0   0   0   0  23   0   0   9  0.21 0.09
   43 L    -2  -1  -3  -3  -2  -2  -3  -3  -3   0   4  -2   2  -1  -3  -2   1   5  -1   1    1   4   1   1   0   0   1   1   0   1  57   1   3   0   1   1   9  11   0   8  0.44 0.11
   44 Y    -3  -2  -3  -3  -4  -2   0  -4   3  -2  -2   0  -2   3  -4  -3  -3   0   7  -1    0   0   0   0   0   0   9   0   7   0   0   8   0  14   0   0   0   0  57   6  0.92 0.20
   45 G    -1  -3   2  -2  -4  -3  -3   6  -3  -4  -4  -3  -1  -4  -3  -1  -2  -4  -4  -2    0   0  11   0   0   0   0  81   0   0   0   0   3   0   0   0   0   0   0   5  1.20 0.20
   46 N    -1  -1   4  -1  -3  -1  -1   0  -1  -4  -4   3  -3  -4   4   1   0  -4  -3  -3    0   0  34   0   0   0   0   5   0   0   0  23   0   0  22  13   3   0   0   0  0.63 0.15
   47 V     1  -2  -1   3   0  -1   1  -2  -2   0  -1  -1   2  -2  -2   1   0  -3  -2   2   11   0   0  27   2   0   7   0   0   2   1   0   9   0   0  16   2   0   0  21  0.21 0.09
   48 F    -3  -4  -4  -4  -3  -4  -4  -4  -2  -1   3  -4   0   6   2  -3  -3  -1   3  -1    0   0   0   0   0   0   0   0   0   0  31   0   0  49  11   0   0   0   9   0  0.79 0.17
   49 S    -1   1  -1  -2  -3  -2  -2  -2  -2  -4  -4  -2  -3  -4  -3   6   0  -5  -3  -3    0   9   0   0   0   0   0   0   0   0   0   0   0   0   0  91   0   0   0   0  1.15 0.30
   50 Q    -2  -1  -1  -2  -4   7   0  -3  -1  -4  -3   0  -2  -3  -2   1  -2  -2   2  -3    1   1   0   1   0  73   1   1   0   1   1   1   0   0   1  10   1   0   9   1  1.05 0.25
   51 T    -1  -2  -1  -2  -2  -1  -2  -2  -2  -2  -3  -1  -2  -3  -2   4   5  -3  -3  -2    1   1   0   1   0   0   1   1   0   1   1   2   0   0   1  38  52   0   0   1  0.72 0.20
   52 T     1  -2  -1  -2  -2  -2  -2  -2  -3  -2  -2  -2  -2  -3  -2   1   6  -3  -3  -1    8   1   0   1   0   0   1   1   0   1   1   1   0   0   1  10  74   0   0   1  0.87 0.22
   53 I    -2  -4  -4  -4  -2  -4  -4  -4  -4   7   0  -4   0  -2  -4  -3  -2  -4  -3   2    1   0   0   0   0   0   1   1   0  84   1   0   0   0   0   1   0   0   0   9  1.08 0.25
   54 C    -2  -4  -3  -4  10  -3  -4  -3  -4  -3  -3  -3  -3  -4  -3   2   1  -4  -4  -2    1   0   0   0  65   0   0   1   0   0   1   0   0   0   0  21   8   0   0   0  1.63 0.32
   55 R    -2   7  -2  -3  -4  -1  -2  -3  -2  -4  -4   0  -3  -4  -3   1  -2  -4  -3  -4    1  81   0   0   0   0   0   1   0   0   1   0   0   0   0  13   0   0   0   0  1.31 0.30
   56 F    -3  -3  -3  -4  -4   0  -3  -4  -2  -2  -1  -3  -2   7   1   0  -3  -1   1  -2    1   0   0   0   0   6   0   1   0   0   1   0   0  74   7   8   0   0   0   0  1.16 0.28
   57 E    -3  -2   0   1  -5   0   6  -3  -2  -5  -4  -1  -4  -5   1  -2  -2  -4  -4  -4    0   0   5   6   0   0  78   0   0   0   0   0   0   0   6   0   0   0   0   0  1.23 0.33
   58 A     4  -2   1  -2  -2  -2  -2   0  -3  -3  -4   0  -3  -4   0   3  -1  -4  -3  -2   47   0   5   0   0   0   0   4   0   0   0   6   0   0   5  34   0   0   0   0  0.63 0.25
   59 L    -1  -3  -4  -4  -3   0  -1  -2   1  -1   5  -3   0  -2  -4  -1  -2  -3  -2  -1    5   0   0   0   0   5   5   4   5   0  71   0   0   0   0   5   0   0   0   0  0.62 0.26
   60 Q    -1  -1   3   0  -4   5   0  -1   1  -3  -2   0  -2  -4  -3  -1   1  -4  -3  -1    5   0  15   5   0  43   4   5   4   0   3   3   0   0   0   0   9   0   0   5  0.52 0.24
   61 L     0  -3   0  -4  -3  -1  -3  -4  -4   1   5  -3   0   1  -4  -1  -2  -3  -2   0    7   0   5   0   0   2   0   0   0   5  66   0   0   5   0   5   0   0   0   5  0.57 0.23
   62 S     0  -3   1  -2  -3  -2  -2  -2  -3  -4  -4  -2  -3  -5  -1   6   2  -5  -4  -3    3   0   4   0   0   0   0   0   0   0   0   0   0   0   3  79  12   0   0   0  1.14 0.39
   63 F    -3  -4  -3  -2  -4  -3  -3  -4   4  -2   0  -3  -2   5   5  -3  -3  -3   0   0    0   0   0   3   0   0   0   0  15   0   9   0   0  37  30   0   0   0   0   7  0.95 0.30
   64 K     1   1   2  -2  -4   2   0  -1   2  -4  -4   5  -3  -4  -3  -1  -2  -4  -3  -3   12   3  11   0   0   8   4   2   5   0   0  50   0   0   0   2   0   0   0   0  0.64 0.26
   65 N    -3  -2   7  -1  -4  -2   1   0  -2  -5  -5  -2  -4  -5  -4   2  -2  -5  -2  -4    0   0  64   0   0   0  10   6   0   0   0   0   0   0   0  16   0   0   1   0  1.17 0.37
   66 M     2  -3  -3  -4  -3  -2  -2  -3   1  -2   0  -3   8  -3  -2  -1   0  -4  -3  -2   21   0   0   0   0   0   3   0   4   0   7   0  52   0   2   5   5   0   0   0  0.92 0.37
   67 C    -1  -4   0  -4   9   1  -4   0  -4   0  -1  -4  -3  -4  -1  -3  -3   3  -4  -1    3   0   7   0  49   8   0   7   0   5   7   0   0   0   4   0   0   4   0   4  1.09 0.35
   68 K     1   2  -2  -2  -3   1  -1  -2  -2  -3  -1   5  -2  -4  -3   0   0  -4  -3  -3   14   8   0   0   0   6   0   2   0   0   7  50   0   0   0   5   6   0   0   0  0.57 0.25
   69 L    -3  -1  -4  -4  -3  -2  -3  -4  -3   0   5  -1   1  -1  -3  -3  -2  -3  -2  -1    1   3   1   1   0   2   1   1   0   2  77   4   3   0   1   1   1   0   0   1  0.88 0.30
   70 K    -2   3  -2  -2  -4   0  -1  -3   0  -4  -4   5  -3  -4  -2   2   1  -4  -3  -4    0  14   0   0   0   3   2   0   2   0   0  50   0   0   1  17   8   0   0   0  0.79 0.33
   71 P     0  -1  -4  -4  -5  -3  -3  -1  -4  -5  -5  -1  -4  -5   8  -2  -3  -5  -5  -4    7   3   0   0   0   0   0   4   0   0   1   3   0   0  77   2   0   0   0   0  2.07 0.55
   72 L    -1  -1  -3  -1  -2  -2  -1  -2  -3   2   3  -1   1   0  -3  -1  -2  -3  -1   2    3   4   0   5   0   0   3   2   0  13  34   4   3   4   0   3   0   0   2  16  0.22 0.14
   73 L    -2  -1  -4  -4   1  -3  -4  -4  -4   0   5  -3   0  -2  -4  -2  -1  -3  -3   1    3   3   0   1   3   0   1   1   0   2  66   1   0   0   1   3   3   0   0  10  0.78 0.32
   74 N    -2  -1   1   0  -4   4   4  -2  -1  -4  -4   1  -3   0   0  -1  -1  -3   2  -3    2   1   6   2   0  24  27   2   1   0   1   9   0   4   5   4   3   0   8   1  0.51 0.27
   75 K     0   1  -2   2  -4   0   1  -1  -2  -2  -2   3  -1  -4   2   0  -1  -4  -3  -3   10   8   0  16   0   4   6   4   0   3   3  27   2   0   8   8   2   0   0   0  0.35 0.21
   76 W    -1  -5  -5  -5  -5  -2  -5  -3  -4  -5  -4  -2  -4  -3  -3  -3  -4  12   2  -5    5   1   1   1   0   2   1   2   0   1   1   2   0   0   2   2   1  73   5   1  3.14 0.79
   77 L    -3  -2  -4  -2  -1  -3  -3  -5  -4   1   4  -3   6  -1  -4  -3  -3  -4  -3   0    1   2   0   3   1   0   1   1   0   6  47   1  25   2   0   1   1   0   0   6  0.89 0.38
   78 E     0  -1   2   0  -5   2   4  -1   2  -5  -4   3  -4  -5  -1  -1  -2  -5  -4  -4    7   3   9   3   0   8  34   3   4   0   1  18   0   0   3   3   2   0   0   1  0.60 0.33
   79 E    -2  -2  -1   4  -5  -1   5  -3  -1  -5  -4   1  -5  -5  -2  -1  -3  -5  -5  -4    2   1   2  26   0   1  46   1   2   0   2   7   0   0   1   5   1   0   0   1  1.06 0.47
   80 T     4  -2  -2  -1  -2  -2  -2  -1  -1  -2  -2  -1  -2  -3   0   2   1  -5  -4   2   39   2   1   4   1   1   2   3   1   1   2   4   1   1   3  14   7   0   0  13  0.42 0.30
   81 D    -3   0  -2   4  -6   0   5   0   1  -5  -5   0  -5  -6   0  -2  -2  -6  -5  -4    1   5   1  27   0   3  37   6   3   1   1   4   0   0   6   2   3   0   0   1  0.90 0.45
   82 S     0   1   3  -2  -3   0   0  -1   0  -3  -3   2  -1  -3   0   3  -1  -4  -1  -2    7   8  14   1   1   4   7   4   2   1   3  11   1   1   5  25   1   0   2   2  0.31 0.24
   83 S     1   0   2  -1  -1   1   2   0  -1  -2  -2   0  -3  -4  -1   3   0  -5  -2  -3    9   4  11   2   2   6  12   6   2   2   4   5   0   0   2  24   6   0   1   1  0.28 0.23
   84 S     0  -1   1   1  -1   0   2  -1  -1  -3  -3   0  -1  -4   1   1   2  -5  -3  -2    6   3   7   9   1   4  17   5   1   1   2   5   1   0   6  13  14   0   1   3  0.26 0.21
   85 G    -1   1   2   1  -2   0   0   3  -3  -3  -2  -1  -3  -5   2   1  -2  -5  -4  -2    3   7  10   7   1   5   5  25   0   2   5   3   0   0  12  12   2   0   0   3  0.34 0.24
   86 S     0  -1   1   1  -2   1   1   0  -1  -2  -1   0  -1  -4   1   2   0  -2  -2  -2    8   3   6   9   0   6  10   6   2   1   9   5   2   0   8  17   5   0   1   1  0.17 0.15
   87 P     0  -1  -1   0  -3   2  -1   1  -4  -2  -1   1  -2  -5   5   1  -1  -3  -4  -2    6   3   3   4   1   9   3  10   0   2   5  10   1   0  26  10   3   0   0   3  0.42 0.27
   88 T     0   0   2   0  -2   0   1   1  -1  -2  -1  -1   0  -1   0   1   1   0  -2  -2    5   5  11   5   0   4  12  10   1   2   7   3   2   2   5  11  10   1   1   1  0.12 0.12
   89 N    -1   0   3   1   1  -1   0   0   2  -1  -1   0   0  -3  -1   2   0  -4  -2  -2    5   5  20   8   3   2   4   5   5   4   7   5   2   1   2  15   4   0   1   3  0.19 0.16
   90 L     0   1  -1   0   1   0   0   0   0   0   0   0   0  -2   1   1   0  -2  -2  -1    9   9   2   4   3   4   7   7   2   7   8   6   2   2   6  11   6   0   1   3  0.05 0.05
   91 D    -1  -2   2   4  -4   1   2   0   1  -4  -4  -1   1  -4   2   2  -1  -2  -3  -3    3   1   8  21   0   6  11   6   3   1   1   3   4   1  11  15   2   0   0   1  0.41 0.27
   92 K    -1   0   1   1  -4   1   2  -1   0  -3  -2   2  -1  -1   2   1  -1  -1  -1  -2    4   4   8   6   0   7  14   5   3   1   4  13   1   2  10  10   2   1   2   3  0.20 0.15
   93 I     0  -1   0  -1  -2   0   1   0  -1   1   0  -1   1  -1   0   0   0   0   0   1    7   2   5   2   0   3   9   6   1  10   8   3   6   2   5  10   6   1   3  11  0.03 0.06
   94 A     1  -2   0   0   0   0   1   1   0  -1  -2  -1  -2  -2   3   1   0  -1  -1  -2   11   1   4   4   2   4   9  13   2   4   3   3   1   2  13  13   5   1   3   2  0.18 0.14
   95 A     1  -1   0  -1   0   0  -1   1  -1  -2   0   1  -1  -2   2   1   0  -2  -2  -1   14   1   4   4   2   3   3  12   1   1  11  11   1   1  11  10   6   1   1   4  0.13 0.12
   96 Q     1  -1   2   0  -1   2  -1   1  -1  -4  -3   1  -1  -3   2   1   0  -4  -1  -2   13   2  10   5   1  12   3  11   1   0   2  10   2   1   8   9   6   0   2   2  0.22 0.18
   97 G     0   2   0  -2   1   1   0   3   0  -3  -2   1  -2  -4  -1   1   0  -4  -4  -2    7  15   3   0   3   7   5  21   2   0   4   8   0   0   3  13   5   0   0   2  0.27 0.20
   98 R    -2   5  -2  -2  -6   1   0  -2  -4  -5  -5   5  -3  -6  -2  -1  -1  -6  -2  -4    4  35   1   2   0   5   6   2   0   0   1  32   1   0   2   5   3   0   1   1  0.92 0.44
   99 K    -1   3  -2  -2  -3   2  -1   0   1  -3  -4   4  -2  -4   2   0  -1  -5  -4  -3    4  17   1   1   1  10   2   6   3   1   1  32   1   0   9   5   4   0   0   2  0.56 0.32
  100 R    -4   7  -2  -4  -5  -2  -3  -5   0  -5  -5   5  -5  -7  -4  -3  -2  -7  -5  -4    1  56   2   1   0   1   0   0   2   1   1  30   0   0   1   1   3   0   0   1  1.60 0.65
  101 K    -4   7  -3  -5  -7  -3  -4  -2  -1  -7  -5   5  -5  -3  -4  -4  -4  -2  -3  -6    1  54   0   0   0   0   0   4   1   0   1  34   0   1   1   0   1   1   1   0  1.68 0.67
  102 K    -1   2   0  -3  -2   0  -1  -1   1  -2  -2   3   0  -3   2   0   0  -4  -1  -1    5  12   3   0   1   3   3   4   3   2   3  25   3   1  12   8   5   0   2   5  0.30 0.21
  103 R    -6   8  -5  -6  -8  -2  -5  -7  -5  -7  -5  -2  -6  -7  -7  -5  -3  -7  -2  -7    0  92   0   0   0   1   0   0   0   0   1   1   0   0   0   0   2   0   1   0  2.73 0.93
  104 T    -2  -3  -4  -5   2  -1  -5  -6  -2  -3  -4  -2  -5  -6  -3  -1   7  -6  -2  -1    3   1   0   0   4   3   0   0   1   1   1   2   0   0   1   3  73   0   1   5  1.61 0.71
  105 S     2  -1   0  -3   0  -3  -3  -3   1   0  -2  -2  -2  -2   2   2   3  -5  -3   1   17   3   5   0   2   0   0   0   4   7   3   2   0   2  10  18  18   0   0   9  0.33 0.26
  106 I    -4  -2  -6  -6  -2  -3  -6  -6  -1   3  -1  -6  -2   7  -6  -5  -5  -3   5  -2    1   3   0   0   1   2   0   0   2  15   6   0   1  48   0   0   0   0  20   1  1.54 0.58
  107 E    -2  -3   0  -2  -5  -4   1  -4  -3  -5  -4   0  -5  -6  -3   3   6  -6  -5  -4    2   1   5   2   0   0  10   1   1   0   1   5   0   0   1  23  49   0   0   0  1.10 0.55
  108 V     1   2   0   0  -4   0   1  -1   1  -3  -2   1  -1  -4   2   1   1  -4  -2  -1   10  11   4   5   0   4   8   5   4   1   3  11   1   0   9  10  10   0   1   4  0.20 0.15
  109 G     0  -1   0   0  -3   2   2  -2   3  -3  -2   0  -2   0  -1   1  -1   1   2  -2    9   3   4   3   0  11  17   3   7   1   4   6   0   4   3   9   3   2   8   3  0.19 0.17
  110 V    -3  -4  -5  -5  -8   9  -1  -7  -5  -1  -5  -4  -5  -8  -6  -3  -5  -7  -6  -1    3   0   0   0   0  84   2   0   0   4   1   0   0   0   0   2   0   0   0   5  2.48 0.94
  111 K    -2   1  -5  -5  -4  -3  -5  -4  -5   2   4   0  -2  -3  -5  -3   1  -5  -2   1    2   8   0   0   0   1   0   1   0  11  50   7   0   0   0   1  10   0   1   8  0.70 0.36
  112 G    -1   1   0   0  -1   2   2   0   1  -1   1   0  -1  -1  -3  -1   0  -2   0  -1    5  10   4   3   1  11  15   6   5   2  15   5   1   3   0   3   4   0   3   4  0.12 0.13
  113 A     1   1  -2  -3  -2   1   5  -3  -2   0  -2  -2  -2  -2  -4  -1   1  -5  -4   0   15   8   2   0   1   6  38   2   1   5   3   1   1   2   0   3   8   0   0   6  0.50 0.32
  114 L    -6  -7  -8  -8  -6  -7  -7  -8  -7  -3   7  -7   1  -2  -7  -7  -4  -6  -5  -4    0   0   0   0   0   0   0   0   0   0  96   0   2   1   0   0   1   0   0   0  2.22 0.78
  115 E    -5  -1  -1  -2  -8   1   7  -6  -3  -6  -6   1  -4  -7  -6  -4  -5  -7  -2  -7    0   3   3   1   0   6  75   0   1   0   1   9   0   0   0   0   0   0   1   0  1.86 0.74
  116 S     1   3   1  -2  -3   1  -1  -2  -1  -4  -4   4  -3  -4  -4   1   0  -5  -3  -4   14  18   7   2   1   6   3   2   1   0   1  29   0   0   0   8   5   0   1   0  0.57 0.32
  117 H     1   1  -2  -2   1   0   4  -4   2  -2  -2   0   0   0  -4   0   0  -1   2  -1   13   8   1   0   3   2  28   0   5   2   4   5   2   4   0   7   5   1   7   3  0.30 0.24
  118 F    -7  -8  -8  -9  -7  -8  -8  -8  -6  -5  -5  -8  -5   9  -9  -4  -7  -4   3  -6    0   0   0   0   0   0   0   0   0   0   0   0   0  90   0   1   0   0   9   0  3.17 0.97
  119 L     1   0   1  -1  -3   3   2  -2   4  -2   0   1   0  -2  -4   0  -2  -4  -2  -2   13   5   5   3   0  13  15   3  10   1  11   9   3   2   0   5   0   0   1   1  0.27 0.21
  120 K     0   1  -1  -1   0   2   1  -2   1  -1  -1   2   0   2  -3  -1   0  -3   0  -1    6   8   1   2   2  10  10   2   3   4   6  16   2  12   0   3   7   0   2   4  0.17 0.16
  121 C    -3  -3   6   0   4   3  -1  -3   0  -4  -5   0  -5  -6  -5   1   2  -6  -5  -5    1   0  37   5   9  12   3   1   2   1   0   6   0   0   0  11  13   0   0   0  0.92 0.46
  122 P    -2   3   0  -4  -2   3  -2  -4   5  -3  -5   2   2  -5   4   0  -3  -6  -4  -3    2  18   3   0   1  12   2   0  13   1   0  13   5   0  20   6   1   0   0   2  0.73 0.38
  123 K    -4   1   0  -6  -3  -5  -4  -7   1  -6  -5   2  -3   2  -7  -5  -4  -3   9  -6    1   6   5   0   1   0   1   0   3   0   1  13   1   6   0   0   1   0  62   0  1.91 0.72
  124 P    -5  -6  -7  -6  -6  -6  -6  -7  -7   1   4  -6  -1  -5   7  -6  -5  -7  -6  -1    0   0   0   0   0   0   0   0   0   8  35   0   1   0  53   0   0   0   0   4  1.77 0.68
  125 S     0  -4   1   4   1  -4  -2  -1  -4  -5  -6  -3  -5  -6  -4   3   3  -6  -4  -3    6   0   5  28   3   0   2   4   0   0   0   1   0   0   0  27  22   0   0   2  0.82 0.44
  126 A     1   3  -3  -2  -1  -1   0   0  -1   1  -1   1   0  -3   0   0  -1  -4  -3   1   13  23   0   1   1   1   5   6   1   9   6   7   2   1   4   8   3   0   0   9  0.20 0.18
  127 H     0   1   0   1  -2   2   1  -2   1  -3  -2   1  -3   0   2   0  -1  -1   1  -2    6   8   3   6   1  13   9   2   4   1   4   9   0   5  11   6   3   1   5   2  0.20 0.15
  128 E    -1   4  -2   1  -3   1   4  -5  -2  -2  -3   2   3  -5  -4  -2   0  -5  -4  -2    6  20   1   6   0   5  28   0   1   2   2  10   9   0   0   2   5   0   0   3  0.57 0.33
  129 I    -5   8  -5  -6  -7  -2  -5  -7  -5   2  -1   1   0  -3  -6  -5  -5  -2  -6  -4    0  72   0   0   0   1   0   0   0  10   6   6   2   1   0   0   0   1   0   1  1.88 0.71
  130 T     1   0  -1  -1  -1   1   4  -3  -1   1  -1   1  -1  -3  -3   0   0  -2  -1   0   11   5   1   2   1   4  28   1   1   9   4   8   2   1   0   5   6   0   2   6  0.25 0.21
  131 G    -1   2  -2   0  -3   4   5  -3   2  -4  -4   1   0  -5  -4  -2  -2  -5  -1  -4    5  10   1   4   1  16  38   2   5   1   1   8   3   0   0   2   2   0   2   0  0.74 0.39
  132 L    -5  -6  -7  -7  -5  -6  -7  -7  -7   5   5  -6   2  -1  -7  -5  -5  -6  -5   0    0   0   0   0   0   0   0   0   0  27  62   0   4   2   0   1   0   0   0   5  1.50 0.57
  133 A     7  -6  -5  -6  -1  -5  -5  -3  -6  -6  -6  -5  -5  -7  -5   2  -4  -7  -6  -2   80   0   0   0   1   0   0   1   0   0   0   0   0   0   0  16   0   0   0   2  1.84 0.75
  134 D     1   2   1   0  -4   2   2  -1   2  -3  -1   1   1  -3  -3   0  -1  -4  -2  -1   14  12   5   5   0  10  12   3   7   1   5   7   4   0   0   7   3   0   0   4  0.23 0.18
  135 S     0   2   0  -1  -2   1   2  -3  -1  -2  -1   2   1  -3  -3   2   0   1  -3  -2    7  13   4   2   1   7  14   1   1   2   6  13   5   1   0  15   4   2   0   2  0.24 0.19
  136 L    -4  -6  -6  -7   0  -6  -6  -7  -6   1   6  -6   0  -4  -6  -5   3  -6  -5   0    1   0   0   0   2   0   0   0   0   6  67   0   1   0   0   0  18   0   0   5  1.35 0.56
  137 Q    -3  -1   4   1   1   1  -1   4   2  -6  -5   0  -3  -6  -5   0  -3  -6  -3  -5    1   3  22   8   3   6   3  31   5   0   1   6   1   0   0   8   0   0   1   0  0.69 0.36
  138 L    -5  -6  -7  -8  -5  -6  -7  -8  -7   0   6  -6   4  -3  -7  -6  -5  -6  -2  -1    0   0   0   0   0   0   0   0   0   3  84   0   9   0   0   0   0   0   2   2  1.85 0.66
  139 E    -2  -2   0   1  -2  -1   1  -3  -3  -5  -5  -1  -4  -6   2   3   5  -6  -5  -3    2   1   4   7   1   3   8   1   0   0   0   4   0   0  12  22  35   0   0   1  0.71 0.40
  140 K    -3  -1  -3   1  -7   0   6  -5  -4  -6  -6   2  -1  -6   2  -2  -3  -6  -3  -4    1   3   1   7   0   3  53   0   0   0   0  14   2   0  11   2   1   0   1   1  1.12 0.51
  141 E     0   5   0   1  -3  -1   0  -4  -3  -3  -3   0  -4  -5  -2   1   2  -5  -3  -2    8  34   3   9   0   2   7   1   0   1   1   5   0   0   1  11  15   0   1   2  0.56 0.32
  142 V    -3   3  -3  -5  -6   7  -2  -6  -2  -4  -4  -2  -4  -6  -5  -2  -1  -6  -5   3    1  18   1   0   0  49   1   0   1   0   1   1   0   0   0   2   3   0   0  23  1.36 0.61
  143 V    -4  -7  -7  -7  -5  -6  -7  -7  -7   4  -1  -6  -3  -5  -7  -6  -3  -7  -5   7    0   0   0   0   0   0   0   0   0  24   3   0   0   0   0   0   1   0   0  72  1.92 0.68
  144 R    -3   4  -4  -4  -6   5  -2  -5  -4  -5  -6   6  -3  -6  -5  -3  -2  -6  -5  -3    2  18   0   0   0  28   1   0   0   1   0  46   0   0   0   1   2   0   0   1  1.37 0.54
  145 V    -4  -6  -4  -6  -4  -6  -6  -7  -6   5  -2  -6  -2  -1  -6  -4   1  -6  -4   6    0   0   1   0   0   0   0   0   0  38   1   0   0   2   0   0   9   0   0  49  1.41 0.51
  146 W    -8  -8  -9 -10  -8  -7  -8  -8  -8  -8  -7  -9  -7  -4  -9  -8  -8  13  -3  -8    0   0   0   0   0   0   0   0   0   0   0   0   0   0   0   0   0 100   0   0  5.28 1.27
  147 F    -7  -7  -8  -8  -7  -8  -8  -8  -6  -5  -4  -8  -4   9  -8  -7  -7  -3   1  -5    0   0   0   0   0   0   0   0   0   0   0   0   0  97   0   0   0   0   3   0  3.27 0.89
  148 C    -5  -2  -4  -5   5   8  -3  -6  -4  -7  -6   1  -5  -7  -6  -2  -3  -6  -3  -6    0   1   0   0  10  78   0   0   0   0   0   6   0   0   0   3   1   0   1   0  2.28 0.79
  149 N    -6  -5   9  -3  -7  -5  -5  -5  -4  -8  -8  -5  -7  -8  -7  -4  -5  -9  -7  -8    0   0 100   0   0   0   0   0   0   0   0   0   0   0   0   0   0   0   0   0  3.20 0.92
  150 R    -2   8  -2  -5  -2   1  -4  -6   0  -7  -6   2  -5  -7  -6  -3  -3  -6  -5  -6    3  75   1   0   1   4   0   0   2   0   0  11   0   0   0   1   1   0   0   0  1.90 0.62
  151 R    -6   9  -5  -6  -8  -3  -4  -7  -5  -7  -5  -2  -6  -7  -6  -2  -5  -7  -6  -7    0  97   0   0   0   0   0   0   0   0   1   0   0   0   0   2   0   0   0   0  2.80 0.81
  152 Q     4  -3  -2  -4   0   3  -3  -4  -4  -2  -3  -2   6  -4  -4   0   1  -5   0  -2   38   1   1   0   2  17   0   0   0   1   0   1  22   0   0   4   7   0   3   2  0.81 0.40
  153 K    -2   3  -4  -5  -7   0  -3  -5  -4  -6  -6   7   1  -7  -5  -3  -3  -7  -5  -6    2  13   0   0   0   3   0   0   0   0   0  77   3   0   0   1   1   0   0   0  1.82 0.60
  154 E    -1  -4  -3   0   1   1   1  -1   1  -1   0  -2   2   0  -5  -2  -2   9   0  -2    4   0   1   6   3   6  12   5   4   3   9   1   6   4   0   3   1  28   3   3  0.74 0.31
  155 K    -4   5  -4  -5  -7  -2  -3  -5  -4  -6  -5   7  -5  -7  -5  -2  -4  -6  -5  -6    0  31   0   0   0   1   0   0   0   0   1  65   0   0   0   3   0   0   0   0  1.82 0.59
  156 R    -4   6   0  -4  -7  -2  -3  -4  -1  -6  -6   6  -5  -6  -5  -4  -4  -6  -5  -6    0  46   4   0   0   0   0   1   1   0   0  47   0   0   0   0   0   0   0   0  1.68 0.54
  157 M    -1   0  -2  -1  -2   4   0  -3   1   1   1  -1   3  -2   0  -1  -1  -4  -3   0    3   4   1   3   1  28   3   1   3   9  14   1  12   1   4   2   4   0   0   7  0.30 0.20
  158 T    -1   0   2  -1  -3   1   1  -1  -1  -1  -1   2   0  -3  -3   0   2  -1  -2  -1    3   4  14   0   0   7  11   3   1   3   7  18   4   0   0   7  15   1   1   3  0.21 0.14
  159 P     0   2   0  -2  -4   2   0  -2  -1  -2  -2   4  -2  -3   1  -1   0  -4  -1  -3   10   9   5   0   0   9   4   2   1   1   4  35   0   1   8   3   5   0   2   0  0.39 0.20
  160 A     1  -1   1   3   0   1   1   0  -1  -3  -3  -1  -2  -4   0   2  -1  -4  -3  -3   16   1   5  22   3   8   7   5   1   1   2   3   1   0   3  21   1   0   0   1  0.34 0.17
  161 A     2  -2  -1   0  -3   0   0   3  -3  -2  -3   1  -3  -2  -2   2  -1   3  -3  -2   22   0   2   5   0   3   4  25   0   2   1  10   0   1   0  19   1   4   0   1  0.36 0.17
  162 G     1  -3   0  -2  -1  -2  -2   5  -3  -4  -4  -1  -4  -5  -1   0   0  -4  -4  -4   13   0   4   1   1   1   3  59   0   0   1   2   0   0   2   6   6   0   0   0  0.86 0.24
  163 A     3  -2  -2  -2  -2   0  -1   2  -3  -3   0  -1  -2  -3   0   2  -1  -4  -3  -2   33   0   0   0   0   3   4  19   0   0  11   2   0   0   4  23   2   0   0   0  0.36 0.15
  164 G     2  -3  -2  -3  -3  -3  -3   6  -3  -5  -5  -3  -4  -4  -3  -1  -3  -4  -4  -4   18   0   0   0   0   0   0  82   0   0   0   0   0   0   0   0   0   0   0   0  1.32 0.22

                      K         Lambda
Standard Ungapped    0.1314     0.3156
Standard Gapped      0.0500     0.2670
PSI Ungapped         0.1634     0.3179
PSI Gapped           0.0500     0.2670
