
Last position-specific scoring matrix computed, weighted observed percentages rounded down, information per position, and relative weight of gapless real matches to pseudocounts
           A  R  N  D  C  Q  E  G  H  I  L  K  M  F  P  S  T  W  Y  V   A   R   N   D   C   Q   E   G   H   I   L   K   M   F   P   S   T   W   Y   V
    1 G    0 -2  0 -1 -2 -2 -2  5 -2 -4 -4 -1 -3 -3 -2  0 -2 -2 -3 -3    0   0   0   0   0   0   0   0   0   0   0   0   0   0   0   0   0   0   0   0  0.00     0.00
    2 H   -2  0  1 -1 -3  0  0 -2  7 -3 -3 -1 -2 -1 -2 -1 -2 -2  2 -3    0   0   0   0   0   0   0   0   0   0   0   0   0   0   0   0   0   0   0   0  0.00     0.00
    3 M   -1 -1 -2 -3 -1  0 -2 -3 -2  1  2 -1  5  0 -2 -1 -1 -1 -1  1    0   0   0   0   0   0   0   0   0   0   0   0   0   0   0   0   0   0   0   0  0.00     0.00
    4 L   -2 -2 -4 -4 -1 -2 -3 -4 -3  2  4 -3  2  0 -3 -3 -1 -2 -1  1    0   0   0   0   0   0   0   0   0   0 100   0   0   0   0   0   0   0   0   0  0.45 0.00
    5 F   -2 -3 -3 -4 -3 -3 -3 -3  0 -1  0 -3  0  6 -4 -2 -2  2  5 -1    0   0   0   0   0   0   0   0   0   0   0   0   0  62   0   0   0   0  38   0  0.70 0.01
    6 G    1 -2  0 -1 -2 -1 -1  5 -2 -3 -3 -1 -2 -3 -2  2  0 -3 -3 -3    0   0   0   0   0   0   0  68   0   0   0   0   0   0   0  32   0   0   0   0  0.67 0.01
    7 V    0 -2 -2 -2 -1 -2 -2 -3 -3  2  0 -2  0 -1 -2  0  3 -3 -1  3    0   0   0   0   0   0   0   0   0   0   0   0   0   0   0   0  38   0   0  62  0.25 0.01
    8 K   -1  0  0  4 -4  1  3 -2 -1 -3 -3  2 -2 -3 -1  0 -1 -4 -2 -3    0   0   0  38   0   0  32   0   0   0   0  30   0   0   0   0   0   0   0   0  0.52 0.00
    9 C   -1 -4 -3 -4  9 -3 -4 -3 -3 -1 -1 -3 -2 -3 -3 -1 -1 -3 -3 -1    0   0   0   0 100   0   0   0   0   0   0   0   0   0   0   0   0   0   0   0  1.27 0.02
   10 H   -2 -1  2  2 -3  2  0 -2  5 -3 -2 -1 -2  0 -2 -1 -1  0  4 -2    0   0  13  14   0  16   0   0  25   0   0   0   0   0   0   0   0   0  32   0  0.38 0.01
   11 N    1 -1  2  0 -1  0 -1  1 -1 -3 -3 -1 -2 -3 -1  3  2 -3 -2 -2    0   0  16   0   0   0   0  10   0   0   0   0   0   0   0  62  12   0   0   0  0.39 0.03
   12 T    0  0  2 -1 -2  0 -1 -2 -1 -1 -2  1 -1 -3 -1  1  4 -3 -2 -1    0   0  11   0   0   0   0   0   0   0   0  17   0   0   0   0  72   0   0   0  0.39 0.04
   13 D   -2 -1  0  5 -3 -1  0 -2 -2 -1  1  0  0 -2 -2 -1 -1 -3 -2 -1    0   0   0  55   0   0   0   0   0   0  34  11   0   0   0   0   0   0   0   0  0.37 0.03
   14 S    1  2  0 -1 -2  0  0  1 -1 -2 -2  2 -1 -2 -1  2  0 -2 -2 -2   18  17   0   1   0   0   1   9   0   1   1  21   0   0   1  27   1   0   0   1  0.22 0.01
   15 E   -1  0  0  4 -3  3  3 -2  0 -3 -3  0 -2 -3 -1  0 -1 -3 -2 -2    1   1   0  34   0  22  34   1   0   1   1   1   0   0   1   1   1   0   0   1  0.51 0.02
   16 P    0 -1 -1 -1 -2 -1 -1 -1  0 -2 -2 -1 -1  1  3  2  0  0  4 -1    2   1   1   1   0   1   1   1   0   1   2   1   0   1  17  32   1   0  34   1  0.33 0.02
   17 L    0 -2 -1  1 -1 -1 -1 -2 -2  1  2 -1  1 -1 -1  0  0 -2 -1  2    2   1   1  11   0   1   1   1   0   1  27   1   0   1   1  13   1   0   1  35  0.09 0.01
   18 K   -1  1  0  4 -3  1  2 -2 -1 -3 -3  3 -2 -3 -1  0 -1 -3 -2 -3    1   0   0  32   0   0  16   1   0   0   1  47   0   0   0   0   0   0   0   0  0.46 0.04
   19 N   -2 -1  5  0 -3  0  0 -2  5  0 -2 -1 -2 -2 -3  0 -1 -4 -1 -2    0   0  52   0   0   0   6   0  27  14   0   0   0   0   0   0   0   0   0   0  0.49 0.07
   20 E    0  0  0  0 -2  0  2  0 -1 -3 -3  3 -2 -3 -1  3  1 -3 -2 -2    0   0   0   0   0   0  17   6   0   0   0  29   0   0   0  40   8   0   0   0  0.33 0.05
   21 D   -1  3  0  3 -3  0  2 -2 -1 -3 -3  1 -2 -3  3  1 -1 -4 -3 -3    0  23   0  23   0   0  21   0   0   0   0   6   0   0  14  13   0   0   0   0  0.44 0.04
   22 L   -1 -2 -1 -2 -1 -2 -2 -3 -3  0  1 -2  0 -1 -2  0  4 -3 -2  1    0   0   0   0   0   0   0   0   0   0  23   0   0   0   0   0  63   0   0  14  0.35 0.06
   23 L   -1 -3 -4 -4 -1 -3 -3 -4 -3  2  4 -3  1  0 -3 -3 -1 -2 -1  3    0   0   0   0   0   0   0   0   0   0  63   0   0   0   0   0   0   0   0  37  0.43 0.06
   24 K   -1  0  1  0 -3  4  4 -2  0 -3 -3  2 -2 -3 -1  0  1 -3 -2 -2    0   0   6   0   0  31  37   0   0   0   0  11   0   0   0   6   9   0   0   0  0.47 0.05
   25 N   -1  1  3 -1 -3  2  0 -2 -1 -2 -2  3 -1  2 -2  0  0 -2 -1 -2    0   0  23   0   0  13   0   0   0   0   0  43   0  14   0   0   7   0   0   0  0.30 0.05
   26 L   -2 -3 -4 -4 -2 -3 -3 -4 -3  1  4 -3  2  2 -3 -3 -2 -2  0  0    0   0   0   0   0   0   0   0   0   0  87   0   0  13   0   0   0   0   0   0  0.54 0.07
   27 L   -1  0 -3 -3 -2 -2 -2 -3 -2  1  3 -2  1  0 -3 -1 -1 -2  1  2    0   7   0   0   0   0   0   0   0   0  44   0   0   0   0   7   0   0   8  33  0.22 0.04
   28 T    1 -1  0  2 -2  1  0 -1  2 -2 -1  1 -1 -2 -1  1  2 -3 -1 -1   15   0   0  14   0  12   0   0   9   0   7   8   0   0   0  13  23   0   0   0  0.18 0.03
   29 M   -1 -3 -3 -4  5 -2 -3 -4 -3  1  3 -3  4  0 -3 -2 -1 -2 -2  0    0   0   0   0  23   0   0   0   0   0  54   0  23   0   0   0   0   0   0   0  0.48 0.06
   30 G    0 -2  0 -1 -2 -2 -2  6 -2 -4 -4 -2 -3 -3 -2  2 -1 -3 -3 -3    0   0   0   0   0   0   0  77   0   0   0   0   0   0   0  23   0   0   0   0  0.88 0.07
   31 V   -1 -3 -3 -4 -1 -3 -3 -4 -4  3  1 -3  0 -1 -3 -2  0 -3 -2  5    0   0   0   0   0   0   0   0   0  14   0   0   0   0   0   0   0   0   0  86  0.51 0.08
   32 D   -2 -2  1  7 -4 -1  1 -2 -2 -4 -4 -1 -4 -4 -2 -1 -2 -5 -4 -4    0   0   0 100   0   0   0   0   0   0   0   0   0   0   0   0   0   0   0   0  1.28 0.13
   33 I   -1 -3 -4 -4 -2 -3 -3 -4 -4  4  3 -3  1  0 -3 -3 -1 -3 -2  3    0   0   0   0   0   0   0   0   0  47  36   0   0   0   0   0   0   0   0  18  0.44 0.06
   34 D   -1  1  0  2 -3  0  0  0  3 -3 -3  0 -2 -3  4  2 -1 -4 -2 -3    0  13   0  20   0   0   0   7  11   0   0   0   0   0  25  24   0   0   0   0  0.47 0.06
   35 M   -1  2 -1 -1 -2  1  0 -2 -1 -2 -1  3  3 -2 -2  1  1 -3 -2 -1    0  13   0   0   0   8   0   0   0   0   0  36  20   0   0  11  12   0   0   0  0.27 0.06
   36 A    1 -3 -3 -3 -1 -3 -3 -3 -3  4  1 -3  0 -1 -3 -2 -1 -3 -2  3   20   0   0   0   0   0   0   0   0  60   0   0   0   0   0   0   0   0   0  20  0.37 0.07
   37 R   -2  3 -1 -1  2  0  3 -3 -1 -1  1  0 -1 -2 -2 -1 -1 -3 -2 -2    0  33   0   0   7   0  36   0   0   0  25   0   0   0   0   0   0   0   0   0  0.32 0.07
   38 K   -2  5 -1 -2  3  0  0 -3 -1 -3 -3  3 -2 -3 -2 -1 -1 -3 -2 -3    0  57   0   0  11   0   0   0   0   0   0  32   0   0   0   0   0   0   0   0  0.69 0.10
   39 R   -2  5 -1 -2 -3  0 -1 -3  4 -2  1  2 -1 -2 -3 -1 -2 -3 -1 -2    0  55   0   0   0   0   0   0  16   0  18  11   0   0   0   0   0   0   0   0  0.50 0.09
   40 Q   -1  2 -1  1 -3  3  1 -2  0 -3 -3  3 -2 -1 -2 -1 -1 -1  3 -3    0  11   0  10   0  26   6   0   0   0   0  29   0   0   0   0   0   0  19   0  0.39 0.07
   41 P    1 -3 -2 -2 -3 -2 -2  3 -3 -3 -3 -2 -2 -4  6 -1 -1 -4 -3 -1   18   0   0   0   0   0   0  29   0   0   0   0   0   0  49   0   0   0   0   5  0.95 0.09
   42 G    1 -1 -1 -2 -3  3 -1  3 -1 -3 -3 -1 -2 -2 -2 -1 -2  6 -1 -3   16   0   0   0   0  30   0  36   0   0   0   0   0   0   0   0   0  18   0   0  0.60 0.09
   43 V   -1 -2  2  1 -2  0 -2 -3 -2  3  0 -2  0 -2 -3 -2 -1 -3 -2  3    0   0  14   9   0   6   0   0   0  20   0   0   0   0   0   0   0   0   0  50  0.25 0.08
   44 F   -2 -3 -4 -4  3 -3 -4 -4 -3  1  4 -3  1  4 -4 -3 -2 -1  0  0    0   0   0   0  10   0   0   0   0   0  64   0   0  26   0   0   0   0   0   0  0.53 0.10
   45 H   -2 -1  1 -2 -2  1 -1  0  5  0  2 -1  0 -1 -3 -1 -1 -3 -1  0    0   0   9   0   0  11   0  10  25   0  37   0   0   0   0   0   0   0   0   9  0.21 0.07
   46 R    0  2 -1 -1 -2  0  1 -2 -2  1  2  1  0 -1 -2  0 -1 -3 -2  0    9  19   0   0   0   0  17   0   0  10  30   9   0   0   0   8   0   0   0   0  0.13 0.05
   47 M    0  2  1  1 -2  0  2 -1 -1 -2 -2  1  1 -3 -2  2  1 -3 -2 -2    8  13  10   5   0   0  19   0   0   0   0   8   7   0   0  24   6   0   0   0  0.24 0.06
   48 I   -1  1 -3 -2 -2 -1  1 -4 -2  2  2 -1  1 -1 -3 -2 -1 -3 -2  3    0  10   0   0   0   0  15   0   0   7  35   0   0   0   0   0   0   0   0  32  0.23 0.07
   49 T   -1 -2  1  3 -2 -1  1 -2 -2 -1 -2 -1 -1 -3 -2  0  4 -4 -2  1    0   0   4  23   0   0  10   0   0   0   0   0   0   0   0   0  48   0   0  15  0.39 0.11
   50 N   -2 -2  4 -1 -3 -1  0 -2  0  0 -1 -2 -1  4 -3 -1 -1 -1  3  0    0   0  33   0   0   0  10   0   0   7   0   0   0  27   0   0   0   0  15   8  0.33 0.10
   51 E    0 -1 -1  2 -3  0  4 -3 -2 -1  1 -1 -1 -2 -2 -1  1 -3 -2  0    5   0   0  15   0   0  42   0   0   0  18   0   0   0   0   0   9   0   0  10  0.29 0.08
   52 Q    1  2  1 -1 -3  2  2 -2 -1 -3 -3  3 -2 -3 -2  1 -1 -3 -2 -2   14  11   8   0   0  14  14   0   0   0   0  31   0   0   0   8   0   0   0   0  0.36 0.08
   53 D   -1 -1  1  3 -3  0  3 -2  1 -4 -4 -1 -3 -4  4  2 -1 -4 -3 -3    0   0   7  19   0   0  29   0   4   0   0   0   0   0  21  19   0   0   0   0  0.57 0.11
   54 L   -2 -3 -4 -4 -2 -3 -4 -4 -4  4  2 -3  1 -1 -3 -3 -1 -3 -2  3    0   0   0   0   0   0   0   0   0  50  23   0   0   0   0   0   0   0   0  27  0.57 0.13
   55 K    1  1 -2 -2 -2 -1 -1 -2 -2  0 -1  3  1 -2 -2 -1  1 -3 -2  2   12   8   0   0   0   0   0   0   0   0   0  30   7   0   0   0  15   0   0  28  0.21 0.10
   56 M   -2 -1  1 -1 -3  0  1 -3 -1  0  2  1  2 -1 -3 -1  0  4  1 -1    0   0  12   0   0   0  15   0   0   3  25  13   9   0   0   0   7   7   8   0  0.16 0.08
   57 F   -2 -3 -4 -4 -3 -3 -4 -4 -1  1  1 -3  0  6 -4 -3 -2  0  5  1    0   0   0   0   0   0   0   0   0  12   7   0   0  46   0   0   0   0  25  10  0.73 0.16
   58 L   -2 -3 -4 -4 -2 -3 -4 -4 -3  2  5 -3  3  1 -4 -3 -2 -2 -1  0    0   0   0   0   0   0   0   0   0   7  76   0  10   7   0   0   0   0   0   0  0.67 0.17
   59 L   -1  1 -1  1 -3  2  2 -3 -1 -1  1  2 -1 -2 -2 -1 -1 -3 -2  0    0   7   0  10   0  15  15   0   0   0  19  22   0   0   0   0   0   0   0  13  0.21 0.09
   60 S   -1 -2  0  4 -3  0  2  2 -2 -3 -4 -1 -3 -4 -2  2  1 -4 -3 -3    0   0   0  34   0   0  19  18   0   0   0   0   0   0   0  19  10   0   0   0  0.49 0.12
   61 K   -1 -1  0 -2 -2  0 -2 -3 -2  1  3  1  2 -1 -3 -2 -1 -3 -2  1    0   0   7   0   0   6   0   0   0   7  40  19   6   0   0   0   0   0   0  15  0.21 0.09
   62 G   -1 -3 -1  1 -4  1 -2  6 -3 -5 -5 -2 -3 -4 -3 -1 -2 -4 -4 -4    0   0   0  10   0   9   0  81   0   0   0   0   0   0   0   0   0   0   0   0  1.14 0.22
   63 A    1 -3 -3 -3 -2 -2 -1 -3 -3  3  1 -2  0  1 -3 -1 -1 -3 -1  3   21   0   0   0   0   0   7   0   0  24  14   0   0   6   0   0   0   0   0  29  0.25 0.11
   64 S    0  2  1  2 -3  0  2 -2 -1 -3 -3  1 -2 -4  1  2 -1 -4 -3 -3    6  11   7  16   0   0  21   0   0   0   0  11   0   0   6  22   0   0   0   0  0.36 0.11
   65 K   -1  2  0  4 -4  1  1  0 -2 -4 -4  2 -3 -4  3  0 -1 -4 -3 -3    0  12   0  31   0   3  10   8   0   0   0  14   0   0  15   6   0   0   0   0  0.48 0.12
   66 E   -1  0  2  2 -2 -1  0 -2 -1 -2 -2  0 -2  0  1  1  2 -3 -2  0    0   6  13  12   0   0   5   0   0   0   0   5   0   7   6  17  21   0   0   8  0.20 0.09
   67 V    1 -2 -1  3 -2  3  0 -2 -2 -1 -2 -1 -2 -3 -2  1 -1  3 -2  1   17   0   0  27   0  19   0   0   0   0   0   0   0   0   0  14   0   6   0  17  0.31 0.14
   68 I   -2  0 -3 -4 -2 -2 -3 -4 -3  4  2 -2  2  1 -3 -2  0 -3 -1  3    0   8   0   0   0   0   0   0   0  35  13   0   6   5   0   0   7   0   0  25  0.33 0.12
   69 A    1  1 -1  0 -3 -2 -2  4 -2 -4 -4  0 -3 -4  3 -1 -2 -4 -3 -3   15   8   0   6   0   0   0  49   0   0   0   6   0   0  15   0   0   0   0   0  0.62 0.15
   70 S    0  2 -1 -2 -2 -1 -1 -2 -1 -3 -3  1 -2 -2  2  3  2 -3  1 -2    3  15   0   0   0   0   0   0   0   0   0  12   0   0  10  41  13   0   6   0  0.38 0.15
   71 I   -2 -3 -4 -4 -2 -3 -4 -4 -3  3  0 -3  3  3 -4 -3 -1 -2  0  4    0   0   0   0   0   0   0   0   0  27   0   0  11  21   0   0   0   0   0  41  0.54 0.17
   72 I   -2 -3 -4 -4 -2 -3 -4 -4 -4  3  4 -3  1  1 -4 -3 -2 -3 -1  2    0   0   0   0   0   0   0   0   0  17  57   0   0   5   0   0   0   0   0  20  0.56 0.15
   73 S   -1  2 -1 -1  2  1  3  0 -1 -3 -3  0 -2 -4 -2  1  2 -3 -3 -2    0  12   0   0   6   6  34   6   0   0   0   0   0   0   0  11  24   0   0   0  0.38 0.14
   74 R   -2  5 -1 -2 -3  0 -1 -3  2 -3 -1  4 -2 -3 -2 -1 -2 -3 -2 -3    1  50   0   0   0   0   1   1   7   0   7  31   0   0   0   1   0   0   0   1  0.66 0.17
   75 Y   -2  0  3 -2  6 -2 -2 -3 -1 -2 -1 -2 -2  1 -3  1 -1 -1  5 -2    0   6  18   0  22   0   0   0   0   0   7   0   0   6   0  12   0   0  28   0  0.48 0.17
   76 P   -2 -3 -3 -3 -4 -2 -2 -3  0 -4 -4  0 -3 -4  8  0 -2 -4  1 -4    0   0   0   0   0   0   0   0   3   0   0   6   0   0  79   6   0   0   6   0  1.80 0.29
   77 R    1  2 -1 -1 -3  3  3 -2 -1 -3 -1  0 -2 -2 -2 -1 -2  4  0 -2   16  17   0   0   0  18  32   0   0   0   5   0   0   0   0   0   0   8   4   0  0.42 0.15
   78 A    1 -3 -3 -3 -1 -2 -3 -3 -3  3  2 -2  1 -1 -3 -2 -1 -3 -2  2   21   0   0   0   0   0   0   0   0  32  31   0   0   0   0   0   0   0   0  11  0.31 0.11
   79 I   -2 -3 -4 -4  2 -3 -1 -4 -3  3  3 -3  1  3 -4 -3 -2 -2 -1  0    0   0   0   0   6   0   6   0   0  27  47   0   0  14   0   0   0   0   0   0  0.44 0.15
   80 T    0 -1 -1 -2 -2 -1 -2  3 -2 -1 -2  1 -2 -3 -2  2  1 -3 -3  0    0   0   0   0   0   0   0  32   0   3   0  11   0   0   0  30  11   0   0  13  0.34 0.13
   81 R   -1  2 -2 -2  3  1  2 -3 -1  1  0 -1 -1  2 -3 -1 -2 -2  1 -1    6  17   0   0  10   6  18   0   0  12   8   0   0  16   0   0   0   0   7   0  0.17 0.10
   82 T   -1  1  0  3 -3  1  1  0 -2 -2 -3  1 -2 -3 -2  2  1 -4 -3 -1    0   6   0  23   0   6   4   6   0   0   0   9   0   0   0  29  11   0   0   6  0.29 0.11
   83 P   -1 -3  0 -2 -2 -2 -2 -1 -3  0  3 -2  2 -2  4 -1 -1 -3 -2  0    0   0   8   0   0   0   0   6   0   0  40   0   6   0  27   6   0   0   0   7  0.44 0.14
   84 E    0 -1 -1  3 -4  0  4 -2 -1 -4 -4  2 -3 -4 -2 -1  1 -4 -3 -3    7   0   0  24   0   0  46   0   0   0   0  14   0   0   0   0  10   0   0   0  0.61 0.17
   85 N    1  1  3  1 -2  0  0 -2  2 -1 -2  0 -1 -3 -2  1  1 -3 -2  0   14   8  20   5   0   0   6   0   7   6   0   6   0   0   0   5  15   0   0   6  0.17 0.08
   86 L   -1 -3 -4 -4 -2 -2 -3 -4 -3  2  3 -3  4  1 -3 -2 -2  4 -1  2    6   0   0   0   0   0   0   0   0   6  43   0  16   6   0   0   0   6   0  16  0.42 0.13
   87 S   -1  0  4  0 -3  1  2 -2 -1 -4 -4  3 -2 -4 -2  2 -1 -4 -3 -3    0   0  29   0   0   5  12   0   0   0   0  27   0   0   0  26   0   0   0   0  0.51 0.17
   88 K   -1 -1 -1 -1 -2 -1  1  0 -2 -2 -1  1 -2 -3  2  1  4 -3 -3 -2    0   0   0   0   0   0  12   7   0   0   8  11   0   0  12   6  44   0   0   0  0.36 0.15
   89 R   -1  4  1 -2  2  2 -1 -2 -1 -3 -3  2 -2  0 -2  1  0 -3 -2 -3    0  41   6   0   6  10   0   0   0   0   0  15   0   6   0   9   6   0   0   0  0.44 0.15
   90 W   -2  1 -3 -4 -2 -2 -3 -4 -3  1  0 -2  3 -1 -4 -3 -2  6  1  4    0  10   0   0   0   0   0   0   0   0   0   0  14   0   0   0   0  16   6  53  0.62 0.21
   91 D    2  1  1  4 -3  1  2 -2 -1 -3 -3  1 -2 -4 -2  0 -1 -4 -3 -2   28   6   5  29   0   8  13   0   0   0   0  10   0   0   0   0   0   0   0   0  0.39 0.13
   92 L   -3 -3 -3 -4 -3 -3 -3 -4  2 -1  2 -3  0  4 -4 -3 -2  0  6  0    0   0   0   0   0   0   0   0   6   0  29   0   0  19   0   0   0   0  40   6  0.68 0.19
   93 W   -3 -3 -5 -5 -3 -3 -4 -5 -4  0  5 -4  1  2 -4 -4 -3  7 -1 -1    0   0   0   0   0   0   0   0   0   0  73   0   0   6   0   0   0  21   0   0  0.97 0.23
   94 R   -1  2 -1 -1 -3  3  2 -2  1 -2 -1  3 -1 -3 -2  1 -1 -3 -2  0    0  11   0   0   0  16  12   0   3   0   6  31   0   0   0  12   0   0   0   9  0.30 0.12
   95 K    0 -1  1 -1 -2 -1  0  2 -2 -2 -2  1  1 -3 -2  3  2 -3 -3 -2    0   0   6   0   0   0   3  15   0   0   4  14   7   0   0  40  12   0   0   0  0.30 0.13
   96 I   -2 -2 -3 -3 -2 -2 -2 -4 -3  3  1  1  3  2 -3 -2 -1 -2 -1  2    0   0   0   0   0   0   0   0   0  32  12  18  14  13   0   0   0   0   0  10  0.30 0.13
   97 V    0  0  1  1  3 -2 -2  4 -2 -2 -2 -1  0 -3 -3 -1 -1 -3 -3  0    7   5   9   8  10   0   0  40   0   0   0   4   5   0   0   0   0   0   0  11  0.34 0.11
   98 T   -1  0 -3 -3 -2 -2 -2 -3 -2  1  2  0  2  4 -3 -2  0 -1  0  1    5   6   0   0   0   0   0   0   0   6  19  10   6  33   0   0   5   0   0   9  0.25 0.11
   99 S    0 -1  3  1  2  1 -1  1 -1 -3 -3  1 -2 -3 -2  2  1 -4 -3 -2    5   0  19   6   6   6   0   9   0   0   0  14   0   0   0  25  10   0   0   0  0.29 0.11
  100 D   -2  2  1  4 -4  1  2 -2 -1 -4 -4  2 -3 -4  1  0 -1 -4 -3 -3    0  15   4  31   0   6  13   0   0   0   0  18   0   0   6   7   0   0   0   0  0.48 0.12
  101 L    0  2  2 -1 -2  0  1 -2 -1  0  1  0 -1 -2 -2  1  1 -3 -2 -1   10  15  12   0   0   0  16   0   0   8  17   0   0   0   0  12   9   0   0   0  0.13 0.08
  102 E    0 -1  1  3 -3  3  4 -2  2 -3 -3  0 -2 -4 -2  0  0 -4 -2 -3   12   0   8  15   0  18  35   0   6   0   0   0   0   0   0   0   6   0   0   0  0.48 0.14
  103 I   -2 -1 -3 -4 -2 -3 -3 -4 -3  3  1 -2  0  2 -3 -2  0  3 -1  3    0   5   0   0   0   0   0   0   0  31  10   0   0  12   0   0   8   6   0  27  0.34 0.12
  104 V    2 -2 -2 -2 -2  0 -2  2 -2  1 -1 -2 -1  0 -2  0  0 -3 -2  2   27   0   0   0   0   5   0  16   0   7   0   0   0   7   0   6   4   0   0  28  0.18 0.10
  105 N   -1  3  2 -1  0  3  0 -1 -1 -3 -3  2 -2 -4  1  1  0 -3 -2 -3    0  21  11   0   3  20   0   5   0   0   0  16   0   0   8  11   6   0   0   0  0.36 0.12
  106 I   -1  0 -3 -4 -2 -2 -3 -4 -3  4  2 -2  5 -1 -3 -2 -1 -3 -2  1    6   8   0   0   0   0   0   0   0  46  10   0  25   0   0   0   0   0   0   5  0.47 0.17
  107 L   -2 -3 -4 -4 -2 -3 -4 -4 -3  4  3 -3  1  0 -4 -3 -1 -2  1  3    0   0   0   0   0   0   0   0   0  33  35   0   0   0   0   0   0   0   6  26  0.51 0.15
  108 E   -1  2 -1 -1 -3  0  3 -2  2 -3 -3  1 -2 -2 -2  2  2 -3  1 -2    0  11   0   0   0   0  33   0   7   0   0   6   0   0   0  16  21   0   6   0  0.37 0.14
  109 R   -2  4  1  0 -4  3  0 -2 -1 -3 -3  3 -2 -4 -2  0 -1 -4 -2 -1    0  36   6   6   0  16   0   0   0   0   0  23   0   0   0   6   0   0   0   7  0.48 0.15
  110 S    0 -2  0 -3 -3 -2 -2 -2  2 -1  0  0 -1  5 -3  0 -2 -1  3 -2   13   0   5   0   0   0   0   0   6   0   8   6   0  40   0  11   0   0  11   0  0.36 0.14
  111 P   -2 -3 -3 -3 -4 -3 -3 -4 -4 -3 -3 -2  1 -4  8 -2 -2 -5 -4  0    0   0   0   0   0   0   0   0   0   0   0   0   6   0  86   0   0   0   0   8  2.04 0.32
  112 E    0 -1  1 -1 -3  0  3  1 -1 -3 -3  0 -2  1  2 -1 -2 -2  3 -3    6   0   7   0   0   0  30  15   0   0   0   6   0   9  12   0   0   0  15   0  0.32 0.12
  113 S    0 -3 -2 -3 -2 -2 -2 -2 -3  3  1 -2  0 -1 -3  2  0  3 -2  2    8   0   0   0   0   0   0   0   0  23  13   0   0   0   0  27   0   5   0  24  0.26 0.12
  114 F   -2 -3 -4 -5 -2 -3 -4 -5 -3  2  4 -4  1  4 -4 -3 -2 -2  0  0    0   0   0   0   0   0   0   0   0  13  66   0   0  21   0   0   0   0   0   0  0.67 0.19
  115 F   -1 -2  1 -2 -2 -2 -2  2 -2 -1  0 -2  1  3 -2  1  0 -2  0 -2    0   0  12   0   0   0   0  22   0   0  11   0   6  21   0  19   6   0   0   0  0.20 0.10
  116 R   -1  1 -1 -2 -2 -1 -2 -2  2 -1 -1 -1  2  4 -2  0  1 -1  2 -1    4  11   1   1   0   1   1   1   6   1   1   1  10  31   1   9  14   0   6   1  0.23 0.10
  117 S    0  1 -1 -1 -2  1  1  0 -1 -1 -2 -1 -2  0 -2  3  0 -3 -2  0    1  10   0   0   0   6   9   7   0   4   1   0   0   6   0  48   0   0   0   7  0.24 0.13
  118 N   -1  2  1 -2 -2 -1 -1 -3 -2  1  0  2 -1 -2 -2  0  0 -3 -2  3    0  14  11   0   0   0   0   0   0   6   6  17   0   0   0   6   5   0   0  34  0.18 0.11
  119 N   -1  0  3  2 -4  1  4  0 -1 -4 -4  0 -3  0 -2 -1 -1 -4 -2 -3    5   5  24  14   0   5  38   5   0   0   0   0   0   5   0   0   0   0   0   0  0.50 0.17
  120 N    0  3  2  1 -3  2  1 -2 -1 -2 -3  2 -2 -3 -2  1 -1 -3 -2 -1    8  23  10   6   0  15   6   0   0   0   0  15   0   0   0   9   0   0   0   6  0.30 0.10
  121 L   -2 -2 -3 -2 -2 -1  1 -3 -2  2  3 -2  2  1 -2 -2 -1 -2 -1  1    1   1   1   1   0   1  15   1   0  16  42   1   8   6   1   1   1   0   0   6  0.26 0.10
  122 N   -1  0  3  3 -3  0  2 -1 -1 -3 -3  2 -2 -3  2  0  0 -3 -2 -2    1   1  20  17   0   1  15   1   0   1   1  18   0   1   8   6   6   0   0   1  0.34 0.10
  123 L    0 -1 -2 -2 -2  2 -1 -2 -2  2  2 -1  2  1  0 -1 -1 -2 -1  1    7   1   1   1   0  17   1   1   0  16  27   1   6   5   5   1   1   0   1   7  0.14 0.07
  124 E   -1  3 -1  0  2  2  3 -2 -1 -3 -2  3 -2 -3 -2 -1 -1 -3 -2 -2    1  20   1   1   5   6  30   1   0   1   2  25   0   1   1   1   1   0   1   1  0.42 0.12
  125 N   -2  1  4 -1 -3 -1  0 -2 -1 -3 -1  2 -2 -3  4  0 -1 -4 -3 -3    0  10  29   0   0   0   5   0   0   0   9  14   0   0  26   5   0   0   0   0  0.55 0.17
  126 N   -1  4  4 -1 -3 -1 -1 -2 -1 -2  0  2 -1  0 -3 -1  0 -3 -2 -1    4  31  29   0   0   0   0   0   0   0  10  11   0   5   0   0   5   0   0   4  0.36 0.16
  127 I   -2 -4 -4 -4 -2 -3 -4 -5 -4  4  2 -3  0 -1 -4 -3 -1 -3 -2  4    0   0   0   0   0   0   0   0   0  41  22   0   0   0   0   0   0   0   0  36  0.65 0.20
  128 K    0  1  1  1 -3  2  3  1 -1 -4 -3  2 -2 -2 -2  0 -1 -3  1 -3    5   4   5   5   0   9  32  12   0   0   0  14   0   0   0   4   0   0   8   0  0.34 0.12
  129 F   -1 -3 -3 -4 -3 -3 -3 -4  2 -2  0 -3 -1  6 -4  0 -2  0  5 -2    5   0   0   0   0   0   0   0   5   0   5   0   0  55   0   8   0   0  22   0  0.90 0.26
  130 L   -3 -4 -5 -5 -3 -4 -4 -5 -4  1  4 -4  1  4 -4 -4 -2 -2  0  0    0   0   0   0   0   0   0   0   0   7  68   0   0  25   0   0   0   0   0   0  0.79 0.24
  131 Y   -1 -1 -1 -1  2  4  1 -3 -1 -2  0  2 -1 -2 -2  1 -1 -3  0  0    0   0   0   0   5  30   9   0   0   0  10  15   0   0   0  17   0   0   5  10  0.27 0.16
  132 S    0 -1 -1  2 -3  1  4  1 -2 -3 -3 -1 -3 -4 -2  2 -1 -4 -3 -1    5   0   0  13   0   5  44  10   0   0   0   0   0   0   0  19   0   0   0   4  0.50 0.18
  133 V   -2 -3 -3 -4  2 -1 -3 -4 -3  2  3 -3  2  2 -3 -2  1 -2 -1  2    0   0   0   0   6   4   0   0   0  10  37   0   8  10   0   0  10   0   0  14  0.31 0.13
  134 G   -1 -3 -2  1 -4 -2  0  6 -3 -5 -5 -3 -4 -5 -3 -2 -3 -4 -4 -5    0   0   0   7   0   0   8  85   0   0   0   0   0   0   0   0   0   0   0   0  1.33 0.30
  135 L   -2 -3 -4 -4 -2 -3 -4 -4 -4  2  4 -3  1  3 -4 -3 -2 -2 -1  3    0   0   0   0   0   0   0   0   0  10  49   0   0  15   0   0   0   0   0  27  0.56 0.18
  136 T    1  1  0  0 -2  1 -1 -2 -2 -3 -3  1 -2 -3  2  3  2 -4 -3 -2   14   8   3   6   0   5   0   0   0   0   0  11   0   0   9  30  15   0   0   0  0.32 0.13
  137 R   -1  3  1 -1 -3  0  2 -3  3 -2 -3  1 -2 -3  2  0  0 -4 -2  0    0  24   9   0   0   0  18   0  10   0   0   5   0   0  12   6   5   0   0  12  0.32 0.13
  138 K    0  1 -1  2 -3  0  2 -2 -2 -2 -1  2 -1 -3  2 -1  0 -4 -3  0    8   5   0  17   0   0  15   0   0   0   9  21   0   0  11   0   5   0   0   9  0.24 0.11
  139 C    1 -1  0  1  3  1  0  0  2  0 -2  1 -1 -3 -2 -1 -1 -3 -2  0   19   0   5   9  10  10   5   6   8   7   0  12   0   0   0   0   0   0   0   9  0.13 0.09
  140 L   -1 -3 -3 -4 -2 -3 -3 -4 -3  4  2 -3  2  0 -3 -2  1 -3 -2  2    4   0   0   0   0   0   0   0   0  37  20   0   6   4   0   0  12   0   0  17  0.39 0.15
  141 C    1  1 -1  0  3 -1  0  3  1 -3 -3  1 -2  0 -2  1  0 -3 -2 -2   14   8   0   4  10   0   5  24   4   0   0   9   0   6   0  13   3   0   0   0  0.22 0.10
  142 R   -2  6 -1  2 -4  0 -1 -3 -2 -4 -3  3 -3  0 -3  0 -2 -4 -2 -4    0  56   0  12   0   0   0   0   0   0   0  18   0   5   0   8   0   0   0   0  0.76 0.24
  143 L   -2 -3 -4 -4 -2 -3 -4 -4 -3  3  3 -3  4  3 -4 -3 -2 -2  2  0    0   0   0   0   0   0   0   0   0  20  42   0  14  17   0   0   0   0   7   0  0.55 0.18
  144 L   -2 -3 -4 -4 -2 -3 -4 -5 -4  2  4 -4  1  3 -4 -3 -2 -2 -1  2    0   0   0   0   0   0   0   0   0  14  56   0   0  14   0   0   0   0   0  17  0.59 0.19
  145 T    1 -2  0  0 -2 -1  1 -2  1  0  0 -1 -1 -2 -2  2  3 -3 -2  0   10   0   4   5   0   0   9   0   5   4  10   0   0   0   0  18  28   0   0   8  0.19 0.11
  146 N   -1  3  1 -2 -3  1 -1 -3 -1  0 -2  3  1  0 -2 -1  0 -3  1  0    3  22   7   0   0   5   0   0   0   8   0  27   5   5   0   2   6   0   5   5  0.22 0.12
  147 A    2  2  1 -2  2  2 -1 -2 -1 -2  0  1 -1  2 -2 -1 -1 -2  1 -2   24  12   9   0   5  13   0   0   0   0   8   9   0  14   0   0   0   0   5   0  0.17 0.12
  148 P   -2 -4 -3 -3 -4 -3 -3 -4 -4 -4 -1 -3 -3 -5  8  0 -2 -5 -4 -4    0   0   0   0   0   0   0   0   0   0   7   0   0   0  87   6   0   0   0   0  2.15 0.39
  149 R   -2  3  1  1 -3  1  0 -2  3 -2  0  0 -1  1 -3  1 -1 -2  1 -2    0  26   8  10   0   5   5   0   9   0  10   0   0   7   0  14   0   0   5   0  0.23 0.12
  150 T   -2 -3 -4 -4 -2 -3 -4 -4 -4  4  3 -3  0 -1 -3 -2  1 -3 -2  3    0   0   0   0   0   0   0   0   0  39  30   0   0   0   0   0  10   0   0  21  0.53 0.18
  151 F   -3 -3 -4 -4 -3 -3 -4 -4  2  1  4 -3  3  4 -4 -3 -2 -2  0  0    0   0   0   0   0   0   0   0   8   5  54   0  10  22   0   0   0   0   0   0  0.61 0.21
  152 S    0 -1 -1 -1 -2  0  0  3  2 -3 -3  0 -2 -3  2  2  2 -3 -2 -2    6   0   0   0   0   5   7  25   9   0   0   4   0   0   8  19  16   0   0   0  0.33 0.13
  153 N   -1 -2  2 -1  1 -1 -1  1 -1  1  0 -2  1  2 -3  0 -1 -1  3 -1    1   0  19   0   5   0   5  12   0  11   7   0   8   9   0   5   0   0  15   1  0.13 0.09
  154 S    0 -1 -1  1 -2 -1  1  1 -2 -3 -3  0 -2 -3  3  3  1 -3 -3 -2    1   0   0  10   0   0  10  11   0   0   1   4   0   0  17  39   5   0   0   1  0.42 0.14
  155 L   -1 -2 -3 -3 -2 -2 -1 -3 -3  2  3 -2  1  1  0 -2  0 -2 -1  2    1   0   0   0   0   0   7   1   0  10  41   0   0   8   5   1   6   0   0  19  0.25 0.11
  156 D   -2  0  2  3 -4  0  5 -2 -1 -4 -4  0 -3 -4 -2 -1 -2 -4 -3 -3    1   6  11  18   0   0  58   1   0   0   1   0   0   0   0   1   0   0   0   1  0.77 0.22
  157 L   -1 -1  2  3 -2 -1  0 -2 -1 -2  0  0  1 -2  2  0  0 -3 -2 -2    1   1  17  20   0   1   6   1   0   1  11   8   8   1  12   6   5   0   0   1  0.24 0.09
  158 N   -1  0  3 -1 -2 -1  0 -2 -1  0  1  1  0  1 -2 -1 -1 -2 -1  1    1   6  23   1   0   1   6   1   0   1  17  10   0   7   1   1   1   0   1  21  0.11 0.09
  159 K   -1  0 -1 -1 -3  2  1 -2 -1 -1  0  5 -1 -3 -2  0 -1 -3 -2 -2    1   1   0   1   0  12   7   1   0   5  10  52   0   0   1   7   1   0   0   1  0.43 0.18
  160 Q    1 -1 -1 -1 -2  3  0 -2  2 -2 -1  1 -1 -2  3  0  1 -2 -2 -2   11   1   1   1   0  26   1   1   6   1   6   8   0   1  14   6  14   0   1   1  0.29 0.12
  161 M   -1  1  2 -1 -2 -1 -1 -2  1  0  1  0  3 -1  0 -1  0 -2 -1  0    1  10  16   1   0   1   1   1   5   1  19   7  18   1   5   1   6   0   1   5  0.14 0.10
  162 V   -1  0 -2 -3 -2  0 -2 -3 -2  3  2 -2  0 -1 -2 -2 -1 -2 -2  3    1   6   1   1   0   6   1   1   0  20  27   1   0   1   1   1   1   0   1  31  0.26 0.11
  163 E   -1  0  0  1 -3  3  3  2 -1 -3 -2  1 -2 -3 -2  0 -1 -3 -2 -3    1   3   4   4   0  21  25  16   0   0   5  10   0   0   0   6   1   0   0   1  0.33 0.13
  164 F   -1  0  1 -2 -2 -1 -2 -2  2  1 -1 -1 -1  3  0  0 -1 -1  2  0    5   5  11   1   0   0   1   1   7  15   1   1   0  20   6  11   1   0   9   6  0.14 0.10
  165 L   -2 -3 -3 -4 -2 -2 -3 -4 -3  1  4 -3  4  2 -3 -3 -2 -2 -1  1    1   0   0   1   0   0   1   1   0   4  60   1  15  10   0   1   1   0   0   4  0.55 0.19
  166 Q   -1  0 -1 -2 -2  3  0 -2 -1  1  1  1  0  1 -2  0 -1 -2  1  0    1   1   1   1   0  23   1   1   0  13  14  13   0   6   1   9   1   0   5   7  0.12 0.09
  167 A    0 -1  1  2 -2  0  3 -2 -1 -1 -2  0 -2 -2 -2  1 -1 -2  0  1    6   1   6  17   0   1  26   1   0   1   1   7   0   1   1  10   1   0   5  16  0.22 0.10
  168 A    1 -1  0 -1  1 -1  0 -1 -1  0  0  0 -1  0 -1  1  0 -1  3 -1   11   1   5   1   4   1   6   1   0   7  14   5   0   1   1  19   6   0  15   1  0.08 0.07
  169 G   -1  1  1 -1 -2  0  0  2  1 -2  0 -1 -1  2 -2  0 -1 -1  3 -2    1  10   8   1   0   4   6  21   3   1   9   1   0  10   1   6   1   0  14   1  0.14 0.07
  170 L   -1 -2 -3 -3 -2 -2 -3 -3 -2  2  3 -2  2  1 -3 -2 -1 -2  1  2    1   1   1   1   0   1   1   1   0  17  39   1   8   5   1   1   1   0   6  15  0.31 0.11
  171 S    0  1  1  1 -2  0  1 -1 -1 -2 -1  1 -1 -2 -1  2  0 -2 -1 -1    7   7   7   9   1   1  13   2   1   2   8   7   1   1   2  27   2   0   1   2  0.15 0.06
  172 L   -1 -2 -2 -2 -1 -1  0 -2 -2  1  2 -1  2  0  1 -1 -1 -2 -1  1    2   1   1   1   0   1   7   2   1  10  32   1  10   4   8   6   1   0   1   9  0.15 0.07
  173 G    0  0 -1 -1 -2 -1 -2  5 -2  0 -1 -1 -2 -2 -2  1 -1 -2 -2 -2    2   7   1   1   0   1   2  52   1   8   6   1   1   1   1  11   1   0   1   2  0.45 0.12
  174 H   -1 -2  1 -1 -2 -1  0  1  2 -1  1 -1  0  3 -2  0 -1 -1  0  0    2   1   8   1   0   1   6  14  10   1  19   1   0  21   1   6   1   0   1   6  0.11 0.08
  175 N   -1  1  3  0 -2  2  1  0 -1 -2 -1  1 -1 -2 -1  1  0 -2 -2  0    2   5  22   1   0  11  10   6   0   1   6   9   0   1   1  15   1   0   1   8  0.17 0.08
  176 D   -1 -1  0  3 -2  0  1 -2  2  0  0  0  1 -2  2 -1 -1 -2 -1  0    2   1   3  26   0   1  10   2   8   6   9   6   6   1   9   2   1   0   1   6  0.18 0.07
  177 P    0  0 -1  1 -2  1  2 -1 -1 -2 -2  1 -1  0  4  0 -1 -2 -1 -2   11   6   1   7   1   6  18   2   1   2   3   9   1   6  20   2   2   0   1   2  0.27 0.06
  178 A    1  1  2  2 -2  0  1  0 -1 -2 -2  2 -2 -3  2  0  0 -3 -2 -2   14   7  14  17   0   1   5   6   0   1   2  17   0   1   9   1   3   0   1   1  0.23 0.08
  179 D    0  1  2  2 -2  0  0  0  2 -1 -1 -1 -1 -2 -2  0  0 -3 -2  0    6  10  17  15   0   1   6   5   6   1   8   1   0   1   1   6   5   0   0  11  0.12 0.06
  180 F   -1  0 -1  1 -2 -1  1  0 -1 -1 -1  0  0  3 -2  0 -1  6  0 -1    1   7   1  11   0   1  12   6   0   1   2   6   5  17   1   5   1  15   1   6  0.26 0.10
  181 V    0 -2 -3 -3 -1 -2 -2 -3 -3  3  2 -2  2 -1 -2 -2  0 -2 -2  2    8   1   1   1   0   1   1   1   0  27  23   1   9   1   1   1   7   0   0  19  0.27 0.11
  182 R    0  1 -1 -1 -3  3  1  1 -1 -2 -1  2 -1  0  2 -1 -1 -2 -1 -2    9  10   0   0   0  21   5  10   0   0   9  16   0   7   9   1   1   0   0   1  0.20 0.10
  183 K   -1  3  0 -1 -3  2  1 -2  2 -3 -3  4 -2 -3 -2  1 -1 -3 -2 -3    1  21   4   0   0   9   6   1   8   0   1  37   0   0   0   9   1   0   0   1  0.47 0.16
  184 I   -1 -2 -3 -3 -2 -2 -1 -3 -2  3  2 -2  3  0 -3 -1 -1 -2  1  1    5   0   0   0   0   0   6   1   0  35  20   1  13   0   0   5   1   0   7   5  0.26 0.13
  185 I    0 -3 -3 -3 -2 -2 -3 -3 -3  3  2 -2  0 -1 -2 -2  0  3 -1  2   10   1   0   1   0   0   1   1   0  26  30   1   0   0   1   1   7   5   0  15  0.29 0.12
  186 F    1  0 -1 -2 -2 -1 -1 -2 -2  0 -1  0  1  1  1  1  1 -2 -1  0   15   6   0   1   0   0   1   1   0   3   3   8   5  12   7  18  10   0   0  10  0.11 0.07
  187 K    1  2 -1 -2 -3  3  0 -2 -1 -2 -2  4 -1 -3 -2 -1 -1 -3 -2  0   11  13   0   1   0  21   1   1   0   1   1  37   0   0   1   1   1   0   0  11  0.41 0.17
  188 N   -1 -1  4 -1  2 -1  0 -2 -1  0 -2  0  1 -1 -2  0  1 -2  3 -1    1   1  31   1   5   0   6   1   0   8   1   5   6   0   1   7  11   0  14   1  0.25 0.14
  189 P   -2 -3 -3 -3 -4 -3 -2  0 -3 -3 -2 -2 -3 -4  7 -2  0 -4 -4  0    0   0   0   0   0   0   0   6   0   0   3   0   0   0  75   0   6   0   0   7  1.68 0.33
  190 F    0  2 -1  0 -3  3  0 -2 -1 -1 -2  1 -1  2 -2  0 -1 -2  1 -2    6  15   0   5   0  19   5   0   0   5   0  11   0  15   0  10   0   0   6   0  0.21 0.12
  191 I   -1 -3 -3 -4 -2 -2 -3 -3 -3  3  3 -3  2 -1 -3 -2 -1  2 -2  2    6   0   0   0   0   0   0   1   0  28  33   0   8   0   0   1   0   4   0  16  0.39 0.14
  192 L   -2  1 -3 -3 -2 -2 -3 -4 -2  2  3 -2  2  1 -3 -2  0 -2  1  1    0  12   0   0   0   0   0   0   0   9  49   0   4   5   0   0   6   0   5   6  0.32 0.14
  193 I   -1  0 -2 -2 -2 -1 -2  0  1  2  1  0  1 -1 -2  0  1 -3 -2  0    0   6   0   0   0   0   0  10   5  23  20   8   4   0   0  10  11   0   0   0  0.10 0.09
  194 Q    0 -1  0  1 -2  1  1 -2  1 -1  1  0 -1  0 -2  0  0 -2  2 -1   11   0   3   9   0   9  11   0   3   0  18   6   0   4   0   8   6   0   9   0  0.09 0.07
  195 S    0  1  1 -1 -2 -1  0  0 -2 -2  0 -1 -2 -3 -2  4  0 -3 -3 -2    0   7   8   0   0   0   5   5   0   0  14   0   0   0   0  58   0   0   0   0  0.41 0.21
  196 T    1  1 -1 -1 -2  0  1 -2 -2 -1 -1  2 -1  0  2  1  1 -3 -2  0   11  10   0   0   0   0  10   0   0   0   6  16   0   5   9  10  13   0   0   9  0.14 0.08
  197 K   -1  3  1  2 -3  0  0  0 -2 -3 -2  3  1 -3  0 -1  1 -3 -3 -2    0  17   5  15   0   0   0   6   0   0   0  29   7   0   4   0  14   0   0   0  0.31 0.15
  198 R    1  4  1 -1 -3  2  1 -2 -1 -3 -3  3 -2 -4 -2  0  0 -4 -3 -3   18  28   6   0   0  12   5   0   0   0   0  21   0   0   0   5   5   0   0   0  0.42 0.16
  199 V    0 -3 -4 -4 -2 -3 -3 -4 -4  2  3 -3  4 -1 -3 -3 -2 -3 -2  3    7   0   0   0   0   0   0   0   0   8  44   0  13   0   0   0   0   0   0  29  0.52 0.19
  200 K   -1  3 -1  1 -3  2  0  0 -2 -2 -1  3 -2 -3  1 -1  0 -3 -3 -1    5  22   0   8   0  11   0   5   0   0   5  26   0   0   5   0   8   0   0   4  0.29 0.14
  201 A    0  3 -1  0 -3  1  2 -3 -2 -3 -3  2 -2 -4  4 -1  1 -4 -3 -3    9  22   0   5   0   3  16   0   0   0   0  12   0   0  24   0   9   0   0   0  0.53 0.17
  202 N    0  2  1 -2  2  1 -1 -2  1 -1 -2  0 -1 -3 -2  0  3 -3 -2  0    5  12   9   0   5   9   0   0   5   3   1   5   0   0   0   0  34   0   0   9  0.24 0.14
  203 I   -1 -1 -2 -3 -2  0 -2 -3 -2  3  2 -2  2  2 -3  0  0 -2 -1  1    1   5   0   0   0   5   0   0   0  25  23   0   5  11   0   8   5   0   0  10  0.19 0.10
  204 E   -1  1  1  3 -4  0  3  1 -1 -4 -4  1 -3 -4 -2  1  0 -4 -3 -3    0   9   5  18   0   0  32  10   0   0   0  10   0   0   0  12   5   0   0   0  0.43 0.16
  205 F   -3 -2 -3 -4  0 -3 -3 -4 -1 -1  2  0 -1  5 -4 -3 -2  0  5 -2    0   0   0   0   3   0   0   0   0   0  20   7   0  36   0   0   0   0  30   0  0.71 0.22
  206 L   -2 -3 -4 -5 -2 -3 -4 -5 -4  2  4 -4  1  3 -4 -3 -2 -2 -1  1    0   0   0   0   0   0   0   0   0  12  67   0   0  14   0   0   0   0   0   8  0.71 0.23
  207 R   -1  3 -1 -1  1  3  1 -2  3 -1 -2  1  1 -2 -2 -1  0 -2  1 -2    1  18   1   1   4  22   5   1  11   6   1   5   7   1   1   1   6   0   6   1  0.25 0.12
  208 S   -1  0  3 -1 -2  0  1  0 -1 -3 -1  2 -2 -3  1  2  0 -3 -2 -2    1   0  17   1   0   0   8   6   0   0   7  22   0   0   7  28   1   0   0   1  0.28 0.14
  209 T    0 -1 -1 -1 -2  1  2 -2 -1  0 -1 -1 -1 -2 -2  1  2  4 -1  0    5   1   1   1   0   9  20   1   0   4   5   1   0   1   1  15  20   7   0   9  0.21 0.10
  210 F   -1 -2 -2 -3 -2 -2 -2 -1 -2  1  2 -2  4  3 -2 -2 -1 -1  2  1    1   1   1   1   0   1   1   5   0  10  15   1  23  19   1   1   1   0   6  10  0.26 0.11
  211 N   -1 -1  3 -1 -3 -1 -2  4  1 -2 -1  1 -2 -3 -2  0 -1 -3 -2 -1    1   1  20   1   0   0   1  40   4   1   9  10   0   0   1   3   1   0   0   7  0.38 0.14
  212 L   -2  0 -3 -4  2 -3 -3 -2 -3  3  3 -2  0  3 -3 -3 -2 -2 -1  1    0   7   0   0   5   0   0   4   0  21  37   0   0  18   0   0   0   0   0   5  0.32 0.14
  213 N   -1  0  2  0  2 -1  0  0 -1 -2 -3  0 -2 -3  3  2  1 -3 -3 -1    0   5  17   3   7   0   4   4   0   0   0   5   0   0  16  24   9   0   0   5  0.31 0.12
  214 S    0  0  0  1 -3  0  2  1  3 -2 -3  0 -2  0  2  0 -1 -3 -1 -1    6   5   5   6   0   0  18  13  11   0   0   5   0   6  11   8   0   0   0   6  0.20 0.08
  215 E   -1  0  0  2 -3  1  4 -1  3 -3 -3  0 -2 -1 -2  0  0 -3 -2 -1    0   5   4  10   0   3  38   4  12   0   0   4   0   3   0   6   5   0   0   5  0.35 0.14
  216 E   -1  0 -1  4 -3 -1  2 -1 -2  1 -1  0  0 -3  1 -1 -1 -3 -3  0    5   6   0  33   0   0  13   5   0  13   4   4   4   0   7   0   0   0   0   6  0.25 0.12
  217 L   -1  0 -3 -3 -2 -2 -3 -3 -3  3  2 -1  0  1 -3 -2  0 -3 -1  2    6   5   0   0   0   0   0   0   0  32  30   4   0   5   0   0   5   0   0  10  0.28 0.12
  218 L   -1  2 -2 -2 -2 -1 -2  1 -2  0  2  1  0 -1 -2 -1  0 -3 -2  1    1  18   0   1   0   0   1  14   0   0  31   9   0   0   0   1   4   0   0  19  0.16 0.11
  219 V    0  1  0 -1 -2  2  0 -2 -1 -1  0  2 -1 -2 -2  1 -1 -3 -2  1    7   8   5   1   0  15   1   1   0   0  15  18   0   0   0  14   1   0   0  13  0.14 0.10
  220 L   -2  0 -3 -3 -2 -2 -2 -3 -2  1  3 -2  3  2 -3 -2 -1 -2 -1  1    1   7   1   1   0   1   1   1   0   6  40   1  11  12   1   1   1   0   0  14  0.28 0.11
  221 I    0 -2 -2 -2 -2 -1 -1 -2  1  2  1 -2  0 -1  2  1 -1 -3 -2  1    5   1   0   1   0   0   5   1   5  24  18   1   0   0  12  17   1   0   0  10  0.17 0.10
  222 C   -1  1 -1 -1  3  2  0 -2 -1 -1  0  0  1 -2 -2  1  2 -3 -2  0    1  10   0   1   9  16   5   1   0   1   8   1   5   0   1  18  15   0   0   9  0.18 0.11
  223 G   -1  1  0 -1  3  0  1  1 -1 -1  0  2  1 -2 -2  0 -1 -2 -2  0    1   5   5   1   9   1  10  10   0   1   9  26   5   1   1   6   1   0   0   9  0.12 0.08
  224 P   -1  1 -2 -2 -2 -2 -2 -2 -2 -1  1 -1  1  3  4 -1 -1 -2  0  0    1  11   1   1   0   1   1   1   0   1  16   1   5  21  27   6   1   0   1   5  0.40 0.13
  225 G    0 -1  3 -1  1  1 -1  1 -1 -3 -3  1 -2 -3  3  0 -1 -3 -2 -3    6   1  25   1   4  10   1  10   0   1   1  13   0   0  19   7   1   0   0   1  0.39 0.13
  226 A    2 -1 -1 -1 -2  2 -1  2 -2 -2 -1 -1 -1 -2  0  1  2 -2 -2 -1   19   1   1   1   0  14   1  14   0   1   8   1   0   1   5  14  18   0   0   1  0.20 0.10
  227 E   -2  1 -2  0 -2 -1  0 -3 -2  1  1  0  0  4 -2 -2 -1 -1  0  0    1  13   1   7   0   1   9   1   0  14  10   4   0  29   1   1   1   0   0   6  0.17 0.10
  228 I   -1 -2 -2 -2 -2 -1  1 -1 -2  2  3 -2  0 -1 -2 -1  0 -2 -2  2    1   1   0   1   0   0  13   6   0  10  39   1   0   0   1   5   5   0   0  17  0.18 0.10
  229 L   -1 -2 -2 -3  2 -2 -2 -3 -2  0  3 -2  0  4 -2 -2  0 -1  1  1    2   1   1   1   5   1   1   1   0   1  36   1   0  24   1   1   6   0   5  11  0.27 0.11
  230 D   -1  1  1  1 -2  2  0  0 -1 -2 -2  2 -1 -2 -1  0  1 -2  1 -2    2   9  10  10   0  14   1   6   0   1   2  21   0   1   1   6   9   0   6   1  0.20 0.08
  231 L   -1  0 -2  0 -2 -1 -2 -2 -2  1  2 -1  3 -1 -2  0 -1 -2 -1  1    2   6   1   5   0   1   1   1   0   9  33   1  12   1   1  11   1   0   1  11  0.15 0.08
  232 S   -1  1 -1 -1  1  1  0 -2  3 -1  1  1  0 -2 -2  1 -1 -2 -1  0    1  10   1   1   3   6   6   1  10   1  18  12   0   1   1  15   1   0   1  10  0.09 0.07
  233 N    0 -1  2  1 -2  1  2  0 -1 -2 -2 -1 -2 -2  3  0 -1 -2  0 -1    7   1  14   6   0   8  16   8   0   1   2   1   0   1  15   6   1   0   5   6  0.23 0.08
  234 D   -1  2  1  3 -3  2  2  0 -1 -1 -2  1 -2 -3 -2  0 -1 -3 -2 -2    1  19   5  20   0  10  12   6   0   6   1  10   0   1   1   5   1   0   0   1  0.27 0.09
  235 Y   -1 -1  1  1  3 -1 -1 -2  4  0 -2  0 -1  1  0  1  0 -2  1  0    1   0   6   8  10   0   1   1  15   5   1   5   0   7   5  14   5   0   5  11  0.13 0.09
  236 A    0 -2 -2 -2 -2 -2 -1 -3 -3  3  2 -2  2 -1 -2  0  0  3 -1  1    5   0   0   0   0   0   5   1   0  26  28   1   8   0   0   7   5   5   0   6  0.22 0.11
  237 R   -2  4  1  1  2  3  2 -2 -1 -3 -1  2 -2 -3 -2 -1 -1 -3 -2 -2    1  28   5   8   5  15  17   1   0   1   5  10   0   0   1   1   1   0   0   1  0.36 0.13
  238 R    0  2  2 -1 -3  0 -1 -2 -1 -3 -3  2 -2 -2  4  0  1 -2  1 -2    5  16  13   1   0   0   1   1   0   1   1  16   0   0  21   6  10   0   6   1  0.37 0.12
  239 S    0  0  3 -1 -2 -1 -1 -2  1  1  0 -1 -1 -2 -2  1  0 -3 -1  2    6   6  21   1   0   1   1   1   5  10   6   1   0   1   1  18   1   0   1  21  0.13 0.09
  240 Y   -1 -1 -2 -3 -2 -2 -2 -3 -1  2  1  1  0  0 -2 -2 -1 -1  4  2    1   1   1   1   0   1   1   1   0  18  12  12   0   1   1   1   1   0  25  22  0.25 0.12
  241 A    0  1 -1  1 -2  0  1 -2 -1 -1 -1  1  0  0  1  1  1 -2 -2 -1    5   6   0   9   0   0  12   1   0   5   5  13   5   4   5  16  11   0   0   1  0.11 0.06
  242 N   -1 -1  3 -1 -2 -1  0 -2 -1 -1 -1  0 -1  3  1  0  0 -2  1  1    1   1  21   1   0   0   6   1   0   1   1  10   0  22   6   6   5   0   5  15  0.18 0.12
  243 I   -1 -2 -3 -3 -2 -2 -2 -3  1  2  3 -2  2 -1 -3 -1  0 -2 -1  2    1   1   0   1   0   0   1   1   5  14  40   1   8   0   1   4   6   0   0  18  0.30 0.12
  244 K   -1  1 -1 -1 -3  1  2 -2 -1 -2 -1  3 -1 -3  1  0  1 -3 -2 -1    1   7   0   1   0   4  18   1   0   1   6  35   0   0   6   6  10   0   0   5  0.30 0.13
  245 E   -1 -1  1  0 -3  0  3 -2 -1 -2 -2  1 -2 -2 -2 -1  2 -2  2  0    1   1   8   1   0   0  34   1   0   1   1  12   0   0   1   1  16   0  12  12  0.29 0.15
  246 K   -1  1 -1 -1  1  0  1 -2 -1 -1  0  2 -1  2 -1 -1 -1 -1  2 -1    3  11   1   2   4   1  11   2   1   2  14  20   1  11   2   2   2   0   9   2  0.09 0.05
  247 L    1  0 -1 -1  3  0  0 -1  0  0  1 -1  0  1 -1  0 -1 -1  0  0   15   7   2   2   8   5   7   3   4   2  23   2   1   7   2   3   2   1   1   3  0.04 0.03
  248 F   -1 -1 -1 -1 -1  0  1 -1  2  0  2 -1  0  1 -1 -1  1 -1  0  0    3   2   2   2   1   2  13   3   8   2  29   2   1   6   2   3  12   1   1   6  0.06 0.04
  249 S    1  1  0  0 -1  0  2  0  0 -1 -1  0 -1 -1 -1  1  1 -1  1 -1   10   9   2   2   1   2  19   8   1   2   4   2   1   2   2  17   8   1   7   3  0.12 0.04
  250 L   -2 -2 -3 -3  5 -2 -2 -3 -2  0  3 -1  1  2 -2 -2 -1 -1  1 -1    1   1   1   1  18   1   1   1   0   1  40   6   4  12   1   1   1   0   6   1  0.34 0.13
  251 G   -1 -2 -1 -2 -3 -2  1  6 -2 -4 -4 -1 -3 -3 -2 -1 -2 -3 -3 -3    1   1   1   1   0   1  12  74   0   1   1   4   0   0   1   1   1   0   0   1  1.00 0.23
  252 C   -1 -4 -4 -5  5 -4 -4 -4 -3  0  0 -4 -1  6 -4 -3 -3 -1  2  0    5   0   0   0  17   0   0   0   0   5   5   0   0  57   0   0   0   0   6   5  0.93 0.28
  253 T   -1 -2  0  0 -2 -1  0  1 -2  0 -1  0  2 -3  0  1  3 -3 -3 -1    0   0   4   5   0   0   3  10   0   5   5   8  10   0   5  13  32   0   0   0  0.20 0.14
  254 E    0  2 -1  1 -3  1  1  0  2 -1  0  0 -1 -2 -2  0  0 -3 -2 -1    8  18   0  13   0   5   9   6   8   4  15   0   0   0   0   5   7   0   0   4  0.11 0.08
  255 E   -1  2  2  2 -3  2  2 -2  2 -4 -3  1 -2 -3 -2  2 -1 -3 -1 -3    0  11  11  14   0  13  14   0   5   0   0   9   0   0   0  20   0   0   3   0  0.38 0.14
  256 E   -2 -1 -1  4 -4  3  5 -3  3 -4 -4 -1 -3 -4 -2  0 -2 -4 -3 -4    0   0   0  23   0  18  46   0   8   0   0   0   0   0   0   5   0   0   0   0  0.83 0.26
  257 V    1 -3 -4 -4 -2 -3 -3 -4 -4  4  1 -3  0 -1 -3 -2  0 -4 -2  4   12   0   0   0   0   0   0   0   0  35  12   0   0   0   0   0   4   0   0  37  0.50 0.19
  258 Q    0  2 -1 -1 -3  3  1  1 -1 -2 -2  1 -2  0 -2  1  1 -3 -2 -1    9  15   0   0   0  20   6  10   0   0   0  10   0   5   0  13   8   0   0   5  0.23 0.12
  259 K    0  1 -1  2 -4  2  2 -2  2 -1 -3  4 -2 -4 -2 -1  0 -4 -2 -2    7   2   0  12   0  12  15   0   8   5   0  35   0   0   0   0   4   0   0   0  0.39 0.17
  260 F   -2 -3 -4 -4 -2 -3 -4 -4 -3  3  2 -3  6  2 -4 -3 -2 -3 -1  2    0   0   0   0   0   0   0   0   0  19  18   0  40   9   0   0   0   0   0  14  0.68 0.25
  261 V    0 -3 -3 -4 -2 -3 -3 -1 -4  3  1 -3  2 -2 -3 -2 -1 -3 -2  5    4   0   0   0   0   0   0   6   0  13   8   0   7   0   0   0   0   0   0  59  0.49 0.20
  262 L    0 -2 -2  0 -2 -2 -2 -3  2  1  1 -1  0  1 -3  0  1  3 -1  2    5   0   0   7   0   0   0   0   8   7  18   5   0   9   0   5   9   5   0  23  0.13 0.10
  263 S    1  4 -1 -2 -3  0 -1  0 -2 -3 -3  4  1 -4 -2  1 -1 -4 -3 -3   15  29   0   0   0   0   0   8   0   0   0  33   5   0   0   9   0   0   0   0  0.48 0.20
  264 Y   -2  0 -2 -1  7 -2  0 -3  3  0 -2 -1 -2  1 -3 -1 -1 -2  4 -2    0   5   0   5  29   0   5   0  12   8   0   4   0   6   0   5   3   0  19   0  0.49 0.20
  265 P   -2 -4 -4 -3 -5 -3 -3 -1 -4 -4 -2 -3 -4 -5  8 -3 -3 -5 -5 -4    0   0   0   0   0   0   0   5   0   0   5   0   0   0  90   0   0   0   0   0  2.30 0.44
  266 D    3  2  0  0 -3  4  0 -2 -1 -3 -3  2 -2 -4 -2  0  0 -4 -3 -2   32   9   5   4   0  29   0   0   0   0   0  16   0   0   0   0   4   0   0   0  0.44 0.20
  267 V   -2 -3 -4 -4 -2 -3 -4 -4 -4  2  3 -3  3  1 -4 -3 -2 -3 -2  3    0   0   0   0   0   0   0   0   0  13  41   0  12   6   0   0   0   0   0  28  0.54 0.19
  268 I   -3 -3 -4 -5 -3 -3 -4 -5  2  2  5 -3  1 -1 -4 -3 -2 -3  1  0    0   0   0   0   0   0   0   0   7  12  74   0   0   0   0   0   0   0   5   2  0.72 0.25
  269 F    1 -2 -2 -2  1  1 -2  1  1  0  0 -2  2  1 -2  0  3 -2  1 -1   13   0   0   0   3   8   0  10   5   4   5   0   9   9   0   0  28   0   5   0  0.16 0.13
  270 L    0 -2 -3 -3  2 -2  0 -3 -1  0  2 -1  0  2 -3 -1 -2 -1  5  0   11   0   0   0   5   0   8   0   0   4  23   4   0   5   0   5   0   0  29   7  0.26 0.14
  271 A    0  1  3  1 -2 -1  0 -1 -1 -3 -3 -1 -2 -3  2  3  1 -4 -3 -3    5   7  21   8   0   0   6   0   0   0   1   0   0   0  10  35   6   0   0   0  0.40 0.16
  272 E    0 -2 -2 -2  2 -1  0 -3 -2  2  1  1  1 -2  2 -1 -1 -3 -2  2    6   0   0   0   5   0  10   0   0  19  10  11   5   0  12   0   0   0   0  19  0.17 0.10
  273 K   -1  1  1  4 -3  0  1 -1 -2 -3 -3  2 -1 -3  1  0  1 -4 -3 -3    0   5   4  28   0   0   6   5   0   0   1  22   3   0   6   7  12   0   0   0  0.34 0.13
  274 K   -2  1  1  2 -3  0  2 -3 -2  1 -2  3 -2 -3 -2  0 -1 -4 -3  0    0   3   9  14   0   0  13   0   0  13   0  34   0   0   0   5   0   0   0   8  0.29 0.15
  275 F   -2 -3 -4 -5 -2 -3 -4 -5 -3  2  4 -3  4  3 -4 -3 -2 -2 -1  1    0   0   0   0   0   0   0   0   0  12  55   0  13  14   0   0   0   0   0   5  0.64 0.21
  276 N   -2  1  1  1 -3  1  3 -3 -1 -2 -1  2  1 -3 -2 -1  0 -4 -2  0    0   8   9   6   0   4  26   0   0   0   5  21   5   0   0   0   8   0   0   9  0.27 0.13
  277 D   -2 -1 -1  1 -4  2  3 -3 -1 -3 -1  0  2 -2  4  0 -2 -3  1 -3    0   0   0   9   0   9  26   0   0   0   4   5   9   0  24   6   0   0   8   0  0.48 0.18
  278 K   -1  4  1 -2 -3  0 -1 -3 -2 -1 -3  4 -2 -3 -2  1  2 -4 -3 -1    0  27   9   0   0   0   0   0   0   3   0  32   0   0   0   9  14   0   0   7  0.43 0.19
  279 I   -3 -4 -4 -5 -3 -4 -4 -4 -3  4  1 -4  2  5 -4 -3 -2  3  0  1    0   0   0   0   0   0   0   0   0  35  12   0   8  36   0   0   0   5   0   5  0.68 0.23
  280 D   -2  1  1  4 -4  3  3 -3 -1 -4 -4  1 -3 -4 -2  0 -2 -4 -3 -4    0   9   5  32   0  21  23   0   0   0   0   6   0   0   0   4   0   0   0   0  0.66 0.21
  281 C   -1 -3 -3 -4  3 -3 -3 -2  4 -3 -2 -3 -2  4 -4 -3 -3  0  7 -3    5   0   0   0   9   0   0   3  11   0   0   0   0  21   0   0   0   0  50   0  1.03 0.30
  282 L   -2  0 -4 -4 -3 -3 -3 -4 -2  1  3 -3  0  4 -4 -3 -2 -1  3  1    0   6   0   0   0   0   0   0   0   4  42   0   0  23   0   0   0   0  12  13  0.49 0.18
  283 M   -2  0 -2 -3 -3  2 -1 -3  5  1  1  0  1  1 -3 -2  0 -2  1  0    0   5   0   0   0  14   0   0  20  12  17   4   4   8   0   0   5   0   6   4  0.23 0.14
  284 E    0  2  4  1 -3  2  2 -2 -1 -4 -3  1 -2 -4 -2  1  0 -4 -3 -3    5  11  25   7   0   8  20   0   0   0   0  10   0   0   0   9   5   0   0   0  0.41 0.15
  285 E   -2  0 -2  0 -4  0  5 -4 -2  0  0 -1  5  0 -3 -2 -2 -3 -2 -2    0   5   0   4   0   0  48   0   0   5   5   0  28   5   0   0   0   0   0   0  0.60 0.27
  286 N   -1  0  2  0 -4  1  1  4 -2 -4 -4  1 -3 -4 -3  0 -1 -4 -3 -4    0   5   9   5   0   7   9  47   0   0   0  11   0   0   0   3   4   0   0   0  0.55 0.17
  287 I   -2  1 -3 -4 -3 -2 -3 -1 -3  4  2 -2  2  2 -4 -3 -2 -2  1  0    0  14   0   0   0   0   0   5   0  43  17   0   5  12   0   0   0   0   5   0  0.36 0.18
  288 S   -1  0 -1  3  2 -1 -1  0  1 -3 -3 -1 -3 -4  4  2  2 -4 -3 -3    0   5   0  19   5   0   0   5   6   0   0   0   0   0  21  24  15   0   0   0  0.47 0.17
  289 I   -1  0  0 -2 -3 -1  0 -3  5  2  0  0  1  0 -3 -2 -1 -3 -1  1    3   7   5   0   0   0   6   0  24  21  10   5   5   5   0   0   2   0   0   8  0.20 0.12
  290 S    1 -1  1  1 -2  0  2 -2  2 -2 -1  0 -2  1 -2  2 -1 -2  1 -2   13   0   9  10   0   0  14   0   8   0   8   5   0   7   0  20   0   0   5   0  0.17 0.10
  291 Q    0 -1 -1  2  2  4  4 -3 -1  0 -3 -1  0 -4 -2 -1 -2 -4 -3 -2    6   0   0  13   6  28  36   0   0   8   0   0   4   0   0   0   0   0   0   0  0.53 0.21
  292 I   -2 -4 -4 -4 -2 -4 -4 -5 -4  5  3 -4  0 -1 -4 -3 -2 -3 -2  3    0   0   0   0   0   0   0   0   0  49  29   0   0   0   0   0   0   0   0  22  0.69 0.21
  293 I    2  1 -3 -3 -2 -2 -1 -3 -3  1  1  0  0 -2 -3 -1  0 -3 -2  3   22   9   0   0   0   0   5   0   0   7  14   5   0   0   0   0   4   0   0  35  0.20 0.13
  294 E   -1  3 -1  2 -3  2  3 -2 -1 -3 -3  2 -2 -3 -2  0  0 -3 -2 -3    3  23   0  11   0  11  25   0   0   0   0  13   0   0   0   5   5   0   0   0  0.44 0.14
  295 N   -2 -2  2  0  3 -2 -2 -3 -2 -1 -1 -2 -1  5 -3  0  1 -1  2  0    0   0  17   5  10   0   0   0   0   0   0   0   0  37   0   6  12   0   5   6  0.38 0.17
  296 P   -2 -3 -3 -2 -3 -2 -2 -3 -3 -3 -1 -2 -3 -4  8 -2 -2 -4 -3 -3    1   1   1   1   0   1   1   1   0   1   7   1   0   1  81   1   1   0   0   1  1.88 0.31
  297 R    0  2  0  0 -3  3  3 -2 -1 -3 -2  1  3 -3 -2  0 -1 -3 -2 -2   10  17   4   4   0  22  20   0   0   0   0   5  14   0   0   5   0   0   0   0  0.37 0.16
  298 V   -2 -3 -4 -4 -2 -3 -3 -4 -2  2  1 -3  0  4 -4 -1 -2 -1  3  3    0   0   0   0   0   0   0   0   0   9  12   0   0  28   0   5   0   0  10  36  0.48 0.18
  299 L   -3 -4 -5 -5 -3 -4 -4 -5 -3  0  4 -4  0  6 -4 -4 -3 -1  0 -1    0   0   0   0   0   0   0   0   0   0  59   0   0  41   0   0   0   0   0   0  0.93 0.27
  300 D    0  0  2  2  2  1  1  1  1 -3 -3 -1 -2 -3 -2  0  2 -3 -2 -2    4   5  12  14   7   8   9  11   5   0   0   0   0   0   0   5  21   0   0   0  0.26 0.11
  301 S   -1 -2 -2 -3 -2 -2 -2 -3  4 -1  1 -2 -1  1 -3  2  1 -1  5  0    0   0   0   0   0   0   0   0  12   0  15   0   0   5   0  24   8   0  29   6  0.39 0.18
  302 S   -1  2  2 -1 -2 -1 -1  2 -2 -3 -2  0 -2 -3 -2  3  1 -4 -3 -3    0  13  11   0   0   0   0  21   0   0   6   4   0   0   0  36   9   0   0   0  0.35 0.15
  303 I   -2 -3 -3 -3 -2 -2  0 -4 -3  3  3 -2  0 -1  3 -2  0 -3 -2  1    0   0   0   0   0   0  10   0   0  24  35   0   0   0  15   0   6   0   0  11  0.36 0.14
  304 S    0 -1  0  2 -3  3  1 -2  0 -3 -1  1 -1  2 -2  1  0 -3 -1 -2    4   0   3  11   0  26   5   0   3   0   4  12   0  13   0  15   4   0   0   0  0.25 0.13
  305 T   -1  3  1 -2 -3 -1 -1 -3 -2  1 -2  3 -1 -3 -2  0  3 -4 -2  0    0  20   6   0   0   0   0   0   0  10   0  23   0   0   0   0  35   0   0   6  0.36 0.16
  306 L   -1 -3 -3 -4 -2 -3 -3 -4 -4  4  2 -3  1 -1 -3 -1  1 -3 -2  3    0   0   0   0   0   0   0   0   0  32  28   0   0   0   0   5   8   0   0  28  0.42 0.14
  307 K   -2  4 -1 -2 -4  2  0 -3 -1 -3 -1  5 -2 -4 -2  0 -2 -4 -3 -3    0  27   0   0   0  10   0   0   0   0   6  51   0   0   0   6   0   0   0   0  0.66 0.21
  308 S   -2 -2 -2 -1 -3  2  3 -3 -1 -3 -1 -1 -2  0  4  0  0 -2  2 -2    0   0   0   0   0   9  31   0   0   0   6   0   0   5  28   5   6   0  10   0  0.54 0.16
  309 R   -2  7 -2 -3 -5  0 -1 -3 -2 -4 -4  2 -3 -4 -3  0 -2 -4 -3 -4    0  82   0   0   0   0   0   0   0   0   0  11   0   0   0   6   0   0   0   0  1.24 0.30
  310 I   -2 -2 -2 -3 -3 -2 -2 -4  7  2  1 -2  2 -1 -4 -3 -2 -2  3 -1    0   0   0   0   0   0   0   0  40  21  19   0   8   0   0   0   0   0  12   0  0.63 0.21
  311 K   -2  4 -2 -1 -4  0  3 -3 -1  0  0  1 -1 -3 -3 -2 -2 -3 -2  0    0  34   0   0   0   0  36   0   0   9  10   5   0   0   0   0   0   0   0   6  0.43 0.16
  312 E   -2 -1 -1  2 -3 -1  2 -3 -1 -1  0  1  2  3 -3 -2 -2 -1  3 -2    0   0   0  13   0   0  19   0   0   0  11  16  11  14   0   0   0   0  15   0  0.25 0.13
  313 L   -2 -3 -4 -4 -2 -3 -3 -4 -4  1  4 -1  1 -1 -4 -3 -2 -3 -2  2    0   0   0   0   0   0   0   0   0   0  75   7   0   0   0   0   0   0   0  18  0.61 0.19
  314 V    1  1  2 -1 -2  1  1 -1 -1 -2 -3  2 -2 -3 -2  1  0 -3 -2 -1   17   7  19   0   0   6  11   0   0   0   0  21   0   0   0  10   4   0   0   6  0.25 0.08
  315 N   -1  3  2 -1 -3  0  0 -2  2 -3 -1  1 -2 -2 -2  2 -1 -2  2 -3    0  30  13   0   0   0   6   0   7   0   6   7   0   0   0  20   0   0  11   0  0.31 0.11
  316 A    1 -1 -1 -2 -2 -1 -1 -2  3  1  2  1  0 -1 -2  0  0 -3 -1  0   13   0   0   0   0   0   0   0  15   7  35  13   0   0   0  10   7   0   0   0  0.16 0.09
  317 G   -1 -3 -1  0 -4 -3 -3  6 -3 -4 -4 -2  1 -4 -3 -1 -2 -4 -4 -4    0   0   0   7   0   0   0  86   0   0   0   0   7   0   0   0   0   0   0   0  1.20 0.22
  318 C   -2 -3 -3 -3  6 -2 -3 -3 -1  1 -1 -3 -1  2 -3 -2 -2  0  5  0    1   0   0   0  28   0   1   1   0  10   1   0   0   9   0   1   0   0  37   9  0.58 0.11
  319 N   -1  4  1  3 -3  0  0  1 -1 -3 -3  0 -2 -3 -2  1  1 -3 -2 -2    1  35   8  22   0   0   1  10   0   0   1   0   0   0   0  10  10   0   0   1  0.33 0.07
  320 L   -2 -3 -3 -3  3 -2 -3 -4 -3  2  2 -2  0 -1  5 -2 -1 -3 -2  0    0   0   0   0   9   0   0   0   0  15  37   0   0   0  35   0   0   0   0   4  0.63 0.10
  321 S    1  1  0 -1 -2  0 -1 -1 -1 -2 -1  2 -1 -2 -1  3  1 -3 -2 -1   15  11   0   0   0   0   0   0   0   0   9  16   0   0   0  39   9   0   0   0  0.24 0.07
  322 T   -1 -1 -1  2  3  0  1 -2 -2 -1  1  1 -1 -2 -2  1  1 -3 -2 -1    0   0   0  16   9   0  11   0   0   0  19  15   0   0   0  12  17   0   0   0  0.16 0.05
  323 L    1 -2  1 -2 -2 -1 -2  2 -2 -1  1 -1  2 -2  3  1 -1 -3 -2 -1   10   0   9   0   0   0   0  16   0   0  20   0  11   0  15  18   0   0   0   0  0.21 0.05
  324 N   -1 -1  3  0 -2  1  0 -1  4 -1  0 -1 -1 -2 -1  1  0 -2 -1  0    2   1  24   1   0  10   1   2  17   1  11   1   0   1   1  10   1   0   1  14  0.15 0.04
  325 I    0 -2 -2 -2 -1 -2 -2 -2 -1  2  1 -2  1  0 -2 -1 -1 -1  3  2   11   1   1   1   0   1   1   2   0  30  18   1   0   1   1   1   1   0  16  11  0.14 0.04
  326 T    2 -2 -2 -2 -1 -1 -1 -1 -2  0  0 -1  0 -1 -1  0  1  6  0  1   27   1   1   1   0   1   1   2   1   7  12   1   1   1   1   2   9  19   1  11  0.28 0.04
  327 L    0 -2  0 -1 -1 -1 -1 -2 -2  0  3 -1  0 -1 -2  2  0 -2 -2  0    1   1   6   1   0   1   1   1   0   1  48   1   0   0   1  36   1   0   0   1  0.20 0.07
  328 L   -2 -3 -3  1 -2 -2 -3 -4 -3  1  5 -3  1  0 -3 -3 -2 -2 -2  0    0   0   0  11   0   0   0   0   0   0  89   0   0   0   0   0   0   0   0   0  0.56 0.12
  329 S   -1 -2  4  0  6 -1 -1 -1 -1 -3 -3 -1 -2 -3 -2  2  0 -4 -3 -2    0   0  41   0  27   0   0   0   0   0   0   0   0   0   0  32   0   0   0   0  0.58 0.10
  330 W   -1  1  1 -2  5 -2 -2  3 -2 -3 -3 -1 -2 -2 -3 -1 -2  7 -1 -3    0  15  13   0  22   0   0  30   0   0   0   0   0   0   0   0   0  20   0   0  0.60 0.08
  331 S    1 -1  0 -1 -1 -1 -1 -1 -2 -2 -3 -1 -2 -3 -1  4  3 -3 -2 -2    0   0   0   0   0   0   0   0   0   0   0   0   0   0   0  72  28   0   0   0  0.54 0.09
  332 K   -1  3  0  3 -4  2  1 -2 -1 -3 -3  4 -2 -4 -2 -1 -1 -3 -2 -3    0  16   0  26   0  12   0   0   0   0   0  46   0   0   0   0   0   0   0   0  0.50 0.06
  333 K    2  4 -1 -2 -3  1  0 -1 -1 -3 -2  4 -2 -3 -2  0 -1 -3 -2 -2   26  28   0   0   0   0   0   0   0   0   0  46   0   0   0   0   0   0   0   0  0.44 0.06
  334 R   -1  3 -1  0 -4  1  3 -2 -1 -3 -2  3 -2  2 -2 -1 -1 -2 -1 -2    0  22   0   0   0   0  37   0   0   0   0  26   0  15   0   0   0   0   0   0  0.40 0.06
  335 Y   -2 -2 -2 -3 -3 -2 -3 -3  4 -1 -1 -3 -1  5 -4 -2 -2  1  6 -2    0   0   0   0   0   0   0   0  15   0   0   0   0  47   0   0   0   0  38   0  0.78 0.09
  336 E   -2 -1  0  5 -4  1  5 -2 -1 -4 -4  0 -3 -4 -2 -1 -1 -4 -3 -3    0   0   0  42   0   0  58   0   0   0   0   0   0   0   0   0   0   0   0   0  0.82 0.09
  337 A    3  0 -1 -1 -2  1  3 -1 -1 -3 -2  3 -2 -3 -1  0 -1 -3 -2 -2   43   0   0   0   0   0  26   0   0   0   0  31   0   0   0   0   0   0   0   0  0.35 0.06
  338 K   -2  3  2 -1 -3  0 -1 -2 -1 -2 -2  2 -1  4 -3 -1 -1 -1  0 -2    0  26  21   0   0   0   0   0   0   0   0  22   0  31   0   0   0   0   0   0  0.33 0.06
  339 L   -2 -2 -3 -4 -2 -2 -3 -4 -2  1  3 -3  4  3 -3 -2 -1 -1  0  0    0   0   0   0   0   0   0   0   0   0  45   0  31  24   0   0   0   0   0   0  0.41 0.05
  340 K   -1  1  0 -1 -3  3  1  0 -1 -3 -3  4 -2 -3 -1  1 -1 -3 -2 -3    0   0   0   0   0  19   0   8   0   0   0  57   0   0   0  16   0   0   0   0  0.41 0.05
  341 K   -1  4  0 -1 -3  1  1 -2 -1 -3 -3  4 -2 -3 -1  0 -1 -3 -2 -3    0  27   0   0   0   0   0   0   0   0   0  73   0   0   0   0   0   0   0   0  0.54 0.01
  342 L   -1 -2 -3 -4 -1 -2 -3 -4 -3  2  3 -2  4  0 -3 -2 -1 -2 -1  1    0   0   0   0   0   0   0   0   0  17  52   0  31   0   0   0   0   0   0   0  0.35 0.01
  343 S    0  0  0  0 -2  4  1 -1  0 -3 -2  1 -1 -3 -1  3  0 -3 -2 -2    0   0   0   0   0  51   0   0   0   0   0   0   0   0   0  49   0   0   0   0  0.42 0.01

                      K         Lambda
Standard Ungapped    0.1355     0.3197
Standard Gapped      0.0399     0.2670
PSI Ungapped         0.1302     0.3175
PSI Gapped           0.0399     0.2670
