
Last position-specific scoring matrix computed, weighted observed percentages rounded down, information per position, and relative weight of gapless real matches to pseudocounts
            A   R   N   D   C   Q   E   G   H   I   L   K   M   F   P   S   T   W   Y   V   A   R   N   D   C   Q   E   G   H   I   L   K   M   F   P   S   T   W   Y   V
    1 R    -3   5  -2  -3  -5   3  -1  -4  -2  -5  -5   5  -3  -5  -4  -3  -3  -5  -4  -5    0  41   0   0   0  17   0   0   0   0   0  42   0   0   0   0   0   0   0   0  1.30 0.41
    2 K    -2   5  -1  -1  -5   1  -2  -2  -3  -5  -5   5  -4  -4  -2  -1  -1  -5  -4  -5    2  30   2   3   0   6   0   2   0   0   0  46   0   1   1   3   3   0   0   0  1.04 0.40
    3 R    -2   7  -2  -5  -6   1  -3  -5  -4  -6  -5   3  -4  -6  -1  -4  -4   0  -5  -2    3  65   1   0   0   7   0   0   0   0   0  17   0   0   3   0   0   2   0   3  1.55 0.53
    4 N    -2   3   0  -2  -5   2  -1  -3   3  -4  -4   4  -2  -5   2   1   0  -5  -4  -2    1  18   4   1   0  12   2   1   7   0   1  26   1   0   9   9   5   0   0   3  0.55 0.29
    5 R    -3   6  -1  -4  -1  -1  -3  -3  -3  -4  -4   5  -4  -5   0  -1  -2  -5  -2  -4    2  44   3   0   1   2   0   2   0   1   1  32   0   0   5   3   2   0   1   1  1.11 0.44
    6 I     1  -1  -1  -3  -3  -2  -2  -2  -3   1   0   0  -2   1   2   1   1  -3  -1   1   15   2   2   0   0   1   1   2   0   9   7   8   0   7  10  10  12   0   1  13  0.17 0.14
    7 P     0   2   0  -3  -2   0  -2  -1   1  -1  -2   1   0  -1   2   2   1  -4  -2  -1    5  16   4   0   1   2   1   3   4   4   2   8   2   3  10  20  10   0   1   4  0.23 0.17
    8 L    -2   4  -1  -2  -4   0  -1  -3   0  -2   1   1  -1   1  -2  -1   2  -4  -1  -1    1  26   3   2   0   4   2   2   2   1  16  10   1   6   1   3  13   0   2   5  0.28 0.19
    9 S     5  -4  -4  -4  -4  -4  -4   2  -4  -4  -5  -4  -4  -5  -2   3   1  -6  -5  -1   52   0   0   0   0   0   0  12   0   0   0   0   0   0   1  23   7   0   0   4  0.98 0.43
   10 C    -5  -9  -8  -9  12  -8  -9  -8  -8  -6  -6  -8  -6  -7  -8  -6  -6  -7  -8  -6    0   0   0   0 100   0   0   0   0   0   0   0   0   0   0   0   0   0   0   0  4.53 1.08
   11 T    -2  -2   1   4  -4  -1   1  -3   0   0   0  -2  -2  -1  -4  -1   1   3  -1   1    1   1   6  30   0   3   9   1   3   6  11   1   0   3   0   3   8   4   2   9  0.34 0.21
   12 I     0   0   2  -2  -1   2   0   0   3  -1  -1  -2  -1   2  -2   0   2  -1   0  -1    9   6  10   0   1   9   7   6   9   3   4   0   1   9   1   7  14   1   2   2  0.16 0.15
   13 C    -5  -9  -8  -9  12  -8  -9  -8  -8  -6  -6  -8  -6  -7  -8  -6  -6  -7  -8  -6    0   0   0   0 100   0   0   0   0   0   0   0   0   0   0   0   0   0   0   0  4.53 1.08
   14 R    -2   7  -2  -5  -6   0  -3  -1   5  -6  -6   2  -5  -6  -5  -2  -3  -6  -4  -4    3  59   1   0   0   4   0   6  12   0   0   9   0   0   0   2   2   0   0   1  1.43 0.52
   15 K    -1   4  -2  -3  -5   2   0  -4  -3  -2   0   4  -3  -3  -4   0  -2  -5  -4  -3    4  27   1   1   0  11   6   1   0   2   9  29   0   1   0   6   1   0   0   2  0.65 0.32
   16 R     0   6  -1  -4  -5   0  -3  -3   1  -4  -2   4  -2  -5  -5   0  -3  -6  -4  -3    7  42   2   0   0   2   0   1   4   1   4  28   1   0   0   7   1   0   0   2  0.98 0.41
   17 K    -5   3  -4  -5  -7  -1  -3  -6   6  -7  -6   7  -5  -7  -5  -4  -5  -7  -5  -6    0  14   0   0   0   1   0   0  17   0   0  68   0   0   0   0   0   0   0   0  1.96 0.65
   18 V    -2  -1  -3  -4  -3  -3  -3  -5  -4   4   2   0   1  -2  -4  -1   1  -2  -3   3    1   4   1   1   0   1   1   0   0  28  18   6   3   1   0   5   9   1   0  21  0.51 0.25
   19 K    -4   4  -4  -4  -6   1  -3  -4  -2  -6  -5   6  -5  -6   0  -3   1  -6  -5  -4    0  26   0   0   0   5   0   1   1   0   1  52   0   0   6   1   8   0   0   1  1.31 0.50
   20 C    -5   0  -7  -8  11  -7  -8  -7  -8  -6  -6  -7  -6  -7  -8  -6  -6  -7  -7  -6    0   6   0   0  94   0   0   0   0   0   0   0   0   0   0   0   0   0   0   0  4.16 1.02
   21 D    -4  -5   2   7  -2  -1   2  -1  -2  -6  -7  -4  -6  -7  -3   1  -2  -7  -6  -5    0   0   9  61   1   2  10   4   1   0   0   0   0   0   1   9   3   0   0   1  1.44 0.51
   22 K    -1   3   0   1  -4   1   2   2  -1  -4  -3   2  -2  -4  -2  -1  -1  -4   0  -3    3  16   5   7   0   5  14  19   1   0   2  14   1   0   1   3   4   0   4   2  0.32 0.18
   23 L     0   0   1   0  -3   2   2   1  -1  -1  -1   0  -1   2  -3  -1   0  -3  -1  -1    5   4   9   3   0  10  14  11   1   3   6   7   1  11   0   3   4   0   1   5  0.12 0.11
   24 R    -3   4   0   0  -5   3   0  -3   2  -2  -1   3  -2  -1  -1  -1  -1  -1  -2  -2    1  27   3   6   0  14   4   2   5   2   6  16   1   3   3   2   2   1   1   2  0.42 0.23
   25 P    -3  -6  -2   1  -7  -3  -3  -4  -6  -7  -7  -5  -6  -7   8  -4  -3  -8  -7  -6    1   0   2   8   0   1   1   1   0   0   0   0   0   0  82   1   1   0   0   0  2.56 0.75
   26 H     0   1   0   0  -1   0   0  -1   2   0  -1   0   0   0   1   0   1   0  -1   0    8   7   2   4   1   5   4   4   8   6   4   6   3   6   6   7   9   1   1   7  0.04 0.03
   27 C    -5  -8  -8  -8  11  -8  -8  -7  -8  -2  -3  -8  -6  -7  -8  -6  -6  -7  -7   0    0   0   0   0  91   0   0   0   0   2   2   0   0   0   0   0   0   0   0   6  3.87 0.96
   28 Q     0   1  -1  -2  -4   3   0   1  -2  -2  -1   1  -3  -1  -3   2   1  -1  -2  -3    6   8   1   1   0  15   4  13   1   2   5  10   0   3   0  21   9   1   1   0  0.28 0.20
   29 Q     0   5   5  -2  -5   0  -1  -2   0  -5  -3   1  -2  -3  -2  -1   0  -5  -3  -4    7  30  30   1   0   3   2   2   2   0   2   6   1   1   2   4   5   0   1   0  0.73 0.34
   30 C    -5  -9  -8  -9  12  -8  -9  -8  -8  -6  -6  -8  -6  -7  -8  -6  -6  -7  -8  -6    0   0   0   0 100   0   0   0   0   0   0   0   0   0   0   0   0   0   0   0  4.53 1.08
   31 T     0   1  -2  -2  -3   1   1  -2  -2   2   1   0   0  -2  -3   0   0  -3  -1   2    7   7   1   1   0   7   9   3   1  14  12   4   2   1   0   8   6   0   2  15  0.11 0.11
   32 K     0   3  -1  -2  -5   1   0  -4  -2  -3  -4   5  -4  -5  -4   1  -1  -1  -4  -2    6  15   3   2   0   7   6   0   1   1   1  41   0   0   0   9   3   1   0   2  0.70 0.35
   33 T     0   4   1  -2   3  -1  -2  -3   1  -1   0   1   1   0  -3   0  -1  -3   0  -1    8  25   7   1   8   1   0   1   4   2  10   6   3   4   0   9   2   0   4   3  0.27 0.19
   34 G    -2   1   4  -1  -4  -2   0   5  -2  -5  -5   0  -4  -5  -4  -1  -3  -5  -4  -5    1   9  21   2   0   1   7  44   1   0   1   6   0   0   0   4   0   0   0   1  0.89 0.36
   35 V    -2   0  -2  -2  -2   0  -2  -3  -1   2   3  -1   0   0  -3  -2   0  -2   1   2    1   5   2   2   0   4   2   1   1  14  29   4   1   3   1   2   5   0   6  16  0.23 0.14
   36 A     0   0   0   1   0   1   1   0   1  -1  -1   0  -1  -2   2   0  -1  -3  -2  -1   10   4   3  10   2   9  12   7   4   3   4   6   1   2  10   7   3   0   1   3  0.13 0.08
   37 H     0   0   0   1   5   1   1  -1   1  -2  -2   0  -1  -1  -1   0  -1  -2   0  -1    6   5   5  11  15   7  11   3   3   2   4   6   1   2   2   8   3   0   3   3  0.19 0.09
   38 L     0   0   0  -1  -1   0   1  -1   0   0   0   0  -1   0   0   1   2  -2  -1   0    5   4   4   3   1   4   8   4   2   5  10   6   1   4   4  10  17   0   1   7  0.06 0.05
   39 C    -4  -6  -5  -2  11  -6  -6  -3  -5  -5  -4  -6  -5  -3  -3  -4  -3  -5   1  -3    1   0   0   3  80   0   0   2   0   0   2   0   0   1   2   1   1   0   5   2  3.05 0.82
   40 H    -1   2  -1  -1   1   1   1  -2   2   0  -1  -1  -1  -1  -1  -1   2  -3  -1   1    3  12   2   2   3   6  13   2   7   7   3   3   2   2   2   4  14   0   2  14  0.15 0.14
   41 Y    -3  -2  -4  -1  -2  -3  -3  -3   2   0  -2  -2  -3   4  -4  -2  -3   2   7  -1    2   2   1   5   1   1   2   3   4   4   3   2   0  18   1   4   1   2  43   5  1.02 0.39
   42 M     0   0   0   0  -1   0   0  -2   2   0   0   1   0   0   1   1   1  -1  -1  -1    5   4   3   5   2   3   5   2   7   5  11  10   2   4   6  10  10   1   1   4  0.05 0.06
   43 E     0   2  -1   1  -3   1   2  -2   0  -2  -2   1  -1  -1   2   0   0  -3  -2  -2    9  13   3   8   0   7  15   1   2   3   4   8   1   2  10   6   6   0   1   2  0.22 0.14
   44 Q    -1   2   1   1   2   1   1  -1   0  -1  -2   0  -2  -3   3   0   0  -3  -1   0    3  15   6   7   4   6   9   4   2   4   2   5   0   0  14   6   4   0   2   8  0.20 0.14
   45 T    -1   2   1  -1  -3  -1  -2   0  -2  -1  -1   1  -1   1   3   0   0  -3  -1  -1    2  13   6   2   0   2   1   7   1   3   6   9   2   6  19   8   6   0   2   4  0.24 0.15
   46 W    -1   2   1   0   1  -1  -1  -1  -2   0   0   2  -1  -1   1   0   0   4   0  -1    2  13   6   6   4   1   3   3   0   6   8  14   1   3   6   6   6   6   3   4  0.12 0.11
   47 A     0   2   0   1  -3   0   0   0   1  -2  -2   2  -1  -3   2   1  -1   0   0  -2    8  12   4   7   0   4   4   6   3   2   4  14   1   0  10   9   3   2   3   3  0.17 0.12
   48 E    -2   4   1   1  -4   1   1  -1  -1  -4  -2   3  -3  -3   1   0  -1  -4  -2  -2    2  23   7   8   0   5  10   5   1   0   4  17   0   1   6   5   2   0   1   3  0.36 0.23
   49 E    -1   3   1   1  -4   0   0   1  -1  -1  -3   2   0  -2   0   0  -1  -1  -2  -3    4  17   9   7   0   4   6  11   1   5   1  15   2   1   5   5   4   1   1   1  0.22 0.17
   50 A     1   0   1  -1  -3  -1   0   0  -2   0  -1   1  -1  -2   3   1   0  -4  -2   0   10   5   7   3   0   1   4   7   1   5   5  11   2   1  14  10   6   0   1   7  0.16 0.12
   51 E     0   3   0   0  -4   1   2  -3   0  -2  -2   2  -3  -3   1   2   0  -4  -3  -2    5  15   4   5   0   6  11   1   2   2   5  13   0   1   6  15   6   0   0   2  0.27 0.21
   52 K     0   3   0  -2  -5   1  -1  -2  -1  -3  -3   4   0  -5  -2   1   1  -5  -2  -3    7  19   5   1   0   6   2   3   1   2   1  31   2   0   2   9   8   0   1   1  0.51 0.32
   53 E    -2   2  -1   0  -4   0   1   1   0  -1  -1   3  -2  -4  -1   0  -1   0  -1  -2    2  15   3   6   0   4  11  12   2   5   5  20   1   0   2   5   4   2   2   2  0.23 0.18
   54 L     0   2   1  -1  -3   1   0  -2  -2  -1   0   0  -1  -1   0   0   0  -3   2  -1    7  15   8   3   0   7   4   2   0   2  12   5   1   2   5   9   4   0   9   4  0.12 0.13
   55 L     0   0   0   0  -3   1   0  -3   1   0   1   0   0   0  -3   0   0   0   1   0   10   5   6   5   0   6   5   0   5   5  17   5   2   3   0   4   7   1   7   6  0.06 0.08
   56 K     1   2   1  -1  -4   2   1  -2   1  -2  -2   2  -3  -4   2   1   0  -4  -3  -3   10  10   6   2   0  12   8   2   3   2   4  12   0   0  13  10   4   0   0   1  0.30 0.22
   57 D    -2   2   2   4  -4  -1   0  -2   1  -4  -3   2  -4  -4   0   0   0  -5  -3  -3    3  11   9  26   0   1   5   3   3   0   3  15   0   0   5   8   6   0   1   2  0.44 0.27
   58 N     0   0   1   1  -2  -1   1   0   2  -1  -2   0   0  -3  -2   1   1  -4  -1   0    8   4   7  10   1   1  12   8   7   3   3   5   2   0   1  11   9   0   2   7  0.14 0.13
   59 E     0  -1  -3   1  -4   1   3  -3   1  -3  -1  -1  -3  -1   3   0  -1  -3   4  -3    6   4   0   7   0   7  19   1   3   1   6   2   0   2  15   8   2   0  16   1  0.41 0.29
   60 L    -1  -2   2  -1  -3  -2  -2  -4  -1   3   1  -2   1  -2   0  -2   1  -4  -3   2    4   2  11   3   0   1   2   0   1  23  14   1   4   1   5   2   7   0   0  19  0.31 0.23
   61 K     0   0   0   1  -4   3   3  -3  -1  -2  -3   2  -2  -3   0   1   0  -4  -2  -2    6   3   3   7   0  12  21   0   1   3   2  16   1   1   5  13   4   0   1   2  0.34 0.25
   62 K     1   2   1   0  -3   1   1  -1  -2  -3  -1   1  -1  -1  -2   2  -1   1  -3  -2   15  10   5   5   0   7  11   3   0   0   7   9   2   3   1  16   3   2   0   1  0.20 0.18
   63 L    -4  -2  -1  -5  -4  -1  -3  -5  -5   2   5  -1   2  -2  -3  -3  -2  -4  -4  -1    0   2   3   0   0   3   1   0   0  12  61   5   4   1   1   2   2   0   0   2  0.87 0.43
   64 R    -2   3  -1  -2  -4   2   3  -4  -1   0   0   2   0  -4  -1   0   0  -4  -3  -1    1  16   2   0   0  11  21   0   1   5   8  12   2   0   2   7   7   0   0   5  0.33 0.25
   65 E    -1   1   1   0  -4   1   3  -1   0  -4  -4   3  -3  -5  -1   2   0  -5  -4  -2    4   6   8   4   0   7  20   4   2   0   1  20   0   0   2  16   5   0   0   2  0.40 0.27
   66 R    -2   6  -3  -4  -6   3   0  -5   4  -3  -5   2  -4  -2  -2  -2  -3  -5  -4  -5    3  50   0   0   0  12   5   0   9   2   0  13   0   2   1   1   1   0   0   0  1.15 0.52
   67 V    -2  -1  -2  -4  -3  -1  -3  -3  -3   3   3   0   1   0  -2  -2  -1  -3  -1   2    2   4   2   0   0   3   0   1   0  19  29   7   3   3   1   2   2   0   2  17  0.33 0.22
   68 K     2   2   0   0  -4   0   2  -3  -3  -3  -3   3  -3  -4  -3   1   1  -4  -4  -1   19  14   4   6   0   2  12   0   0   0   1  21   0   0   0   9   7   0   0   4  0.39 0.26
   69 S    -1   1   1   0   1   1   1  -2   1  -2  -1   0   2  -1   0   1   0  -3   1  -1    5   6   9   4   3   8  12   1   4   1   5   3   8   2   4   9   7   0   7   3  0.11 0.12
   70 L     0  -4  -1  -4  -3  -3  -1  -4  -1  -1   5  -4   2   1  -4  -1   0  -4  -1  -1    9   0   4   0   0   0   4   0   2   0  57   0   5   6   0   5   5   0   1   2  0.64 0.37
   71 E    -4  -2  -3   0  -6   1   6  -5  -3  -4   0   0   0  -5   0  -2   0  -5  -5  -2    0   1   0   3   0   4  58   0   0   0  11   5   3   0   4   2   5   0   0   3  0.96 0.50
   72 K     1   3   0   1  -4   0  -1  -3  -3  -4  -4   2  -3  -4  -1   3   1   0  -2  -4   12  17   3   7   0   2   3   0   0   0   0  15   0   0   2  26  10   1   1   0  0.46 0.31
   73 T     0   2  -1  -2   1   1   0  -1  -2   0   0   0  -1   0  -3   2   0  -3   0  -1    6  12   2   0   4   9   5   4   0   5  13   4   0   4   0  19   6   0   2   3  0.12 0.15
   74 L    -1  -4  -1  -4   0  -3  -4  -3  -4   2   3  -3   2   1  -2   0  -1   0  -2   2    5   0   3   0   2   0   0   2   0  14  37   0   5   7   2   9   2   1   0  12  0.37 0.24
   75 S     0   1   1   0   0   1   0  -1   1  -3  -1   2   0  -1   0   1   0  -3   0  -2   10   8   7   5   2   7   2   2   5   0   6  14   2   2   5  14   5   0   3   0  0.14 0.13
   76 K    -1   2   0   2  -4   1   3  -3  -2  -2  -4   3  -3  -5  -1   1   1  -5  -4  -3    3   9   3  12   0   3  21   0   0   3   0  21   0   0   2  13   9   0   0   0  0.45 0.27
   77 V     1  -1  -3  -4  -3  -1  -3  -4  -3   2   3  -1   4  -1  -3  -1  -1  -3  -1   2   12   3   0   0   0   3   0   0   0  12  28   4  14   1   0   4   2   0   2  14  0.33 0.21
   78 H     0   1  -1  -2  -3   3   2   0   1  -2  -3   2   0  -1   0   0   1  -3   0  -3    5   8   0   0   0  16  12   9   4   3   0  17   2   3   4   6   9   0   3   0  0.24 0.17
   79 S     1   1   1  -2  -3  -1  -2  -2  -2  -2  -2   0  -2  -3   1   3   1  -3   1   0   10   7   8   0   0   0   0   0   0   0   3   7   0   0   6  32  11   0   6   9  0.29 0.21
   80 S     2  -3   0   0  -3   0  -2  -2  -3  -3  -4  -2  -3  -4  -3   5   1  -4  -3  -1   20   0   4   4   0   4   0   0   0   0   0   0   0   0   0  57   7   0   0   5  0.71 0.33
   81 P    -2  -4  -4  -3  -4  -3  -3  -4  -4  -4  -5  -3  -4  -5   8  -2  -3  -5  -5  -4    0   0   0   0   0   0   0   0   0   0   0   0   0   0 100   0   0   0   0   0  2.67 0.37

                      K         Lambda
Standard Ungapped    0.1296     0.3186
Standard Gapped      0.0376     0.2670
PSI Ungapped         0.1229     0.3179
PSI Gapped           0.0376     0.2670
