
Last position-specific scoring matrix computed, weighted observed percentages rounded down, information per position, and relative weight of gapless real matches to pseudocounts
            A   R   N   D   C   Q   E   G   H   I   L   K   M   F   P   S   T   W   Y   V   A   R   N   D   C   Q   E   G   H   I   L   K   M   F   P   S   T   W   Y   V
    1 X    -1  -1  -1  -1  -1  -1  -1  -1  -1  -1  -1  -1  -1  -1  -1  -1  -1  -1  -1  -1    0   0   0   0   0   0   0   0   0   0   0   0   0   0   0   0   0   0   0   0  0.00     0.00
    2 G     0  -2   0  -1  -2  -2  -2   5  -2  -4  -4  -1  -3  -3  -2   0  -2  -2  -3  -3    0   0   0   0   0   0   0   0   0   0   0   0   0   0   0   0   0   0   0   0  0.00     0.00
    3 S     1  -1   1   0  -1   0   0   0  -1  -2  -2   0  -1  -2  -1   4   1  -3  -2  -2    0   0   0   0   0   0   0   0   0   0   0   0   0   0   0   0   0   0   0   0  0.00     0.00
    4 S     1  -1   1   0  -1   0   0   0  -1  -2  -2   0  -1  -2  -1   4   1  -3  -2  -2    0   0   0   0   0   0   0   0   0   0   0   0   0   0   0   0   0   0   0   0  0.00     0.00
    5 H    -2   0   1  -1  -3   0   0  -2   7  -3  -3  -1  -2  -1  -2  -1  -2  -2   2  -3    0   0   0   0   0   0   0   0   0   0   0   0   0   0   0   0   0   0   0   0  0.00     0.00
    6 H    -2   0   1  -1  -3   0   0  -2   7  -3  -3  -1  -2  -1  -2  -1  -2  -2   2  -3    0   0   0   0   0   0   0   0   0   0   0   0   0   0   0   0   0   0   0   0  0.00     0.00
    7 H    -2   0   1  -1  -3   0   0  -2   7  -3  -3  -1  -2  -1  -2  -1  -2  -2   2  -3    0   0   0   0   0   0   0   0   0   0   0   0   0   0   0   0   0   0   0   0  0.00     0.00
    8 H    -2   0   1  -1  -3   0   0  -2   7  -3  -3  -1  -2  -1  -2  -1  -2  -2   2  -3    0   0   0   0   0   0   0   0   0   0   0   0   0   0   0   0   0   0   0   0  0.00     0.00
    9 H    -2   0   1  -1  -3   0   0  -2   7  -3  -3  -1  -2  -1  -2  -1  -2  -2   2  -3    0   0   0   0   0   0   0   0   0   0   0   0   0   0   0   0   0   0   0   0  0.00     0.00
   10 H    -2   0   1  -1  -3   0   0  -2   7  -3  -3  -1  -2  -1  -2  -1  -2  -2   2  -3    0   0   0   0   0   0   0   0   0   0   0   0   0   0   0   0   0   0   0   0  0.00     0.00
   11 S     1  -1   1   0  -1   0   0   0  -1  -3  -3   0  -2  -3  -1   4   1  -3  -2  -2    0   0   0   0   0   0   0   0   0   0   0   0   0   0   0 100   0   0   0   0  0.46 0.00
   12 S     3  -1   0  -1  -1   0  -1   0  -1  -2  -2   0  -1  -2  -1   3   1  -3  -2  -1   50   0   0   0   0   0   0   0   0   0   0   0   0   0   0  50   0   0   0   0  0.35 0.00
   13 G     0  -2   0  -1  -3  -2  -2   6  -2  -4  -4  -2  -3  -3  -2   0  -2  -3  -3  -3    0   0   0   0   0   0   0 100   0   0   0   0   0   0   0   0   0   0   0   0  1.04 0.00
   14 L    -1  -2  -2  -2  -2  -2  -3   4  -3   0   2  -2   1  -1  -3  -1  -1  -2  -2  -1    0   0   0   0   0   0   0  50   0   0  50   0   0   0   0   0   0   0   0   0  0.36 0.00
   15 V     1  -2  -1  -1  -1  -1  -1  -1  -2   1   0  -1   0  -2  -2   2   1  -3  -2   2    0   0   0   0   0   0   0   0   0   0   0   0   0   0   0  50   0   0   0  50  0.18 0.00
   16 P    -1   1  -1  -1  -3   0   0  -2  -1  -3  -3   3  -2  -4   6  -1  -1  -4  -2  -2    0   0   0   0   0   0   0   0   0   0   0  50   0   0  50   0   0   0   0   0  0.92 0.00
   17 R    -1   5   0  -1  -3   1   0  -2  -1  -3  -2   4  -1  -3  -2  -1  -1  -3  -2  -3    0  50   0   0   0   0   0   0   0   0   0  50   0   0   0   0   0   0   0   0  0.56 0.00
   18 G     0  -2   0  -1  -3  -2  -2   6  -2  -4  -4  -2  -3  -3  -2   0  -2  -3  -3  -3    0   0   0   0   0   0   0 100   0   0   0   0   0   0   0   0   0   0   0   0  1.04 0.00
   19 S     3  -1   0  -1  -1   0  -1   0  -1  -2  -2   0  -1  -2  -1   3   1  -3  -2  -1   50   0   0   0   0   0   0   0   0   0   0   0   0   0   0  50   0   0   0   0  0.35 0.00
   20 H    -1   1   0  -1  -3   1   0  -2   6  -3  -3   3  -2  -2  -2  -1  -1  -3   0  -3    0   0   0   0   0   0   0   0  50   0   0  50   0   0   0   0   0   0   0   0  0.49 0.00
   21 X    -1  -1  -1  -1  -1  -1  -1  -1  -1  -1  -1  -1  -1  -1  -1  -1  -1  -1  -1  -1    0  50   0   0   0   0   0   0   0   0   0   0   0   0   0   0   0   0   0   0  0.00     0.00
   22 A     4  -1  -1  -1  -1  -1  -1   0  -2  -2  -2  -1  -1  -2  -1   2   0  -3  -2  -1   70   0   0   0   0   0   0   0   0   0   0   0   0   0   0  30   0   0   0   0  0.36 0.01
   23 E    -1   0   0   1  -4   2   5  -2   0  -3  -3   2  -2  -3  -1   0  -1  -3  -2  -3    0   0   0   0   0   0  78   0   0   0   0  22   0   0   0   0   0   0   0   0  0.64 0.02
   24 S     1  -1  -1  -1  -1  -1  -1   2  -2  -1   0  -1   3  -2  -2   2   1  -2  -2  -1   12   0   0   0   0   0   0  22   0   0   0   0  26   0   0  24  15   0   0   0  0.20 0.01
   25 S     2  -1   0   0  -1   0   2   2  -1  -3  -3   0  -2  -3  -1   2   0  -3  -2  -2   26   0   0   0   0   0  22  15   0   0   0   0   0   0   0  36   0   0   0   0  0.30 0.01
   26 D    -2  -1   1   5  -4   1   4  -2  -1  -3  -4   0  -3  -4  -2   0  -1  -4  -3  -3    0   0   0  62   0   0  38   0   0   0   0   0   0   0   0   0   0   0   0   0  0.76 0.02
   27 K    -1   2  -1  -1  -3   3   1  -2  -1  -2   0   4  -1  -3  -2  -1  -1  -3  -2  -2    0   7   0   0   0  18   0   0   0   0  13  62   0   0   0   0   0   0   0   0  0.40 0.04
   28 L     1   2  -1   1  -2  -1  -1  -2  -2  -1   1   0  -1  -2   5  -1  -1  -3  -2  -1   16  18   0  13   0   0   0   0   0   0  21   0   0   0  31   0   0   0   0   0  0.40 0.02
   29 Y    -3  -3  -3  -4  -3  -3  -3  -4   0  -2  -1  -3  -1   5  -4  -3  -2   7   6  -2    0   0   0   0   0   0   0   0   0   0   0   0   0  33   0   0   0  21  45   0  1.03 0.07
   30 R     1   3  -1  -2   4   0  -1  -2  -1  -2   0   2  -1  -2  -2  -1  -1  -3  -2  -1   18  31   0   0  16   0   0   0   0   0  11  24   0   0   0   0   0   0   0   0  0.28 0.04
   31 V     3  -2  -3  -3  -1  -2  -2  -2  -3   2   0  -2   0  -2  -2   0   0  -3  -2   3   46   0   0   0   0   0   0   0   0  11   0   0   0   0   0   0   0   0   0  43  0.28 0.05
   32 E    -2  -1   0   3  -4   1   6  -3  -1  -4  -4   0  -3  -4  -2  -1  -1  -4  -3  -3    0   0   0  14   0   0  86   0   0   0   0   0   0   0   0   0   0   0   0   0  0.90 0.09
   33 Y    -3  -2  -3  -4  -3  -2  -3  -4   1  -2  -2  -3  -2   2  -4  -2  -2   2   8  -2    0   0   0   0   0   0   0   0   0   0   0   0   0   0   0   0   0   0 100   0  1.37 0.13
   34 A     5  -2  -2  -2  -1  -1  -1   0  -2  -2  -2  -1  -1  -3  -1   2   0  -3  -2  -1   91   0   0   0   0   0   0   0   0   0   0   0   0   0   0   9   0   0   0   0  0.57 0.08
   35 K    -1   3  -1  -1  -4   1   0  -2  -1  -3  -3   6  -2  -4  -2  -1  -1  -4  -2  -3    0  10   0   0   0   0   0   0   0   0   0  90   0   0   0   0   0   0   0   0  0.75 0.09
   36 S     0   2   0  -1  -2   0  -1  -1  -1  -3  -3   0  -2  -3  -1   4   2  -3  -2  -2    0  14   0   0   0   0   0   0   0   0   0   0   0   0   0  76  10   0   0   0  0.50 0.08
   37 G     0  -2   0  -1  -2  -2  -2   5  -2  -4  -4  -2  -3  -3  -2   2  -1  -3  -3  -3    0   0   0   0   0   0   0  72   0   0   0   0   0   0   0  28   0   0   0   0  0.85 0.07
   38 R    -2   6  -1  -2  -4   0  -1  -3  -1  -3  -3   1  -2  -3  -3  -1   1  -3  -2  -3    0  86   0   0   0   0   0   0   0   0   0   0   0   0   0   0  14   0   0   0  0.84 0.10
   39 A     4  -2  -1  -2  -1  -1  -1   0  -2  -2  -2  -1  -2  -3  -1   3   0  -3  -2  -1   66   0   0   0   0   0   0   0   0   0   0   0   0   0   0  34   0   0   0   0  0.48 0.07
   40 S     0  -1   2  -1  -2  -1  -1   2  -1  -3  -3  -1  -2  -3  -2   4   2  -3  -2  -2    0   0  10   0   0   0   0  14   0   0   0   0   0   0   0  55  21   0   0   0  0.42 0.06
   41 C    -1  -4  -4  -4  10  -4  -5  -3  -4  -2  -2  -4  -2  -3  -4  -2  -2  -3  -3  -2    0   0   0   0 100   0   0   0   0   0   0   0   0   0   0   0   0   0   0   0  1.89 0.15
   42 K    -1   2  -1  -1  -4   1   0  -2  -1  -3  -3   6  -2  -4  -2  -1  -1  -4  -2  -3    0   0   0   0   0   0   0   0   0   0   0 100   0   0   0   0   0   0   0   0  0.82 0.11
   43 K     0   1   0  -1  -3   0   0   2  -1  -3  -3   4  -2  -3  -2   1   2  -3  -2  -2    0   0   0   0   0   0   0  19   0   0   0  53   0   0   0  12  17   0   0   0  0.37 0.06
   44 C    -1  -4  -4  -4  10  -4  -5  -3  -4  -2  -2  -4  -2  -3  -4  -2  -2  -3  -3  -2    0   0   0   0 100   0   0   0   0   0   0   0   0   0   0   0   0   0   0   0  1.89 0.15
   45 S    -1   2   0  -1  -3   0   0   1  -1  -3  -3   4  -2  -3  -2   2  -1  -3  -2  -3    0  12   0   0   0   0   0  12   0   0   0  56   0   0   0  21   0   0   0   0  0.43 0.06
   46 E     0   0   2   1  -3   2   3  -1  -1  -3  -3   1  -2  -3  -1   2   0  -3  -2  -3    0   0   9   6   0  12  35   0   0   0   0  10   0   0   0  29   0   0   0   0  0.42 0.05
   47 S     0   0   2  -1  -2   0   0  -1  -1  -2  -2   2  -2  -3   2   2   2  -3  -2  -1    0   0  16   0   0   0   0   0   0   0   0  24   0   0  12  20  21   0   0   7  0.29 0.04
   48 I    -2  -4  -4  -4  -2  -3  -4  -4  -4   6   1  -3   1  -1  -3  -3  -1  -3  -2   2    0   0   0   0   0   0   0   0   0 100   0   0   0   0   0   0   0   0   0   0  0.70 0.10
   49 P     2  -2   0  -1  -1  -1   0   0  -2  -1  -2  -1  -1  -3   3   1   0  -3  -2   0   39   0   7   0   0   0   9   6   0   0   0   0   0   0  15  10   0   0   0  14  0.26 0.03
   50 K     1   1  -1  -2  -3   0   0  -2  -1  -2  -1   5  -1  -3  -2   0  -1  -3  -2  -2   21   0   0   0   0   0   0   0   0   0  10  70   0   0   0   0   0   0   0   0  0.40 0.07
   51 D    -1  -1   0   5  -4   0   2   2  -1  -4  -4   1  -3  -4  -2  -1  -1  -4  -3  -3    0   0   0  52   0   0  13  24   0   0   0  12   0   0   0   0   0   0   0   0  0.60 0.06
   52 S     0  -1   1  -1  -2   2   1  -2  -1   0  -1   0  -1  -2  -2   2   1  -3  -2   1    0   0   7   0   0  21  12   0   0   9   0   0   0   0   0  27  10   0   0  14  0.19 0.04
   53 L    -2  -3  -4  -4   4  -3  -3  -4  -3   1   4  -3   1   1  -3  -3  -2  -2  -1   0    0   0   0   0  14   0   0   0   0   6  73   0   0   7   0   0   0   0   0   0  0.48 0.06
   54 R    -2   6  -1  -2  -4   0  -1   0  -1  -4  -3   2  -2  -3  -3  -1  -2  -3  -2  -3    0  94   0   0   0   0   0   6   0   0   0   0   0   0   0   0   0   0   0   0  0.96 0.10
   55 M    -2  -3  -3  -4  -2  -2  -3  -4  -3   3   3  -3   4   0  -3  -3  -1  -2  -2   1    0   0   0   0   0   0   0   0   0  33  42   0  25   0   0   0   0   0   0   0  0.44 0.06
   56 A     3  -2  -1  -2  -2  -1  -2   4  -2  -3  -3  -1  -2  -3  -2   1  -1  -3  -3  -2   46   0   0   0   0   0   0  45   0   0   0   0   0   0   0  10   0   0   0   0  0.56 0.06
   57 I     0   0  -2  -2  -2  -1  -1  -2  -2   1   1   2   2   0  -2  -1  -1  -2  -1   1    9   0   0   0   0   0   0   0   0  16  17  33  10   6   0   0   0   0   0  10  0.12 0.03
   58 M    -1  -2   1  -3  -2  -1  -2  -3  -2   1   2  -2   6  -1  -3  -2  -1  -2  -2   2    0   0  10   0   0   0   0   0   0   0   7   0  58   0   0   0   0   0   0  26  0.41 0.08
   59 V    -1   0  -3  -3  -1  -2  -2  -3  -3   2   0  -2   0  -2  -3  -1   1  -3  -2   4    0  10   0   0   0   0   0   0   0   0   0   0   0   0   0   0  12   0   0  79  0.37 0.07
   60 Q    -1   2  -1  -1  -4   5   1  -2  -1  -3  -3   1  -1  -4   4  -1  -1  -3  -2  -3    0  12   0   0   0  59   6   0   0   0   0   0   0   0  24   0   0   0   0   0  0.75 0.08
   61 S     1  -1   3   0  -2  -1  -1  -1  -1  -3  -3  -1  -2  -3  -2   4   1  -3  -2  -2   12   0  26   0   0   0   0   0   0   0   0   0   0   0   0  62   0   0   0   0  0.49 0.07
   62 P     1  -2  -2  -2  -2  -1  -1  -2  -2  -2  -2  -1  -2   1   5   1   2  -3  -1  -1   19   0   0   0   0   0   0   0   0   0   0   0   0  12  41   6  22   0   0   0  0.68 0.06
   63 M    -2   1  -2  -3  -3   1  -2  -3   2  -1   0  -1   4   5  -3  -2  -2  -1   1  -1    0  12   0   0   0  12   0   0   7   0   0   0  27  43   0   0   0   0   0   0  0.36 0.07
   64 F    -2  -2  -2  -3  -3  -2  -2  -3   4  -1  -1  -2  -1   6  -3   0  -2   0   2  -2    0   0   0   0   0   0   0   0  19   0   0   0   0  67   0  14   0   0   0   0  0.62 0.08
   65 D    -2  -2   1   6  -4   0   2  -2  -1  -4  -4  -1  -4  -4  -2  -1  -2  -5  -4  -4    0   0   0  86   0   0  14   0   0   0   0   0   0   0   0   0   0   0   0   0  1.07 0.09
   66 G     1  -3  -1  -2  -3  -2  -2   6  -2  -3  -2  -2   1  -3  -3  -1  -2  -3  -3  -2   10   0   0   0   0   0   0  79   0   0   0   0  12   0   0   0   0   0   0   0  0.85 0.07
   67 K    -1   1   1   2  -3   0   0  -2  -1  -1  -1   4  -1   0  -2  -1  -1  -3  -2  -2    0   0  10  14   0   0   0   0   0   7   6  57   0   6   0   0   0   0   0   0  0.29 0.06
   68 V    -1  -2  -2  -3  -2   1  -2  -3  -2   2   1  -1   5  -1  -2  -2  -1  -2  -1   3    1   1   1   1   0  10   1   1   0   6   1   1  43   0   1   1   1   0   0  32  0.27 0.06
   69 P    -1  -1  -1   1  -3  -1  -1  -2  -2  -3  -3   1  -2  -3   7  -1  -1  -3  -3  -2    1   1   1  10   0   0   1   1   0   1   1  15   0   0  65   1   1   0   0   1  1.22 0.07
   70 H    -1  -1   3   0  -3   2   2  -2   5  -2  -1   0   3  -2  -2   1  -1  -3  -1  -2    0   0  19   0   0  12  14   0  27   0   0   0  19   0   0  10   0   0   0   0  0.33 0.06
   71 W    -4  -4  -5  -5  -3  -3  -4  -3  -3  -4  -3  -4  -2   0  -5  -4  -3  12   1  -4    0   0   0   0   0   0   0   0   0   0   0   0   0   0   0   0   0 100   0   0  3.02 0.17
   72 Y    -2  -2   2  -2  -3  -1  -2  -3   5  -2  -2  -2  -1   4  -3  -1  -2   0   5  -2    0   0  19   0   0   0   0   0  23   0   0   0   0  29   0   0   0   0  29   0  0.56 0.07
   73 H    -2  -1   0  -2  -4   0  -1  -3   9  -4  -4  -1  -2  -2  -3  -2  -2  -3   1  -4    0   0   0   0   0   0   0   0 100   0   0   0   0   0   0   0   0   0   0   0  1.50 0.14
   74 F     1  -1  -2  -2  -2  -1   0  -2  -1   1   1   0   0   2  -2  -1  -1  -1   3   0   19   0   0   0   0   0   9   0   0  14  17  10   0   9   0   0   0   0  21   0  0.13 0.03
   75 S     0   1   2  -1  -2   1   0   1  -1  -3  -3   1  -2  -3  -1   3   1  -3  -2  -2    0   6  10   0   0   9   0  12   0   0   0  14   0   0   0  39  10   0   0   0  0.30 0.04
   76 C    -1  -4  -4  -4  10  -4  -5  -3  -4  -2  -2  -4  -2  -3  -4  -2  -2  -3  -3  -2    0   0   0   0 100   0   0   0   0   0   0   0   0   0   0   0   0   0   0   0  1.89 0.15
   77 F    -2  -3  -3  -4  -3  -3  -4  -4  -2   2   1  -3   3   6  -4  -3  -2   0   2   0    0   0   0   0   0   0   0   0   0  19   0   0  14  67   0   0   0   0   0   0  0.66 0.08
   78 W    -3  -3  -4  -4  -3  -3  -3  -3  -2  -1   1  -3  -1   5   2  -3  -2   9   2  -2    0   0   0   0   0   0   0   0   0   0  13   0   0  39  12   0   0  36   0   0  1.03 0.08
   79 K    -1   1  -1  -1  -3   2   2  -2  -1   0  -2   3  -1  -3  -2   1  -1  -3  -2   0    0   0   0   0   0   9  14   0   0  10   0  43   0   0   0  12   0   0   0  12  0.25 0.04
   80 V    -1   2   1   1  -3   0   0  -2  -1  -1  -2   3  -1  -3  -1  -1  -1  -3  -2   0    1  12  10  12   0   0   1   1   0   0   1  43   0   0   1   1   1   0   0  16  0.24 0.04
   81 G     1   0  -1  -1  -2   2   0   2  -1  -1   0   1   0  -2  -1   1   0  -2  -2  -1   12   0   0   1   0  19   1  16   0   0  15  12   0   0   1  12   7   0   0   1  0.13 0.02
   82 H    -2   3   2   2  -4   1   2  -2   2  -3  -3   2  -2   0  -2  -1  -1  -3  -1  -3    0  31  12  12   0   0  14   0   9   0   0  17   0   6   0   0   0   0   0   0  0.36 0.04
   83 S    -1   2  -1  -2  -2   2   0  -2  -1  -1  -1   0   1  -3   5   1  -1  -3  -2   0    0  14   0   0   0  19   0   0   0   5   0   0  10   0  31  15   0   0   0   6  0.45 0.05
   84 I     1  -3  -2  -3  -1  -2  -2  -2  -3   4   1  -2   0  -1  -2   0   1  -3  -2   2   14   0   0   0   0   0   0   0   0  55   6   0   0   0   0  10   9   0   0   5  0.24 0.05
   85 R     0   4  -1  -1  -2   0   0  -2  -1  -2  -2   2  -1  -2  -2   2   0   3  -2   0    0  33   0   0   0   0   0   0   0   0   0  19   0   0   0  31   0   6   0  12  0.32 0.05
   86 H     2  -1   0  -1  -2   1   0   1   3  -2  -2  -1  -1  -2  -2   2   0  -3  -1   0   24   0   0   0   0  11   0  10  16   0   0   0   0   0   0  30   0   0   0  10  0.23 0.04
   87 P     0   0  -1  -2  -2  -1  -2   2  -2   0  -1  -1  -1  -2   3  -1   2  -3  -2   2    0  10   0   0   0   0   0  26   0   0   0   0   0   0  15   0  20   0   0  30  0.25 0.04
   88 D    -2  -2   1   6  -4   0   2  -2  -2  -3  -4  -1  -3  -4  -2   0   1  -4  -3  -3    0   0   0  74   0   0  12   0   0   0   0   0   0   0   0   0  14   0   0   0  0.84 0.08
   89 V     0   0  -1  -1  -1  -1  -1  -1  -1   2   0   1   0  -1  -1   0   0  -2  -1   2    3   2   2   2   1   2   2   3   1  27   3  16   1   1   2  12   2   0   1  17  0.05 0.01
   90 E    -1   0   0   4  -3   2   3  -2  -1  -3  -3   2  -2  -2  -1   1  -1  -2   0  -3    0   0   0  31   0  10  24   0   0   0   0  15   0   0   0  10   0   0   7   0  0.40 0.04
   91 V    -1  -2   1  -2  -1  -2  -2  -2  -2   3   1  -2   0  -1  -2  -1   0  -2  -1   3    1   1  11   1   0   1   1   1   0  41   1   1   0   1   1   1   1   0   1  35  0.22 0.04
   92 D    -1   1   0   2  -3   1   3   1  -1   0  -2   0  -1  -2  -1  -1  -1  -3  -2  -1    1  10   1  15   0   1  40  13   0  11   1   1   0   1   1   1   1   0   1   1  0.26 0.03
   93 G    -1  -2   1   2  -3  -2  -1   5  -2  -4  -4  -2  -3  -4  -3  -1  -2  -3  -3  -4    0   0   9  14   0   0   0  76   0   0   0   0   0   0   0   0   0   0   0   0  0.90 0.07
   94 F    -2  -3  -3  -3  -2  -3  -3  -3  -2   2   1  -3   0   5  -3  -2  -1   0   2   1    1   1   0   1   0   0   1   1   0  19  15   1   0  41   1   1   1   0   7  10  0.34 0.04
   95 S     0  -1   0   3  -2   0   2  -1  -1  -2  -2   0  -2  -3   1   2   2  -3  -2  -2    1   1   0  22   0   0  17   1   0   1   1   1   0   0   6  27  21   0   0   1  0.32 0.04
   96 E     0  -1   2   1  -3   1   4  -2  -1  -3  -3   0  -2  -3  -2   1   0   4  -2  -3    6   0  19   0   0   0  53   0   0   0   0   0   0   0   0   7   6  10   0   0  0.49 0.06
   97 L    -2  -3  -4  -4  -2  -3  -3  -4  -3   2   5  -3   2   0  -3  -3  -2  -2  -2   1    0   0   0   0   0   0   0   0   0   9  91   0   0   0   0   0   0   0   0   0  0.60 0.07
   98 R    -2   6  -1  -1  -4   2   2  -3  -1  -4  -3   2  -2  -3  -2  -1  -2  -3  -2  -3    0  74   0   0   0  12  14   0   0   0   0   0   0   0   0   0   0   0   0   0  0.78 0.08
   99 W    -2  -3  -3  -4  -3  -3  -3  -3  -3  -3  -2  -3  -2   3  -4   0  -2  11   2  -3    0   0   0   0   0   0   0   0   0   0   0   0   0  19   0  12   0  69   0   0  1.85 0.12
  100 D     0  -1   0   4  -3   1   4   1  -1  -3  -3   0  -3  -4  -2   0  -1  -4  -3  -3   10   0   0  27   0   0  52  12   0   0   0   0   0   0   0   0   0   0   0   0  0.56 0.06
  101 D    -2  -2   1   6  -4   0   2  -2  -1  -4  -4  -1  -4  -4  -2  -1  -2  -5  -4  -4    0   0   0  86   0   0  14   0   0   0   0   0   0   0   0   0   0   0   0   0  1.07 0.09
  102 Q    -1   0  -1  -1  -3   6   1  -3   0  -2   0   0   0  -3  -2  -1  -1  -3  -2  -2    0   0   0   0   0  86   0   0   0   0  14   0   0   0   0   0   0   0   0   0  0.75 0.11
  103 Q    -1   0   0   2  -4   3   5  -2   0  -4  -3   2  -2  -4  -2  -1  -1  -3  -2  -3    0   0   0  12   0  22  57   0   0   0   0  10   0   0   0   0   0   0   0   0  0.66 0.07
  104 K     0   2   0   2  -3   1   1  -2  -1  -2  -2   3   0  -3  -2   0   0  -3  -2  -2   12   9   0  14   0   0  10   0   0   0   0  43   6   0   0   0   6   0   0   0  0.30 0.04
  105 V    -2  -3   1  -2  -2  -2  -3  -3  -3   3   2  -2   1  -1  -3  -2  -1  -3  -2   2    0   0  14   0   0   0   0   0   0  45  31   0   0   0   0   0   0   0   0   9  0.30 0.05
  106 K    -1   4  -1  -1  -3   1   2  -2  -1  -3  -3   4  -2  -3  -2   0   1  -3  -2  -2    0  28   0   0   0   0  14   0   0   0   0  47   0   0   0   0  10   0   0   0  0.50 0.06
  107 K    -1   1   1   2  -4   2   2  -2  -1  -3  -3   4  -2  -4  -2   0  -1  -3  -2  -3    0   0   8  10   0  10  12   0   0   0   0  59   0   0   0   0   0   0   0   0  0.49 0.06
  108 T     2  -2  -2  -2  -1  -1  -2  -2  -1   0   2  -1   1   0  -2   1   1  -1   2   0   28   0   0   0   0   0   0   0   0   0  29   0   8   0   0  11  13   0  11   0  0.14 0.02
  109 A     2  -3  -3  -3  -1  -2  -2  -2  -3   3   0  -2   0  -1  -2  -1   0  -3  -2   3   32   0   0   0   0   0   0   0   0  28   0   0   0   0   0   0   0   0   0  40  0.26 0.03
  110 E    -1   0   0   2  -3   3   5  -2   0  -3  -3   0  -2  -4  -1   1  -1  -3  -2  -3    0   0   0  12   0  16  61   0   0   0   0   0   0   0   0  11   0   0   0   0  0.61 0.04
  111 A     2  -1   0  -1  -1   2   0  -1  -1  -2  -2   0  -1  -3  -1   2   3  -3  -2  -1   32   0   0   0   0  21   0   0   0   0   0   0   0   0   0  14  33   0   0   0  0.29 0.02
  112 G     0  -3  -1  -2   5  -2  -3   5  -3  -3  -3  -2  -3  -3  -3  -1  -2  -3  -3  -3    0   0   0   0  23   0   0  77   0   0   0   0   0   0   0   0   0   0   0   0  0.86 0.02
  113 G     2  -2  -1  -2  -2  -2  -2   5  -2  -3  -3  -1  -2  -3  -2   0  -1  -3  -3  -2   37   0   0   0   0   0   0  63   0   0   0   0   0   0   0   0   0   0   0   0  0.64 0.01
  114 V    -1   2  -2  -3  -2  -1  -2  -3  -2   2   2  -1   1  -1  -3  -2  -1  -3  -1   2    0  25   0   0   0   0   0   0   0   0  30   0   0   0   0   0   0   0   0  45  0.19 0.00
  115 T     1  -1   0   0  -1   0   2  -1  -1  -2  -2   0  -1  -3  -1   1   3  -3  -2  -1   23   0   0   0   0   0  30   0   0   0   0   0   0   0   0   0  47   0   0   0  0.29 0.00
  116 G     0  -2   0  -1  -3  -2  -2   6  -2  -4  -4  -2  -3  -3  -2   0  -2  -3  -3  -3    0   0   0   0   0   0   0 100   0   0   0   0   0   0   0   0   0   0   0   0  1.04 0.00

                      K         Lambda
Standard Ungapped    0.1311     0.3172
Standard Gapped      0.0410     0.2670
PSI Ungapped         0.1311     0.3172
PSI Gapped           0.0410     0.2670
