
Last position-specific scoring matrix computed, weighted observed percentages rounded down, information per position, and relative weight of gapless real matches to pseudocounts
            A   R   N   D   C   Q   E   G   H   I   L   K   M   F   P   S   T   W   Y   V   A   R   N   D   C   Q   E   G   H   I   L   K   M   F   P   S   T   W   Y   V
    1 M    -1  -1  -2  -3  -2   0  -2  -3  -2   1   2  -1   6   0  -3  -2  -1  -2  -1   1    0   0   0   0   0   0   0   0   0   0   0   0 100   0   0   0   0   0   0   0  0.33 0.00
    2 S     1  -1   1   0  -1   0   0   0  -1  -2  -3   0  -2  -3  -1   4   1  -3  -2  -2    0   0   0   0   0   0   0   0   0   0   0   0   0   0   0 100   0   0   0   0  0.45 0.00
    3 L    -2  -2  -4  -4  -1  -2  -3  -4  -3   2   4  -3   2   0  -3  -3  -1  -2  -1   1    0   0   0   0   0   0   0   0   0   0 100   0   0   0   0   0   0   0   0   0  0.45 0.00
    4 V     0  -3  -3  -3  -1  -2  -3  -3  -3   3   1  -2   1  -1  -2  -2   0  -3  -1   4    0   0   0   0   0   0   0   0   0   0   0   0   0   0   0   0   0   0   0 100  0.34 0.00
    5 P     0  -2  -1  -1  -2  -1  -1  -1  -2  -3  -3  -1  -2  -3   6   2   0  -3  -3  -2    0   0   0   0   0   0   0   0   0   0   0   0   0   0  63  37   0   0   0   0  1.15 0.00
    6 A     3  -1   0  -1  -1  -1  -1   0  -1  -2  -2  -1  -1  -2  -1   3   2  -3  -2  -1   48   0   0   0   0   0   0   0   0   0   0   0   0   0   0  35  17   0   0   0  0.33 0.01
    7 T     1  -1  -1  -1  -1  -1  -1  -1  -2  -1  -2  -1  -1  -3   3   1   4  -3  -2   0   17   0   0   0   0   0   0   0   0   0   0   0   0   0  20   0  63   0   0   0  0.46 0.01
    8 N    -1   3   2   0  -3   1   0  -2  -1  -3  -3   4  -2  -3   2   0  -1  -3  -2  -3    0  15  20   0   0   0   0   0   0   0   0  52   0   0  13   0   0   0   0   0  0.45 0.02
    9 Y    -2  -2  -3  -4  -3  -2  -2  -4   1  -2  -1  -2  -1   3  -3  -2  -2   2   8  -2    0   0   0   0   0   0   0   0   0   0   0   0   0   0   0   0   0   0 100   0  1.14 0.08
   10 I    -1   0  -1   0  -2   2   3  -2  -1   1  -1   1  -1  -2  -2   0   1  -3  -2   1    0   0   0   0   0  17  30   0   0  17   0  12   0   0   0   0  11   0   0  13  0.20 0.02
   11 Y    -2  -2  -3  -4  -3  -2  -2  -4   1  -2  -1  -2  -1   3  -3  -2  -2   2   8  -2    0   0   0   0   0   0   0   0   0   0   0   0   0   0   0   0   0   0 100   0  1.14 0.08
   12 T     0  -2  -1  -2  -1  -1  -1  -2  -2   0  -1  -1  -1  -2  -2   2   4  -3  -2   2    0   0   0   0   0   0   0   0   0   0   0   0   0   0   0  17  58   0   0  26  0.33 0.04
   13 P    -1  -1  -1   2  -4   0   3  -2  -1  -3  -3   0  -3  -4   5  -1  -1  -4  -3  -3    0   0   0  17   0   0  43   0   0   0   0   0   0   0  41   0   0   0   0   0  0.90 0.04
   14 L    -2  -3  -4  -4  -2  -3  -3  -4  -3   2   4  -3   2   0  -3  -3  -1  -2  -1   1    0   0   0   0   0   0   0   0   0  17  83   0   0   0   0   0   0   0   0   0  0.49 0.04
   15 N     1  -1   5   0  -2  -1  -1   2   0  -3  -3  -1  -2  -3  -2   2   0  -3  -2  -2   13   0  53   0   0   0   0  17   0   0   0   0   0   0   0  17   0   0   0   0  0.46 0.03
   16 Q     0  -1   0  -1   4   2   0  -1  -1  -2   0   0  -1  -2  -2   3   1  -3  -2  -1    0   0   0   0  13  17   0   0   0   0  11   0   0   0   0  59   0   0   0   0  0.29 0.04
   17 L    -2  -3  -4  -4  -1  -3  -3  -4  -3   3   4  -3   2   0  -3  -3  -1  -2  -1   1    0   0   0   0   0   0   0   0   0  34  66   0   0   0   0   0   0   0   0   0  0.45 0.03
   18 K    -1   1   0  -1  -3   1   2  -2  -1  -3  -3   4  -2  -3  -1   0   2  -3  -2  -2    0   0   0   0   0   0  14   0   0   0   0  64   0   0   0   0  21   0   0   0  0.45 0.06
   19 G     0   0   2   2  -3   0   1   1  -1  -3  -3   3  -2  -3  -1   2   0  -3  -2  -3    0   0  14  10   0   0   9  14   0   0   0  32   0   0   0  21   0   0   0   0  0.31 0.03
   20 G     1  -1   4   0  -3   0   2   3  -1  -3  -3   0  -2  -3  -2   0  -1  -3  -3  -3   16   0  35   0   0   0  23  26   0   0   0   0   0   0   0   0   0   0   0   0  0.41 0.04
   21 T     1  -1   0   1  -2   3   1  -2  -1  -2  -2   0  -1  -3  -1   1   3  -3  -2  -1   12   0   0  11   0  29   8   0   0   0   0   0   0   0   0   0  39   0   0   0  0.34 0.05
   22 I     0  -1  -1  -1  -2   2   1  -2  -1   2   0  -1   0  -2   1   0   0  -3  -2   1    8   0   0   0   0  22  10   0   0  31   0   0   0   0   8  12   0   0   0   8  0.15 0.03
   23 V     0  -2  -3  -3  -2   1  -2  -3  -2   2   0  -2   0  -1  -3  -2  -1  -2   2   4    6   0   0   0   0  14   0   0   0  10   0   0   0   0   0   0   0   0  10  60  0.25 0.06
   24 N    -1  -1   5   0  -3   0  -1  -1   5  -4  -4  -1  -2  -3  -2   2   0  -4  -1  -3    0   0  58   0   0   0   0   0  24   0   0   0   0   0   0  19   0   0   0   0  0.64 0.08
   25 V    -2  -3  -4  -4  -2  -3  -3  -4  -3   1   3  -3   1   4  -3  -3  -2  -1   1   1    0   0   0   0   0   0   0   0   0   0  50   0   0  34   0   0   0   0   0  16  0.44 0.05
   26 Y    -2  -3  -3  -4  -2  -2  -3  -4   0   2   0  -3   0   3  -3  -2  -2   1   6   0    0   0   0   0   0   0   0   0   0  31   0   0   0  12   0   0   0   0  57   0  0.65 0.08
   27 G     1  -3  -1  -2  -2  -2  -2   6  -2  -4  -4  -2  -3  -3  -2   0  -2  -3  -3  -3   17   0   0   0   0   0   0  83   0   0   0   0   0   0   0   0   0   0   0   0  0.97 0.08
   28 V    -1  -3  -3  -4  -1  -3  -3  -4  -4   4   1  -3   1  -1  -3  -2  -1  -3  -2   4    0   0   0   0   0   0   0   0   0  38   0   0   0   0   0   0   0   0   0  62  0.49 0.07
   29 V    -1  -3  -3  -4  -1  -3  -3  -4  -4   3   1  -3   0  -1  -3  -2  -1  -3  -2   5    0   0   0   0   0   0   0   0   0  13   0   0   0   0   0   0   0   0   0  87  0.54 0.08
   30 K    -1   0  -2  -2  -2  -1  -1  -3  -2   3   1   2   0  -1  -2  -2  -1  -3  -2   2    0   0   0   0   0   0   0   0   0  34  19  35   0   0   0   0   0   0   0  13  0.20 0.04
   31 F    -2  -2   0   5  -4   0   3  -2  -1  -3  -2  -1  -2   3  -2  -1  -2  -2   0  -3    0   0   0  46   0   0  31   0   0   0   0   0   0  22   0   0   0   0   0   0  0.55 0.06
   32 F     2  -2  -2  -2  -2   2  -1  -2  -1  -1   1  -1   0   4  -2  -1  -1  -1   1  -1   34   0   0   0   0  19   0   0   0   0  13   0   0  35   0   0   0   0   0   0  0.23 0.05
   33 K     0   2  -1  -1   3   0  -1   1  -1  -2  -2   2  -2  -3  -2   1   2  -3  -2  -2    0  19   0   0  10   0   0  13   0   0   0  22   0   0   0  10  26   0   0   0  0.26 0.04
   34 P    -2  -2  -2  -2  -3  -1   1  -3  -2  -2  -1  -2  -1   5   5  -2  -2  -1   1  -2    0   0   0   0   0   0  19   0   0   0   0   0   0  47  35   0   0   0   0   0  0.71 0.07
   35 P    -1  -2  -2  -1  -2  -1  -1  -2  -2  -3  -3  -1  -2  -3   7   1  -1  -3  -3  -2    1   1   1   1   0   1   1   1   0   1   1   1   0   0  76  13   1   0   0   1  1.49 0.08
   36 Y    -2   2  -1  -2  -3   0  -1  -2   1  -2  -2   2  -1   1  -2  -1  -1   1   6  -2    1  13   1   1   0   1   1   1   0   1   1  19   0   0   1   1   1   0  57   1  0.51 0.06
   37 L    -1   1  -1  -1  -2   3   0  -2  -1   0   0   3   0  -2  -1  -1  -1  -2  -2   0    1   1   1   1   0  31   1   1   0   7  11  35   0   0   1   1   1   0   0   7  0.23 0.04
   38 S     0  -2  -1  -1   5  -1  -1   1  -2  -1  -2  -1  -1  -3  -2   3   2  -3  -2   0    0   0   0   0  19   0   0  10   0   0   0   0   0   0   0  47  14   0   0  10  0.33 0.05
   39 K    -2   3   3   2  -3   1   1  -2   3  -3  -3   2  -2  -3  -2   0  -1  -3  -1  -3    0  19  26  10   0   0  10   0  12   0   0  22   0   0   0   0   0   0   0   0  0.41 0.04
   40 G    -1  -1   2   0  -3   2   1   4  -1  -3  -3   0  -2  -3  -2   0  -1  -3  -2  -3    1   1  19   1   0  14  11  48   0   1   1   1   0   0   1   1   1   0   0   1  0.48 0.04
   41 T    -1   0   2   0  -2   0   1  -1  -1  -2  -2   2  -2  -3  -1   1   3  -3  -2  -2    0   0  19   0   0   0  14   0   0   0   0  20   0   0   0  13  35   0   0   0  0.32 0.05
   42 D    -2   3   1   5  -4   0   1  -2  -1  -4  -4   1  -3  -4  -2  -1  -1  -4  -3  -3    0  24   0  66   0   0   0   0   0   0   0  10   0   0   0   0   0   0   0   0  0.73 0.07
   43 Y    -2  -3  -3  -4   4  -2  -3  -3   0  -2  -2  -3  -2   2  -4  -2  -2   8   6  -2    0   0   0   0  13   0   0   0   0   0   0   0   0   0   0   0   0  31  57   0  1.22 0.10
   44 C    -1  -3  -2  -3   5  -2  -3  -3  -3   3   0  -2   2  -1  -3   0   0  -3  -2   2    0   0   0   0  22   0   0   0   0  32   0   0  10   0   0  13   0   0   0  22  0.32 0.05
   45 S     0  -3  -2  -3   8  -2  -2  -2  -3  -1  -2  -2  -1  -3  -2   2   1  -3  -2   0    0   0   0   0  55   0   0   0   0   0   0   0   0   0   0  22  12   0   0  10  0.75 0.08
   46 V     0  -2  -1  -2  -1  -1  -1  -2  -2   0  -1  -1  -1  -1  -2   1   4  -2   2   2    0   0   0   0   0   0   0   0   0   0   0   0   0   0   0  14  53   0  10  22  0.31 0.06
   47 V    -1  -3  -4  -4   3  -3  -3  -4  -3   2   3  -3   1   0  -3  -2  -1  -2  -2   3    0   0   0   0  10   0   0   0   0   0  55   0   0   0   0   0   0   0   0  35  0.40 0.05
   48 T    -1   3  -1  -1  -3   0   0  -2  -1  -2  -2   4  -1  -1  -2   0   2  -2   2  -2    0  19   0   0   0   0   0   0   0   0   0  47   0   0   0   0  22   0  12   0  0.37 0.06
   49 I    -1  -3  -4  -4  -1  -3  -3  -4  -4   4   2  -3   1   0  -3  -3  -1  -3  -2   3    0   0   0   0   0   0   0   0   0  54  19   0   0   0   0   0   0   0   0  27  0.44 0.05
   50 V     0  -3  -3  -4  -1  -3  -3  -3  -3   3   0  -3   0  -1  -3  -2  -1   5  -1   3   10   0   0   0   0   0   0   0   0  29   0   0   0   0   0   0   0  12   0  49  0.40 0.06
   51 D    -2  -2   1   7  -4  -1   1  -2  -2  -4  -4  -1  -4  -4  -2  -1  -2  -5  -4  -4    0   0   0 100   0   0   0   0   0   0   0   0   0   0   0   0   0   0   0   0  1.23 0.11
   52 Q    -1  -1  -1   2  -3   3   0  -2  -2  -3  -3  -1  -2  -4   6  -1   1  -4  -3  -3    0   0   0  19   0  22   0   0   0   0   0   0   0   0  49   0  10   0   0   0  0.93 0.07
   53 T     0  -1   0  -1  -1  -1  -1  -1  -2  -2  -2  -1  -1  -3  -1   3   5  -3  -2  -1    0   0   0   0   0   0   0   0   0   0   0   0   0   0   0  36  64   0   0   0  0.54 0.08
   54 N     0  -1   4   0  -2  -1  -1   2  -1  -3  -3  -1  -2  -3  -2   3   0  -3  -2  -3    0   0  33   0   0   0   0  13   0   0   0   0   0   0   0  54   0   0   0   0  0.49 0.07
   55 V    -1  -2  -1   1  -2  -2  -1  -3  -3   2   0  -2   0  -2   3   0   0  -3  -2   3    0   0   0  14   0   0   0   0   0  12   0   0   0   0  19  13   0   0   0  43  0.28 0.04
   56 K     1   0  -1  -2  -3  -1  -1   4  -1  -3  -3   2  -2  -1  -2   0  -1  -2   2  -2   10   0   0   0   0   0   0  43   0   0   0  33   0   0   0   0   0   0  14   0  0.41 0.05
   57 L     1  -2  -3  -3  -1  -2  -3  -3  -3   1   3  -2   1   0  -3  -1  -1  -2  -2   1   24   0   0   0   0   0   0   0   0   0  66   0   0   0   0   0   0   0   0  10  0.32 0.05
   58 T    -1  -1   1  -1  -2   1  -1  -2  -2   0  -1  -1  -1  -3   2   0   4  -3  -2   0    0   0  10   0   0  12   0   0   0  10   0   0   0   0  13   0  55   0   0   0  0.36 0.06
   59 C    -1  -3  -3  -4   5  -3  -3  -4  -3   2   1  -3   0  -1  -3  -2  -1  -3  -2   3    0   0   0   0  22   0   0   0   0  12  14   0   0   0   0   0   0   0   0  52  0.43 0.06
   60 L     0  -1   2  -1  -2  -1  -1  -2   3   0   0   1   1  -2  -2   0   0  -3  -1   1   10   0  19   0   0   0   0   0  12   0  10  13   6   0   0   0   7   0   0  24  0.09 0.03
   61 L    -2  -3  -4  -4  -2  -3  -3  -4  -3   1   3  -3   1   3  -3  -3  -1  -1   0   2    0   0   0   0   0   0   0   0   0   0  59   0   0  23   0   0   0   0   0  19  0.41 0.05
   62 F    -2  -2  -3  -3  -3   0  -2  -3  -1   0   0  -2   0   5  -3  -2  -2   1   4   0    0   0   0   0   0  10   0   0   0   0   0   0   0  54   0   0   0   0  23  13  0.57 0.07
   63 S     2  -1   1  -1  -1  -1  -1  -1  -1  -3  -3  -1  -2  -3  -1   4   1  -3  -2  -2   26   0   7   0   0   0   0   0   0   0   0   0   0   0   0  67   0   0   0   0  0.46 0.07
   64 G    -1   4  -1  -1  -3   2   0   2  -1  -3  -3   3  -2  -3  -2  -1  -1  -3  -2  -3    0  32   0   0   0  10   0  22   0   0   0  36   0   0   0   0   0   0   0   0  0.47 0.05
   65 N    -1   2   4   0  -2   2   0  -2   0  -2  -3   1  -2  -3  -2   0   3  -3  -2  -2    0  14  32   0   0  12   0   0   0   0   0  10   0   0   0   0  31   0   0   0  0.37 0.05
   66 Y    -2  -3  -3  -3  -2  -3  -3   0  -1   1   2  -3   0   4  -3  -2  -2   0   3   0    0   0   0   0   0   0   0  12   0  13  25   0   0  34   0   0   0   0  16   0  0.33 0.04
   67 E    -1   2   2   2  -4   1   5  -2   0  -4  -3   1  -2  -4  -2   0  -1  -3  -2  -3    0  13  12   7   0   0  68   0   0   0   0   0   0   0   0   0   0   0   0   0  0.65 0.07
   68 A     1  -1   0   5  -3   2   1  -1  -1  -3  -3  -1  -2  -4  -2   1  -1  -4  -3  -3   16   0   0  59   0  19   0   0   0   0   0   0   0   0   0   7   0   0   0   0  0.59 0.07
   69 L    -2  -3  -4  -4  -2  -3  -3  -4  -3   1   5  -3   2   0  -3  -3  -2  -2  -1   0    0   0   0   0   0   0   0   0   0   0 100   0   0   0   0   0   0   0   0   0  0.65 0.08
   70 P    -1  -3  -3  -2  -4  -2  -2  -3  -3  -3  -4  -2  -3  -4   8  -1  -2  -4  -4  -3    0   0   0   0   0   0   0   0   0   0   0   0   0   0 100   0   0   0   0   0  2.28 0.12
   71 I    -1   1  -2  -2  -2   2  -1  -3  -2   3   0   0   0  -1  -3  -2  -1  -3  -2   2    0  13   0   0   0  19   0   0   0  50   0   7   0   0   0   0   0   0   0  12  0.22 0.05
   72 I    -2  -3  -4  -4  -2  -3  -4  -4  -4   5   1  -3   1  -1  -3  -3  -1  -3  -2   3    0   0   0   0   0   0   0   0   0  87   0   0   0   0   0   0   0   0   0  13  0.59 0.08
   73 Y    -1   1  -1  -1  -3   3   2  -2   3  -3  -2   3  -1   0  -2  -1  -1  -1   3  -2    0   0   0   0   0  20  13   0  14   0   0  31   0   0   0   0   0   0  22   0  0.40 0.05
   74 K    -1   4   2  -1  -3   2   0  -2   0  -3  -3   3  -2  -3  -2   1  -1  -3  -2  -3    0  34  19   0   0  12   0   0   0   0   0  22   0   0   0  13   0   0   0   0  0.44 0.05
   75 N     0  -2   2  -2   3  -1  -2  -2   4   2   0  -2   0  -2  -3  -1  -1  -3  -1   2    7   0  17   0  10   0   0   0  19  20   0   0   0   0   0   0   0   0   0  28  0.18 0.04
   76 G     0  -3   0   2  -3  -2  -1   6  -2  -4  -4  -2  -3  -4  -2  -1  -2  -3  -4  -4    0   0   0  19   0   0   0  81   0   0   0   0   0   0   0   0   0   0   0   0  0.97 0.08
   77 D    -2  -2   1   6  -4   2   1  -2  -1  -4  -4  -1  -3  -4  -2  -1  -1  -4  -3  -4    0   0   0  88   0  12   0   0   0   0   0   0   0   0   0   0   0   0   0   0  1.03 0.10
   78 I    -2  -3  -3  -3  -2  -2  -3  -4  -3   4   1  -3   3  -1   2  -2  -1  -3  -2   2    0   0   0   0   0   0   0   0   0  69   0   0  19   0  12   0   0   0   0   0  0.45 0.07
   79 V    -1  -3  -4  -4  -1  -3  -3  -4  -4   4   2  -3   1  -1  -3  -3  -1  -3  -2   3    0   0   0   0   0   0   0   0   0  55  12   0   0   0   0   0   0   0   0  32  0.45 0.06
   80 R    -2   5  -2  -3  -3   0  -1  -3  -1  -1   2   1   0  -1  -3  -2  -2  -3  -2  -1    0  57   0   0   0   0   0   0   0   0  43   0   0   0   0   0   0   0   0   0  0.45 0.07
   81 F    -2  -3  -3  -4  -2  -3  -3  -4  -3   1   2  -3   1   5  -3  -2  -1  -1   1   2    0   0   0   0   0   0   0   0   0   0  25   0   0  41   0   0   0   0   0  34  0.41 0.05
   82 H    -1  -1   0  -1  -3   0  -1  -2   8  -3  -3  -1  -2  -2  -2   1   2  -3   1  -3    0   0   0   0   0   0   0   0  69   0   0   0   0   0   0  13  19   0   0   0  0.80 0.10
   83 R    -2   6  -1  -2  -4   2   0  -3  -1  -4  -3   2  -2  -3  -3  -1  -2  -3  -2  -3    0  88   0   0   0  12   0   0   0   0   0   0   0   0   0   0   0   0   0   0  0.92 0.10
   84 L     2  -2  -3  -3  -1  -2  -2  -2  -3   3   1  -2   1  -1  -2  -1  -1  -3  -2   2   34   0   0   0   0   0   0   0   0  31  16   0   0   0   0   0   0   0   0  19  0.23 0.04
   85 K    -1   2   0  -1  -3   1   1  -2  -1  -2  -2   4  -2  -3  -1   0   2  -3  -2  -2    0  10   0   0   0   0  10   0   0   0   0  54   0   0   0   0  26   0   0   0  0.42 0.06
   86 I    -2  -3  -3  -4  -2  -2  -3  -4  -2   3   3  -3   3   0  -3  -2  -1  -1   2   1    0   0   0   0   0   0   0   0   0  35  36   0  19   0   0   0   0   0  10   0  0.36 0.05
   87 Q    -1   4   1  -1  -3   4   0  -2   0  -2  -2   1  -1  -3  -2  -1  -1  -3  -2   0    0  33  10   0   0  44   0   0   0   0   0   0   0   0   0   0   0   0   0  13  0.45 0.07
   88 V     0  -1  -1  -1  -1  -1   0  -2   2   0   1  -1   0  -1  -2   1   2  -2  -1   1    1   1   0   1   0   0   7   1  10   1  27   1   0   0   1  13  19   0   0  16  0.10 0.02
   89 Y    -2  -3  -3  -4  -3  -2  -3  -4   1   1  -1  -3  -1   4  -4  -2  -2   1   7  -1    0   0   0   0   0   0   0   0   0  13   0   0   0  19   0   0   0   0  69   0  0.86 0.09
   90 K    -2   2   4   3  -3   0   0  -1   0  -3  -3   2  -2  -4  -2   0  -1  -4  -3  -3    0  12  43  19   0   0   0   0   0   0   0  26   0   0   0   0   0   0   0   0  0.51 0.06
   91 K    -1   1   1   3  -3   0   0   3  -1  -4  -3   1  -3  -3  -2   1  -1  -3  -3  -3    0  13   6  33   0   0   0  29   0   0   0  10   0   0   0  10   0   0   0   0  0.42 0.04
   92 E     0   2   0   1  -3   3   2   1  -1  -3  -3   2  -2  -3  -2   0  -1  -3  -2  -2   10  12   0  10   0  20  16  10   0   0   0  22   0   0   0   0   0   0   0   0  0.33 0.03
   93 T    -1   3  -1  -1  -2   2   1  -2  -1   0   0   1   1  -2  -2   0   2  -3  -2   0    0  23   0   0   0  10  10   0   0  13   6  10   7   0   0   0  22   0   0   0  0.18 0.03
   94 Q    -1   2   0  -1  -3   5   1  -2   3  -2  -2   1  -1  -3  -2   0   1  -3  -1   0    0  10   0   0   0  58   0   0  10   0   0   0   0   0   0   0  13   0   0   9  0.46 0.07
   95 G     2  -2   1  -2  -2  -2  -2   3  -1  -1   0  -2  -1  -1  -2   0  -1  -2   1   0   26   0   9   0   0   0   0  35   0   0  10   0   0   0   0   0   0   0  10  10  0.24 0.03
   96 I     0  -2   2  -2  -2  -2  -2  -2  -2   2   2  -2   1   2  -3  -1  -1  -2  -1   1    9   0  20   0   0   0   0   0   0  22  39   0   0  10   0   0   0   0   0   0  0.18 0.04
   97 T     1  -1   0  -1  -1  -1  -1  -1  -2  -1  -1   0  -1   1  -2   1   2  -2  -1   0   19   0   6   0   0   0   0   0   0   0   0  10   0  14   0  12  29   0   0  10  0.15 0.03
   98 S     1  -1   2  -1   4   0  -1  -1  -1  -3  -3   1  -2  -3  -2   3   0  -3  -2  -2   10   0  10   0  15   0   0   0   0   0   0  12   0   0   0  53   0   0   0   0  0.36 0.06
   99 S     1  -1   0   1   3  -1  -1  -1  -2  -2  -2  -1   1  -2  -2   3   2  -3  -2  -1    7   0   0  12  10   0   0   0   0   0   0   0  10   0   0  48  14   0   0   0  0.29 0.05
  100 G     0   1   0   2  -2   1   0   2  -1  -3  -3   0  -2  -2  -2   2   0  -2   1  -3    0   9   0  14   0  12   0  22   0   0   0   0   0   0   0  33   0   0  10   0  0.27 0.04
  101 F    -2   1  -3  -3  -3  -2  -2  -3  -1  -1  -1   1  -1   5  -3  -2  -2   7   3  -2    0  10   0   0   0   0   0   0   0   0   0  14   0  47   0   0   0  19  10   0  0.67 0.07
  102 A     3   3  -2  -2  -2   0  -1  -1  -2  -1  -2   1  -1  -2  -2   0  -1   4  -1   0   46  29   0   0   0   0   0   0   0   0   0   7   0   0   0   0   0  10   0   9  0.31 0.05
  103 S     0  -1   0  -1  -1  -1  -1  -1  -1  -1   0  -1  -1  -2  -1   4   1  -2  -2   0    1   1   1   1   0   1   1   1   0   1  12   1   0   0   1  68   1   0   0  10  0.28 0.05
  104 L     0  -2  -1  -2  -1  -1  -1  -2  -2   0   2  -1   0   1  -2   2   0  -2   0   0    8   1   1   1   0   1   1   1   0   1  34   1   0  11   1  32   1   0   0   8  0.12 0.03
  105 T    -1  -2   1  -1  -2  -1  -1  -2  -1  -1   1  -1   0   2  -2   2   2  -2   0  -1    0   0  12   0   0   0   0   0   0   0  20   0   0  19   0  20  29   0   0   0  0.18 0.04
  106 F     1  -2  -2  -2  -2   1  -1  -2  -1   0   0  -1   0   5  -2   0  -1  -1   1  -1   19   0   0   0   0  14   0   0   0  10   0   0   0  45   0  12   0   0   0   0  0.25 0.05
  107 E     1   0   2   3  -3   0   3   1  -1  -3  -3   1  -2  -3  -2   0  -1  -3  -3  -3   13   0  12  18   0   0  32  11   0   0   0  14   0   0   0   0   0   0   0   0  0.36 0.05
  108 G    -1  -2   1   2  -3  -1   1   3  -2   0   0  -1  -1  -2  -2  -1  -1  -3  -3  -1    0   0  11  14   0   0  11  36   0  15  13   0   0   0   0   0   0   0   0   0  0.24 0.04
  109 T    -1  -1   1   1  -2   0   1   0  -1  -2  -2   1  -1   1  -2   0   3  -2  -1  -1    0   0   8  11   0   0  11   8   0   0   0  12   0  13   0   0  38   0   0   0  0.20 0.05
  110 L    -1  -1   0  -1  -2   0   1   0   3   0   1   0   0  -1  -2  -1  -1  -3  -1   1    0   0   8   0   0   0  13   8  12   0  24  11   0   0   0   0   0   0   0  25  0.08 0.04
  111 G     1  -1  -1  -1   4   2   1   3  -1  -3  -3  -1  -2  -3  -2   1  -1  -3  -3  -2   11   0   0   0  14  15  11  37   0   0   0   0   0   0   0  12   0   0   0   0  0.39 0.05
  112 A     2  -2  -2   0  -2  -1   0  -2  -2   0  -1  -1   1  -2   4   0  -1  -3  -2   2   28   0   0   8   0   0   8   0   0   0   0   0   7   0  24   0   0   0   0  26  0.34 0.05
  113 P     0  -1  -1   3  -3   2   2  -2  -2  -3  -3  -1  -2  -4   5  -1  -1  -4  -3  -3    8   0   0  26   0  14  11   0   0   0   0   0   0   0  42   0   0   0   0   0  0.85 0.07
  114 I     0  -2  -2  -3  -2  -2  -2  -2  -2   2   1  -2   0   2   2   0  -1  -2  -1   2    8   0   0   0   0   0   0   0   0  10  11   0   0  13  14  12   0   0   0  32  0.20 0.04
  115 I    -1  -2  -2  -2  -2  -1   0  -3  -2   3   0  -2   2  -1  -2   1   1  -3  -2   2    0   0   0   0   0   0  11   0   0  33   0   0  14   0   0  15   7   0   0  21  0.17 0.05
  116 P     0  -2  -1   2   4  -1  -1  -2  -2  -3  -3   1  -3  -4   6  -1  -1  -4  -3  -2    7   0   0  15  13   0   0   0   0   0   0  11   0   0  54   0   0   0   0   0  1.01 0.08
  117 R    -2   4  -1   1  -3   0  -1  -3   0  -2  -1   1  -1   0  -2  -1   0  -1   4  -2    0  38   0  11   0   0   0   0   0   0   8  11   0   0   0   0   8   0  26   0  0.33 0.06
  118 T     0  -1  -1  -1  -2   3   1  -2  -1  -1   0   0   0  -2  -2   0   3  -3  -2   0    7   0   0   0   0  26  11   0   0   0  14   0   0   0   0   0  32   0   0  11  0.21 0.05
  119 S     0  -2   0  -1   4  -1  -1  -1  -2  -2  -2  -1   2  -2  -2   4   1  -3  -2  -2    0   0   0   0  13   0   0   0   0   0   0   0  14   0   0  73   0   0   0   0  0.48 0.10
  120 S     0  -2   2  -1  -2  -1  -1   3  -1  -3  -3  -1  -2  -3  -2   4   0  -3  -3  -3    0   0  14   0   0   0   0  29   0   0   0   0   0   0   0  57   0   0   0   0  0.51 0.08
  121 K    -1   1  -1  -1  -3   0   0  -2  -1  -3  -3   5  -2  -4   2   0   1  -4  -2  -2    0   0   0   0   0   0   0   0   0   0   0  74   0   0  12   0  13   0   0   0  0.59 0.10
  122 Y    -1   0   2  -1  -2   1  -1  -2   2   1  -1   1  -1  -1  -2   0   0  -2   2   1    0   0  21   0   0  11   0   0   8  14   0  12   0   0   0  11   0   0  10  14  0.12 0.04
  123 F    -1  -3  -3  -4  -3  -3  -3  -3  -1  -1  -1  -3  -1   6  -4  -2  -2   6   5  -2    8   0   0   0   0   0   0   0   0   0   0   0   0  53   0   0   0  14  26   0  0.85 0.09
  124 N    -1  -1   3   2  -2  -1  -1  -2   3  -2   0  -1  -1  -2  -2   1   3  -3  -1  -1    0   0  21  14   0   0   0   0  13   0  12   0   0   0   0   7  33   0   0   0  0.27 0.05
  125 F    -2  -2  -2  -1  -3   1   2  -3  -1   0   0  -1   2   5  -3  -2  -2  -1   1  -1    0   0   0   0   0  11  27   0   0   8   0   0  12  42   0   0   0   0   0   0  0.34 0.07
  126 T    -1   2   0   2  -3   2   3  -2  -1  -2  -2   0  -2  -3  -2   0   1  -3  -2  -1    0  12   0  11   0  14  39   0   0   0   0   0   0   0   0   0  17   0   0   7  0.38 0.06
  127 T    -1  -1   0   1  -3   0   2   1  -1  -2  -3   1  -2  -3   1   0   3  -3  -2  -2    0   0   0   7   0   0  26  11   0   0   0  15   0   0   7   0  35   0   0   0  0.31 0.05
  128 E     1   0   3   0  -3   3   2  -1   3  -3  -3   0  -2  -3  -2   1  -1  -3  -1  -2   13   0  21   0   0  30  17   0  11   0   0   0   0   0   0   8   0   0   0   0  0.38 0.06
  129 D    -2  -1   0   4  -4   0   3  -2  -1  -2   0   1  -2  -3  -2  -1  -1  -4  -3  -2    0   0   0  40   0   0  33   0   0   0  13  14   0   0   0   0   0   0   0   0  0.48 0.07
  130 H     0   0  -1  -2  -3   3   0  -2   5  -1  -2   1  -1  -1  -2  -1   1  -2   3  -1    8   0   0   0   0  25   0   0  24   8   0  12   0   0   0   0  11   0  13   0  0.28 0.06
  131 K     0   1   2  -1  -3   1   0  -2  -1  -3  -3   5  -2  -4  -2   1  -1  -4  -2  -3    8   0  12   0   0   0   0   0   0   0   0  73   0   0   0   8   0   0   0   0  0.52 0.09
  132 M    -1  -2   1  -2  -2  -2  -2  -3  -2   2   2  -2   3   2  -3  -1   0  -2  -1   2    0   0  14   0   0   0   0   0   0  18  18   0  17  12   0   0   7   0   0  13  0.18 0.04
  133 V    -1  -3  -3  -3  -2  -3  -3   1  -3   2   3  -3   1   0  -3  -2  -1  -2  -2   2    0   0   0   0   0   0   0  14   0  13  49   0   0   0   0   0   0   0   0  24  0.30 0.05
  134 E    -1   1   0   0  -3   3   4  -2  -1  -3  -3   3  -2  -4  -1   1  -1  -3  -2  -3    0   0   0   0   0  15  38   0   0   0   0  35   0   0   0  12   0   0   0   0  0.51 0.07
  135 A     1  -1   4   2  -2  -1   1  -1  -1  -2   0  -1  -1  -2  -2   0   0  -3  -2  -1   25   0  38  11   0   0   7   0   0   0  14   0   0   0   0   0   5   0   0   0  0.26 0.05
  136 L    -2  -2  -3  -4  -2  -2  -3  -4  -3   2   4  -2   3   0  -3  -2   1  -2  -2   1    0   0   0   0   0   0   0   0   0   8  68   0  13   0   0   0  11   0   0   0  0.43 0.07
  137 R    -1   5  -1  -2  -3   2   0  -2  -1  -3  -3   2  -2  -3  -2   1  -1  -3  -2  -3    0  62   0   0   0  13   0   0   0   0   0  11   0   0   0  14   0   0   0   0  0.65 0.08
  138 V     1   0  -1  -1  -2   0   1  -2  -2   0  -1   2  -1  -2  -2   1   1  -3  -2   1   11   0   0   0   0   0  12   0   0   7   0  26   0   0   0  13  14   0   0  17  0.15 0.03
  139 W    -2  -3  -3  -4  -3  -2  -3  -3  -3   1  -2  -3  -2   0  -4   0  -2  11   1  -2    0   0   0   0   0   0   0   0   0  13   0   0   0   0   0  14   0  73   0   0  1.87 0.15
  140 A     3  -1   1  -1  -1  -1  -1  -1  -1  -2  -2  -1   2  -2  -1   3   0  -3  -2  -1   39   0  11   0   0   0   0   0   0   0   0   0  12   0   0  38   0   0   0   0  0.31 0.07
  141 S     1   0   1  -1  -2  -1  -1  -1  -1   0  -1   2  -1  -1  -2   1   0  -2   2   0   21   0   8   0   0   0   0   0   0  12   0  22   0   0   0  17   0   0  13   8  0.11 0.04
  142 T    -1   3   0   1  -2   2   0  -2  -1  -3  -2   1  -1  -3  -2   2   2  -3  -2  -2    0  27   0  11   0  15   0   0   0   0   0   7   0   0   0  18  22   0   0   0  0.33 0.05
  143 H    -2  -1   1  -2  -3   2  -1  -3   4  -2  -2  -1  -1   1  -3  -1   1   0   6  -2    0   0   7   0   0  14   0   0  17   0   0   0   0   0   0   0  13   0  49   0  0.55 0.09
  144 M    -2  -1   1  -2  -3  -1  -1  -3  -1   0   0   2   2   4  -3  -1  -1  -1   1  -1    0   0  14   0   0   0   0   0   0   7   7  26  10  37   0   0   0   0   0   0  0.23 0.06
  145 S     1  -1   0  -1  -2   2   0  -1  -1  -3  -3   0  -2  -3   3   4   0  -3  -2  -2   11   0   0   0   0  14   0   0   0   0   0   0   0   0  13  62   0   0   0   0  0.49 0.08
  146 P     0  -2   1   2   5  -1   1  -2  -2  -2  -2  -1  -2  -3   4  -1  -1  -4  -3  -1    7   0  11  15  26   0  11   0   0   0   0   0   0   0  24   0   0   0   0   7  0.49 0.06
  147 S     0  -2   2  -1   4  -1  -1  -1  -1  -1  -1  -1   4  -2  -2   3   0  -3  -2  -1    0   0  11   0  12   0   0   0   0   0   0   0  26   0   0  51   0   0   0   0  0.34 0.09
  148 W    -1  -2  -1   1  -3  -1   1   0  -1  -1  -1  -2  -1   3  -3   0  -1   5   3   0    0   0   0  11   0   0  13   7   0   0   0   0   0  20   0   7   0  10  19  14  0.26 0.04
  149 T     0  -2  -1  -2  -1  -1  -1  -2  -2   0  -1  -1  -1  -2   1   2   4  -3  -2   2    0   0   0   0   0   0   0   0   0   0   0   0   0   0   7  14  55   0   0  24  0.38 0.08
  150 L     0  -2  -2  -2  -2  -1   0  -2  -2   0   1  -2   0   3   3   0  -1  -1   0   0    8   0   0   0   0   0   7   0   0   0  17   0   0  27  18  12   0   0   0  11  0.24 0.04
  151 L     0  -2  -2  -2  -1  -2  -2  -2  -2   1   3  -2   1  -1  -2   2   0  -3  -2   1    7   0   0   0   0   0   0   0   0   0  48   0   0   0   0  27   0   0   0  17  0.22 0.05
  152 K    -1   0   2  -1  -3   1   0  -2  -1  -2   0   3  -1   2  -2   1  -1  -2  -1  -2    0   0  15   0   0   7   0   0   0   0  14  40   0  13   0  11   0   0   0   0  0.19 0.05
  153 L    -1   0  -2  -2  -2   1  -1  -2  -2   0   3   2   1  -1  -2  -1  -1  -2  -1   0    1   1   1   1   0  11   1   1   0   1  52  27   0   0   1   1   1   0   0   1  0.20 0.05
  154 C     3   1  -1  -2   4  -1  -1  -1  -1  -2  -2   0  -1  -2  -1   2   0  -2  -2  -1   38  14   1   1  17   1   1   1   0   1   1   1   0   0   1  22   1   0   0   1  0.28 0.05
  155 D    -2   1   0   5  -4   3   2  -2  -1  -4  -3   0  -2  -4  -2  -1  -1  -4  -3  -3    0  11   0  47   0  29  13   0   0   0   0   0   0   0   0   0   0   0   0   0  0.65 0.08
  156 V     1  -2  -3  -3  -1   1  -2  -2  -3   4   0  -2   0  -1  -2  -1  -1  -3  -2   2   22   0   0   0   0  11   0   0   0  50   0   0   0   0   0   0   0   0   0  17  0.25 0.06
  157 Q    -1   1   0   0  -3   4   3  -2  -1  -3  -3   3  -1  -3  -2   0   1  -3  -2  -2    0   0   0   0   0  32  22   0   0   0   0  33   0   0   0   0  14   0   0   0  0.48 0.07
  158 P    -1  -1  -1  -1  -3   0   2  -3  -2   0  -2   1  -2  -3   5  -1   1  -4  -3  -1    0   0   0   0   0   0  23   0   0  13   0  15   0   0  38   0  11   0   0   0  0.61 0.06
  159 M     1  -2  -1  -2  -2  -1  -2   4   3  -2  -1  -2   3  -2  -3  -1  -2  -3  -2  -2   11   0   0   0   0   0   0  52  14   0   0   0  24   0   0   0   0   0   0   0  0.49 0.08
  160 Q    -1   0   0   3  -3   4   2  -2  -1  -2  -1   2   3  -3  -2  -1  -1  -3  -2  -2    0   0   0  26   0  30  12   0   0   0   0  13  18   0   0   0   0   0   0   0  0.40 0.07
  161 Y    -1   3  -1  -2   3   0  -1  -2   0  -2  -1   1  -1   1  -1  -1  -1   0   3  -1    2  28   1   1  13   1   2   2   1   1   2  12   1   8   1   2   2   0  17   2  0.21 0.03
  162 F    -2  -3  -3  -3   4  -3  -3  -3  -2  -1  -1  -3  -1   6  -4   0  -2   0   3  -1    0   0   0   0  14   0   0   0   0   0   0   0   0  68   0  12   0   0   7   0  0.69 0.10
  163 D    -2  -2   3   5  -3  -1   1  -1  -1  -4  -4  -1  -3  -4  -2   1  -1  -4  -3  -3    0   0  23  63   0   0   0   0   0   0   0   0   0   0   0  14   0   0   0   0  0.80 0.09
  164 L    -2  -3  -4  -4  -2  -3  -3  -4  -3   1   4  -3   1   2  -3  -3  -1  -2   0   2    0   0   0   0   0   0   0   0   0   0  60   0   0  14   0   0   0   0   0  26  0.42 0.06
  165 T     0  -2  -2  -2  -1  -2  -2  -3  -2   1   1  -2   0   0  -2   1   2  -2   2   3    0   0   0   0   0   0   0   0   0   0  11   0   0   0   0  12  24   0  14  40  0.21 0.05
  166 C     3  -3  -2  -3   8  -2  -3   1  -3  -2  -2  -2  -2  -3  -2   0  -1  -3  -3  -1   40   0   0   0  50   0   0  11   0   0   0   0   0   0   0   0   0   0   0   0  0.78 0.10
  167 Q    -1   3  -1  -1  -4   5   1  -2   0  -3  -3   4  -1  -4  -2  -1  -1  -3  -2  -3    0  13   0   0   0  50   0   0   0   0   0  37   0   0   0   0   0   0   0   0  0.65 0.09
  168 L    -1  -3  -4  -4  -1  -3  -3  -4  -4   4   2  -3   1  -1  -3  -3  -1  -3  -2   3    0   0   0   0   0   0   0   0   0  41  24   0   0   0   0   0   0   0   0  35  0.43 0.06
  169 L    -1  -2  -3  -3  -1  -2  -3  -3  -3   2   3  -2   1  -1  -3  -1   2  -2  -2   2    0   0   0   0   0   0   0   0   0  14  45   0   0   0   0   0  22   0   0  19  0.30 0.05
  170 G    -1   0   0  -1  -3   3   1   2   5  -3  -3   0  -2  -2  -2  -1  -1  -2  -1  -3    1   1   1   1   0  27  12  25  26   1   1   1   0   1   1   1   1   0   0   1  0.39 0.05
  171 K     1   0  -2  -2  -2  -1  -1  -2  -2   3   0   3   0  -2  -2  -1  -1  -3  -2   2   13   0   0   0   0   0   0   0   0  34   0  38   0   0   0   0   0   0   0  15  0.19 0.06
  172 A     2  -1  -1  -1  -1  -1  -1  -1   2  -1  -1  -1  -1   1  -1   2   2  -2  -1   0   25   1   1   1   0   1   1   1   8   1   1   1   0   8   1  24  14   0   0  12  0.14 0.03
  173 E    -1   0   0   2  -3   2   3  -2   3  -3  -2   2  -2  -2  -1  -1  -1   5   0  -2    1   1   1  11   0   7  26   1  11   1   1  20   0   1   1   1   1  14   0   1  0.39 0.04
  174 V    -1   1   1  -2  -2  -1  -2  -2  -1   1   1  -1   0   0  -2  -1  -1  -1   2   2    1  12  11   1   0   1   1   1   0   1  17   1   0   1   1   1   1   0  14  37  0.11 0.04
  175 D    -2  -2   1   6  -3  -1   1  -2  -1  -3  -4  -1  -3  -2  -2   1  -1  -3   2  -3    0   0   0  74   0   0   0   0   0   0   0   0   0   0   0  14   0   0  12   0  0.79 0.10
  176 G    -1   0   0   2  -3   2   3   2   0  -3  -3   1  -2  -2  -2   0  -1  -2   1  -3    0   0   0  14   0  11  29  17   0   0   0  12   0   0   0   7   0   0  11   0  0.32 0.04
  177 A     0  -1  -1   3  -3  -1   0  -2   0  -2  -2   1  -2   0  -2   0   0   0   5  -2   10   0   0  26   0   0   0   0   0   0   0  14   0   0   0   7   7   0  37   0  0.33 0.06
  178 S     0   1   2  -1  -2  -1  -1  -1  -1  -2  -2   0  -1  -3  -2   2   4  -3  -2  -1    7  12  14   0   0   0   0   0   0   0   0   0   0   0   0  17  50   0   0   0  0.38 0.07
  179 F    -1  -2   3  -1  -2  -2  -2  -2  -1  -2  -2  -2  -1   4  -3   2  -1   5   1  -2    0   0  26   0   0   0   0   0   0   0   0   0   0  38   0  24   0  12   0   0  0.45 0.08
  180 L     1  -2  -1   1  -2  -1   1  -2  -1  -1   1  -1   0  -1  -2   0   2  -2   2  -1   13   0   0  11   0   0  15   0   0   0  24   0   0   0   0   0  24   0  12   0  0.13 0.04
  181 L    -2  -3  -4  -4  -2  -3  -3  -4  -3   2   4  -3   1   0  -3  -3  -1  -2  -2   2    0   0   0   0   0   0   0   0   0   0  76   0   0   0   0   0   0   0   0  24  0.52 0.08
  182 K    -1   2  -1  -2  -3   0  -1  -2  -1  -2  -2   3  -1   3  -2   0  -1  -1   3  -2    0  11   0   0   0   0   0   0   0   0   0  39   0  26   0  11   0   0  14   0  0.32 0.06
  183 V    -1  -3  -4  -4  -1  -3  -3  -4  -4   2   2  -3   1  -1  -3  -2  -1  -3  -2   4    0   0   0   0   0   0   0   0   0   0  26   0   0   0   0   0   0   0   0  74  0.48 0.08
  184 W    -2  -1   1  -2  -3  -1  -1  -2  -2  -3  -3   2  -2  -1  -3  -1   1   9   0  -3    0   0  11   0   0   0   0   0   0   0   0  26   0   0   0   0  14  50   0   0  1.13 0.11
  185 D    -2  -2   1   7  -4  -1   1  -2  -2  -4  -4  -1  -4  -4  -2  -1  -2  -5  -4  -4    0   0   0 100   0   0   0   0   0   0   0   0   0   0   0   0   0   0   0   0  1.30 0.13
  186 G     1  -2  -1  -2  -2   0  -1   4  -1  -3  -3  -1  -2  -1  -2   1   1  -2   2  -2    8   0   0   0   0   8   0  50   0   0   0   0   0   0   0  11  11   0  14   0  0.45 0.06
  187 T     0  -2   0  -1  -1  -1  -1  -2  -2  -2  -2  -1  -1  -3  -2   3   5  -3  -2  -1    0   0   0   0   0   0   0   0   0   0   0   0   0   0   0  26  74   0   0   0  0.62 0.10
  188 R    -1   1   0   2  -3   1   3   3  -1  -4  -3   2  -2  -4  -2   0  -1  -3  -3  -3    0  10   0  13   0   7  26  26   0   0   0  18   0   0   0   0   0   0   0   0  0.40 0.05
  189 T     2  -1  -1  -1   2   3   2  -2  -1  -2  -1   0   2  -3  -2   0   1  -3  -2  -1   24   0   0   0   7  26  14   0   0   0   0   0  12   0   0   0  17   0   0   0  0.24 0.06
  190 P    -1  -2  -2  -2  -2  -2  -2  -3  -3   0   0  -2  -1  -2   6  -1   2  -3  -2   1    0   0   0   0   0   0   0   0   0   0  14   0   0   0  43   0  22   0   0  22  0.70 0.07
  191 F    -2  -3  -3  -4  -3  -3  -3  -3  -2  -1   0  -3  -1   6   3  -3  -2   5   3  -1    0   0   0   0   0   0   0   0   0   0   7   0   0  57  15   0   0  12   9   0  0.73 0.08
  192 P     1  -2  -2  -2  -2  -2  -2  -2  -1  -1   0  -2  -1   2   4  -1   1  -1   3  -1   15   0   0   0   0   0   0   0   0   0  12   0   0  15  28   0  12   0  18   0  0.41 0.05
  193 S     0  -1   0  -1  -2  -1  -1  -2   3  -2  -2  -1  -2  -3   3   3   3  -3  -1  -1    0   0   0   0   0   0   0   0  12   0   0   0   0   0  15  34  39   0   0   0  0.44 0.06
  194 W    -1  -2  -3  -3  -2  -2  -2  -3  -2   1   2  -2   3   0  -2  -2  -1   8   0   1    1   1   1   1   0   1   1   1   0   1  31   1  15   1   1   1   1  28   0  13  0.54 0.05
  195 R     1   2   0  -1  -2   0   0  -1  -1  -2  -2   1  -1   1  -1   2   0  -2  -1  -2   10  20   1   1   0   1   1   1   0   1   1  10   0  12   1  38   1   0   0   1  0.19 0.03
  196 V    -1   1  -2  -3  -2  -1  -2  -3  -2   2   1   1   0  -1   3  -2  -1  -3  -2   2    0  12   0   0   0   0   0   0   0  15  18  12   0   0  15   0   0   0   0  28  0.21 0.03
  197 L    -1   3  -1  -2  -3   0  -1  -3  -1  -1   1   2   0   0   1   0  -1  -1   2  -1    0  24   0   0   0   0   0   0   0   0  27  18   0   0   9   7   0   0  15   0  0.20 0.04
  198 I     1   0  -1  -2  -2  -1  -1  -2  -2   1   1   2   0  -1  -2   0   2  -3  -2   1   15   0   0   0   0   0   0   0   0  11  18  24   0   0   0   0  22   0   0   9  0.12 0.03
  199 Q    -1   0  -1  -1  -3   2   1  -2  -1  -2  -2   3  -1   3  -2   1  -1  -2   0  -2    0   0   0   0   0  19   9   0   0   0   0  34   0  24   0  15   0   0   0   0  0.27 0.05
  200 D     0   1  -1   2  -3  -1  -1  -2  -1  -2  -2  -1  -2   2   4   1  -1  -2  -1  -2    9  15   0  19   0   0   0   0   0   0   0   0   0  18  24  15   0   0   0   0  0.36 0.04
  201 L     0   1  -1  -1  -2   0  -1  -2   3  -2   0   1  -1  -2   3   2   0  -3  -1  -2    0  12   0   0   0   0   0   0  12   0  19   9   0   0  18  30   0   0   0   0  0.27 0.04
  202 V    -1   2  -1  -1  -2   0   2  -3   4   0   1   0   0  -1  -2  -1   0  -3  -1   0    0  15   0   0   0   0  24   0  18   0  24   0   0   0   0   0   7   0   0  11  0.17 0.04
  203 L    -2  -2  -3  -2  -2  -1   1  -3  -1   1   2  -2   0   2  -3  -2  -1   6   2   1    0   0   0   0   0   0  15   0   0   0  29   0   0   7   0   0   0  15  12  21  0.32 0.04
  204 E    -1   4   0   2  -4   1   4  -2  -1  -3  -3   2  -2  -4  -2  -1  -1  -3  -2  -3    0  33   0  15   0   0  40   0   0   0   0  12   0   0   0   0   0   0   0   0  0.55 0.06
  205 G     0  -1  -1  -2  -3  -1  -2   6  -2  -4  -4   1  -3  -4  -2  -1  -2  -3  -3  -4    0   0   0   0   0   0   0  85   0   0   0  15   0   0   0   0   0   0   0   0  0.98 0.09
  206 D     1  -2   0   4  -3   0   2  -2  -2  -2  -2  -1  -2  -3   3   0  -1  -4  -3   0   15   0   0  39   0   0  18   0   0   0   0   0   0   0  15   0   0   0   0  12  0.43 0.05
  207 L    -1   0  -3  -4  -2  -2  -3  -4  -2   2   2  -2   1   4  -3  -2  -1  -1   1   2    0   9   0   0   0   0   0   0   0  12  19   0   0  30   0   0   0   0   0  30  0.28 0.04
  208 S     0  -2  -1  -2  -1  -2  -2   1  -2   1   1  -2   0  -1  -2   2   0  -3  -2   2    0   0   0   0   0   0   0  15   0  12  12   0   0   0   0  34   0   0   0  27  0.15 0.04
  209 H    -1   4   0  -2  -3   0   0  -2   4  -2  -1   2  -1  -2  -2   1  -1  -3  -1  -2    0  45   0   0   0   0   0   0  19   0   9  12   0   0   0  15   0   0   0   0  0.41 0.06
  210 I    -1  -2  -3  -3  -1  -2  -3  -3  -3   4   2  -2   1   0  -2  -2  -1  -2  -1   2    1   1   1   1   0   1   1   1   0  62  25   1   0   1   1   1   1   0   0   1  0.33 0.05
  211 H    -1   3   0  -1  -2   1   1  -2   4  -3  -2   2  -1  -2  -1   1  -1  -2  -1  -2    1  31   1   1   0   1   8   1  20   1   1  13   0   1   1  16   1   0   0   1  0.32 0.04
  212 R     0   2   0  -1  -1   0  -1  -1   2  -1  -2   0  -1  -2  -1   3   0  -2  -1   0    1  20   1   1   0   1   1   1   9   1   1   1   0   1   1  43   1   0   0  16  0.19 0.04
  213 L     1  -2  -2  -2  -1  -1  -1  -2   3   1   2  -1   0  -1  -2  -1  -1  -2  -1   2   19   1   1   1   0   1   1   1  16   1  29   1   0   1   1   1   1   0   0  25  0.12 0.03
  214 Q     0   1   0   0  -2   2   2  -1  -1  -2  -2   0  -1  -2  -1   1   3  -2  -2  -1    1   9   1   1   0  20  13   1   0   1   1   1   0   1   1  13  34   0   0   1  0.27 0.04
  215 N     1  -1   2   0  -1  -1  -1  -1  -1  -1   0  -1  -1  -2  -1   2   1  -2  -2  -1   13   1  21   1   0   1   1   1   0   1  17   1   0   1   1  27  13   0   0   1  0.16 0.03
  216 L    -1  -1  -2  -2  -2  -1   1  -3  -2   0   2   0   1   2  -2  -1   1  -2   0   0    0   0   0   0   0   0  12   0   0   0  43  12   0  15   0   0  18   0   0   0  0.16 0.04
  217 T     0   1   0  -1  -2   2   1  -2  -1  -2  -2   0  -1  -3  -1   2   2  -3  -2   0    0  12   0   0   0  18  12   0   0   0   0   0   0   0   0  30  20   0   0   7  0.27 0.04
  218 I    -1   2  -1   1  -2   0   1  -3  -2   2  -1   2   0  -2  -2  -1  -1  -3  -2   1    0  15   0  12   0   0  12   0   0  26   0  18   0   0   0   0   0   0   0  16  0.14 0.03
  219 D    -2   3   2   4  -4   0   1  -2  -1  -3  -3   2  -2  -4  -2  -1  -1  -4  -3  -3    0  27  12  43   0   0   0   0   0   0   0  18   0   0   0   0   0   0   0   0  0.55 0.06
  220 I    -1  -3  -3  -3   6  -3  -3  -3  -3   2   0  -3   0  -2  -3   0   0  -3  -2   3    0   0   0   0  27   0   0   0   0  19   0   0   0   0   0  12   0   0   0  42  0.40 0.06
  221 L    -2  -3  -4  -4  -2  -3  -3  -4  -3   2   4  -3   2   0  -3  -3  -2  -2  -1   1    0   0   0   0   0   0   0   0   0  15  85   0   0   0   0   0   0   0   0   0  0.56 0.07
  222 V    -1  -2  -3  -2  -2  -2   0  -4  -3   3   3  -2   1  -1  -3  -2  -1  -3  -2   2    0   0   0   0   0   0  12   0   0  21  39   0   0   0   0   0   0   0   0  28  0.28 0.04
  223 Y    -2  -3  -3  -4  -2  -2  -3  -4  -1   0   3  -3   1   3  -4  -3  -2   6   4  -1    0   0   0   0   0   0   0   0   0   0  46   0   0  12   0   0   0  15  28   0  0.59 0.06
  224 D     1  -2   0   4  -2  -1   0  -1  -1  -3  -3  -1  -2  -3  -1   3   0  -4  -3  -2   12   0   0  43   0   0   0   0   0   0   0   0   0   0   0  45   0   0   0   0  0.51 0.07
  225 N    -1  -1   3   0  -3   0   2  -1   4  -3  -3   0  -2  -3   2   2   0  -3  -1  -3    0   0  28   0   0   0  15   0  18   0   0   0   0   0  12  27   0   0   0   0  0.43 0.06
  226 H    -2  -1   0  -2  -4   0  -1  -3   8  -3  -3  -2  -2   0  -3  -2  -2  -1   4  -3    0   0   0   0   0   0   0   0  82   0   0   0   0   0   0   0   0   0  18   0  1.18 0.13
  227 V     0  -2  -1   2  -1  -1  -1  -2  -2   0   1  -1   0  -2  -2   3   0  -3  -2   2    0   0   0  15   0   0   0   0   0   0  15   0   0   0   0  42   0   0   0  28  0.17 0.05
  228 H    -2  -1   4   0  -3   2  -1  -2   3  -2  -2  -1  -1   4  -3  -1  -1  -2   1  -2    0   0  42   0   0  16   0   0  11   0   0   0   0  30   0   0   0   0   0   0  0.41 0.07
  229 V    -2  -3  -3  -4  -2  -3  -3  -4  -1   3   1  -3   0   1  -3  -2  -1   0   4   2    0   0   0   0   0   0   0   0   0  42   9   0   0   0   0   0   0   0  30  19  0.39 0.06
  230 A     2  -2  -2  -2   4  -1  -2  -1  -2   1   1  -2   2  -1  -2   0  -1  -2  -1   1   29   1   1   1  15   1   1   1   0  10  13   1  13   1   1   1   1   0   0  10  0.16 0.03
  231 R    -1   4   0  -1  -2   1   0  -1  -1  -2  -1   2  -1  -2  -1   0   1  -2  -1  -1    3  36   2   2   1   2   2   3   1   2   3  23   1   1   2   3  11   0   1   2  0.25 0.02
  232 S     0   2   2   0  -1   0   0  -1   0  -2  -1   0  -1   1  -1   2   0  -1   0  -1    3  17  16   2   1   1   2   2   1   2   3   2   1  11   2  30   2   0   1   2  0.14 0.02
  233 L    -1  -2  -2  -2  -1  -1  -2  -2  -2   3   2  -2   1   0  -1  -1   0  -1  -1   2    3   2   1   2   1   1   2   2   1  33  23   2   1   1   2   2   2   0   1  17  0.14 0.02
  234 K    -1   1   0   0  -2   2   1  -1   0  -2  -2   4  -1  -2  -1   0  -1  -2  -1  -2    3   2   1   2   1  11  10   2   1   2   3  52   1   1   2   2   2   0   1   2  0.29 0.03
  235 V     0  -1  -1   0  -1   0   1  -1  -1   0  -1   0  -1  -2   3   1   1  -2  -1   1    3   2   1   2   1   1  17   2   1   2   3   2   1   1  17  12  11   0   1  21  0.18 0.02
  236 G     0  -1   0  -1  -2  -1  -1   5  -1  -2  -2  -1  -2  -2  -1   1  -1  -2  -2  -2    3   2   1   2   1   1   2  60   1   2   3   2   1   1   2  12   2   0   1   2  0.49 0.03
  237 S     0  -1   0   3   2   0   0  -1  -1  -2  -2   1  -2  -3  -1   2   2  -3  -2  -2    1   1   1  31   8   1   1   1   0   1   1  10   0   0   1  21  22   0   0   1  0.29 0.04
  238 F    -3  -3  -4  -4  -3  -3  -3  -4  -1  -1   1  -3   0   6  -4  -3  -2   6   4  -1    0   0   0   0   0   0   0   0   0   0   9   0   0  60   0   0   0  15  15   0  0.87 0.08
  239 L     0  -3  -3  -4  -1  -2  -3  -3  -3   2   2  -3   1   2  -3  -2  -1  -2  -1   3    9   0   0   0   0   0   0   0   0   0  28   0   0  12   0   0   0   0   0  51  0.29 0.05
  240 R     0   3  -1  -1  -2   0   0  -2  -1  -1  -2   2  -1  -2   2   1   0  -3  -2   0    1  28   0   1   0   0   1   1   0   0   1  16   0   0  13  21   1   0   0  16  0.26 0.04
  241 I     0  -2  -3  -3  -2  -2  -2  -3  -2   2   2  -2   3   3  -2  -2  -1  -1   0   1   10   0   0   1   0   0   1   1   0  21  24   1  15  24   0   1   1   0   0   1  0.22 0.03
  242 Y    -1   0  -1  -2  -2   0  -1  -2   0  -2  -2   2  -2   1  -2   2   0   0   5  -2    0   0   0   0   0   0   0   0   0   0   0  24   0   0   0  33   0   0  43   0  0.42 0.08
  243 S     0   2   2   0  -2   0   1  -1   3  -3  -3   1  -2  -3  -2   3   0  -3  -1  -3    0  12  15   0   0   0   9   0  15   0   0   9   0   0   0  39   0   0   0   0  0.34 0.05
  244 L    -2  -3  -4  -4  -2  -3  -3  -4  -3   3   4  -3   2   0  -3  -3  -1  -2  -1   2    0   0   0   0   0   0   0   0   0  20  65   0   0   0   0   0   0   0   0  15  0.46 0.06
  245 H     1   3  -1  -2  -2   0  -1  -2   6  -2   0   0  -1  -2  -2  -1  -1  -3   0  -2   21  24   0   0   0   0   0   0  39   0  15   0   0   0   0   0   0   0   0   0  0.37 0.07
  246 T     0   0  -1  -2   4   0  -1  -2  -2  -2  -2   3  -1  -3  -2   0   3  -3  -2  -1    9   0   0   0  15   0   0   0   0   0   0  33   0   0   0   0  43   0   0   0  0.35 0.07
  247 K    -1   1   0   0  -3   1   3  -2  -1  -3  -3   4  -2  -4  -1   1  -1  -3  -2  -3    0   0   0   0   0   0  24   0   0   0   0  64   0   0   0  12   0   0   0   0  0.53 0.07
  248 L    -1  -2  -3  -3  -2   0  -2  -4  -3   3   3  -2   1   0  -3  -2  -1  -2  -1   2    0   0   0   0   0   9   0   0   0  24  43   0   0   0   0   0   0   0   0  24  0.32 0.04
  249 Q     0   0   0   4  -3   3   1  -2  -1  -3  -3   2  -2  -4  -2   0  -1  -3  -3  -3    9   0   0  42   0  28   0   0   0   0   0  21   0   0   0   0   0   0   0   0  0.51 0.07
  250 S     1   2   0   1  -2   0   0  -1   3  -3  -3   0  -2  -3   1   3   0  -3  -1  -2    9  15   0   9   0   0   0   0  15   0   0   0   0   0   7  44   0   0   0   0  0.32 0.05
  251 M     1  -1  -1   1  -2  -1  -1   2  -2  -1   0   0   2  -2  -2   1  -1  -3  -2  -1   10   0   0  11   0   0   0  25   0   0  16  11  13   0   0  14   0   0   0   0  0.14 0.02
  252 N    -1  -1   2  -1  -2  -1  -1   2   2   0  -1   0  -1  -2  -2   1   0  -3  -1   0    0   0  21   0   0   0   0  16  11  14   0  10   0   0   0  17   0   0   0  11  0.14 0.03
  253 S     0  -1   1  -1  -1  -1  -1  -1  -1  -2  -2  -1  -1  -1  -1   3   1   6  -1  -2    1   1  10   1   0   1   1   1   0   1   1   1   0   1   1  47  12  17   1   1  0.40 0.04
  254 E     0  -1   0   2  -2   0   3  -2  -1   0  -1   0  -1  -2  -1   1   0  -2  -2   1    1   1   1  12   0   1  32   1   0   1   1   1   0   1   1  15   1   0   1  29  0.17 0.03
  255 N    -1  -1   2   4  -2   0   1  -1  -1   1  -1  -1  -1  -2  -1   0   0  -3  -2  -1    1   1  14  35   0   1  12   1   0  18   1   1   0   1   1   1   9   0   1   1  0.25 0.03
  256 Q     0   0   0  -1  -2   2   0  -2  -1  -1  -1   2   1  -2  -1   1   1  -2  -1   0    1   1   1   1   0  14   1   1   0   1   1  29  10   1   1   9  15   0   1  12  0.14 0.02
  257 T     1  -1   0  -1  -1  -1  -1  -1  -1   0  -1  -1  -1  -2  -1   2   2  -2  -1   1   15   1   1   1   0   1   1   1   0   1   2   1   0   1   1  35  16   0   1  20  0.17 0.02
  258 M     0  -1   0  -1  -1   0  -1  -1  -1  -1  -1  -1   2  -1  -1   3   2  -2  -1  -1    2   1   1   1   0   1   1   1   0   1   2   1  17   1   1  44  22   0   1   1  0.21 0.02
  259 L     0  -1  -1  -1  -1  -1  -1  -1  -1   0   2  -1   1   0  -1   1   0  -1  -1   0    2   2   1   2   1   1   2   2   1   2  50   2   1   1   2  23   2   0   1   2  0.11 0.01
  260 S     0   1   0  -1  -2   0  -1  -1   3  -2  -2   0  -2   0  -2   3   0  -1   4  -2    0  13   0   0   0   0   0   0  15   0   0   0   0   0   0  47   0   0  25   0  0.30 0.02
  261 L    -1  -2  -2  -3  -1  -2  -2  -3  -3   2   3  -2   1   0  -2  -1   2  -2  -1   1    0   0   0   0   0   0   0   0   0  15  58   0   0   0   0   0  27   0   0   0  0.28 0.02
  262 E    -1   1   0   1  -4   2   5  -2   0  -3  -3   3  -2  -3  -1   0  -1  -3  -2  -3    0   0   0   0   0   0  73   0   0   0   0  27   0   0   0   0   0   0   0   0  0.63 0.03
  263 F    -1  -3  -3  -4   5  -3  -3  -3  -2   1   0  -3   0   5  -3  -2  -1  -1   1   1    0   0   0   0  25   0   0   0   0   0   0   0   0  49   0   0   0   0   0  27  0.44 0.03
  264 H    -2  -1   0  -2  -3   0  -1  -3   7   1  -1  -1  -1  -1  -3  -1  -2  -3   1  -1    0   0   0   0   0   0   0   0  75  25   0   0   0   0   0   0   0   0   0   0  0.63 0.04
  265 L    -2  -2  -4  -4  -1  -2  -3  -4  -3   2   4  -3   2   0  -3  -3  -1  -2  -1   1    0   0   0   0   0   0   0   0   0   0 100   0   0   0   0   0   0   0   0   0  0.48 0.01
  266 H    -2   0   0  -1  -3   0   0  -2   8  -4  -3  -1  -2  -1  -2  -1  -2  -3   2  -3    0   0   0   0   0   0   0   0 100   0   0   0   0   0   0   0   0   0   0   0  0.96 0.03
  267 G     0  -3  -1  -1  -3  -2  -2   6  -2  -4  -4  -2  -3  -3  -2   0  -2  -3  -3  -3    0   0   0   0   0   0   0 100   0   0   0   0   0   0   0   0   0   0   0   0  1.08 0.02
  268 G     0  -2   0   3  -3  -1   0   5  -2  -4  -4  -1  -3  -3  -2   0  -2  -3  -3  -3    0   0   0  34   0   0   0  66   0   0   0   0   0   0   0   0   0   0   0   0  0.73 0.01
  269 T     0  -1   0  -1  -1  -1  -1  -1  -2  -1  -2  -1  -1  -2  -1   3   4  -3  -2  -1    0   0   0   0   0   0   0   0   0   0   0   0   0   0   0  34  66   0   0   0  0.42 0.01
  270 S     2  -1  -1  -1   5  -1  -1  -1  -2  -2  -2  -1  -1  -2  -1   3   1  -3  -2  -1   34   0   0   0  20   0   0   0   0   0   0   0   0   0   0  46   0   0   0   0  0.35 0.01
  271 Y    -2  -2  -2  -3  -3  -2  -2  -3   2  -2  -1  -2  -1   3  -3  -2  -2   2   7  -1    0   0   0   0   0   0   0   0   0   0   0   0   0   0   0   0   0   0 100   0  0.94 0.02
  272 G     0  -2   3   0  -3  -1  -1   5  -1  -4  -4  -1  -3  -3  -2   0  -1  -3  -3  -3    0   0  34   0   0   0   0  66   0   0   0   0   0   0   0   0   0   0   0   0  0.72 0.01
  273 R    -1   5  -1  -2  -3   1  -1  -3  -1  -1   0   1   3  -2  -2  -1  -1  -2  -2  -1    0  66   0   0   0   0   0   0   0   0   0   0  34   0   0   0   0   0   0   0  0.42 0.02
  274 G     1  -2   0  -1  -2  -1  -1   5  -2  -3  -3  -1  -2  -3  -2   2   0  -3  -3  -3    0   0   0   0   0   0   0  66   0   0   0   0   0   0   0  34   0   0   0   0  0.66 0.01
  275 I    -1  -3  -3  -3  -1  -3  -3  -4  -3   5   2  -3   1   0  -3  -3  -1  -3  -1   3    0   0   0   0   0   0   0   0   0 100   0   0   0   0   0   0   0   0   0   0  0.43 0.02
  276 R    -1   4   0   0  -3   1   3   2  -1  -3  -3   1  -2  -3  -2  -1  -1  -3  -2  -3    0  46   0   0   0   0  34  20   0   0   0   0   0   0   0   0   0   0   0   0  0.44 0.01
  277 V    -1   0  -2  -2  -2  -1  -1  -3  -2   2   0   2   0  -1  -2  -1   0  -3  -2   3    0   0   0   0   0   0   0   0   0  20   0  34   0   0   0   0   0   0   0  46  0.16 0.01
  278 L    -1  -2  -3  -4  -1  -2  -3  -4  -3   2   3  -3   2   0  -3  -2  -1  -2  -1   2    0   0   0   0   0   0   0   0   0   0  66   0   0   0   0   0   0   0   0  34  0.36 0.01
  279 P    -1  -2  -1   3  -3  -1   0  -2  -2  -3  -3  -1  -3  -4   7  -1  -1  -4  -3  -3    0   0   0  34   0   0   0   0   0   0   0   0   0   0  66   0   0   0   0   0  1.32 0.01
  280 E     0  -1   0   3  -3   1   4  -1  -1  -3  -3   0  -2  -3  -1   2   0  -3  -2  -2    0   0   0  17   0   0  48   0   0   0   0   0   0   0   0  34   0   0   0   0  0.47 0.01
  281 S     0  -1   2   1  -2   1   3  -1  -1  -2  -2   0  -2  -3  -1   1   2  -3  -2  -2    0   0  20   0   0   0  34   0   0   0   0   0   0   0   0  14  31   0   0   0  0.34 0.01
  282 N    -1   0   4   1  -3   1   3  -1   0  -3  -3   0  -2  -3  -2   1   0  -3  -2  -3    0   0  48   0   0   0  34   0   0   0   0   0   0   0   0  17   0   0   0   0  0.47 0.01
  283 S     0  -2  -1  -1  -2  -1  -1  -2  -2  -3  -3  -1  -2  -3   7   2   0  -4  -3  -2    0   0   0   0   0   0   0   0   0   0   0   0   0   0  72  28   0   0   0   0  1.36 0.02
  284 D    -1  -1   0   4   4   0   3  -2  -1  -3  -3   0  -3  -3  -2   0  -1  -4  -3  -3    0   0   0  48  17   0  34   0   0   0   0   0   0   0   0   0   0   0   0   0  0.57 0.01
  285 V    -1  -3  -3  -4  -1  -2  -3  -4  -3   2   2  -3   1   0  -3  -2   0  -3  -1   3    0   0   0   0   0   0   0   0   0   0  34   0   0   0   0   0   0   0   0  66  0.33 0.01
  286 D    -2  -1   4   4  -3   0   2  -1   0  -3  -4   0  -3  -3  -2   0  -1  -4  -3  -3    0   0  34  46   0   0  20   0   0   0   0   0   0   0   0   0   0   0   0   0  0.62 0.01
  287 Q    -1   0   0   1  -4   4   4  -2   0  -3  -3   1  -1  -3  -1   0  -1  -3  -2  -3    0   0   0   0   0  46  54   0   0   0   0   0   0   0   0   0   0   0   0   0  0.63 0.01
  288 L    -2  -3  -4  -4  -1  -3  -3  -4  -3   3   3  -3   2   0  -3  -3  -1  -2  -1   2    0   0   0   0   0   0   0   0   0  34  66   0   0   0   0   0   0   0   0   0  0.40 0.01
  289 K    -1   2   0  -1  -3   1   1  -2  -1  -3  -3   5  -2  -3  -1   0  -1  -3  -2  -2    0   0   0   0   0   0   0   0   0   0   0 100   0   0   0   0   0   0   0   0  0.56 0.02
  290 K     0   1   0  -1  -2   1   0  -1  -1  -3  -3   3  -2  -3  -1   3   1  -3  -2  -2    0   0   0   0   0   0   0   0   0   0   0  46   0   0   0  54   0   0   0   0  0.36 0.01
  291 D     1  -2   0   4  -2  -1   0  -1  -1  -2  -1  -1  -1   3  -2   0  -1  -1   0  -1   26   0   0  43   0   0   0   0   0   0   0   0   0  31   0   0   0   0   0   0  0.27 0.00
  292 L    -2  -2  -4  -4  -1  -2  -3  -4  -3   2   4  -3   2   0  -3  -3  -1  -2  -1   1    0   0   0   0   0   0   0   0   0   0 100   0   0   0   0   0   0   0   0   0  0.46 0.00
  293 E    -1   0   0   2  -4   2   5  -2   0  -3  -3   1  -2  -3  -1   0  -1  -3  -2  -3    0   0   0   0   0   0 100   0   0   0   0   0   0   0   0   0   0   0   0   0  0.74 0.00
  294 S     0  -2   0  -1   6  -1  -1   3  -2  -2  -2  -1  -2  -3  -2   2   0  -3  -2  -2    0   0   0   0  31   0   0  26   0   0   0   0   0   0   0  43   0   0   0   0  0.43 0.00
  295 A     3  -2  -2  -2  -1  -1  -1  -1  -2   0  -1  -1   0  -2  -1   1   0  -3  -2   2   69   0   0   0   0   0   0   0   0   0   0   0   0   0   0   0   0   0   0  31  0.25 0.00
  296 N    -1   0   5   1  -3   1   3  -1   0  -3  -3   0  -2  -3  -2   0   0  -4  -2  -3    0   0  69   0   0   0  31   0   0   0   0   0   0   0   0   0   0   0   0   0  0.57 0.00
  297 L    -2  -2  -4  -4  -1  -2  -3  -4  -3   2   4  -3   2   0  -3  -3  -1  -2  -1   1    0   0   0   0   0   0   0   0   0   0 100   0   0   0   0   0   0   0   0   0  0.46 0.00
  298 T     0  -1   0  -1  -1  -1  -1  -2  -2  -1  -1  -1  -1  -2  -1   1   5  -3  -2   0    0   0   0   0   0   0   0   0   0   0   0   0   0   0   0   0 100   0   0   0  0.47 0.00
  299 A     4  -1  -2  -2   0  -1  -1   0  -2  -1  -2  -1  -1  -2  -1   1   0  -3  -2   0  100   0   0   0   0   0   0   0   0   0   0   0   0   0   0   0   0   0   0   0  0.40 0.00

                      K         Lambda
Standard Ungapped    0.1363     0.3207
Standard Gapped      0.0382     0.2670
PSI Ungapped         0.1250     0.3177
PSI Gapped           0.0382     0.2670
