
Last position-specific scoring matrix computed, weighted observed percentages rounded down, information per position, and relative weight of gapless real matches to pseudocounts
           A  R  N  D  C  Q  E  G  H  I  L  K  M  F  P  S  T  W  Y  V   A   R   N   D   C   Q   E   G   H   I   L   K   M   F   P   S   T   W   Y   V
    1 M   -1 -1 -2 -3 -1  0 -2 -3 -2  1  2 -1  5  0 -2 -1 -1 -1 -1  1    0   0   0   0   0   0   0   0   0   0   0   0   0   0   0   0   0   0   0   0  0.00     0.00
    2 M   -1 -1 -2 -3 -1  0 -2 -3 -2  1  2 -1  5  0 -2 -1 -1 -1 -1  1    0   0   0   0   0   0   0   0   0   0   0   0   0   0   0   0   0   0   0   0  0.00     0.00
    3 G    0 -2  0 -1 -2 -2 -2  6 -2 -4 -4 -2 -3 -3 -2  0 -2 -2 -3 -3    0   0   0   0   0   0   0   0   0   0   0   0   0   0   0   0   0   0   0   0  0.00     0.00
    4 H   -2  0  1 -1 -3  0  0 -2  7 -3 -3 -1 -2 -1 -2 -1 -2 -2  2 -3    0   0   0   0   0   0   0   0   0   0   0   0   0   0   0   0   0   0   0   0  0.00     0.00
    5 H   -2  0  1 -1 -3  0  0 -2  7 -3 -3 -1 -2 -1 -2 -1 -2 -2  2 -3    0   0   0   0   0   0   0   0   0   0   0   0   0   0   0   0   0   0   0   0  0.00     0.00
    6 H   -2  0  1 -1 -3  0  0 -2  7 -3 -3 -1 -2 -1 -2 -1 -2 -2  2 -3    0   0   0   0   0   0   0   0   0   0   0   0   0   0   0   0   0   0   0   0  0.00     0.00
    7 H   -2  0  1 -1 -3  0  0 -2  7 -3 -3 -1 -2 -1 -2 -1 -2 -2  2 -3    0   0   0   0   0   0   0   0   0   0   0   0   0   0   0   0   0   0   0   0  0.00     0.00
    8 H   -2  0  1 -1 -3  0  0 -2  7 -3 -3 -1 -2 -1 -2 -1 -2 -2  2 -3    0   0   0   0   0   0   0   0   0   0   0   0   0   0   0   0   0   0   0   0  0.00     0.00
    9 H   -2  0  1 -1 -3  0  0 -2  7 -3 -3 -1 -2 -1 -2 -1 -2 -2  2 -3    0   0   0   0   0   0   0   0   0   0   0   0   0   0   0   0   0   0   0   0  0.00     0.00
   10 H   -2  0  1 -1 -3  0  0 -2  7 -3 -3 -1 -2 -1 -2 -1 -2 -2  2 -3    0   0   0   0   0   0   0   0   0   0   0   0   0   0   0   0   0   0   0   0  0.00     0.00
   11 H   -2  0  1 -1 -3  0  0 -2  7 -3 -3 -1 -2 -1 -2 -1 -2 -2  2 -3    0   0   0   0   0   0   0   0   0   0   0   0   0   0   0   0   0   0   0   0  0.00     0.00
   12 H   -2  0  1 -1 -3  0  0 -2  7 -3 -3 -1 -2 -1 -2 -1 -2 -2  2 -3    0   0   0   0   0   0   0   0   0   0   0   0   0   0   0   0   0   0   0   0  0.00     0.00
   13 H   -2  0  1 -1 -3  0  0 -2  7 -3 -3 -1 -2 -1 -2 -1 -2 -2  2 -3    0   0   0   0   0   0   0   0   0   0   0   0   0   0   0   0   0   0   0   0  0.00     0.00
   14 S    1 -1  1  0 -1  0  0  0 -1 -2 -2  0 -1 -2 -1  4  1 -3 -2 -2    0   0   0   0   0   0   0   0   0   0   0   0   0   0   0   0   0   0   0   0  0.00     0.00
   15 S    1 -1  1  0 -1  0  0  0 -1 -2 -2  0 -1 -2 -1  4  1 -3 -2 -2    0   0   0   0   0   0   0   0   0   0   0   0   0   0   0   0   0   0   0   0  0.00     0.00
   16 G    0 -2  0 -1 -2 -2 -2  6 -2 -4 -4 -2 -3 -3 -2  0 -2 -2 -3 -3    0   0   0   0   0   0   0   0   0   0   0   0   0   0   0   0   0   0   0   0  0.00     0.00
   17 H   -2  0  1 -1 -3  0  0 -2  7 -3 -3 -1 -2 -1 -2 -1 -2 -2  2 -3    0   0   0   0   0   0   0   0   0   0   0   0   0   0   0   0   0   0   0   0  0.00     0.00
   18 I   -1 -3 -3 -3 -1 -3 -3 -4 -3  4  2 -3  1  0 -3 -2 -1 -3 -1  3    0   0   0   0   0   0   0   0   0   0   0   0   0   0   0   0   0   0   0   0  0.00     0.00
   19 E   -1  0  0  1 -4  2  5 -2  0 -3 -3  1 -2 -3 -1  0 -1 -3 -2 -2    0   0   0   0   0   0   0   0   0   0   0   0   0   0   0   0   0   0   0   0  0.00     0.00
   20 G    0 -2  0 -1 -2 -2 -2  6 -2 -4 -4 -2 -3 -3 -2  0 -2 -2 -3 -3    0   0   0   0   0   0   0   0   0   0   0   0   0   0   0   0   0   0   0   0  0.00     0.00
   21 R   -1  5  0 -2 -3  1  0 -2  0 -3 -2  2 -1 -3 -2 -1 -1 -3 -2 -2    0   0   0   0   0   0   0   0   0   0   0   0   0   0   0   0   0   0   0   0  0.00     0.00
   22 H   -2  0  1 -1 -3  0  0 -2  7 -3 -3 -1 -2 -1 -2 -1 -2 -2  2 -3    0   0   0   0   0   0   0   0   0   0   0   0   0   0   0   0   0   0   0   0  0.00     0.00
   23 A    4 -1 -2 -2  0 -1 -1  0 -2 -1 -1 -1 -1 -2 -1  1  0 -2 -2  0    0   0   0   0   0   0   0   0   0   0   0   0   0   0   0   0   0   0   0   0  0.00     0.00
   24 I   -1 -3 -3 -3 -1 -3 -3 -4 -3  4  2 -3  1  0 -3 -2 -1 -3 -1  3    0   0   0   0   0   0   0   0   0   0   0   0   0   0   0   0   0   0   0   0  0.00     0.00
   25 T    0 -1  0 -1 -1 -1 -1 -2 -2 -1 -1 -1 -1 -2 -1  1  4 -2 -2  0    0   0   0   0   0   0   0   0   0   0   0   0   0   0   0   0   0   0   0   0  0.00     0.00
   26 K   -1  2  0 -1 -3  1  1 -2 -1 -3 -2  4 -1 -3 -1  0 -1 -3 -2 -2    0   0   0   0   0   0   0   0   0   0   0   0   0   0   0   0   0   0   0   0  0.00     0.00
   27 P   -1 -2 -2 -1 -3 -1 -1 -2 -2 -3 -3 -1 -2 -4  7 -1 -1 -4 -3 -2    0   0   0   0   0   0   0   0   0   0   0   0   0   0   0   0   0   0   0   0  0.00     0.00
   28 L   -1 -2 -3 -4 -1 -2 -3 -4 -3  2  4 -2  2  0 -3 -2 -1 -2 -1  1    0   0   0   0   0   0   0   0   0   0   0   0   0   0   0   0   0   0   0   0  0.00     0.00
   29 L   -1 -2 -3 -4 -1 -2 -3 -4 -3  2  4 -2  2  0 -3 -2 -1 -2 -1  1    0   0   0   0   0   0   0   0   0   0   0   0   0   0   0   0   0   0   0   0  0.00     0.00
   30 A    4 -1 -2 -2  0 -1 -1  0 -2 -1 -1 -1 -1 -2 -1  1  0 -2 -2  0    0   0   0   0   0   0   0   0   0   0   0   0   0   0   0   0   0   0   0   0  0.00     0.00
   31 A    4 -1 -2 -2  0 -1 -1  0 -2 -1 -1 -1 -1 -2 -1  1  0 -2 -2  0    0   0   0   0   0   0   0   0   0   0   0   0   0   0   0   0   0   0   0   0  0.00     0.00
   32 T    0 -1  0 -1 -1 -1 -1 -2 -2 -1 -1 -1 -1 -2 -1  1  4 -2 -2  0    0   0   0   0   0   0   0   0   0   0   0   0   0   0   0   0   0   0   0   0  0.00     0.00
   33 L   -1 -2 -3 -4 -1 -2 -3 -4 -3  2  4 -2  2  0 -3 -2 -1 -2 -1  1    0   0   0   0   0   0   0   0   0   0   0   0   0   0   0   0   0   0   0   0  0.00     0.00
   34 E   -1  0  0  1 -4  2  5 -2  0 -3 -3  1 -2 -3 -1  0 -1 -3 -2 -2    0   0   0   0   0   0   0   0   0   0   0   0   0   0   0   0   0   0   0   0  0.00     0.00
   35 N   -2  0  6  1 -3  0  0  0  1 -3 -3  0 -2 -3 -2  1  0 -4 -2 -3    0   0   0   0   0   0   0   0   0   0   0   0   0   0   0   0   0   0   0   0  0.00     0.00
   36 I   -1 -3 -3 -3 -1 -3 -3 -4 -3  4  2 -3  1  0 -3 -2 -1 -3 -1  3    0   0   0   0   0   0   0   0   0   0   0   0   0   0   0   0   0   0   0   0  0.00     0.00
   37 E   -1  0  0  1 -4  2  5 -2  0 -3 -3  1 -2 -3 -1  0 -1 -3 -2 -2    0   0   0   0   0   0   0   0   0   0   0   0   0   0   0   0   0   0   0   0  0.00     0.00
   38 D   -2 -2  1  6 -3  0  1 -1 -1 -3 -4 -1 -3 -3 -1  0 -1 -4 -3 -3    0   0   0   0   0   0   0   0   0   0   0   0   0   0   0   0   0   0   0   0  0.00     0.00
   39 V    0 -2 -3 -3 -1 -2 -2 -3 -3  3  1 -2  1 -1 -2 -2  0 -3 -1  4    0   0   0   0   0   0   0   0   0   0   0   0   0   0   0   0   0   0   0   0  0.00     0.00
   40 Q   -1  1  0  0 -3  5  2 -2  0 -3 -2  1  0 -3 -1  0 -1 -2 -1 -2    0   0   0   0   0   0   0   0   0   0   0   0   0   0   0   0   0   0   0   0  0.00     0.00
   41 F   -2 -3 -3 -3 -2 -3 -3 -3 -1  0  0 -3  0  6 -4 -2 -2  1  3 -1    0   0   0   0   0   0   0   0   0   0   0   0   0   0   0   0   0   0   0   0  0.00     0.00
   42 P   -1 -2 -2 -1 -3 -1 -1 -2 -2 -3 -3 -1 -2 -4  7 -1 -1 -4 -3 -2    0   0   0   0   0   0   0   0   0   0   0   0   0   0   0   0   0   0   0   0  0.00     0.00
   43 C    0 -3 -3 -3  8 -3 -4 -2 -3 -1 -1 -3 -1 -2 -3 -1 -1 -2 -2 -1    0   0   0   0   0   0   0   0   0   0   0   0   0   0   0   0   0   0   0   0  0.00     0.00
   44 L   -1 -2 -3 -4 -1 -2 -3 -4 -3  2  4 -2  2  0 -3 -2 -1 -2 -1  1    0   0   0   0   0   0   0   0   0   0   0   0   0   0   0   0   0   0   0   0  0.00     0.00
   45 A    4 -1 -2 -2  0 -1 -1  0 -2 -1 -1 -1 -1 -2 -1  1  0 -2 -2  0    0   0   0   0   0   0   0   0   0   0   0   0   0   0   0   0   0   0   0   0  0.00     0.00
   46 T    1 -1  0 -1 -1  0 -1 -1 -1 -2 -2  0 -1 -2 -1  3  4 -3 -2 -1    0   0   0   0   0   0   0   0   0   0   0   0   0   0   0  50  50   0   0   0  0.39 0.00
   47 P   -1 -1 -1  0 -3  1  4 -2 -1 -3 -3  0 -2 -4  6 -1 -1 -3 -3 -3    0   0   0   0   0   0  50   0   0   0   0   0   0   0  50   0   0   0   0   0  1.01 0.00
   48 K   -1  2  0 -1 -3  1  1 -2 -1 -3 -3  5 -1 -3 -1  0 -1 -3 -2 -2    0   0   0   0   0   0   0   0   0   0   0 100   0   0   0   0   0   0   0   0  0.52 0.00
   49 I   -2 -3 -4 -4 -1 -3 -3 -4 -3  3  3 -3  2  0 -3 -3 -1 -2 -1  2    0   0   0   0   0   0   0   0   0  50  50   0   0   0   0   0   0   0   0   0  0.37 0.00
   50 D   -2 -2  1  6 -4  0  2 -1 -1 -3 -4 -1 -3 -4 -2  0 -1 -5 -3 -3    0   0   0 100   0   0   0   0   0   0   0   0   0   0   0   0   0   0   0   0  0.93 0.00
   51 G    0 -3  0 -1 -3 -2 -2  6 -2 -4 -4 -2 -3 -3 -2  0 -2 -3 -3 -3    0   0   0   0   0   0   0 100   0   0   0   0   0   0   0   0   0   0   0   0  1.04 0.00
   52 I   -1 -3 -3 -3 -1 -3 -3 -4 -3  4  1 -3  1 -1 -3 -2  0 -3 -1  3    0   0   0   0   0   0   0   0   0  50   0   0   0   0   0   0   0   0   0  50  0.35 0.00
   53 R   -2  6  0 -2 -4  1  0 -3  0 -3 -2  2 -1 -3 -2 -1 -1 -3 -2 -3    0 100   0   0   0   0   0   0   0   0   0   0   0   0   0   0   0   0   0   0  0.75 0.00
   54 S    1 -2  0 -1 -2 -1 -1  4 -2 -3 -3 -1 -2 -3 -2  3  0 -3 -2 -2    0   0   0   0   0   0   0  50   0   0   0   0   0   0   0  50   0   0   0   0  0.53 0.00
   55 V   -1 -2 -3 -3 -2 -2 -2 -3  0  1  0 -2  0  2 -3 -2 -1  1  5  2    0   0   0   0   0   0   0   0   0   0   0   0   0   0   0   0   0   0  50  50  0.37 0.00
   56 K   -1  1  4  0 -3  1  0 -1  0 -3 -3  3 -2 -3 -2  0  0 -4 -2 -3    0   0  50   0   0   0   0   0   0   0   0  50   0   0   0   0   0   0   0   0  0.45 0.00
   57 Q    0  0  0 -1 -3  4  1  4 -1 -3 -3  0 -1 -3 -2  0 -1 -2 -2 -3    0   0   0   0   0  50   0  50   0   0   0   0   0   0   0   0   0   0   0   0  0.54 0.00
   58 T    0  1  0 -1 -2  0  0 -2 -1 -2 -2  3 -1 -3 -1  1  3 -3 -2 -1    0   0   0   0   0   0   0   0   0   0   0  50   0   0   0   0  50   0   0   0  0.32 0.00
   59 Q   -1  1  0  0 -3  6  2 -2  0 -3 -2  1  0 -3 -1  0 -1 -2 -2 -2    0   0   0   0   0 100   0   0   0   0   0   0   0   0   0   0   0   0   0   0  0.66 0.01
   60 M   -1 -2 -3 -4 -1 -1 -3 -3 -2  1  3 -2  5  0 -3 -2 -1 -2 -1  1    0   0   0   0   0   0   0   0   0   0  50   0  50   0   0   0   0   0   0   0  0.35 0.00
   61 L   -2 -2 -4 -4 -1 -2 -3 -4 -3  2  4 -3  2  0 -3 -3 -1 -2 -1  1    0   0   0   0   0   0   0   0   0   0 100   0   0   0   0   0   0   0   0   0  0.46 0.00
   62 S    1 -1  0 -1 -1  0 -1 -1 -1 -2 -2  0 -1 -2 -1  3  4 -3 -2 -1    0   0   0   0   0   0   0   0   0   0   0   0   0   0   0  50  50   0   0   0  0.39 0.00
   63 R   -2  6  0 -2 -4  1  0 -3  0 -3 -2  2 -1 -3 -2 -1 -1 -3 -2 -3    0 100   0   0   0   0   0   0   0   0   0   0   0   0   0   0   0   0   0   0  0.75 0.00
   64 T    0  0  0 -1 -2  4  1 -2  0 -2 -2  0 -1 -3 -1  1  3 -2 -2 -1    0   0   0   0   0  50   0   0   0   0   0   0   0   0   0   0  50   0   0   0  0.38 0.00
   65 F   -1 -3 -2 -2 -3 -3 -3  4 -2 -2 -1 -2 -1  5 -3 -1 -2  0  1 -2    0   0   0   0   0   0   0  50   0   0   0   0   0  50   0   0   0   0   0   0  0.49 0.00
   66 K   -1  2  0 -1 -3  4  1 -2  0 -3 -2  4 -1 -3 -1  0 -1 -3 -2 -2    0   0   0   0   0  50   0   0   0   0   0  50   0   0   0   0   0   0   0   0  0.49 0.00
   67 P    0 -1 -1 -1 -1  0  0 -1 -1 -1 -1  0 -1 -2  6  0  0 -1 -1 -1    4   3   2   3   1   2   3   4   1   3   5   3   1   2  53   4   3   1   2   3  0.76 0.00
   68 I   -1 -1 -1 -1 -1 -1 -1 -1 -1  3  1 -1  1  0 -1 -1  0 -1 -1  2    4   3   2   3   1   2   3   4   1  53   5   3   1   2   3   4   3   1   2   3  0.06 0.00
   69 R   -2  6  0 -2 -4  1  0 -3  0 -3 -2  2 -1 -3 -2 -1 -1 -3 -2 -3    0 100   0   0   0   0   0   0   0   0   0   0   0   0   0   0   0   0   0   0  0.75 0.00
   70 N   -2 -1  4  0 -2 -1 -1 -2 -1  0  2 -1  1 -1 -3 -1 -1 -3 -2 -1    0   0  50   0   0   0   0   0   0   0  50   0   0   0   0   0   0   0   0   0  0.24 0.00
   71 S    1 -1  1  0 -1  0  0  0 -1 -3 -3  0 -2 -3 -1  4  1 -3 -2 -2    0   0   0   0   0   0   0   0   0   0   0   0   0   0   0 100   0   0   0   0  0.46 0.00
   72 V   -1 -2 -3 -2 -2 -2 -2 -3 -3  1 -1 -2 -1 -2  6 -1 -1 -3 -2  2    0   0   0   0   0   0   0   0   0   0   0   0   0   0  50   0   0   0   0  50  0.79 0.00
   73 M   -1 -2 -2 -2 -2 -1 -2 -3 -2  0  1 -1  4 -1  6 -1 -1 -3 -2 -1    0   0   0   0   0   0   0   0   0   0   0   0  50   0  50   0   0   0   0   0  0.79 0.00
   74 N    3 -1  4  0 -1  0 -1  0  0 -2 -2  0 -2 -3 -1  1  0 -3 -2 -1   50   0  50   0   0   0   0   0   0   0   0   0   0   0   0   0   0   0   0   0  0.35 0.00
   75 R   -2  4 -1 -2 -3  0 -1 -3  1 -2 -2  1 -1  1 -3 -1 -1  1  5 -2    0  50   0   0   0   0   0   0   0   0   0   0   0   0   0   0   0   0  50   0  0.50 0.00
   76 L   -2 -3 -3 -4 -2 -3 -3 -4 -2  1  3 -3  1  5 -3 -3 -2  0  2  0    0   0   0   0   0   0   0   0   0   0  50   0   0  50   0   0   0   0   0   0  0.43 0.00
   77 L   -2 -3 -4 -4 -1 -3 -3 -4 -3  3  3 -3  2  0 -3 -3 -1 -2 -1  2    0   0   0   0   0   0   0   0   0  50  50   0   0   0   0   0   0   0   0   0  0.37 0.00
   78 T    0  1  0 -1 -2  0  0 -2 -1 -2 -2  3 -1 -3 -1  1  3 -3 -2 -1    0   0   0   0   0   0   0   0   0   0   0  50   0   0   0   0  50   0   0   0  0.32 0.00
   79 E   -1 -1  1  5 -4  1  4 -2 -1 -3 -3  0 -3 -4 -1  0 -1 -4 -3 -3    0   0   0  50   0   0  50   0   0   0   0   0   0   0   0   0   0   0   0   0  0.69 0.00
   80 L   -2 -3 -3 -4 -2 -3 -3 -4 -2  1  3 -3  1  5 -3 -3 -2  0  2  0    0   0   0   0   0   0   0   0   0   0  50   0   0  50   0   0   0   0   0   0  0.43 0.00
   81 L   -1 -2 -3 -3 -2 -2 -2 -3 -3  0  2 -2  1 -1  6 -2 -1 -3 -2  0    0   0   0   0   0   0   0   0   0   0  50   0   0   0  50   0   0   0   0   0  0.80 0.00
   82 P   -1 -2 -2 -2 -3 -1 -1 -2 -2 -3 -3 -1 -3 -4  8 -1 -1 -4 -3 -3    0   0   0   0   0   0   0   0   0   0   0   0   0   0 100   0   0   0   0   0  2.05 0.01
   83 E   -2 -1 -1  0 -3  0  3 -3 -1 -1 -1 -1 -1  5 -2 -1 -2  0  2 -2    0   0   0   0   0   0  50   0   0   0   0   0   0  50   0   0   0   0   0   0  0.36 0.00
   84 G    3 -2 -1 -2 -1 -1 -2  4 -2 -2 -3 -1 -2 -3 -2  1 -1 -3 -3 -1   50   0   0   0   0   0   0  50   0   0   0   0   0   0   0   0   0   0   0   0  0.52 0.00
   85 S    0 -2 -2 -2 -1 -2 -2 -2 -2  2  2 -2  1  0 -2  1  0 -2 -1  1    0   0   0   0   0   0   0   0   0  30  39   0   0   0   0  31   0   0   0   0  0.17 0.01
   86 D   -2 -2  1  6 -4  0  2 -2 -1 -3 -4 -1 -3 -4 -2  0 -1 -5 -3 -3    0   0   0 100   0   0   0   0   0   0   0   0   0   0   0   0   0   0   0   0  0.98 0.02
   87 G    0 -3 -1 -1 -3 -2 -2  6 -2 -4 -4 -2 -3 -3 -2  0 -2 -3 -3 -3    0   0   0   0   0   0   0 100   0   0   0   0   0   0   0   0   0   0   0   0  1.08 0.02
   88 E   -1  0  0  2 -4  2  5 -2  0 -4 -3  1 -2 -4 -1  0 -1 -3 -2 -3    0   0   0   0   0   0 100   0   0   0   0   0   0   0   0   0   0   0   0   0  0.78 0.02
   89 I   -2 -3 -4 -4 -1 -3 -3 -4 -3  3  4 -3  2  0 -3 -3 -1 -2 -1  2    0   0   0   0   0   0   0   0   0  31  69   0   0   0   0   0   0   0   0   0  0.40 0.01
   90 S   -1 -2 -1 -2 -2 -1 -2 -2  0 -1 -1 -2 -1  4 -2  1  0  1  5 -1    0   0   0   0   0   0   0   0   0   0   0   0   0  30   0  31   0   0  39   0  0.40 0.01
   91 I    0 -2 -2 -2 -1 -2 -2 -2 -2  2  2 -2  1  0 -2  1  0 -2 -1  1    0   0   0   0   0   0   0   0   0  31  39   0   0   0   0  30   0   0   0   0  0.17 0.01
   92 E   -1  0  0  1 -4  1  4 -2  6 -4 -3  0 -2 -3 -2 -1 -1 -3  0 -3    0   0   0   0   0   0  61   0  39   0   0   0   0   0   0   0   0   0   0   0  0.60 0.02
   93 G   -1  4  0 -2 -3  0 -1  3  4 -4 -3  1 -2 -3 -2 -1 -2 -3 -1 -3    0  49   0   0   0   0   0  31  20   0   0   0   0   0   0   0   0   0   0   0  0.45 0.01
   94 A    2  1  3  0 -2  0  0 -1 -1 -3 -3  3 -2 -3 -1  0  0 -3 -2 -2   31   0  30   0   0   0   0   0   0   0   0  39   0   0   0   0   0   0   0   0  0.29 0.01
   95 T   -1 -1  0 -1 -2 -1 -1 -2  5 -2 -2 -1 -2 -2  5  0  2 -3 -1 -2    0   0   0   0   0   0   0   0  30   0   0   0   0   0  39   0  31   0   0   0  0.70 0.01
   96 F   -2 -3 -3 -4 -2 -3 -3 -4 -2  1  2 -3  1  5 -4 -3 -2  0  2  0    0   0   0   0   0   0   0   0   0   0  39   0   0  61   0   0   0   0   0   0  0.50 0.01
   97 Q   -1  1  0  0 -3  5  3 -2  0 -3 -3  1 -1 -4 -1  0 -1 -2 -2 -3    0   0   0   0   0  70  30   0   0   0   0   0   0   0   0   0   0   0   0   0  0.63 0.02
   98 D   -2 -2 -1  3 -3  0  3 -2 -1 -3 -3 -1 -2 -1 -2 -1 -2  8  0 -3    0   0   0  31   0   0  30   0   0   0   0   0   0   0   0   0   0  39   0   0  0.89 0.02
   99 T   -1 -3 -2 -3 -1 -2 -2 -3 -3  4  1 -2  1 -1 -2 -1  2 -3 -2  2    0   0   0   0   0   0   0   0   0  69   0   0   0   0   0   0  31   0   0   0  0.26 0.01
  100 T    0 -1  0  0 -1  0  0 -1 -1 -1 -1  0 -1 -1  0  2  3 -1 -1 -1    3   2   2   2   1   2   2   3   1   2   4   2   1   1   2  33  33   1   1   3  0.19 0.00
  101 S    0 -1  0  0 -1  0  0 -1 -1 -1 -1  0 -1 -1  0  2  3 -1 -1 -1    3   2   2   2   1   2   2   3   1   2   4   2   1   1   2  34  32   1   1   3  0.19 0.00
  102 A    3 -2 -2 -2 -1 -1 -2 -1 -2  2  0 -1  0 -2 -1  0  0 -3 -2  1   70   0   0   0   0   0   0   0   0  30   0   0   0   0   0   0   0   0   0   0  0.24 0.01
  103 V    0 -2 -1 -2 -2 -2 -2  3 -2  0 -1 -2 -1 -2 -2  0  2 -3 -2  1    0   0   0   0   0   0   0  39   0   0   0   0   0   0   0   0  30   0   0  31  0.28 0.01
  104 M   -1  1 -1 -1 -3  4  1 -2  0 -1  0  3  3 -2 -2 -1 -1 -2 -2 -1    0   0   0   0   0  39   0   0   0   0   0  30  31   0   0   0   0   0   0   0  0.29 0.01
  105 T    3 -1  0 -1 -1 -1 -1  0 -2 -2 -2 -1 -1 -2 -1  3  3 -3 -2 -1   39   0   0   0   0   0   0   0   0   0   0   0   0   0   0  30  31   0   0   0  0.32 0.01
  106 G   -1 -2  4  0 -3 -1 -2  3 -1 -2 -2 -1 -2  3 -3  0 -1 -1  0 -2    0   0  39   0   0   0   0  31   0   0   0   0   0  30   0   0   0   0   0   0  0.34 0.01
  107 H    2  0  0 -1 -2  0  0 -1  5 -2 -2  2 -1 -2 -1  0 -1 -3  0 -2   39   0   0   0   0   0   0   0  31   0   0  30   0   0   0   0   0   0   0   0  0.29 0.01
  108 K   -1  1  0 -1 -3  1  0  3 -1 -3 -3  4 -2 -3 -1  0 -1 -3 -2 -3    0   0   0   0   0   0   0  30   0   0   0  70   0   0   0   0   0   0   0   0  0.44 0.01
  109 M   -1 -2  0  3 -2 -1  0 -2 -2  0  0 -1  3 -1 -2  0  1 -3 -2  1    0   0   0  30   0   0   0   0   0   0   0   0  31   0   0   0  19   0   0  20  0.17 0.01
  110 Y   -1 -2  0  4 -3 -1  0  3  0 -3 -3 -1 -2  0 -2 -1 -2  0  4 -3    0   0   0  39   0   0   0  30   0   0   0   0   0   0   0   0   0   0  31   0  0.42 0.01
  111 N    0 -1  3  0 -2 -1 -1 -1 -1 -3 -3 -1 -2 -1 -2  2  0  8  0 -3    0   0  31   0   0   0   0   0   0   0   0   0   0   0   0  39   0  30   0   0  0.63 0.02
  112 A    2 -1  0  0 -1  0  3 -1 -1 -2 -2  0 -2 -3 -1  3  0 -3 -2 -1   31   0   0   0   0   0  30   0   0   0   0   0   0   0   0  39   0   0   0   0  0.33 0.01
  113 K   -1  1  0  0 -4  2  3 -2 -1 -3 -3  4 -2 -3 -1  0 -1 -3 -2 -3    0   0   0   0   0   0  39   0   0   0   0  61   0   0   0   0   0   0   0   0  0.50 0.01
  114 F   -2 -3 -4 -4 -2 -3 -3 -4 -2  1  3 -3  2  4 -3 -3 -2 -1  1  0    0   0   0   0   0   0   0   0   0   0  69   0   0  31   0   0   0   0   0   0  0.41 0.01
  115 S    0  1  0 -1 -2  1  0 -1  6 -3 -3  2 -2 -2 -1  2  0 -3  0 -3    0   0   0   0   0   0   0   0  39   0   0  30   0   0   0  31   0   0   0   0  0.37 0.01
  116 Y   -2 -2 -3 -4 -2 -2 -3 -4  0  0  2 -3  1  5 -3 -2 -2  1  5  0    0   0   0   0   0   0   0   0   0   0  30   0   0  39   0   0   0   0  31   0  0.48 0.01
  117 Y   -2 -2 -2 -3 -3 -2 -2 -3  2 -2 -1 -2 -1  3 -3 -2 -2  2  7 -1    0   0   0   0   0   0   0   0   0   0   0   0   0   0   0   0   0   0 100   0  0.94 0.03
  118 W   -1 -3 -3 -4 -1 -2 -3 -3 -3  2  0 -3  0  0 -3 -2 -1  8  0  3    0   0   0   0   0   0   0   0   0   0   0   0   0   0   0   0   0  31   0  69  0.63 0.02
  119 F   -2 -3 -3 -4 -3 -4 -4 -3 -1  0  0 -3  0  7 -4 -3 -2  1  3 -1    0   0   0   0   0   0   0   0   0   0   0   0   0 100   0   0   0   0   0   0  0.80 0.02
  120 D   -2 -2  1  6 -4  0  2 -2 -1 -3 -4 -1 -3 -4 -2  0 -1 -5 -3 -3    0   0   0 100   0   0   0   0   0   0   0   0   0   0   0   0   0   0   0   0  0.98 0.02
  121 Y   -1 -2 -2 -2  7 -1 -2 -2  0 -1 -1 -2 -1  1 -2 -1 -1  0  4 -1    2   2   1   2  39   1   2   2   1   2   3   2   1   1   2   2   2   0  32   2  0.39 0.01
  122 V   -1 -2 -2 -2 -1 -2 -2 -2 -1  1  0 -2  0  4 -2 -1 -1  0  1  2    2   2   1   2   1   1   2   2   1   2   3   2   1  40   2   2   2   0   1  33  0.16 0.00
  123 T   -1 -2 -2 -3 -1 -2 -2 -3 -3  0 -1 -2 -1  0 -3 -1  2  8  0  2    0   0   0   0   0   0   0   0   0   0   0   0   0   0   0   0  31  39   0  30  0.70 0.02
  124 D    0 -2  0  3 -2 -1  0 -1 -1 -3 -3 -1 -2 -3  5  2  0 -4 -3 -2    0   0   0  31   0   0   0   0   0   0   0   0   0   0  30  39   0   0   0   0  0.63 0.01
  125 D   -2 -2  1  6 -4  0  2 -2 -1 -3 -4 -1 -3 -4 -2  0 -1 -5 -3 -3    0   0   0 100   0   0   0   0   0   0   0   0   0   0   0   0   0   0   0   0  0.98 0.02
  126 P    2  0 -1 -1 -2  3  0 -1 -1 -2 -2  0 -1 -3  5  0 -1 -3 -2 -2   30   0   0   0   0  39   0   0   0   0   0   0   0   0  31   0   0   0   0   0  0.57 0.01
  127 L   -1 -2 -2 -1 -2  0  2 -3 -2  1  3 -1  1  0 -2 -2 -1 -2 -1  0    0   0   0   0   0   0  30   0   0   0  70   0   0   0   0   0   0   0   0   0  0.26 0.01
  128 K   -1  1  0 -1 -3  4  1  3 -1 -3 -3  3 -1 -3 -2  0 -1 -3 -2 -3    0   0   0   0   0  39   0  30   0   0   0  31   0   0   0   0   0   0   0   0  0.41 0.01
  129 K   -1  0  3 -1 -2  0  0 -2 -1 -1  0  2  4 -2 -2  0 -1 -3 -2 -1    0   0  30   0   0   0   0   0   0   0   0  31  39   0   0   0   0   0   0   0  0.20 0.01
  130 Y   -1 -2 -3 -3 -2 -2 -2 -3 -1 -1  1 -2  0  1  5 -2 -1  0  4 -1    0   0   0   0   0   0   0   0   0   0  30   0   0   0  39   0   0   0  31   0  0.63 0.01
  131 I    0 -2 -1 -2 -2 -2 -2 -2 -2  2  0 -2  0  3 -2  2  0 -1  1  1    0   0   0   0   0   0   0   0   0  31   0   0   0  30   0  39   0   0   0   0  0.16 0.01
  132 D   -2 -1  4  4 -3  1  3 -1  0 -3 -4  0 -3 -3 -2  0 -1 -4 -3 -3    0   0  39  31   0   0  30   0   0   0   0   0   0   0   0   0   0   0   0   0  0.57 0.01
  133 R   -1  5  0 -1 -4  1  0 -2 -1 -3 -3  4 -2 -3 -2 -1 -1 -3 -2 -3    0  61   0   0   0   0   0   0   0   0   0  39   0   0   0   0   0   0   0   0  0.61 0.01
  134 V   -1  3 -2 -3 -2 -1 -2 -3 -2  1  2  0  1 -1 -3 -2 -1 -3 -1  2    0  39   0   0   0   0   0   0   0   0  30   0   0   0   0   0   0   0   0  31  0.21 0.01
  135 E    2  0 -1  0 -2  4  3 -1  0 -3 -2  1 -1 -3 -1  0 -1 -3 -2 -2   30   0   0   0   0  39  31   0   0   0   0   0   0   0   0   0   0   0   0   0  0.39 0.01
  136 D   -1  1  0  3 -3  4  2 -2  0 -3 -3  3 -1 -4 -1  0 -1 -3 -2 -3    0   0   0  31   0  39   0   0   0   0   0  30   0   0   0   0   0   0   0   0  0.47 0.01
  137 M   -1 -2 -3 -4 -1 -2 -3 -4 -3  1  4 -2  4  0 -3 -2 -1 -2 -1  1    0   0   0   0   0   0   0   0   0   0  69   0  31   0   0   0   0   0   0   0  0.40 0.01
  138 K   -1  1 -1 -2 -2  0  0 -2 -2  0  2  4  0 -1 -2 -1 -1 -3 -2 -1    0   0   0   0   0   0   0   0   0   0  39  61   0   0   0   0   0   0   0   0  0.23 0.01
  139 N    2 -1  3  0 -1 -1 -1 -1 -1 -2 -2 -1 -1 -3 -1  1  3 -3 -2 -1   30   0  31   0   0   0   0   0   0   0   0   0   0   0   0   0  39   0   0   0  0.30 0.01
  140 Y   -2 -1  4  0 -3  0 -1 -2  5 -3 -3 -1 -2  0 -3  0 -1  0  4 -3    0   0  39   0   0   0   0   0  30   0   0   0   0   0   0   0   0   0  31   0  0.48 0.01
  141 I   -2 -3 -4 -4 -1 -3 -3 -4 -3  4  3 -3  1  0 -3 -3 -1 -2 -1  2    0   0   0   0   0   0   0   0   0  70  30   0   0   0   0   0   0   0   0   0  0.38 0.01
  142 T   -1 -2 -2 -3 -2 -2 -2 -3 -2  0  2 -2  1  4 -3 -1  2 -1  1  0    0   0   0   0   0   0   0   0   0   0  30   0   0  39   0   0  31   0   0   0  0.26 0.01
  143 V   -1  1 -1  0 -2  1  3 -2 -1  0 -1  3 -1 -2 -2 -1 -1 -3 -2  1    0   0   0   0   0   0  30   0   0   0   0  39   0   0   0   0   0   0   0  31  0.22 0.01
  144 H   -1  0  0 -1 -3  4  1 -2  7 -3 -3  0 -1 -2 -2 -1 -1 -2  1 -3    0   0   0   0   0  39   0   0  61   0   0   0   0   0   0   0   0   0   0   0  0.65 0.02
  145 P   -1  0 -1 -1 -3  0  0 -2 -2 -3 -3  3 -2 -4  7 -1 -1 -4 -3 -3    0   0   0   0   0   0   0   0   0   0   0  39   0   0  61   0   0   0   0   0  1.14 0.02
  146 H   -1 -1  0  0 -3  1  3 -2  5 -2 -2  0 -2 -2 -2  0  2 -3  0 -2    0   0   0   0   0   0  39   0  31   0   0   0   0   0   0   0  30   0   0   0  0.39 0.01
  147 I   -1 -2  0  4 -2 -1  0 -2 -2  2 -1 -1 -1 -2 -2  0  2 -3 -2  0    0   0   0  39   0   0   0   0   0  31   0   0   0   0   0   0  30   0   0   0  0.25 0.01
  148 L   -2 -2 -3 -4 -2 -2 -3 -4 -1  1  3 -2  1  1 -3 -2 -1  0  4  0    0   0   0   0   0   0   0   0   0   0  70   0   0   0   0   0   0   0  30   0  0.39 0.01
  149 E   -1 -1 -1  0 -1  0  3 -1 -1  1  0  0  0 -1 -1  0  2 -2 -1  0    2   2   1   2   1   1  33   2   1  21   3   2   1   1   2   2  21   0   1   2  0.12 0.00
  150 H   -1 -1 -1 -1 -2 -1 -1 -2  5 -1 -1 -1 -1  4 -2 -1 -1  0  2 -1    2   2   1   2   1   1   2   2  32   2   3   2   1  40   2   2   2   0   1   2  0.26 0.01
  151 A    2  0  0  0  0  0  0  0 -1 -1 -1  0  0 -1  0  1  0 -1 -1  0   36   4   3   4   1   3   4   5   2   4   6   4   2   3   4   5   4   1   2   4  0.07 0.00
  152 Q    0  0  0  0 -1  3  1  0  0 -1 -1  1  0 -1  0  0  0 -1  0 -1    5   4   3   4   1  34   4   5   2   4   6   4   2   3   4   5   4   1   2   4  0.12 0.00
  153 V   -1 -3 -3 -3 -1 -3 -3 -4 -3  4  1 -3  1  0 -3 -2 -1 -3 -1  3    0   0   0   0   0   0   0   0   0  69   0   0   0   0   0   0   0   0   0  31  0.38 0.01
  154 K   -1  1  0  0 -3  1  3 -2  6 -3 -3  2 -2 -2 -2 -1 -1 -3  0 -3    0   0   0   0   0   0  30   0  39   0   0  31   0   0   0   0   0   0   0   0  0.47 0.01
  155 I   -1 -1 -2 -2 -2  3  0 -3 -1  3  1 -1  1 -1 -2 -1 -1 -3 -2  2    0   0   0   0   0  39   0   0   0  61   0   0   0   0   0   0   0   0   0   0  0.22 0.01
  156 I   -1 -3 -3 -3 -1 -3 -3 -4 -3  4  1 -3  1  0 -3 -2 -1 -3 -1  3    0   0   0   0   0   0   0   0   0  61   0   0   0   0   0   0   0   0   0  39  0.37 0.01
  157 P   -1 -1 -1  1 -4  1  4 -2 -1 -3 -3  0 -2 -4  5  0 -1 -3 -3 -3    0   0   0   0   0   0  69   0   0   0   0   0   0   0  31   0   0   0   0   0  0.81 0.02
  158 L   -1  0  4  0 -2  3  0 -2  0 -1  1  0  0 -2 -2  0 -1 -3 -2 -1    0   0  39   0   0  30   0   0   0   0  31   0   0   0   0   0   0   0   0   0  0.24 0.01
  159 I   -2 -3 -3 -4 -2 -3 -3 -4 -3  3  1 -3  1  4 -3 -3 -1 -1  1  2    0   0   0   0   0   0   0   0   0  61   0   0   0  39   0   0   0   0   0   0  0.37 0.01
  160 P    0 -2 -1 -1 -2 -1 -1 -1 -2 -3 -3 -1 -2 -3  7  2  0 -4 -3 -2    0   0   0   0   0   0   0   0   0   0   0   0   0   0  61  39   0   0   0   0  1.13 0.02
  161 V    0 -3 -3 -3 -1 -3 -3 -4 -3  3  1 -3  1 -1 -3 -2  0 -3 -1  4    0   0   0   0   0   0   0   0   0  20   0   0   0   0   0   0   0   0   0  80  0.37 0.01
  162 E   -1  2  0  0 -4  2  3 -2 -1 -3 -3  4 -2 -3 -1  0 -1 -3 -2 -3    0   0   0   0   0   0  31   0   0   0   0  69   0   0   0   0   0   0   0   0  0.50 0.01
  163 I   -1 -1  0  2 -1 -1  0 -1 -1  2  0 -1  0 -1 -1 -1  0 -1 -1  1    4   3   2  22   1   2   3   4   1  33   4   3   1   2   3   4   3   1   2   3  0.05 0.00
  164 N   -1  0  3  1 -1  1  2  0  0 -2 -1  0 -1 -1  0  0  0 -1 -1 -1    4   3  33   3   1   2  23   4   1   3   4   3   1   2   3   4   3   1   2   3  0.19 0.00
  165 N   -2 -1  5  5 -3  0  1 -1  0 -3 -4 -1 -3 -4 -2  0 -1 -4 -3 -3    0   0  50  50   0   0   0   0   0   0   0   0   0   0   0   0   0   0   0   0  0.69 0.02
  166 I   -1  0 -1 -2 -1  0 -1 -2 -2  2  0  2  0 -1 -1 -1  0 -2 -1  2    2   1   1   1   0   1   1   1   0  32   2  31   0   1   1   1   1   0   1  20  0.09 0.00
  167 T    0 -1  0  2 -1  0  0 -1 -1 -1 -1 -1 -1 -2 -1  1  4 -2 -2 -1    2   1   1  20   0   1   1   1   0   1   2   1   0   1   1   1  62   0   1   1  0.29 0.01
  168 E   -1  0  0  1 -4  2  5 -2  5 -4 -3  0 -2 -3 -2  0 -1 -3  0 -3    0   0   0   0   0   0  70   0  30   0   0   0   0   0   0   0   0   0   0   0  0.61 0.02
  169 L    2 -2 -3 -3 -1 -2 -2 -2 -2  1  3 -2  1  0 -2 -1 -1 -2 -1  0   39   0   0   0   0   0   0   0   0   0  61   0   0   0   0   0   0   0   0   0  0.23 0.01
  170 L   -2 -2 -3 -4 -2 -2 -3 -4 -1  1  3 -2  1  1 -3 -2 -1  0  4  0    0   0   0   0   0   0   0   0   0   0  70   0   0   0   0   0   0   0  30   0  0.39 0.01
  171 Q   -1  4  0 -1 -3  5  1 -2  0 -3 -2  2 -1 -3 -2  0 -1 -2 -2 -3    0  39   0   0   0  61   0   0   0   0   0   0   0   0   0   0   0   0   0   0  0.59 0.02
  172 Y   -2 -2 -3 -4 -2 -2 -3 -4  0  0  2 -3  1  4 -3 -2 -2  1  4  0    0   0   0   0   0   0   0   0   0   0  39   0   0  30   0   0   0   0  31   0  0.44 0.01
  173 E   -1  1 -1  0 -3  1  3 -2 -1 -1  1  3  0 -2 -2 -1 -1 -3 -2 -1    0   0   0   0   0   0  31   0   0   0  30  39   0   0   0   0   0   0   0   0  0.23 0.01
  174 R    3  3 -1 -2 -1  0 -1 -1 -1 -2 -2  0 -1 -3 -1  1  2 -3 -2 -1   49  31   0   0   0   0   0   0   0   0   0   0   0   0   0   0  20   0   0   0  0.27 0.01
  175 D   -1  0  0  3 -3  5  2 -2  0 -3 -3  1 -1 -4 -2  0 -1 -3 -2 -3    0   0   0  31   0  69   0   0   0   0   0   0   0   0   0   0   0   0   0   0  0.58 0.02
  176 V   -1 -3 -3 -4 -1 -3 -3 -3 -2  2  1 -3  0  4 -3 -2 -1 -1  1  3    0   0   0   0   0   0   0   0   0   0   0   0   0  39   0   0   0   0   0  61  0.33 0.01
  177 L   -1 -2 -2 -1 -2  0  2 -3 -2  3  2 -1  1 -1 -2 -2 -1 -3 -2  1    0   0   0   0   0   0  30   0   0  39  31   0   0   0   0   0   0   0   0   0  0.19 0.01
  178 S    0  1  3  0 -2  1  0 -1  0 -3 -3  3 -2 -3 -1  2  0 -3 -2 -2    0   0  30   0   0   0   0   0   0   0   0  39   0   0   0  31   0   0   0   0  0.35 0.01
  179 K   -1  0 -1  0 -3  1  3 -2 -1 -1  1  2  0 -2 -2 -1 -1 -3 -2 -1    0   0   0   0   0   0  39   0   0   0  30  31   0   0   0   0   0   0   0   0  0.24 0.01
  180 G    0 -1  0 -1 -3  3  0  5 -1 -4 -3  0 -2 -3 -2  0 -1 -3 -3 -3    0   0   0   0   0  30   0  70   0   0   0   0   0   0   0   0   0   0   0   0  0.68 0.01
  181 F   -1 -2 -2 -3 -3 -2 -3  3  0 -2 -1 -2 -1  4 -3 -2 -2  1  5 -2    0   0   0   0   0   0   0  30   0   0   0   0   0  31   0   0   0   0  39   0  0.48 0.01
  182 E   -1  0  0  2 -4  2  5 -2  0 -4 -3  1 -2 -4 -1  0 -1 -3 -2 -3    0   0   0   0   0   0 100   0   0   0   0   0   0   0   0   0   0   0   0   0  0.78 0.02
  183 G    0 -3 -1 -1 -3 -2 -2  6 -2 -4 -4 -2 -3 -3 -2  0 -2 -3 -3 -3    0   0   0   0   0   0   0 100   0   0   0   0   0   0   0   0   0   0   0   0  1.08 0.02
  184 V    2 -2 -3 -3 -1 -2 -2 -2 -3  2  0 -2  0 -1 -2  0  0 -3 -2  3   39   0   0   0   0   0   0   0   0   0   0   0   0   0   0   0   0   0   0  61  0.23 0.01
  185 M   -1 -2 -3 -3 -1 -2 -3 -3 -3  3  2 -2  4  0 -3 -2 -1 -2 -1  3    0   0   0   0   0   0   0   0   0  39   0   0  31   0   0   0   0   0   0  30  0.30 0.01
  186 I   -1 -3 -3 -3 -1 -3 -3 -4 -3  3  1 -3  1 -1 -3 -2  0 -3 -1  4    0   0   0   0   0   0   0   0   0  31   0   0   0   0   0   0   0   0   0  69  0.36 0.01
  187 R   -2  6 -1 -2 -4  1  0 -3  0 -3 -2  2 -2 -3 -2 -1 -1 -3 -2 -3    0 100   0   0   0   0   0   0   0   0   0   0   0   0   0   0   0   0   0   0  0.80 0.02
  188 K   -1  1  5  1 -3  0  0 -1  0 -3 -3  2 -2 -3 -2  0  0 -4 -2 -3    0   0  69   0   0   0   0   0   0   0   0  31   0   0   0   0   0   0   0   0  0.54 0.02
  189 P    2 -2 -2 -2 -2 -1 -1 -1 -2 -2 -2 -1 -2 -3  7  0 -1 -3 -3 -1   39   0   0   0   0   0   0   0   0   0   0   0   0   0  61   0   0   0   0   0  1.11 0.02
  190 D   -2 -1  5  4 -3  0  0 -1  0 -4 -4  0 -3 -3 -2  0  0 -4 -3 -3    0   0  69  31   0   0   0   0   0   0   0   0   0   0   0   0   0   0   0   0  0.68 0.02
  191 G    2 -2 -1 -2 -2 -2 -2  5 -2 -3 -3 -1 -2 -3 -2  0 -1 -3 -3 -2   30   0   0   0   0   0   0  70   0   0   0   0   0   0   0   0   0   0   0   0  0.70 0.01
  192 K   -1  0 -1 -1 -3  0  0 -2 -2 -3 -3  2 -2 -4  7 -1 -1 -4 -3 -3    0   0   0   0   0   0   0   0   0   0   0  31   0   0  69   0   0   0   0   0  1.30 0.02
  193 Y   -2 -2 -2 -3 -3 -2 -2 -3  2 -2 -1 -2 -1  3 -3 -2 -2  2  7 -1    0   0   0   0   0   0   0   0   0   0   0   0   0   0   0   0   0   0 100   0  0.94 0.03
  194 K   -1  1  0  1 -4  2  5 -2  0 -3 -3  3 -2 -3 -1  0 -1 -3 -2 -3    0   0   0   0   0   0  69   0   0   0   0  31   0   0   0   0   0   0   0   0  0.58 0.02
  195 F   -2  3 -2 -2 -3 -1 -1 -3 -1 -2 -1  0 -1  3  5 -1 -2 -1  0 -2    0  30   0   0   0   0   0   0   0   0   0   0   0  31  39   0   0   0   0   0  0.64 0.01
  196 G    0  0  0 -1 -3 -1 -1  5 -2 -4 -4  2 -2 -3 -2  0 -1 -3 -3 -3    0   0   0   0   0   0   0  70   0   0   0  30   0   0   0   0   0   0   0   0  0.66 0.01
  197 R   -2  5 -1 -2 -3  0 -1 -3  1 -2 -2  1 -1  1 -3 -1 -1  0  5 -2    0  61   0   0   0   0   0   0   0   0   0   0   0   0   0   0   0   0  39   0  0.53 0.02
  198 S    0 -1  4  0 -2  0  0  0  0 -3 -3  0 -2 -3 -1  3  1 -3 -2 -2    0   0  39   0   0   0   0   0   0   0   0   0   0   0   0  61   0   0   0   0  0.45 0.01
  199 T    0 -1  4  0 -2  0  0 -1  0 -2 -3  0 -2 -3 -1  2  3 -3 -2 -2    0   0  39   0   0   0   0   0   0   0   0   0   0   0   0  30  31   0   0   0  0.39 0.01
  200 L   -2 -1 -2 -2 -2  3  0 -3  0  0  1 -1  0  1 -3 -1 -1  0  5 -1    0   0   0   0   0  30   0   0   0   0  31   0   0   0   0   0   0   0  39   0  0.29 0.01
  201 K   -1  1  0 -1 -2  1  0 -1  6 -2 -2  2 -1 -1 -1  0 -1 -2  0 -2    2   2   1   2   1   1   2   2  40   2   3  33   1   1   2   2   2   0   1   2  0.29 0.01
  202 E    0  0  0  1 -1  1  3 -1  0 -2 -2  0 -1 -2  0  2  0 -2 -1 -1    2   2   1   2   1   1  33   2   1   2   3   2   1   1   2  41   2   0   1   2  0.25 0.01
  203 G    1 -1 -1 -1 -1 -1 -1  3 -1 -2 -2 -1 -1 -2  4  0 -1 -2 -2 -1   21   2   1   2   1   1   2  33   1   2   3   2   1   1  21   2   2   0   1   2  0.38 0.00
  204 I   -1 -1  0 -1 -2  0 -1 -2  5  2  0 -1  0 -1 -1 -1 -1 -2  0  0    2   2   1   2   1   1   2   2  40  32   3   2   1   1   2   2   2   0   1   2  0.18 0.01
  205 L   -2 -3 -4 -4 -1 -3 -3 -4 -3  3  4 -3  2  0 -3 -3 -1 -2 -1  2    0   0   0   0   0   0   0   0   0  30  70   0   0   0   0   0   0   0   0   0  0.40 0.01
  206 L    2 -2 -3 -3 -1 -2 -2 -2 -2  1  3 -2  1  0 -2 -1 -1 -2 -1  0   39   0   0   0   0   0   0   0   0   0  61   0   0   0   0   0   0   0   0   0  0.23 0.01
  207 K   -1  2  0 -1 -3  1  1 -2 -1 -3 -3  5 -2 -3 -1  0 -1 -3 -2 -3    0   0   0   0   0   0   0   0   0   0   0 100   0   0   0   0   0   0   0   0  0.56 0.02
  208 M   -1 -2 -3 -4 -1 -2 -3 -4 -3  1  4 -2  4  0 -3 -2 -1 -2 -1  1    0   0   0   0   0   0   0   0   0   0  69   0  31   0   0   0   0   0   0   0  0.40 0.01
  209 K   -1  2  0 -1 -3  1  1 -2 -1 -3 -3  5 -2 -3 -1  0 -1 -3 -2 -3    0   0   0   0   0   0   0   0   0   0   0 100   0   0   0   0   0   0   0   0  0.56 0.02
  210 Q   -1 -1 -1 -1 -2  3  0 -2 -1 -2 -2  0 -1 -3  5  0  2 -3 -2 -2    0   0   0   0   0  31   0   0   0   0   0   0   0   0  39   0  30   0   0   0  0.69 0.01
  211 F    1 -2 -3 -3 -1 -2 -2 -2 -2  0  2 -2  1  4 -2 -1 -1 -1  1  0   30   0   0   0   0   0   0   0   0   0  39   0   0  31   0   0   0   0   0   0  0.22 0.01
  212 K   -1  3 -1 -2 -3  0 -1 -3 -1  0  2  3  0 -1 -2 -1 -1 -3 -2 -1    0  30   0   0   0   0   0   0   0   0  39  31   0   0   0   0   0   0   0   0  0.24 0.01
  213 D   -1 -2  1  5 -3 -1  1  3 -2 -4 -4 -1 -3 -4 -2  0 -1 -4 -3 -3    0   0   0  70   0   0   0  30   0   0   0   0   0   0   0   0   0   0   0   0  0.71 0.01
  214 A    3 -1 -1  0 -1  0  2  0 -1 -2 -2  0 -1 -3 -1  1  0 -3 -2 -1   70   0   0   0   0   0  30   0   0   0   0   0   0   0   0   0   0   0   0   0  0.34 0.01
  215 E   -1  0  0  2 -4  2  5 -2  0 -4 -3  1 -2 -4 -1  0 -1 -3 -2 -3    0   0   0   0   0   0 100   0   0   0   0   0   0   0   0   0   0   0   0   0  0.78 0.02
  216 A    2 -3 -3 -3  6 -2 -3 -2 -2 -1 -1 -2 -1  4 -2 -1 -1 -1  1 -1   31   0   0   0  30   0   0   0   0   0   0   0   0  39   0   0   0   0   0   0  0.37 0.01
  217 T   -1 -2 -1 -2 -1 -1 -2 -2 -2  2  0 -1  0 -1 -2  0  4 -3 -2  1    0   0   0   0   0   0   0   0   0  39   0   0   0   0   0   0  61   0   0   0  0.28 0.01
  218 I   -1 -3 -3 -4 -1 -3 -3 -4 -3  3  3 -3  1  0 -3 -2 -1 -2 -1  3    0   0   0   0   0   0   0   0   0  31  39   0   0   0   0   0   0   0   0  30  0.34 0.01
  219 I   -1 -3 -3 -3 -1 -3 -3 -4 -3  4  1 -3  1  0 -3 -2 -1 -3 -1  3    0   0   0   0   0   0   0   0   0  61   0   0   0   0   0   0   0   0   0  39  0.37 0.01
  220 S    2 -1  0  4 -2  0  0 -1 -1 -2 -3 -1 -2 -3 -1  2  0 -3 -2 -2   30   0   0  39   0   0   0   0   0   0   0   0   0   0   0  31   0   0   0   0  0.37 0.01
  221 M   -1 -1 -1 -2 -1 -1 -1 -2  0  0  0 -1  3  2 -1 -1 -1  1  5  0    2   2   1   2   1   1   2   2   1   2   3   2  32   1   2   2   2   0  40   2  0.22 0.01
  222 T    0 -1  0 -1 -1  0 -1 -1 -1 -1 -1  0 -1 -2 -1  1  4 -2 -1  0    2   2   1   2   1   1   2   2   1   2   3   2   1   1   2   2  72   0   1   2  0.28 0.01
  223 A    2  0  0 -1 -1  3  1 -1  0 -2 -1  0 -1 -2 -1  0  0 -1 -1 -1   33   2   1   2   1  40   2   2   1   2   3   2   1   1   2   2   2   0   1   2  0.21 0.01
  224 L    0 -1 -1 -1 -1 -1 -1  4 -2  0  1 -1  0 -1 -1 -1 -1 -1 -1 -1    2   2   1   2   1   1   2  41   1   2  34   2   1   1   2   2   2   0   1   2  0.20 0.00
  225 F   -1  1 -1 -1 -2  0  0 -1 -1 -1 -1  3 -1  3 -1 -1 -1  0  1 -1    2   2   1   2   1   1   2   2   1   2   3  41   1  32   2   2   2   0   1   2  0.15 0.01
  226 K   -1  2  0 -1 -2  1  1 -1 -1 -2 -2  4 -1 -2 -1  0  0 -2 -1 -2    2   2   1   2   1   1   2   2   1   2   3  72   1   1   2   2   2   0   1   2  0.30 0.01
  227 N    0 -1  3  0 -2 -1 -1  4  0 -2 -2 -1 -2 -2 -1  0 -1 -2 -2 -2    2   2  32   2   1   1   2  41   1   2   3   2   1   1   2   2   2   0   1   2  0.35 0.00
  228 T    0  1  0 -1 -1  0  0 -1 -1 -1 -1  3 -1 -2 -1  1  2 -2 -1 -1    2   2   1   2   1   1   2   2   1   2   3  41   1   1   2   2  33   0   1   2  0.19 0.01
  229 N   -1 -1  4  4 -2  0  1 -1  0 -2 -2  0 -2 -2 -1  0  0 -2 -2 -2    2   2  32  40   1   1   2   2   1   2   3   2   1   1   2   2   2   0   1   2  0.38 0.01
  230 T    0 -1  0  0 -1  0  0 -1 -1 -1 -1  0  0 -1  0  1  3 -1 -1  0    4   3   2   3   1   2   3   4   1   3   5   3   1   2   3   4  53   1   2   3  0.16 0.00
  231 K    0  1  0  0 -1  1  1 -1  0 -1 -1  3 -1 -1  0  0  0 -1 -1 -1    4   3   2   3   1   2   3   4   1   3   5  53   1   2   3   4   3   1   2   3  0.17 0.00
  232 T    0 -1  0  0 -1  0  0 -1 -1 -1 -1  0  0 -1  0  1  3 -1 -1  0    4   3   2   3   1   2   3   4   1   3   5   3   1   2   3   4  53   1   2   3  0.16 0.00
  233 K    0  1  0  0 -1  1  1 -1  0 -1 -1  3 -1 -1  0  0  0 -1 -1 -1    4   3   2   3   1   2   3   4   1   3   5  53   1   2   3   4   3   1   2   3  0.17 0.00
  234 D   -1 -1  1  4 -2  0  1 -1 -1 -1 -2  0 -1 -2  0  0  0 -2 -1 -1    4   3   2  53   1   2   3   4   1   3   5   3   1   2   3   4   3   1   2   3  0.31 0.00
  235 N   -1  0  4  1 -1  0  0  0  0 -2 -1  0 -1 -1 -1  0  0 -1 -1 -1    4   3  52   3   1   2   3   4   1   3   5   3   1   2   3   4   3   1   2   3  0.24 0.00
  236 F   -1 -1 -1 -1 -1 -1 -1 -1 -1  0  0 -1  0  5 -1 -1 -1  1  2 -1    4   3   2   3   1   2   3   4   1   3   5   3   1  52   3   4   3   1   2   3  0.19 0.00
  237 G    0 -1  0 -1 -1 -1 -1  4 -1 -2 -2 -1 -1 -1 -1  0 -1 -1 -1 -1    4   3   2   3   1   2   3  54   1   3   5   3   1   2   3   4   3   1   2   3  0.33 0.00
  238 Y   -1 -1 -1 -1 -1 -1 -1 -1  1 -1 -1 -1 -1  2 -1 -1 -1  1  5 -1    4   3   2   3   1   2   3   4   1   3   5   3   1   2   3   4   3   1  52   3  0.26 0.00
  239 S    1  0  0  0 -1  0  0  0 -1 -1 -1  0 -1 -1  0  3  1 -1 -1 -1    4   3   2   3   1   2   3   4   1   3   5   3   1   2   3  54   3   1   2   3  0.17 0.00
  240 K    0  1  0  0 -1  1  1 -1  0 -1 -1  3 -1 -1  0  0  0 -1 -1 -1    4   3   2   3   1   2   3   4   1   3   5  53   1   2   3   4   3   1   2   3  0.17 0.00
  241 R   -1  4  0 -1 -2  1  0 -1  0 -1 -1  1 -1 -1 -1  0  0 -1 -1 -1    4  53   2   3   1   2   3   4   1   3   5   3   1   2   3   4   3   1   2   3  0.24 0.00
  242 S    1  0  0  0 -1  0  0  0 -1 -1 -1  0 -1 -1  0  3  1 -1 -1 -1    4   3   2   3   1   2   3   4   1   3   5   3   1   2   3  54   3   1   2   3  0.17 0.00
  243 T    0 -1  0  0 -1  0  0 -1 -1 -1 -1  0  0 -1  0  1  3 -1 -1  0    4   3   2   3   1   2   3   4   1   3   5   3   1   2   3   4  53   1   2   3  0.16 0.00
  244 H   -2  0  1 -1 -3  0  0 -2  8 -4 -3 -1 -2 -1 -2 -1 -2 -3  2 -3    0   0   0   0   0   0   0   0 100   0   0   0   0   0   0   0   0   0   0   0  0.87 0.01
  245 K   -1  1  0 -1 -3  1  0 -2  6 -3 -3  3 -2 -2 -2 -1 -1 -3  0 -3    0   0   0   0   0   0   0   0  50   0   0  50   0   0   0   0   0   0   0   0  0.49 0.00
  246 S    0  1  0 -1 -2  1  0 -1 -1 -3 -3  3 -2 -3 -1  3  1 -3 -2 -2    0   0   0   0   0   0   0   0   0   0   0  50   0   0   0  50   0   0   0   0  0.34 0.00
  247 G    0 -3  0 -1 -3 -2 -2  6 -2 -4 -4 -2 -3 -3 -2  0 -2 -3 -3 -3    0   0   0   0   0   0   0 100   0   0   0   0   0   0   0   0   0   0   0   0  1.04 0.00
  248 K   -1  2  0 -1 -3  1  1 -2 -1 -3 -3  5 -1 -3 -1  0 -1 -3 -2 -2    0   0   0   0   0   0   0   0   0   0   0 100   0   0   0   0   0   0   0   0  0.52 0.00
  249 V    0 -3 -2 -2 -2 -2 -2  4 -3  1 -1 -2 -1 -2 -2 -1 -1 -3 -2  2    0   0   0   0   0   0   0  50   0   0   0   0   0   0   0   0   0   0   0  50  0.34 0.00
  250 E   -1  1  0  1 -4  4  4 -2  0 -3 -3  1 -1 -3 -1  0 -1 -3 -2 -3    0   0   0   0   0  50  50   0   0   0   0   0   0   0   0   0   0   0   0   0  0.60 0.00
  251 E   -1  0  0  2 -4  2  5 -2  0 -3 -3  1 -2 -3 -1  0 -1 -3 -2 -3    0   0   0   0   0   0 100   0   0   0   0   0   0   0   0   0   0   0   0   0  0.74 0.00
  252 D   -2 -1  5  5 -3  0  1 -1  0 -3 -4  0 -3 -3 -2  0 -1 -4 -3 -3    0   0  50  50   0   0   0   0   0   0   0   0   0   0   0   0   0   0   0   0  0.67 0.00
  253 V    0 -3 -3 -3 -1 -2 -3 -3 -3  3  1 -2  1 -1 -3 -2  0 -3 -1  4    0   0   0   0   0   0   0   0   0   0   0   0   0   0   0   0   0   0   0 100  0.35 0.00
  254 M   -1 -2 -2 -3 -2  0 -2 -3 -2  1  2 -1  6  0 -3 -2 -1 -2 -1  1    0   0   0   0   0   0   0   0   0   0   0   0 100   0   0   0   0   0   0   0  0.36 0.01
  255 G    0 -3  0 -1 -3 -2 -2  6 -2 -4 -4 -2 -3 -3 -2  0 -2 -3 -3 -3    0   0   0   0   0   0   0 100   0   0   0   0   0   0   0   0   0   0   0   0  1.04 0.00
  256 S    3 -1  0 -1 -1  0 -1  0 -1 -2 -2  0 -1 -2 -1  3  1 -3 -2 -1   50   0   0   0   0   0   0   0   0   0   0   0   0   0   0  50   0   0   0   0  0.35 0.00
  257 I   -2 -3 -4 -4 -1 -3 -3 -4 -3  3  3 -3  2  0 -3 -3 -1 -2 -1  2    0   0   0   0   0   0   0   0   0  50  50   0   0   0   0   0   0   0   0   0  0.37 0.00
  258 E    0 -1  0  1 -2  1  4 -2 -1 -2 -2  0 -1 -3 -1  1  3 -3 -2 -1    0   0   0   0   0   0  50   0   0   0   0   0   0   0   0   0  50   0   0   0  0.40 0.00
  259 V    0 -3 -3 -4  7 -3 -3 -3 -3  1  0 -3  0 -2 -3 -1  0 -3 -2  3    0   0   0   0  50   0   0   0   0   0   0   0   0   0   0   0   0   0   0  50  0.54 0.00
  260 D   -1  1  1  4 -4  1  1 -2 -1 -3 -3  3 -2 -4 -1  0 -1 -4 -3 -3    0   0   0  50   0   0   0   0   0   0   0  50   0   0   0   0   0   0   0   0  0.51 0.00
  261 Y   -2 -1  4  0 -3 -1 -1 -2  1 -2 -2 -1 -2  1 -3  0 -1  1  5 -2    0   0  50   0   0   0   0   0   0   0   0   0   0   0   0   0   0   0  50   0  0.47 0.00
  262 D   -2 -1  1  4 -3  0  1 -2  6 -3 -3 -1 -2 -2 -2 -1 -1 -3  0 -3    0   0   0  50   0   0   0   0  50   0   0   0   0   0   0   0   0   0   0   0  0.63 0.00
  263 G   -1  4  0 -2 -3  0 -1  4 -1 -4 -3  1 -2 -3 -2 -1 -1 -3 -2 -3    0  50   0   0   0   0   0  50   0   0   0   0   0   0   0   0   0   0   0   0  0.56 0.00
  264 V    0 -3 -2 -2 -2 -2 -2  4 -3  1 -1 -2 -1 -2 -2 -1 -1 -3 -2  2    0   0   0   0   0   0   0  50   0   0   0   0   0   0   0   0   0   0   0  50  0.34 0.00
  265 V   -1 -1 -1  0 -2  1  3 -3 -1  1 -1  0  0 -2 -2 -1  0 -3 -2  2    0   0   0   0   0   0  50   0   0   0   0   0   0   0   0   0   0   0   0  50  0.24 0.00
  266 F   -2 -3 -3 -4 -3 -3 -3 -3 -1  0  0 -3  0  7 -4 -3 -2  1  3 -1    0   0   0   0   0   0   0   0   0   0   0   0   0 100   0   0   0   0   0   0  0.74 0.01
  267 S    0  1  0 -1 -2  1  0 -1 -1 -3 -3  3 -2 -3 -1  3  1 -3 -2 -2    0   0   0   0   0   0   0   0   0   0   0  50   0   0   0  50   0   0   0   0  0.34 0.00
  268 I   -1 -3 -3 -3 -1 -3 -3 -4 -4  4  2 -3  1  0 -3 -3 -1 -3 -1  3    0   0   0   0   0   0   0   0   0 100   0   0   0   0   0   0   0   0   0   0  0.39 0.00
  269 G    0 -3  0 -1 -3 -2 -2  6 -2 -4 -4 -2 -3 -3 -2  0 -2 -3 -3 -3    0   0   0   0   0   0   0 100   0   0   0   0   0   0   0   0   0   0   0   0  1.04 0.00
  270 T    1 -1  0 -1 -1  0 -1 -1 -1 -2 -2  0 -1 -2 -1  3  4 -3 -2 -1    0   0   0   0   0   0   0   0   0   0   0   0   0   0   0  50  50   0   0   0  0.39 0.00
  271 G    0 -3  0 -1 -3 -2 -2  6 -2 -4 -4 -2 -3 -3 -2  0 -2 -3 -3 -3    0   0   0   0   0   0   0 100   0   0   0   0   0   0   0   0   0   0   0   0  1.04 0.00
  272 F   -2 -3 -3 -4 -3 -3 -3 -3 -1  0  0 -3  0  7 -4 -3 -2  1  3 -1    0   0   0   0   0   0   0   0   0   0   0   0   0 100   0   0   0   0   0   0  0.74 0.01
  273 D   -2 -1  5  5 -3  0  1 -1  0 -3 -4  0 -3 -3 -2  0 -1 -4 -3 -3    0   0  50  50   0   0   0   0   0   0   0   0   0   0   0   0   0   0   0   0  0.67 0.00
  274 A    3 -2 -2 -3 -1 -2 -2 -1 -2  0  2 -2  1 -1 -2  0 -1 -2 -2  0   50   0   0   0   0   0   0   0   0   0  50   0   0   0   0   0   0   0   0   0  0.20 0.00
  275 D   -2 -1  5  5 -3  0  1 -1  0 -3 -4  0 -3 -3 -2  0 -1 -4 -3 -3    0   0  50  50   0   0   0   0   0   0   0   0   0   0   0   0   0   0   0   0  0.67 0.00
  276 Q   -1  1  0  1 -4  4  4 -2  0 -3 -3  1 -1 -3 -1  0 -1 -3 -2 -3    0   0   0   0   0  50  50   0   0   0   0   0   0   0   0   0   0   0   0   0  0.60 0.00
  277 R   -2  6  0 -2 -4  1  0 -3  0 -3 -2  2 -1 -3 -2 -1 -1 -3 -2 -3    0 100   0   0   0   0   0   0   0   0   0   0   0   0   0   0   0   0   0   0  0.75 0.00
  278 R   -1  4  0  0 -4  2  4 -2  0 -3 -3  2 -2 -3 -2  0 -1 -3 -2 -3    0  50   0   0   0   0  50   0   0   0   0   0   0   0   0   0   0   0   0   0  0.55 0.00
  279 D   -2 -1  5  5 -3  0  1 -1  0 -3 -4  0 -3 -3 -2  0 -1 -4 -3 -3    0   0  50  50   0   0   0   0   0   0   0   0   0   0   0   0   0   0   0   0  0.67 0.00
  280 F   -1 -1 -1 -1 -1 -1 -1 -1 -1  0  0 -1  0  5 -1 -1 -1  1  2 -1    4   3   2   3   1   2   3   4   1   3   5   3   1  52   3   4   3   1   2   3  0.19 0.00
  281 W   -1 -1 -1 -1 -1 -1 -1 -1 -1 -1 -1 -1 -1  0 -1 -1 -1  9  1 -1    4   3   2   3   1   2   3   4   1   3   5   3   1   2   3   4   3  51   2   3  0.84 0.00
  282 Q    0  1  0  0 -1  4  1 -1  0 -1 -1  1  0 -1  0  0  0 -1 -1 -1    4   3   2   3   1  52   3   4   1   3   5   3   1   2   3   4   3   1   2   3  0.23 0.00
  283 N   -1  0  4  1 -1  0  0  0  0 -2 -1  0 -1 -1 -1  0  0 -1 -1 -1    4   3  52   3   1   2   3   4   1   3   5   3   1   2   3   4   3   1   2   3  0.24 0.00
  284 K    0  1  0  0 -1  1  1 -1  0 -1 -1  3 -1 -1  0  0  0 -1 -1 -1    4   3   2   3   1   2   3   4   1   3   5  53   1   2   3   4   3   1   2   3  0.17 0.00
  285 E   -1 -1 -1  0 -3  1  4 -2 -1 -3 -3  0 -2 -4  6 -1 -1 -3 -3 -3    0   0   0   0   0   0  50   0   0   0   0   0   0   0  50   0   0   0   0   0  1.01 0.00
  286 S    0 -1  0 -1 -2 -1 -1 -1 -2 -3 -3 -1 -2 -3  6  3  0 -3 -2 -2    0   0   0   0   0   0   0   0   0   0   0   0   0   0  50  50   0   0   0   0  0.91 0.00
  287 Y   -1 -2 -2 -2 -3 -1 -2 -3  0 -2 -2 -2 -2  1  6 -1 -1  1  5 -2    0   0   0   0   0   0   0   0   0   0   0   0   0   0  50   0   0   0  50   0  0.98 0.00
  288 I   -1 -3 -3 -3 -1 -3 -3 -4 -4  4  2 -3  1  0 -3 -3 -1 -3 -1  3    0   0   0   0   0   0   0   0   0 100   0   0   0   0   0   0   0   0   0   0  0.39 0.00
  289 G    0 -3  0 -1 -3 -2 -2  6 -2 -4 -4 -2 -3 -3 -2  0 -2 -3 -3 -3    0   0   0   0   0   0   0 100   0   0   0   0   0   0   0   0   0   0   0   0  1.04 0.00
  290 K    0  1  0 -1 -2  1  0 -1 -1 -3 -3  3 -2 -3 -1  3  1 -3 -2 -2    0   0   0   0   0   0   0   0   0   0   0  50   0   0   0  50   0   0   0   0  0.34 0.00
  291 M   -1 -2 -3 -3 -1 -1 -2 -3 -2  2  2 -2  4  0 -3 -2  0 -2 -1  3    0   0   0   0   0   0   0   0   0   0   0   0  50   0   0   0   0   0   0  50  0.27 0.00
  292 V   -1 -3 -3 -3 -1 -3 -3 -4 -3  4  1 -3  1 -1 -3 -2  0 -3 -1  3    0   0   0   0   0   0   0   0   0  50   0   0   0   0   0   0   0   0   0  50  0.35 0.00
  293 K    0  1  0 -1 -2  0  0 -2 -1 -2 -2  3 -1 -3 -1  1  3 -3 -2 -1    0   0   0   0   0   0   0   0   0   0   0  50   0   0   0   0  50   0   0   0  0.32 0.00
  294 F   -2 -2 -3 -4 -3 -2 -3 -3  1 -1  0 -3  0  5 -4 -2 -2  2  6 -1    0   0   0   0   0   0   0   0   0   0   0   0   0  50   0   0   0   0  50   0  0.69 0.00
  295 K   -1  2  0 -1 -3  1  1 -2 -1 -3 -3  5 -1 -3 -1  0 -1 -3 -2 -2    0   0   0   0   0   0   0   0   0   0   0 100   0   0   0   0   0   0   0   0  0.52 0.00
  296 Y   -2 -2 -2 -3 -3 -2 -2 -3  2 -1 -1 -2 -1  3 -3 -2 -2  2  7 -1    0   0   0   0   0   0   0   0   0   0   0   0   0   0   0   0   0   0 100   0  0.87 0.01
  297 F   -2  4 -2 -3 -3  0 -1 -3 -1 -1 -1  1 -1  5 -3 -2 -2  0  2 -2    0  50   0   0   0   0   0   0   0   0   0   0   0  50   0   0   0   0   0   0  0.40 0.00
  298 E    0 -1  0  0 -3  1  3  4 -1 -4 -3  0 -3 -3 -2  0 -1 -3 -3 -3    0   0   0   0   0   0  50  50   0   0   0   0   0   0   0   0   0   0   0   0  0.56 0.00
  299 M   -1 -2 -3 -3 -1 -1 -3 -3 -2  3  2 -2  4  0 -3 -2 -1 -2 -1  2    0   0   0   0   0   0   0   0   0  50   0   0  50   0   0   0   0   0   0   0  0.30 0.00
  300 G    0 -2  0 -1 -2 -1 -2  4 -2 -2 -2 -1 -2 -3 -2  1  3 -3 -2 -1    0   0   0   0   0   0   0  50   0   0   0   0   0   0   0   0  50   0   0   0  0.48 0.00
  301 S    0 -1  4  1 -2  0  0  0  0 -3 -3  0 -2 -3 -1  3  1 -3 -2 -2    0   0  50   0   0   0   0   0   0   0   0   0   0   0   0  50   0   0   0   0  0.45 0.00
  302 K    0  1  0 -1 -2  1  0 -1 -1 -3 -3  3 -2 -3 -1  3  1 -3 -2 -2    0   0   0   0   0   0   0   0   0   0   0  50   0   0   0  50   0   0   0   0  0.34 0.00
  303 D   -1 -2  1  4 -3 -1  0  4 -2 -4 -4 -1 -3 -4 -2  0 -1 -3 -3 -3    0   0   0  50   0   0   0  50   0   0   0   0   0   0   0   0   0   0   0   0  0.66 0.00
  304 C   -1  1 -1 -2  7  0 -1 -2 -2 -2 -2  3 -2 -3 -2 -1 -1 -3 -2 -2    0   0   0   0  50   0   0   0   0   0   0  50   0   0   0   0   0   0   0   0  0.53 0.00
  305 P   -1 -2 -2 -2 -3 -1 -1 -2 -2 -3 -3 -1 -3 -4  8 -1 -1 -4 -3 -3    0   0   0   0   0   0   0   0   0   0   0   0   0   0 100   0   0   0   0   0  2.05 0.01
  306 R   -2  6  0 -2 -4  1  0 -3  0 -3 -2  2 -1 -3 -2 -1 -1 -3 -2 -3    0 100   0   0   0   0   0   0   0   0   0   0   0   0   0   0   0   0   0   0  0.75 0.00
  307 F   -2 -3 -3 -4 -3 -3 -3 -3 -1  0  0 -3  0  7 -4 -3 -2  1  3 -1    0   0   0   0   0   0   0   0   0   0   0   0   0 100   0   0   0   0   0   0  0.74 0.01
  308 P    3 -2 -2 -2 -1 -1 -1 -1 -2 -2 -2 -1 -2 -3  6  0 -1 -3 -2 -1   50   0   0   0   0   0   0   0   0   0   0   0   0   0  50   0   0   0   0   0  0.89 0.00
  309 V    0 -2 -1 -2 -1 -1 -2 -2 -3  1  0 -1  0 -2 -2  0  3 -3 -2  3    0   0   0   0   0   0   0   0   0   0   0   0   0   0   0   0  50   0   0  50  0.25 0.00
  310 F   -2 -2 -3 -4 -3 -2 -3 -3  1 -1  0 -3  0  5 -4 -2 -2  2  6 -1    0   0   0   0   0   0   0   0   0   0   0   0   0  50   0   0   0   0  50   0  0.69 0.00
  311 I   -1 -3 -3 -3 -1 -3 -3 -4 -3  4  2 -3  1  0 -3 -2 -1 -3 -1  3    0   0   0   0   0   0   0   0   0   0   0   0   0   0   0   0   0   0   0   0  0.00     0.00
  312 G    0 -2  0 -1 -2 -2 -2  6 -2 -4 -4 -2 -3 -3 -2  0 -2 -2 -3 -3    0   0   0   0   0   0   0   0   0   0   0   0   0   0   0   0   0   0   0   0  0.00     0.00
  313 I   -1 -3 -3 -3 -1 -3 -3 -4 -3  4  2 -3  1  0 -3 -2 -1 -3 -1  3    0   0   0   0   0   0   0   0   0   0   0   0   0   0   0   0   0   0   0   0  0.00     0.00
  314 R   -1  5  0 -2 -3  1  0 -2  0 -3 -2  2 -1 -3 -2 -1 -1 -3 -2 -2    0   0   0   0   0   0   0   0   0   0   0   0   0   0   0   0   0   0   0   0  0.00     0.00
  315 H   -2  0  1 -1 -3  0  0 -2  7 -3 -3 -1 -2 -1 -2 -1 -2 -2  2 -3    0   0   0   0   0   0   0   0   0   0   0   0   0   0   0   0   0   0   0   0  0.00     0.00
  316 E   -1  0  0  1 -4  2  5 -2  0 -3 -3  1 -2 -3 -1  0 -1 -3 -2 -2    0   0   0   0   0   0   0   0   0   0   0   0   0   0   0   0   0   0   0   0  0.00     0.00
  317 E   -1  0  0  1 -4  2  5 -2  0 -3 -3  1 -2 -3 -1  0 -1 -3 -2 -2    0   0   0   0   0   0   0   0   0   0   0   0   0   0   0   0   0   0   0   0  0.00     0.00
  318 D   -2 -2  1  6 -3  0  1 -1 -1 -3 -4 -1 -3 -3 -1  0 -1 -4 -3 -3    0   0   0   0   0   0   0   0   0   0   0   0   0   0   0   0   0   0   0   0  0.00     0.00
  319 R   -1  5  0 -2 -3  1  0 -2  0 -3 -2  2 -1 -3 -2 -1 -1 -3 -2 -2    0   0   0   0   0   0   0   0   0   0   0   0   0   0   0   0   0   0   0   0  0.00     0.00

                      K         Lambda
Standard Ungapped    0.1365     0.3198
Standard Gapped      0.0388     0.2670
PSI Ungapped         0.1267     0.3177
PSI Gapped           0.0388     0.2670
