
Last position-specific scoring matrix computed, weighted observed percentages rounded down, information per position, and relative weight of gapless real matches to pseudocounts
           A  R  N  D  C  Q  E  G  H  I  L  K  M  F  P  S  T  W  Y  V   A   R   N   D   C   Q   E   G   H   I   L   K   M   F   P   S   T   W   Y   V
    1 G    2 -3 -1 -2 -2 -2 -2  4 -3 -4 -4 -2 -3 -4 -2  4 -1 -4 -3 -3   21   0   0   0   0   0   0  38   0   0   0   0   0   0   0  41   0   0   0   0  0.74 0.22
    2 A    3  0 -1 -1 -3  0  0 -1 -2 -3 -3  2 -2 -4  1  2  0 -4 -3 -2   39   5   1   1   0   3   6   1   0   0   0  16   0   0   6  17   5   0   0   0  0.40 0.18
    3 M   -3 -1 -3 -4 -4  0 -3 -4  2 -2  1 -3 -1  4  3  0 -1 -1  5 -3    0   3   1   0   0   4   0   0   5   0  13   0   1  20  16   7   2   0  29   0  0.63 0.25
    4 G    5 -3 -2 -3 -3 -3 -1  1 -1 -3 -4 -3 -2 -4  3 -1  0 -5 -4 -2   59   1   1   0   0   0   2  12   2   0   0   0   1   0  14   1   5   0   0   2  0.74 0.31
    5 P    1 -4 -1 -2 -4 -2 -1  0 -4 -2 -5 -3 -4 -5  7  0  0 -5 -5 -4   14   0   3   1   0   1   4   7   0   3   0   0   0   0  57   6   4   0   0   0  1.27 0.37
    6 I   -2  5 -1 -3 -4  1 -1 -4 -2 -1 -3  2 -3 -4  3  1  0 -5 -4 -2    1  38   1   0   0   5   2   0   0   5   1  14   0   0  14  13   5   0   0   2  0.63 0.28
    7 I    0 -1 -3 -2 -3 -3 -2 -4 -4  4  1 -2  2 -2 -3  0  0 -4 -3  3    8   5   0   1   0   0   2   0   0  30  10   2   6   0   0   7   4   0   0  25  0.36 0.20
    8 T   -1 -1 -1 -2  0  0  1 -3 -1  0 -2 -2  0 -2 -2  1  5 -3 -2 -1    3   2   2   1   2   3  10   1   2   5   3   1   3   1   1  11  46   0   0   3  0.45 0.23
    9 T    0 -2 -2 -1 -2  1  0 -3  1  1  1  0  0 -1 -3 -1  2 -3  0  1    6   0   0   3   0   6   8   0   5   9  17   7   1   2   0   2  17   0   4  14  0.12 0.12
   10 Q   -1  1 -1  0 -3  2  3 -2  0 -2 -2  2 -1 -3 -2  1  2 -3 -2 -2    2   9   2   3   0   9  20   1   3   1   4  15   1   1   1  11  16   0   0   2  0.29 0.15
   11 V   -3 -2 -5 -5 -3 -4 -4 -5 -4  5  2 -4  5  1 -4 -4 -2 -4 -1  3    0   2   0   0   0   0   0   0   0  34  17   0  17   7   0   0   1   0   2  20  0.74 0.30
   12 T   -1  2 -1  0 -3  2  0 -3 -1 -1 -1  2 -1  0 -1  0  1 -1 -1  0    3  10   2   4   0  15   4   0   1   2   5  19   1   5   1   8   9   1   2   8  0.17 0.14
   13 I   -2 -5 -5 -5 -3 -5 -5 -6 -5  6  1 -5 -1 -3 -5 -4 -3 -5 -4  4    2   0   0   0   0   0   0   0   0  53  10   0   0   0   0   0   0   0   0  35  1.21 0.42
   14 P   -3 -2  1  2 -5 -3 -2 -3 -2 -5 -5 -1 -5 -1  7 -1 -3 -6 -5 -5    1   2   6  14   0   0   1   1   1   0   0   4   0   3  64   4   0   0   0   0  1.62 0.49
   15 K    1  0  1  0 -3  1  1 -2  0 -2 -2  2 -1 -2  3 -1  0 -4 -1  0   14   3   9   3   0   5  11   1   2   0   2  13   1   1  14   2   6   0   2  10  0.20 0.13
   16 D   -1  0  3  4 -4  0  2 -2  0 -4 -4  0 -3 -4 -3  2 -1 -1 -3 -4    5   4  13  29   0   4  15   2   2   0   1   6   0   0   0  15   3   1   1   0  0.50 0.23
   17 L    0  0 -2 -1  0  0 -1 -3 -1 -1  1  3  2  1 -3 -1 -2 -2  1  0    8   5   0   2   2   4   3   0   1   1  15  26   7   8   0   3   0   0   7   8  0.16 0.15
   18 A    0 -4 -4 -5  0 -4 -4 -5  1  5  0 -1  1 -3 -4 -2 -2 -5 -3  4    8   0   0   0   2   0   0   0   4  43   2   3   3   0   0   1   0   0   0  33  0.77 0.32
   19 G    0  2 -2 -2 -4 -3 -2  5 -3 -5 -5  0 -4 -5  1  1 -2 -5 -4 -4    4  13   0   1   0   0   1  54   0   0   0   6   0   0   6  12   1   0   0   0  0.87 0.32
   20 S    2  1  0  1  0 -1  1 -1 -1 -1  0  1  0  0 -2  0 -1 -3 -2 -1   21   8   4   9   2   0  10   3   2   3  10  12   3   5   0   4   2   0   0   3  0.09 0.10
   21 I   -2 -5 -5 -5 -3 -4 -5 -6 -5  5  2 -5 -1 -2 -5 -4 -3 -5 -3  5    1   0   0   0   0   0   0   0   0  33  21   0   0   0   0   0   0   0   0  44  1.01 0.36
   22 I   -3 -5 -6 -6 -4 -5 -6 -6 -5  7  0 -5  1 -3 -5 -5 -2 -5 -1  2    1   0   0   0   0   0   0   0   0  81   4   0   3   0   0   0   1   0   2   8  1.51 0.48
   23 G   -3 -5 -3 -4 -5 -5 -5  7 -5 -7 -6 -4 -6 -6 -5 -3 -1 -5 -6 -6    0   0   0   0   0   0   0  95   0   0   0   0   0   0   0   0   5   0   0   0  2.15 0.58
   24 K   -2  2 -3 -3 -4 -1 -1 -4 -1 -4 -4  4 -3 -5  5  0  0 -5 -2 -1    2  13   0   0   0   1   2   0   1   0   0  35   0   0  30   6   6   0   1   5  0.83 0.33
   25 G   -1  0 -1 -2 -4  1 -1  5  0 -5 -5  2 -2 -5 -4  1 -2 -5 -4 -4    3   4   2   1   0   7   2  54   2   0   0  15   1   0   0   8   1   0   0   0  0.82 0.31
   26 G   -3 -1 -3 -4 -6 -4 -5  7 -5 -7 -7 -4 -6 -6 -5 -3 -4 -5 -6 -6    0   5   0   0   0   0   0  95   0   0   0   0   0   0   0   0   0   0   0   0  2.15 0.58
   27 Q    1  1  2 -2 -1  0  1 -2 -2 -1 -3  4 -3 -4 -3  1 -1 -4 -1 -1   10   4  14   0   1   3   7   2   0   3   0  39   0   0   0   8   3   0   2   4  0.41 0.23
   28 R   -2  1  4 -2 -3  0 -1 -3  1 -1 -2  1  0 -3 -3 -1  3 -4 -2  1    0   7  27   0   0   4   2   0   4   3   1   8   3   0   0   1  24   0   1  14  0.42 0.25
   29 I   -3 -1 -5 -5 -4 -3 -5 -6 -5  7  1 -4 -1 -3 -5 -3 -2 -5 -4  2    0   4   0   0   0   1   0   0   0  73  11   0   0   0   0   2   2   0   0   8  1.23 0.43
   30 K    1  4  3 -1 -4  1  0 -3 -2 -4 -4  4 -3 -5 -3  0 -1 -5 -4 -3   10  25  14   2   0   6   4   0   0   0   0  30   0   0   0   6   1   0   0   2  0.60 0.27
   31 Q    0  1  1  0 -4  3  2  0 -1 -4 -4  2 -3 -2 -3  1 -2 -4  0 -3   10   8   6   4   0  20  16   7   1   0   0  11   0   1   0  13   0   0   4   0  0.35 0.19
   32 I   -3 -5 -5 -6 -3 -5 -5 -6 -5  6  3 -5  1 -1 -5 -4 -2 -4 -1  2    0   0   0   0   0   0   0   0   0  64  22   0   2   1   0   0   1   0   2   8  1.16 0.39
   33 R   -1  3 -2 -2  3  2  0 -3 -2  1 -2  0 -1 -3 -3  1  2 -4 -3  0    1  20   0   0   8  14   6   0   0  12   0   3   2   0   0  12  13   0   0   9  0.30 0.20
   34 H    0  2 -2  2 -5  2  5 -3  0 -4 -4  1 -3 -5 -3 -1 -2 -4 -3 -3    7  13   0   9   0  10  45   0   2   0   0   7   0   0   0   3   1   0   0   2  0.72 0.30
   35 E    0  1 -1  0 -4  2  3 -3 -2 -1 -1  1  0  0 -3 -1  0  3  0 -1    7   7   1   4   0   8  29   0   0   3   5  11   2   5   0   2   6   5   3   3  0.26 0.16
   36 S   -1 -3 -1 -3 -1 -3 -3 -3 -1 -4 -4 -3 -3 -3 -4  4  6 -5 -2 -3    3   0   1   0   1   0   0   0   2   0   0   0   0   1   0  35  55   0   1   0  1.15 0.47
   37 G   -2 -2  2 -2 -5 -3 -2  6 -1 -6 -5  0 -5 -5 -4 -1 -3 -5 -5 -5    0   1  11   1   0   0   3  71   2   0   1   7   0   0   0   3   0   0   0   0  1.28 0.40
   38 A    5 -4 -3 -4  3 -3 -3 -3 -4 -2 -3 -3 -3 -1 -3 -1  3 -4 -3  2   55   0   0   0   6   0   0   0   0   0   0   0   0   3   0   1  17   0   0  17  0.77 0.36
   39 S   -1  2  0 -1 -4  1  0 -2  1 -3 -3  4  0 -4 -3  1  1 -4 -1 -2    1  11   4   2   0   4   5   1   4   1   0  37   3   0   0  14   8   0   2   2  0.43 0.23
   40 I   -3 -5 -5 -5  0 -5 -5 -6 -5  7  1 -5  0 -3 -5 -4 -3 -5 -4  4    0   0   0   0   2   0   0   0   0  65   7   0   1   0   0   0   0   0   0  24  1.27 0.42
   41 K   -1 -1  1  3 -3  1  1 -2  0  0 -2  1 -1 -3 -2  1  1  0  0 -1    4   1   8  21   0   4  10   1   2   6   2  11   1   0   0   8  12   1   4   5  0.21 0.13
   42 I   -3 -5 -5 -5 -1 -5 -5 -3 -5  7  0 -5 -1  0 -5 -3 -3 -5 -3  1    1   0   0   0   1   0   0   2   0  78   5   0   0   3   0   2   0   0   0   7  1.33 0.44
   43 D    0  1  1  3 -3  1  3 -1  0 -2 -3  0 -2 -1  0  0 -1 -4 -2 -1    9   8   7  18   0   5  23   3   2   2   0   2   0   4   3   8   1   0   0   5  0.27 0.15
   44 E   -1 -1  1  4 -4  1  3 -2 -2 -3 -2  1 -3 -4  1 -1 -1 -4 -4 -2    5   1   8  33   0   5  21   2   0   0   4   7   0   0   6   2   2   0   0   3  0.50 0.22
   45 P   -1 -2  0  3 -2  0  1 -2  1 -1 -1 -1 -2  0  2  0  1 -3 -2 -1    4   1   3  24   0   3   9   2   5   4   4   3   0   4  13   4  11   0   1   5  0.25 0.11
   46 L    0  1  1  0 -2  0  0  1  1 -1 -1  0 -1 -1  2  0 -1 -2 -2 -1    4   9   8   4   0   2   6  15   4   2   7   7   1   2  12   8   2   0   1   6  0.12 0.05
   47 E   -1  0  0  1 -2  0  2  0 -1 -2 -1  1 -2 -2  3  1  0 -2  0 -2    4   5   3   7   0   1  16   8   1   1   5   8   1   1  17  12   5   0   4   2  0.23 0.09
   48 G   -1  0  2  2 -1  0  1  2  0 -1 -2  0 -2 -2 -1  0  0 -2 -1 -1    3   4  10  16   1   2  10  17   2   3   2   5   1   1   3   4   6   0   2   7  0.15 0.07
   49 S    0 -1  0  2  0  0  2 -1  0 -1 -1  0 -1 -2  2  2  1 -2 -2 -1    4   1   5  10   2   3  15   2   2   3   7   3   1   1  10  17   8   0   1   3  0.16 0.08
   50 E   -1  0  2  1 -2  0  0  1 -1 -2 -2  1 -1 -2  1  1  1 -2 -2 -1    3   4  11   9   1   3   4  11   1   2   4  12   1   1   6  14   8   0   1   3  0.15 0.07
   51 D   -1 -2  0  4 -3  1  3 -1 -2 -2 -1 -1  0 -3 -2  0 -1 -3 -3 -1    3   1   4  25   0   8  22   4   0   2   7   1   3   1   1   7   2   0   0   6  0.34 0.19
   52 R   -1  4  1 -2 -4  0  0  3  1 -3 -3  1 -1 -4  0 -2 -2 -4 -3 -2    3  29   5   1   0   4   4  26   4   2   1  10   1   0   5   1   1   0   0   3  0.47 0.24
   53 I   -1 -1 -1 -3 -1 -1 -2 -3 -1  3  0  0  2 -1  0 -1  3 -3 -2  2    2   3   3   0   1   3   1   1   2  20   8   5   6   2   4   2  23   0   0  13  0.21 0.18
   54 I   -2 -4 -3 -4  2 -4 -5 -5 -4  5  1 -4  1  3 -5 -2 -2 -4 -2  4    2   0   1   1   4   0   0   0   0  33   7   0   2  15   0   2   1   0   0  31  0.72 0.33
   55 T   -1  0 -2 -2 -3 -1  1 -3 -1  2 -1  1  0 -2 -3  0  3 -4 -1  1    2   4   1   0   0   2  12   0   2  14   4  10   2   1   0   6  25   0   1  13  0.24 0.21
   56 I   -1 -5 -5 -5  1 -4 -4 -4 -5  6  1 -4 -1  2 -5 -3 -1 -4 -2  2    5   0   0   0   3   0   1   1   0  57   8   0   0   8   0   1   3   0   1  10  0.88 0.39
   57 T    2  0 -2 -2 -2 -1  0 -2 -3 -3 -2 -1 -1 -1 -3  3  3 -1  0  0   17   5   0   0   1   1   6   1   0   0   2   3   1   3   0  31  18   1   3   5  0.36 0.27
   58 G    1 -4 -1 -3 -1 -3 -2  6 -3 -5 -5 -3 -4 -5 -1  1 -2 -5 -5 -4   14   0   2   1   1   0   2  64   1   0   0   0   0   0   3  10   1   0   0   1  1.14 0.44
   59 T   -1 -3  2  2 -3 -1 -2 -1 -3 -3 -3 -1 -1 -4  0  2  5 -5 -4 -2    3   0  11  10   0   2   0   4   0   1   1   2   2   0   5  16  41   0   0   2  0.57 0.34
   60 Q    0  0 -1 -1 -3  2  0  0 -1 -2 -1  1  0  0  4 -1  0 -3 -2 -1    6   6   3   2   0  13   5   9   1   1   5   8   2   6  24   3   4   0   0   3  0.32 0.18
   61 D    1 -2 -1  3 -5 -1  5 -3  0 -3 -5  1 -2 -5 -3 -1 -3 -5 -2 -3   12   1   1  15   0   1  50   1   2   1   0   8   1   0   0   4   0   0   1   2  0.79 0.39
   62 Q    3 -1  3 -1 -3  3  1 -1  0 -4 -4 -1  0 -4 -3  2 -2 -5 -4 -3   28   1  14   2   0  16   8   3   2   0   0   3   3   0   0  18   0   0   0   1  0.46 0.30
   63 I    2 -3 -3 -4  2  0 -3 -2 -4  4 -1 -2  1 -3 -4 -2  0 -4 -3  3   19   1   1   0   4   5   0   3   0  27   3   1   4   0   0   2   6   0   0  26  0.43 0.27
   64 Q    0  1  1  2 -4  2  4 -2 -2 -4 -4  2 -2 -1 -3  0 -1 -4 -3 -4    9   5   6  11   0  12  29   1   0   1   0  15   1   3   0   5   3   0   0   0  0.47 0.27
   65 N    1  2  1 -1 -1  1  0 -3  0 -3 -1  3  0 -3 -3  0  0 -4  0 -2   16  14   8   2   1   5   5   0   2   0   8  24   2   0   0   3   4   0   4   2  0.24 0.19
   66 A    7 -5 -5 -5  0 -4 -4 -3 -5 -3 -5 -4 -4 -5 -4 -2 -2 -6 -5 -2   93   0   0   0   2   0   0   0   0   1   0   0   0   0   0   0   2   0   0   2  1.77 0.69
   67 Q    0  2 -2 -2 -3  3  1 -3 -1  2 -1  3  0 -3 -3 -1 -1 -4 -1  0    6  10   0   0   0  17   8   0   1  13   6  20   2   0   0   4   2   0   2   8  0.28 0.22
   68 Y    0  0  2  1 -3  2  1  0 -1 -3 -3  1  0 -2 -3  1  0 -3  1 -1    8   5  12   7   0  10  11   6   1   0   1  10   3   1   0  11   4   0   6   4  0.19 0.14
   69 L   -2  2 -4 -3 -4 -1 -1 -5 -3  1  3 -1  7 -1 -4 -3 -2  2 -3 -1    3  11   0   1   0   2   3   0   1   9  29   2  31   2   0   1   1   3   0   1  0.66 0.36
   70 L   -4 -6 -6 -6 -4 -5 -6 -6 -6  7  2 -5  0 -3 -6 -5 -2 -5 -4  2    0   0   0   0   0   0   0   0   0  65  19   0   1   0   0   0   2   0   0  12  1.40 0.52
   71 Q   -1  1  1  1 -4  2  2 -2  1 -2 -1  1  0 -2 -3  0 -1 -2  0 -2    2   9   9   8   0  12  18   3   4   2   9   9   2   2   0   4   3   0   3   2  0.20 0.15
   72 N    1 -1  2  2 -2  1  2  2 -2 -3 -3  0 -2 -4 -3  1  0 -4 -2 -2   15   3  11  10   0   5  13  16   0   0   2   6   1   0   0  11   3   0   1   3  0.27 0.17
   73 S   -2  0 -1 -4  0 -2 -2 -4  0  3  3  1  2  2 -4 -2 -2 -3 -2  0    1   5   4   0   2   1   2   0   2  25  29  12   4   8   0   2   1   0   0   1  0.33 0.23
   74 V   -3 -4 -5 -5 -3 -3 -4 -5 -5  5  2 -4  0 -1 -5 -3  2 -4 -3  4    0   0   0   0   0   1   0   0   0  33  18   0   1   2   0   0  16   0   0  28  0.77 0.36
   75 K    2  3 -1 -1 -3  1  1 -1 -2 -2 -3  2 -2 -4 -3  1  0 -4 -1 -1   19  18   2   2   0   5  11   5   0   2   1  16   0   0   0   8   6   0   2   3  0.28 0.18
   76 Q   -3  2  0  2 -5  1  5 -4 -2 -4 -2  2 -1 -4 -3  0  0 -5 -2 -2    0  10   3   9   0   3  45   0   0   0   3  12   2   0   0   5   4   0   2   2  0.63 0.32
   77 Y   -1  1 -1 -1 -4  1  4  0 -2  2  0 -1 -2  0 -3 -2 -2 -3 -1 -1    2   7   1   0   0   4  38   7   0  15  11   2   0   5   0   0   0   0   2   4  0.31 0.21
   78 S   -1  1  4 -1 -3  2  1  0  0 -2 -3  1 -2 -4 -3  0  2 -4 -3 -2    3   9  29   0   0   8   8   6   2   2   0  10   0   0   0   6  17   0   0   1  0.38 0.19
   79 G   -1 -4 -2 -3 -4 -3 -3  6 -3 -4 -4 -3 -4  0  0 -1  0 -3 -3 -4    0   0   0   0   0   0   0  84   0   0   0   0   0   6   5   0   6   0   0   0  1.24 0.23
   80 K    0  1  1 -1 -3  0  1  0 -1 -2 -3  5 -2 -4 -2  0 -1 -4 -3 -1    5   0   5   0   0   0   5   6   0   0   0  64   0   0   0   7   0   0   0   8  0.43 0.11
   81 F   -1 -3 -3 -3 -2 -3 -3 -3 -2  2  2 -3  0  4 -3 -1 -1 -1  3  2    0   0   0   0   0   0   0   0   0  20  19   0   0  24   0   9   0   0  12  16  0.29 0.06
   82 F   -3 -3 -3 -4 -3 -3 -3 -4  0 -1  1 -3  0  6 -4 -3 -2  1  5 -1    0   0   0   0   0   0   0   0   0   0  14   0   0  52   0   0   0   0  35   0  0.81 0.10

                      K         Lambda
Standard Ungapped    0.1351     0.3142
Standard Gapped      0.0440     0.2670
PSI Ungapped         0.1437     0.3178
PSI Gapped           0.0440     0.2670
