
Last position-specific scoring matrix computed, weighted observed percentages rounded down, information per position, and relative weight of gapless real matches to pseudocounts
           A  R  N  D  C  Q  E  G  H  I  L  K  M  F  P  S  T  W  Y  V   A   R   N   D   C   Q   E   G   H   I   L   K   M   F   P   S   T   W   Y   V
    1 M   -1 -3 -3 -3 -1 -2 -3 -4 -3  3  1 -2  3  0 -3 -2 -1 -3 -1  3    0   0   0   0   0   0   0   0   0  46   0   0  23   0   0   0   0   0   0  31  0.32 0.01
    2 I   -1 -3 -3 -4 -2 -2 -3 -4 -3  3  3 -3  5 -1 -3 -2  1 -3 -2  2    0   0   0   0   0   0   0   0   0  19  27   0  27   0   0   0  10   0   0  16  0.42 0.10
    3 V    0 -2 -2 -1 -2 -2 -1 -3 -3  1  0 -2  1 -2 -2  1  3 -3 -2  2    6   0   0   4   0   0   4   0   0   8   8   0   3   0   0  13  27   0   0  28  0.24 0.11
    4 P   -3 -3  0  5 -5 -1  3 -3  0 -5 -5 -2 -4 -5  5 -1 -3 -5 -4 -4    0   0   2  34   0   0  23   0   2   0   0   0   0   0  37   2   0   0   0   0  1.17 0.30
    5 E   -2 -1  0  4 -4  2  4 -2 -2 -2 -2  3 -3 -4  0 -2 -2 -4 -4 -3    2   0   2  24   0   7  32   1   0   2   4  21   0   0   4   0   0   0   0   0  0.59 0.23
    6 S   -1  0  0  2 -4  1  3 -3  0 -3 -4  0 -3 -4  4  1  1 -4 -3 -2    3   6   3  14   0   4  20   0   2   0   0   5   0   0  20  12   8   0   0   2  0.47 0.17
    7 S    0 -1  0  2 -3  0  4 -2 -2 -2 -2 -1 -2 -3 -1  1  1 -1 -3  0    5   3   2  11   0   1  33   2   0   1   3   2   1   0   3  14   8   1   0  11  0.31 0.17
    8 D   -3  0  1  5 -4  1  3 -3 -2 -2 -1  1 -3 -4 -3 -1 -2 -5 -4 -3    0   3   5  39   0   5  25   0   0   2   8  10   0   0   0   3   0   0   0   1  0.64 0.23
    9 P   -1  2 -2 -2 -4  1  1 -3 -1 -2 -3  5 -3 -4  3 -1 -1 -4 -3 -2    5  11   0   0   0   6   8   0   1   2   1  48   0   0  13   2   2   0   0   2  0.65 0.25
   10 A    0  5 -2 -3 -4 -1 -2 -3 -2 -2 -2  4 -1 -4 -3 -2 -1 -4  0 -1    9  37   0   0   0   0   0   0   0   1   3  38   2   0   0   0   2   0   4   6  0.72 0.28
   11 A    0  2  0  0 -3  2  1 -1 -1 -1 -1  1 -1 -3 -2  1  1 -3 -2  0   10  16   3   3   0  12  12   2   1   1   8   6   0   0   0   9   8   0   0   9  0.17 0.10
   12 L   -2  3 -3 -2 -3 -1 -1 -4 -3  2  1  2  2 -2 -3 -2 -2  0 -2  1    0  26   0   1   0   0   2   0   0  15  17  16   7   0   0   0   0   2   0  14  0.36 0.19
   13 K   -3  7 -3 -4 -5 -1 -2 -4 -3 -5 -4  4 -3 -1 -4 -1 -3 -5 -4 -5    0  69   0   0   0   0   0   0   0   0   0  25   0   4   0   3   0   0   0   0  1.46 0.42
   14 R   -3  6 -3 -4 -5  0 -2 -4 -2 -3  0  3  2 -4 -4 -3 -1 -4 -3 -3    0  60   0   0   0   3   0   0   0   0  12  17   5   0   0   0   3   0   0   0  1.06 0.34
   15 A    2 -2 -2 -2 -3  2  3  0 -2  2 -1 -1  1 -3 -3 -1 -2 -4 -3 -1   25   0   0   0   0  14  26   6   0  15   4   0   5   0   0   2   0   0   0   3  0.33 0.21
   16 R   -2  5  1 -3 -5  4 -1 -3 -2 -5 -4  3 -3 -5 -3  0 -2 -4 -3 -4    2  40   6   0   0  21   0   0   0   0   0  23   0   0   0   8   0   0   0   0  0.92 0.32
   17 N   -4 -3  8 -1 -5  1 -3 -3 -2 -6 -6 -3 -5 -6 -5 -2 -3 -6 -5 -6    0   0  93   0   0   7   0   0   0   0   0   0   0   0   0   0   0   0   0   0  2.22 0.59
   18 T   -3  6  2 -3 -5 -1 -2 -4 -2 -5 -4  4 -4 -5 -4 -2  0 -5 -4 -4    0  60  12   0   0   0   0   0   0   0   0  23   0   0   0   0   5   0   0   0  1.26 0.40
   19 E    0 -2 -3 -2 -3  2  4 -4 -2  2  0 -2  1 -3 -3 -2 -1 -4 -3  1   11   1   0   0   0   9  39   0   0  15  11   0   4   0   0   0   2   0   0   8  0.42 0.23
   20 A    6 -3 -3 -4 -3 -3 -3 -2 -4 -4 -4 -3 -3 -5 -3  3 -2 -5 -4 -3   75   0   0   0   0   0   0   0   0   0   0   0   0   0   0  25   0   0   0   0  1.23 0.43
   21 A    6 -3 -1 -4 -3  1 -3 -2 -4 -3 -4 -3 -3 -4 -3  0 -2 -5 -4  0   82   0   2   0   0   6   0   0   0   0   0   0   0   0   0   4   0   0   0   6  1.14 0.41
   22 R    2  5 -2 -3  1  3 -1 -3  0 -4 -4  0 -3 -4 -3  0  0 -4 -3 -3   19  41   0   0   3  19   0   0   2   0   0   3   0   0   0   6   7   0   0   0  0.72 0.29
   23 R   -1  5  2 -1 -4  1  0 -3 -2 -4 -2  4 -3 -4 -3 -2 -1 -4 -3 -4    6  33  12   1   0   4   4   0   0   0   4  33   0   0   0   0   2   0   0   0  0.71 0.27
   24 S   -1 -4 -3 -4  8 -3 -3 -3 -3 -4 -4 -3 -3  1 -4  5 -2 -4  2 -3    2   0   0   0  33   0   0   0   0   0   0   0   0   7   0  50   0   0   8   0  1.25 0.42
   25 R   -4  8 -3 -4 -6 -2 -3 -5 -3 -6 -5  0 -4 -6 -5 -4 -4 -6 -4 -5    0 100   0   0   0   0   0   0   0   0   0   0   0   0   0   0   0   0   0   0  2.36 0.60
   26 A    0  1  0  1 -3  3  1 -3 -2 -2  1  3  1 -3 -3 -1 -2 -4 -2 -2    9   6   5   7   0  20   8   0   0   0  17  21   4   0   0   0   0   0   1   1  0.30 0.18
   27 R   -4  7 -3 -4 -6 -1 -2 -5 -3 -5 -5  4 -4 -5 -4 -3 -3 -5 -4 -5    0  77   0   0   0   0   0   0   0   0   0  23   0   0   0   0   0   0   0   0  1.78 0.49
   28 K   -1  4 -2 -3 -5  0 -2 -4  0 -5 -5  6 -3 -5 -3 -2 -3 -5 -4 -4    6  19   0   0   0   3   0   0   2   0   0  71   0   0   0   0   0   0   0   0  1.30 0.42
   29 L   -1  1 -2 -2 -4  3  1 -3 -2 -1  1  5  0 -3 -3 -2  0 -4 -3  0    3   7   0   0   0  13   6   0   0   2  14  43   1   0   0   0   5   0   0   6  0.48 0.24
   30 Q    2  0 -2  3 -3  2  3 -3  0 -2 -3 -1  0 -4 -3 -1 -2 -4 -3 -1   27   6   0  19   0  11  25   0   2   1   1   2   3   0   0   0   0   0   0   3  0.46 0.23
   31 R   -3  3 -2 -3 -1  2  0 -4  3 -2 -1  1 -2 -1 -4 -2 -1  2  6 -3    0  20   1   0   2   9   7   0   6   2   7   8   0   0   0   2   2   3  33   0  0.59 0.25
   32 M   -1 -3 -1 -3  1  0 -3 -4 -3  3  1 -3  3 -2 -3 -1  2 -4 -3  2    4   0   4   0   3   5   0   0   0  26   8   0  11   0   0   2  20   0   0  16  0.37 0.20
   33 K   -1 -1  1  2 -3  3  2 -2 -1 -2  0  2  1 -3 -3  0 -2 -4 -3 -1    2   0   9  13   0  16  13   2   1   0  10  19   4   0   0   6   0   0   0   5  0.27 0.16
   34 Q   -1  0  1  1  1  3  5 -1 -2 -4 -4  0 -3 -3 -3  0 -1 -4 -3 -4    3   3   8   7   3  12  46   5   0   0   0   4   0   1   0   5   4   0   0   0  0.61 0.25
   35 L   -3 -4 -5 -6 -3 -4 -5 -6 -5  1  6 -4  2 -2 -5 -4 -1 -4 -3  0    0   0   0   0   0   0   0   0   0   5  85   0   3   0   0   0   5   0   0   3  1.19 0.38
   36 E   -1 -2 -2 -1 -5  4  6 -3  2 -3 -5 -1 -4 -5 -3 -1  0 -5 -4 -4    3   0   0   0   0  17  65   1   5   1   0   0   0   0   0   2   6   0   0   0  1.14 0.39
   37 D    1  1  0  3 -1  2  2 -1  0 -2 -2  1 -2 -3 -2  1  0 -4 -2 -2   13   9   4  18   1  12  11   2   1   2   2   6   0   0   0  11   5   0   1   2  0.25 0.12
   38 K   -2  3 -2  0 -3  2  3 -3 -2 -3 -4  4 -3 -5 -3  1 -1 -4 -3 -4    0  16   0   4   1  10  26   1   0   1   0  31   0   0   0  10   1   0   0   0  0.65 0.26
   39 V    0  0 -3 -4  0 -3 -3 -4  0  2  1 -2  1 -1 -3 -1  0 -4 -2  4    5   8   0   0   2   0   0   0   3   8  12   2   5   2   0   3   5   0   0  46  0.40 0.20
   40 E    0  0  0  2 -1  0  3 -3 -2 -1  0  1  0 -3 -2  0 -1 -4 -3 -1   10   3   3  16   2   1  26   0   0   4  13  10   3   0   0   5   1   0   0   3  0.23 0.14
   41 E    1  1  1  1 -3  2  3 -2  1 -3 -2  1 -2 -4 -2  1 -1 -4 -3  0   10   6   5   9   0  11  23   1   3   0   2  11   0   0   0   9   1   0   0   8  0.28 0.14
   42 L   -2 -4 -5 -5 -1 -4 -3 -5 -4  1  5 -4  1  0 -5 -3 -3 -3  0  0    2   0   0   0   1   0   1   0   0   3  82   0   1   2   0   2   0   0   3   2  1.05 0.35
   43 L   -1 -1  0  0 -3  2  3 -2 -2 -1 -1  2  0 -3 -2  1  2 -3 -3 -1    0   1   3   2   0   8  29   1   0   3   5  14   4   0   0  11  15   0   0   5  0.30 0.16
   44 S    2  1  1  0 -1  1  1 -1  0 -2 -2  2 -2 -1 -2  1  0 -3 -2 -2   20   5   6   6   1   6   7   4   2   0   3  17   0   2   1  14   4   0   0   1  0.17 0.09
   45 K   -1  1  0  2 -4  2  4 -3 -1 -3 -2  1 -1 -3 -2 -1 -1 -3 -3 -3    4   5   2  11   0  10  42   1   0   0   4  10   2   0   1   2   3   0   0   1  0.52 0.20
   46 N   -3  1  6 -1 -4 -1 -2  0 -1 -3 -3  2 -1 -4 -3 -1 -2 -4 -2 -3    1   7  59   1   0   0   1   5   0   2   3  12   2   0   1   3   1   0   1   2  0.87 0.30
   47 Y    1  0  0  1 -3  1  3 -1  1 -2 -2  0  0 -3 -2  1  0 -3 -2 -1   11   2   1   9   0   8  27   2   4   1   2   5   3   0   0  16   4   0   1   4  0.26 0.13
   48 H    1  2 -1  0 -1  3  2 -1  0 -3 -3  2 -1 -3 -2  1  0 -3 -1 -2   11  13   2   3   1  19  11   3   3   1   0  12   2   0   0  12   4   0   2   2  0.28 0.14
   49 L   -2 -4 -5 -5 -3 -4 -4 -5 -4  0  5 -2  2  0 -5 -2 -3 -4 -3 -1    3   0   0   0   0   0   0   0   0   1  83   2   5   2   0   3   0   0   0   0  1.08 0.36
   50 E   -1  3  0 -1 -3  3  2 -3  0 -1  0  3  0 -2 -3  0 -2 -3 -2 -2    5  19   4   2   0  14  12   0   1   3   9  21   2   1   0   4   0   0   1   2  0.31 0.16
   51 N    0  1  2 -1 -4  3  1 -2 -1 -2 -2  4 -2 -4 -1  0  0 -4 -3 -3    9   7  10   1   0  16   6   2   1   2   3  32   0   0   2   7   3   0   0   0  0.40 0.20
   52 E   -2  2 -1  0 -5  2  6 -4 -2 -4 -4  2 -3 -5 -3 -2 -1 -5 -4 -4    2   9   1   3   0   8  62   0   0   1   1  10   0   0   0   0   2   0   0   0  1.01 0.36
   53 V   -1 -1  2 -3  0 -1 -2 -3 -1  3  2 -2  0 -1 -3 -2  0 -3 -2  2    3   3  12   0   2   3   2   0   1  23  21   2   2   1   0   0   4   0   0  20  0.25 0.15
   54 A    1 -1  1  1 -3  3  3  0 -1 -3 -2  1 -2 -3 -2  0 -1 -3 -1 -1   15   0   7   7   0  14  26   5   1   0   3   8   0   0   0   3   3   0   2   4  0.29 0.16
   55 R   -1  2  1 -1 -3  2  1 -2  1 -2 -1  0  0  1 -2  0  0 -2  1 -1    5  16   9   2   0  12   8   0   4   1   8   4   2   7   0   9   4   0   5   4  0.14 0.10
   56 L    0 -3 -4 -5 -1 -3 -3 -4 -4  1  5 -4  0 -2 -4 -2 -2  3 -1 -1    9   1   0   0   1   0   2   0   0   8  69   0   0   0   0   2   1   5   2   1  0.78 0.31
   57 K   -2  5  1 -2 -4  1  1 -2 -2 -4 -2  4 -2 -4 -3  0 -2 -4 -3 -4    0  37   6   0   0   5   6   2   0   0   5  31   1   0   0   6   1   0   0   0  0.71 0.28
   58 K    0  2  2  1 -4  2  2 -2 -1 -2 -3  2 -1 -4 -2  1 -1 -4 -3 -3    8  11  10   8   0  13  14   2   0   2   0  18   2   0   0  13   0   0   0   0  0.36 0.17
   59 L   -1 -2 -2 -2  0  3  0 -3  0  1  3 -1  2 -2 -3 -1  1 -3 -2 -1    3   0   0   0   2  26   6   0   2   7  36   0   5   0   0   3   9   0   0   0  0.31 0.17
   60 V    1 -2 -3 -3  3  0 -1  0 -3  1  0 -1  1 -2  0 -1 -1 -3 -1  3   16   0   0   0   9   6   3   6   0   3   6   4   6   0   3   0   0   0   2  35  0.19 0.12
   61 G    2 -2  1  0 -2 -1  1  3 -2 -3 -3  0 -2 -4 -2  2  0 -4 -3 -2   24   0   5   4   0   0   8  30   0   0   0   4   0   0   0  19   4   0   0   0  0.41 0.12
   62 E   -2 -1  0  0 -4  4  5 -3 -1 -3 -1  0 -2 -4  0  0  0 -4 -3 -3    0   0   3   0   0  27  50   0   0   0   7   0   0   0   4   4   5   0   0   0  0.69 0.20
   63 R   -1  5 -1 -1 -4  2  0 -2  0 -3 -3  3 -1 -3 -2 -1 -1 -3 -2 -3    0  62   0   0   0  14   0   0   0   0   0  23   0   0   0   0   0   0   0   0  0.66 0.05

                      K         Lambda
Standard Ungapped    0.1257     0.3118
Standard Gapped      0.0371     0.2670
PSI Ungapped         0.1213     0.3168
PSI Gapped           0.0371     0.2670
