
Last position-specific scoring matrix computed, weighted observed percentages rounded down, information per position, and relative weight of gapless real matches to pseudocounts
           A  R  N  D  C  Q  E  G  H  I  L  K  M  F  P  S  T  W  Y  V   A   R   N   D   C   Q   E   G   H   I   L   K   M   F   P   S   T   W   Y   V
    1 G    0 -2  0 -1 -2 -2 -2  5 -2 -4 -4 -1 -3 -3 -2  0 -2 -2 -3 -3    0   0   0   0   0   0   0   0   0   0   0   0   0   0   0   0   0   0   0   0  0.00     0.00
    2 S    1 -1  1  0 -1  0  0  0 -1 -2 -2  0 -1 -2 -1  4  1 -3 -2 -2    0   0   0   0   0   0   0   0   0   0   0   0   0   0   0   0   0   0   0   0  0.00     0.00
    3 H   -2  0  1 -1 -3  0  0 -2  7 -3 -3 -1 -2 -1 -2 -1 -2 -2  2 -3    0   0   0   0   0   0   0   0   0   0   0   0   0   0   0   0   0   0   0   0  0.00     0.00
    4 M   -1 -2 -2 -3 -2 -1 -2 -3 -2  1  2 -2  6  0 -3 -2 -1 -2 -1  1    0   0   0   0   0   0   0   0   0   0   0   0 100   0   0   0   0   0   0   0  0.44 0.03
    5 E    2 -1 -1  1 -2  1  4 -1 -1 -3 -3  0 -2 -3 -1  0 -1 -3 -2 -2   34   0   0   0   0   0  66   0   0   0   0   0   0   0   0   0   0   0   0   0  0.46 0.01
    6 S    3 -1  0 -1 -1  0  0  0 -1 -2 -2  0 -1 -3 -1  4  1 -3 -2 -1   34   0   0   0   0   0   0   0   0   0   0   0   0   0   0  66   0   0   0   0  0.38 0.01
    7 F   -2 -3 -3 -4 -2 -3 -3 -4 -2  0  2 -3  1  6 -4 -3 -2  0  2  0    0   0   0   0   0   0   0   0   0   0  34   0   0  66   0   0   0   0   0   0  0.53 0.01
    8 L    0 -1 -2 -2 -1 -1 -1 -2 -2  2  2 -1  1  0 -1 -1  0 -1 -1  2    3   2   1   2   1   1   2   2   1   2  36   2   1   1   2   2   2   0   1  36  0.12 0.00
    9 L   -1  3 -1 -1 -2  0 -1 -2 -1  0  2  0  1 -1 -1 -1 -1 -1 -1  0    3  35   1   2   1   1   2   2   1   2  36   2   1   1   2   2   2   0   1   2  0.13 0.00
   10 S    2 -1  0  0 -1  0  2 -1 -1 -2 -2  0 -1 -2 -1  3  0 -2 -2 -1   21   1   1   1   0   1  22   2   0   1   2   1   0   1   1  41   1   0   1   1  0.25 0.02
   11 K   -1  2  0  1 -3  0  0 -2  3 -1 -2  3 -1 -2 -1 -1 -1 -3 -1  0    1  12   1  12   0   1   1   1  14   1   1  41   0   0   1   1   1   0   0  13  0.25 0.05
   12 V   -1 -3 -3 -4 -2 -3 -3 -4 -3  3  2 -3  1  1 -3 -3 -1 -2 -1  3    0   0   0   0   0   0   0   0   0  26  27   0   0   6   0   0   0   0   0  37  0.42 0.10
   13 S    0 -3 -1 -2  1 -2 -3  6  0 -4 -4 -2 -3 -4 -3  2  0 -4 -4 -4    4   0   0   0   3   0   0  68   3   0   0   0   0   0   0  16   4   0   0   0  0.96 0.21
   14 F    0  1  0  1 -3  3  3 -2 -1 -3 -3  1 -2 -1 -2  2  0 -3 -2 -3    8   8   3   5   0  21  21   0   0   0   0   9   0   3   0  20   4   0   0   0  0.35 0.12
   15 V   -2  5  2 -2 -4  1 -1 -3 -1 -1 -1  2 -2 -1 -3 -2 -1 -4 -2  0    0  46  14   0   0   7   0   0   0   3   4  12   0   4   0   0   3   0   0   7  0.52 0.18
   16 I   -2 -4 -5 -5 -2 -4 -4 -5 -4  4  4 -4  1  1 -4 -4 -2 -3 -2  2    0   0   0   0   0   0   0   0   0  38  45   0   0   4   0   0   0   0   0  13  0.71 0.20
   17 K   -1  6 -2 -3 -5  0 -1 -3 -2 -4 -4  4 -3 -4 -3 -1 -2 -4 -3 -4    4  56   0   0   0   0   0   0   0   0   0  37   0   0   0   4   0   0   0   0  1.09 0.28
   18 K    1  1 -1  1 -3  3  2 -1 -1 -3 -2  2 -2 -3 -2  1 -1 -3 -1 -3   15   7   0   7   0  21  16   4   0   0   3  15   0   0   0   9   0   0   2   0  0.31 0.12
   19 I    0 -1 -1 -3  2 -1 -2 -3  0  1  3 -1  0  2 -3 -2 -2 -2  2  0   11   4   3   0   6   3   0   0   2  11  36   3   0   8   0   0   0   0  11   0  0.20 0.11
   20 R   -3  8 -2 -4 -6 -1 -2 -4 -2 -5 -4  0 -3 -5 -4 -3 -3 -5 -4 -5    0 100   0   0   0   0   0   0   0   0   0   0   0   0   0   0   0   0   0   0  1.94 0.42
   21 L    0  1  1 -1 -3  2  1 -2 -1 -2  0  3  1 -3 -2  0  0 -3 -2 -1    7   6   6   0   0  12  10   0   0   0   9  32   4   0   0   2   7   0   0   4  0.27 0.12
   22 E    1  0 -1 -1 -3  2  4 -3  1 -2 -1  1 -2 -3 -2  1  0 -4 -2 -2   11   3   0   0   0  10  42   0   4   3   6   5   0   0   0  10   6   0   0   0  0.40 0.16
   23 K    0  4  0 -2 -4  2 -1 -3  3 -3 -1  4 -2 -1 -3 -1 -2 -3  0 -3    7  25   3   0   0  11   0   0   9   0   7  33   0   2   0   0   0   0   3   0  0.47 0.17
   24 G   -2 -2  2  2 -4 -2 -2  5  2 -2 -4  2 -3 -4 -3 -1 -2 -4 -3 -3    0   0  11  11   0   0   0  48   7   4   0  19   0   0   0   0   0   0   0   0  0.64 0.19
   25 M   -3 -1 -4 -5 -3 -3 -4 -5 -3  0  4 -3  4  2 -4 -3 -2  2  3  0    0   4   0   0   0   0   0   0   0   0  58   0  13   6   0   0   0   3  12   3  0.64 0.20
   26 T   -1  0  0  0 -2 -2 -2 -2 -2 -3 -3  0 -2 -4 -2  4  5 -4 -3 -2    0   5   4   4   0   0   0   0   0   0   0   3   0   0   0  35  48   0   0   0  0.70 0.25
   27 Q   -3 -1 -2 -3 -4  7  0 -4 -2 -1  1 -1  2 -4 -3 -2 -2 -4 -3 -1    0   0   0   0   0  73   0   0   0   3  14   0   7   0   0   0   0   0   0   3  1.10 0.34
   28 E    0  2  1  0 -3  2  4 -3 -1 -3 -2  1 -2 -4 -2  0  0 -4 -3 -1    9  14   6   0   0   6  42   0   0   0   3   5   0   0   0   5   3   0   0   5  0.43 0.16
   29 D    0  1  0  2 -4  4  4 -1 -1 -4 -4  0 -2 -4 -2  0  0 -4 -3 -3    6  10   3  10   0  22  34   3   0   0   0   3   0   0   0   5   4   0   0   0  0.51 0.16
   30 L   -1 -3 -4 -5 -2 -3 -4 -4 -4  1  4 -3  3  2 -4 -3 -2 -3 -1  2    4   0   0   0   0   0   0   0   0   3  58   0  10   9   0   0   0   0   0  17  0.61 0.19
   31 A    6 -3 -3 -3 -2 -2 -1 -1 -3 -3 -3 -2 -3 -4 -2  1 -2 -4 -3 -2   89   0   0   0   0   0   4   0   0   0   0   0   0   0   0   7   0   0   0   0  1.08 0.32
   32 Y    0  1  0  2 -3  1  3 -1 -1 -3 -3  2 -2 -1 -2 -1 -1 -3 -1 -2   12   7   4  10   0   7  26   3   0   0   0  20   0   3   0   0   3   0   3   3  0.30 0.11
   33 K    1  3 -1 -2 -3  0  0 -1 -1  0 -1  2  0 -1 -2  0 -1 -3  0 -1   19  23   0   0   0   2   6   4   0   6   4  18   3   3   0   4   3   0   3   2  0.18 0.10
   34 S    1 -3 -2 -3  1 -2 -2 -2 -3  2  2 -2  0 -2 -3  2  0 -3 -2  2   17   0   0   0   3   0   0   0   0  14  24   0   0   0   0  26   3   0   0  14  0.25 0.13
   35 N   -1 -1  0  1 -4  1 -1  6 -3 -5 -5 -2 -4 -5 -3 -2 -3 -4 -4 -4    0   4   5   8   0   8   3  72   0   0   0   0   0   0   0   0   0   0   0   0  1.07 0.25
   36 L   -2 -4 -4 -4 -2 -3 -4 -5 -4  4  3 -4  2  0 -4 -3 -2 -3 -2  4    0   0   0   0   0   0   0   0   0  27  29   0   3   4   0   0   0   0   0  36  0.62 0.18
   37 D    0  0 -1  1 -2 -1 -1  0  2 -3 -4 -1 -3 -4 -2  4  2 -4 -3 -3    6   5   0   9   0   0   0   7   6   0   0   0   0   0   0  52  15   0   0   0  0.53 0.21
   38 R   -1  4  0 -2 -3  2 -1 -3  1 -2 -1  2 -2  0 -1 -1 -1 -3 -2  0    6  38   3   0   0  11   0   0   4   0   4  15   0   4   3   0   3   0   0   8  0.39 0.15
   39 T    1 -2  1 -1 -2  2  0  0 -2 -3 -3 -1 -2 -4  2  3  2 -4 -3 -2    9   0   7   0   0  16   5   4   0   0   0   0   0   0  12  30  18   0   0   0  0.42 0.16
   40 Y    0 -3 -2 -3 -3  0 -2  0  1 -1 -2 -2  0  0 -3  1  1  0  7 -2    7   0   0   0   0   4   0   6   3   3   0   0   3   0   0  10  13   0  50   0  0.68 0.23
   41 I   -3 -4 -4 -5 -3 -3 -4 -5 -3  4  3 -4  0  0 -4 -3 -2 -2  4  1    0   0   0   0   0   0   0   0   0  36  39   0   0   0   0   0   0   0  19   6  0.68 0.21
   42 S    0 -2  1 -2 -2  0 -2  2 -2 -1 -2 -2 -2 -3 -2  4  1 -4 -3 -1    2   0   9   0   0   4   0  16   0   5   4   0   0   0   0  50   6   0   0   5  0.41 0.18
   43 G    1  1  0  2 -3  3  1  0 -1 -3 -3  1  0  0 -2  1  0 -3 -2 -2   11   6   4  13   0  18   7   6   0   0   0  10   3   5   0  11   4   0   0   0  0.22 0.09
   44 I   -3 -4 -4 -5 -3 -4 -4 -5 -3  5  2 -4  0  0 -4 -3 -2 -2  4  1    0   0   0   0   0   0   0   0   0  50  23   0   0   0   0   0   0   0  20   7  0.73 0.22
   45 E   -3 -2 -2  0 -6  0  7 -4 -2 -5 -5 -1 -4 -5 -3 -2 -3 -5 -4 -5    0   0   0   0   0   0 100   0   0   0   0   0   0   0   0   0   0   0   0   0  1.76 0.41
   46 R   -1  5  3 -2 -4  2 -1 -3  2 -2 -2  2 -2 -4 -3 -1 -2 -4 -3 -3    3  46  18   0   0   8   0   0   6   3   3  13   0   0   0   0   0   0   0   0  0.65 0.21
   47 N   -2 -3  1  2 -4 -2 -1  6 -3 -5 -5 -1 -4 -5 -3 -2 -3 -4 -4 -5    0   0   8  14   0   0   3  71   0   0   0   3   0   0   0   0   0   0   0   0  1.13 0.26
   48 S   -1  3  0 -2 -3  1  1 -3 -2 -2 -2  3 -2 -3 -2  1  2 -4 -3  0    0  25   3   0   0   5   6   0   0   0   3  24   0   0   0   9  16   0   0   9  0.35 0.14
   49 R   -1  5  0 -2 -3  0 -1 -3  1 -3 -3  1  0 -2 -3  1  0 -2  3 -1    3  39   4   0   0   4   0   0   3   0   0   8   3   0   0  10   7   0  15   4  0.43 0.17
   50 N   -1  0  4  0 -3  1  2 -1 -1 -3 -1  1 -2 -4  2  1 -1 -4 -3 -3    0   4  32   2   0   4  13   3   0   0   7  10   0   0   9  15   0   0   0   0  0.38 0.15
   51 L   -2 -4 -4 -3 -4 -3 -3 -1 -4  0  0 -3 -3 -4  7 -3 -3 -5 -4  1    0   0   0   0   0   0   0   4   0   7   8   0   0   0  69   0   0   0   0  11  1.56 0.30
   52 T    0 -2 -1  1 -2 -1 -1 -1 -2 -3 -3  0 -3 -4  0  4  3 -4 -3 -2    4   0   0   6   0   0   0   3   0   0   0   7   0   0   3  52  25   0   0   0  0.59 0.22
   53 I    1 -3 -3 -3 -2 -2 -3 -3 -3  2  3 -2  0 -1 -1 -1  0 -3  0  2   11   0   0   0   0   0   0   0   0   9  38   0   0   0   3   4   7   0   3  22  0.27 0.11
   54 K    1  0 -1  1 -3  1  2 -1 -2  0 -2  2 -2 -3  1  1 -1 -4 -3 -1   12   3   0   9   0   5  16   3   0   9   0  17   0   0   6  17   0   0   0   2  0.21 0.10
   55 S   -1  0  0 -2 -2 -2 -2 -3 -2  0  1 -1 -1  1 -3  0  4 -3  0  1    0   4   5   0   0   0   0   0   0   3  17   3   0   5   0   6  37   0   4  15  0.26 0.14
   56 L    0 -3 -4 -4 -2 -3 -4 -4 -4  3  4 -3  1 -1 -4 -2 -2 -3 -2  1   10   0   0   0   0   0   0   0   0  16  68   0   0   0   0   3   0   0   0   4  0.65 0.21
   57 E   -1 -1 -1  0 -3  2  2 -3  0  0  0  1 -1  0 -2  1  0  2  2  0    4   0   0   3   0  12  15   0   2   6   9  10   0   2   0  11   3   3  13   7  0.14 0.08
   58 L    0  2  0  1 -3  1  0 -2 -2  0 -1  4 -2 -3 -2 -1 -1 -4 -3 -2    6  11   3  11   0   7   4   0   0  10   6  37   0   0   0   3   2   0   0   0  0.30 0.13
   59 I   -1 -4 -5 -5 -2 -4 -4 -5 -4  5  3 -4  0 -1 -4 -3 -2 -4 -2  2    3   0   0   0   0   0   0   0   0  50  36   0   0   0   0   0   0   0   0  10  0.74 0.21
   60 M    4 -3 -2 -3  3 -2 -2  0 -3 -2 -1 -2  0 -3 -2  2  1 -4 -3 -2   58   0   0   0   7   0   0   3   0   0   4   0   3   0   0  16   9   0   0   0  0.56 0.21
   61 K    0  2  1  0 -3  1  2 -1 -1 -2 -3  3 -2 -4 -2  0  0 -4 -3 -2    8  14   6   3   0   7  15   4   0   3   0  26   0   0   0   7   7   0   0   0  0.30 0.11
   62 G    3 -1 -2 -3 -2 -2 -2  0 -3  1  0  0 -1  0 -2 -1  0 -3 -2  2   41   3   0   0   0   0   0   8   0   6   7   6   0   6   0   0   6   0   0  17  0.22 0.13
   63 L   -3 -4 -4 -5  1 -4 -4 -5 -2  1  4 -4  0  4 -4 -4 -3 -1  4 -1    0   0   0   0   4   0   0   0   0   3  58   0   0  19   0   0   0   0  16   0  0.74 0.22
   64 E   -1 -1  4  2 -4  0  0  4 -2 -4 -4  0 -3 -4 -3 -1 -2 -4 -4 -4    4   3  23  15   0   4   6  41   0   0   0   3   0   0   0   0   0   0   0   0  0.64 0.18
   65 V    0 -2 -4 -4 -2 -3 -4 -4 -4  3  2 -3  0  0 -4 -3  0 -3 -2  4    5   2   0   0   0   0   0   0   0  14  18   0   0   3   0   0   3   0   0  55  0.55 0.19
   66 S   -1 -1 -1  2 -3 -1  1 -2 -2 -4 -4  0 -3 -4  3  4  1 -4 -3 -3    0   3   0  13   0   0   9   0   0   0   0   5   0   0  16  46   8   0   0   0  0.55 0.19
   67 D    2 -3 -3 -1 -2 -2 -2 -2  2  2  2 -2  0  0 -3 -1 -1  2  0  1   24   0   0   4   0   0   0   0   7  21  24   0   0   4   0   0   0   4   4   6  0.20 0.10
   68 V    0 -1  0  2 -2  0  1 -2  2  0 -1 -1 -1 -2 -2  1  2 -3 -2  1    5   0   4  13   0   4  13   0   6   5   5   0   0   0   0  16  14   0   0  15  0.15 0.08
   69 V   -2 -2 -1  2 -3 -1  3 -3 -1  0 -1 -1 -1  1 -2 -1  0 -2  3  1    0   0   0  16   0   0  28   0   0   4   5   0   0   7   0   0   4   0  13  20  0.25 0.12
   70 F   -1 -3 -4 -2 -2 -3 -3 -2 -3  1  3 -3  0  5 -4 -3 -2 -2  0  1    4   0   0   3   0   0   0   3   0   6  42   0   0  32   0   0   0   0   0  10  0.47 0.15
   71 F   -2 -3 -3 -3 -3 -3 -2 -4 -2  1  1 -3  0  5  2  0 -2 -1  2  0    0   0   0   0   0   0   4   0   0   8  19   0   0  39  10   9   0   0   5   5  0.41 0.13
   72 E   -1  1 -1  1 -3  0  3 -2 -1 -1 -2  2 -2  0 -2  3  0 -3 -2 -2    0   5   0   6   0   0  24   0   0   7   0  19   0   6   0  34   0   0   0   0  0.30 0.11
   73 M   -2 -2  0  5 -3 -1  1  2 -2 -1 -1  0  1 -3 -2 -1  0 -4 -3 -2    0   0   0  45   0   0   6  16   0   7   8   7   6   0   0   0   5   0   0   0  0.38 0.10
   74 L    0 -2 -3 -3 -2 -2  0 -3 -3  2  3 -2  1 -1  1 -2 -1 -3 -2  2    9   0   0   0   0   0   8   0   0   7  47   0   0   0   8   0   0   0   0  21  0.26 0.06
   75 I   -1 -2 -1  1  3  0  3  0 -2  0 -2 -1 -2 -3 -2  0  1 -3 -2 -1    0   0   0   9   9   0  38  10   0  15   0   0   0   0   0   9  10   0   0   0  0.25 0.07
   76 K   -1  3  3  0 -4  1  2 -2 -1 -4 -3  3 -2 -4 -2  0 -1 -4 -2 -3    0  21  21   0   0   0  22   0   0   0   0  36   0   0   0   0   0   0   0   0  0.50 0.08
   77 E   -1  2  0  2 -4  2  4  1 -1 -4 -3  0 -2 -4 -2 -1 -1 -3 -3 -3    0  14   0  11   0  12  52  12   0   0   0   0   0   0   0   0   0   0   0   0  0.53 0.07
   78 I   -1 -2 -1  2 -2 -1 -1  3 -2  1 -1 -2  2 -2 -2  0  1 -3 -2  0    0   0   0  16   0   0   0  32   0  16   0   0  19   0   0   0  17   0   0   0  0.21 0.04
   79 L    2 -2 -2 -2 -1 -1 -1 -1 -2  0  2 -1  0 -1  3  0 -1 -2 -1  0   35   1   1   1   0   1   1   1   0   1  34   1   0   1  17   1   1   0   1   1  0.23 0.03
   80 K   -1  4 -1 -1 -4  1  0 -2 -1 -3 -3  5 -2 -3 -2 -1 -1 -3 -2 -3    0  35   0   0   0   0   0   0   0   0   0  65   0   0   0   0   0   0   0   0  0.66 0.07
   81 H   -2  0  3 -1 -3  3  0 -2  7 -4 -3  0 -2 -2 -2 -1 -1 -3  0 -3    0   0  20   0   0  22   0   0  58   0   0   0   0   0   0   0   0   0   0   0  0.69 0.06
   82 D   -2 -1  3  4 -4  1  4 -2  0 -4 -4  0 -3 -4 -2  0 -1 -4 -3 -3    0   0  21  37   0   0  42   0   0   0   0   0   0   0   0   0   0   0   0   0  0.65 0.04

                      K         Lambda
Standard Ungapped    0.1365     0.3195
Standard Gapped      0.0397     0.2670
PSI Ungapped         0.1298     0.3175
PSI Gapped           0.0397     0.2670
