
Last position-specific scoring matrix computed, weighted observed percentages rounded down, information per position, and relative weight of gapless real matches to pseudocounts
            A   R   N   D   C   Q   E   G   H   I   L   K   M   F   P   S   T   W   Y   V   A   R   N   D   C   Q   E   G   H   I   L   K   M   F   P   S   T   W   Y   V
    1 M    -1  -1  -2  -3  -1   0  -2  -3  -2   1   2  -1   6   0  -3  -2  -1  -1  -1   1    0   0   0   0   0   0   0   0   0   0   0   0 100   0   0   0   0   0   0   0  0.33 0.00
    2 A     4  -1  -2  -2   0  -1  -1   0  -2  -1  -2  -1  -1  -2  -1   1   0  -3  -2   0  100   0   0   0   0   0   0   0   0   0   0   0   0   0   0   0   0   0   0   0  0.40 0.00
    3 E    -1   0   0   2  -4   2   5  -2   0  -3  -3   1  -2  -3  -1   0  -1  -3  -2  -3    0   0   0   0   0   0 100   0   0   0   0   0   0   0   0   0   0   0   0   0  0.73 0.00
    4 T     0  -1   0  -1  -1  -1  -1  -2  -2  -1  -1  -1  -1  -2  -1   1   5  -3  -2   0    0   0   0   0   0   0   0   0   0   0   0   0   0   0   0   0 100   0   0   0  0.46 0.00
    5 A     4  -1  -2  -2   0  -1  -1   0  -2  -1  -2  -1  -1  -2  -1   1   0  -3  -2   0  100   0   0   0   0   0   0   0   0   0   0   0   0   0   0   0   0   0   0   0  0.40 0.00
    6 V     0  -3  -3  -3  -1  -2  -3  -3  -3   3   1  -2   1  -1  -2  -2   0  -3  -1   4    0   0   0   0   0   0   0   0   0   0   0   0   0   0   0   0   0   0   0 100  0.34 0.00
    7 I    -1  -3  -3  -3  -1  -3  -3  -4  -3   4   2  -3   1   0  -3  -2  -1  -3  -1   3    0   0   0   0   0   0   0   0   0 100   0   0   0   0   0   0   0   0   0   0  0.38 0.00
    8 N    -2   0   6   1  -3   0   0   0   1  -3  -4   0  -2  -3  -2   1   0  -4  -2  -3    0   0 100   0   0   0   0   0   0   0   0   0   0   0   0   0   0   0   0   0  0.72 0.00
    9 H    -2   0   1  -1  -3   0   0  -2   8  -3  -3  -1  -2  -1  -2  -1  -2  -2   2  -3    0   0   0   0   0   0   0   0 100   0   0   0   0   0   0   0   0   0   0   0  0.84 0.00
   10 K    -1   2   0  -1  -3   1   1  -2  -1  -3  -3   5  -1  -3  -1   0  -1  -3  -2  -2    0   0   0   0   0   0   0   0   0   0   0 100   0   0   0   0   0   0   0   0  0.51 0.00
   11 K    -1   2   0  -1  -3   1   1  -2  -1  -3  -3   5  -1  -3  -1   0  -1  -3  -2  -2    0   0   0   0   0   0   0   0   0   0   0 100   0   0   0   0   0   0   0   0  0.51 0.00
   12 R    -1   6   0  -2  -4   1   0  -2   0  -3  -2   2  -1  -3  -2  -1  -1  -3  -2  -3    0 100   0   0   0   0   0   0   0   0   0   0   0   0   0   0   0   0   0   0  0.74 0.00
   13 K    -1   2   0  -1  -3   1   1  -2  -1  -3  -3   5  -1  -3  -1   0  -1  -3  -2  -2    0   0   0   0   0   0   0   0   0   0   0 100   0   0   0   0   0   0   0   0  0.51 0.00
   14 N     0  -1   5   1  -2   0   0   0   0  -3  -3   0  -2  -3  -2   2   0  -4  -2  -3    0   0  68   0   0   0   0   0   0   0   0   0   0   0   0  32   0   0   0   0  0.55 0.02
   15 S     0  -1   1   4  -2   1   3  -1  -1  -3  -3   0  -2  -3  -1   2   0  -3  -2  -2    0   0   0  31   0   0  32   0   0   0   0   0   0   0   0  38   0   0   0   0  0.46 0.01
   16 P    -1  -2  -3  -3  -2  -2  -2  -3  -3   1   3  -2   1  -1   5  -2  -1  -2  -2   0    0   0   0   0   0   0   0   0   0   0  62   0   0   0  38   0   0   0   0   0  0.63 0.01
   17 R    -1   3  -1  -2  -2   0  -1  -3  -1   0  -1   3  -1  -2  -2  -1  -1  -3  -2   2    0  23   0   0   0   0   0   0   0   0   0  38   0   0   0   0   0   0   0  39  0.25 0.03
   18 I    -1  -3  -3  -3  -1  -3  -3  -4  -3   4   1  -3   1  -1  -3  -2  -1  -3  -1   4    0   0   0   0   0   0   0   0   0  43   0   0   0   0   0   0   0   0   0  57  0.42 0.04
   19 V    -1   2  -2  -2  -2  -1  -1  -3  -2   1   0   1   0   2  -2  -1  -1  -2   0   2    0  20   0   0   0   0   0   0   0   0   0  18   0  20   0   0   0   0   0  41  0.16 0.03
   20 Q    -1   1   0  -1  -3   4   1  -2   4  -3  -3   3  -1  -3  -2   0  -1  -3  -1  -3    0   0   0   0   0  41   0   0  20   0   0  39   0   0   0   0   0   0   0   0  0.51 0.04
   21 S     3   2   0  -1  -1   0  -1  -1  -1  -2  -2   0  -1  -3  -1   3   0  -3  -2  -1   39  20   0   0   0   0   0   0   0   0   0   0   0   0   0  41   0   0   0   0  0.32 0.03
   22 N    -2  -1   7   1  -3   0  -1  -1   0  -4  -4   0  -3  -3  -2   0   0  -4  -2  -3    0   0 100   0   0   0   0   0   0   0   0   0   0   0   0   0   0   0   0   0  0.92 0.07
   23 D    -1  -1   0   3  -3   1   4  -2  -1  -3  -3   0  -2  -3  -1   1  -1  -3  -2  -3    0   0   0  23   0   0  59   0   0   0   0   0   0   0   0  19   0   0   0   0  0.59 0.04
   24 L    -2  -2  -4  -4  -2  -2  -3  -4  -3   1   4  -3   2   0  -3  -3  -1  -2  -1   1    0   0   0   0   0   0   0   0   0   0 100   0   0   0   0   0   0   0   0   0  0.56 0.05
   25 T     1  -1   2  -1  -1  -1  -1  -1  -1   1  -1  -1  -1  -2  -2   1   3  -3  -2   0   20   0  20   0   0   0   0   0   0  19   0   0   0   0   0   0  41   0   0   0  0.21 0.03
   26 E    -1  -1  -1   0  -3   1   4  -3   4   1  -2   0  -1  -2  -2  -1  -1  -3  -1  -1    0   0   0   0   0   0  60   0  20  20   0   0   0   0   0   0   0   0   0   0  0.40 0.04
   27 A     3  -1  -1  -1  -1  -1  -1   0  -2  -2  -2  -1  -1  -2  -1   2   2  -3  -2  -1   60   0   0   0   0   0   0   0   0   0   0   0   0   0   0  20  20   0   0   0  0.36 0.03
   28 A     2   2   2  -1  -2  -1  -1  -1  -1  -1   1   0   0  -2  -2   0  -1  -3  -2  -1   41  20  19   0   0   0   0   0   0   0  20   0   0   0   0   0   0   0   0   0  0.16 0.03
   29 Y     1  -2  -2  -3  -2  -2  -2  -2   1  -2  -1  -2  -1   2  -3  -1  -2   1   7  -1   20   0   0   0   0   0   0   0   0   0   0   0   0   0   0   0   0   0  80   0  0.76 0.06
   30 S    -1   2   0   2  -3   2   0  -2   0  -3  -2   0  -2  -1  -2   1   0  -1   3  -2    0  19   0  20   0  20   0   0   0   0   0   0   0   0   0  23   0   0  18   0  0.28 0.03
   31 L    -2  -2  -4  -4  -2  -2  -3  -4  -3   1   4  -3   2   0  -3  -3  -1  -2  -1   1    0   0   0   0   0   0   0   0   0   0 100   0   0   0   0   0   0   0   0   0  0.56 0.05
   32 S     0  -1   0  -1  -1  -1  -1  -1  -1  -2  -3  -1  -2  -3   4   3   2  -3  -2  -2    0   0   0   0   0   0   0   0   0   0   0   0   0   0  20  60  20   0   0   0  0.52 0.04
   33 R    -1   2  -2  -1  -2   0   1  -3  -2   1   2   0   1  -1  -2  -2  -1  -2  -2   0    0  23   0   0   0   0  20   0   0  19  38   0   0   0   0   0   0   0   0   0  0.18 0.02
   34 D    -2   0   0   4  -3   0   1  -2   4  -3  -3   1  -3  -3   3  -1  -1  -4  -1  -3    0   0   0  41   0   0   0   0  20   0   0  18   0   0  20   0   0   0   0   0  0.57 0.04
   35 Q     2   0  -1   0  -2   3   3  -1  -1  -3  -2   0  -1  -3  -1   0  -1  -3  -2  -2   38   0   0   0   0  23  39   0   0   0   0   0   0   0   0   0   0   0   0   0  0.40 0.04
   36 K    -1   1  -1  -1  -2   0   0  -2  -1   1  -1   4  -1  -2  -2   0   2  -3  -2   0    0   0   0   0   0   0   0   0   0  19   0  61   0   0   0   0  20   0   0   0  0.27 0.04
   37 R    -2   6  -1  -2  -4   1   0  -2  -1  -3  -3   3  -2  -3  -2  -1  -1  -3  -2  -3    0  80   0   0   0   0   0   0   0   0   0  20   0   0   0   0   0   0   0   0  0.77 0.05
   38 M    -1  -2  -3  -3  -1  -2  -3  -4  -3   3   2  -2   3   0  -3  -2  -1  -2  -1   3    0   0   0   0   0   0   0   0   0  19  20   0  23   0   0   0   0   0   0  38  0.32 0.03
   39 L    -2  -2  -3  -4  -2  -2  -3  -4  -3   2   4  -2   3   0  -3  -2  -1  -2  -1   1    0   0   0   0   0   0   0   0   0  20  60   0  20   0   0   0   0   0   0   0  0.41 0.03
   40 Y     1  -2  -3  -3  -2  -2  -2  -2   0  -1   1  -2   0   2  -3  -1  -2   6   5  -1   19   0   0   0   0   0   0   0   0   0  20   0   0   0   0   0   0  18  43   0  0.55 0.04
   41 L    -1  -2  -3  -4   5  -2  -3  -3  -3   1   3  -3   3   0  -3  -2  -1  -2  -2   0    0   0   0   0  20   0   0   0   0   0  60   0  20   0   0   0   0   0   0   0  0.43 0.04
   42 F     1  -3  -2  -3   7  -2  -2  -2  -2  -1  -1  -2  -1   3  -2   0   1  -1   0  -1   20   0   0   0  39   0   0   0   0   0   0   0   0  23   0   0  19   0   0   0  0.43 0.04
   43 V    -1  -2  -2  -3  -1  -2  -2  -3  -3   3   2  -2   1  -1  -2  -1   1  -3  -1   3    0   0   0   0   0   0   0   0   0  19  20   0   0   0   0   0  18   0   0  43  0.27 0.02
   44 D     3  -2  -1   2  -1  -1   0   2  -2  -2  -2  -1  -2  -3  -1   1  -1  -3  -2  -1   59   0   0  23   0   0   0  19   0   0   0   0   0   0   0   0   0   0   0   0  0.36 0.03
   45 Q     0  -1  -1  -1  -2   2   0  -2  -1  -1   1   0   0  -2   3   1   2  -3  -2  -1    0   0   0   0   0  23   0   0   0   0  20   0   0   0  20  18  19   0   0   0  0.30 0.02
   46 I    -1  -3  -3  -3  -1  -2  -3  -4  -3   3   2  -3   3   0  -3  -2  -1  -2  -1   2    0   0   0   0   0   0   0   0   0  43  20   0  19   0   0   0   0   0   0  18  0.35 0.03
   47 R     0   3   3   0  -1   0   0  -1   0  -2  -2   1  -1  -2  -1   1   0  -2  -1  -1    3  25  22   2   1   2   2   3   1   2   3   2   1   1   2  21   2   1   1   2  0.18 0.01
   48 K     0   0   0   0  -2   1   2  -1  -1  -2  -2   2  -1  -2   4   0  -1  -2  -1  -1    3   2   2   2   1   2  21   3   1   2   3  25   1   1  22   3   2   1   1   2  0.32 0.01
   49 S     0  -1   1   4  -2   0   0  -1  -1  -2  -2  -1  -2  -2  -1   2   2  -2  -2  -1    1   1   1  39   0   1   1   1   0   1   2   1   0   1   1  24  21   0   1   1  0.33 0.02
   50 D    -1  -1   0   4  -2  -1   0  -1  -1   1  -1  -1  -1  -2  -1   1   0  -3  -2   0    1   1   1  42   0   1   1   1   0  21   2   1   0   1   1  21   1   0   1   1  0.24 0.02
   51 G    -1   0   0   2  -3   0   2   2  -1  -3  -2   2  -2  -3  -1   0  -1  -2  -2  -2    1   1   1  19   0   1  21  24   0   1   2  21   0   1   1   1   1   0   1   1  0.29 0.01
   52 T    -1  -1   3   3  -3   1   3  -2  -1  -3  -3   0  -2  -3  -2   0   2  -3  -2  -2    0   0  20  19   0   0  38   0   0   0   0   0   0   0   0   0  23   0   0   0  0.44 0.03
   53 L    -1  -2  -3  -2  -2  -2  -2  -3  -2  -1   1  -2   3  -2   6  -1  -1  -3  -2  -1    0   0   0   0   0   0   0   0   0   0  23   0  18   0  59   0   0   0   0   0  1.01 0.05
   54 Q     1   0  -1  -1  -2   2   2  -2  -1  -1   0   1   0  -2  -1   0   1  -3  -2  -1   16   0   0   0   0  19  17   0   0   0  16  16   0   0   0   0  16   0   0   0  0.18 0.03
   55 E    -1   3  -1   0  -3   1   3  -2  -1  -1  -2   1  -1  -3  -2   1  -1  -3  -2   0    0  33   0   0   0   0  35   0   0   0   0   0   0   0   0  16   0   0   0  16  0.32 0.04
   56 H    -1   2   2  -1  -3   0  -1   3   4  -4  -3   2  -2  -3  -2   0  -1  -3  -1  -3    0  16  16   0   0   0   0  33  19   0   0  16   0   0   0   0   0   0   0   0  0.40 0.04
   57 D    -1  -1   0   4  -3   2   2   2  -1  -3  -3   0  -2  -3  -2   0   1  -3  -3  -2    0   0   0  35   0  16  16  16   0   0   0   0   0   0   0   0  17   0   0   0  0.41 0.04
   58 G     1   3  -1  -1  -2   0  -1   2  -1  -3  -3   2  -2  -3  -2   1  -1  -3  -2  -2   17  33   0   0   0   0   0  19   0   0   0  16   0   0   0  16   0   0   0   0  0.32 0.03
   59 I    -1  -2  -2  -2  -1  -2  -2  -3  -3   3   0  -2   0  -1  -2   0   4  -3  -2   2    0   0   0   0   0   0   0   0   0  35   0   0   0   0   0   0  49   0   0  16  0.32 0.05
   60 C    -1  -3  -3  -4   5  -3  -3  -3  -2   1   0  -3   0   5  -3  -2  -1  -1   1   2    0   0   0   0  19   0   0   0   0   0   0   0   0  48   0   0   0   0   0  33  0.47 0.06
   61 E    -1   0   0   2  -3   1   3  -2  -1  -3  -3   3  -2  -3  -1   1  -1  -3  -2  -3    0   0   0  16   0   0  36   0   0   0   0  32   0   0   0  16   0   0   0   0  0.45 0.04
   62 I    -2  -3  -3  -4  -2  -3  -3  -4  -2   3   1  -3   0   5  -3  -3  -1  -1   1   2    0   0   0   0   0   0   0   0   0  35   0   0   0  49   0   0   0   0   0  16  0.47 0.06
   63 H    -1   2   0  -1  -2   0   0  -2   4  -2  -2   2  -1  -2  -2   1   3  -3  -1  -2    0  16   0   0   0   0   0   0  19   0   0  16   0   0   0  17  32   0   0   0  0.31 0.04
   64 V     1  -3  -3  -3  -1  -2  -2  -3  -1   1   0  -2   0   3  -3  -1  -1  -1   3   3   16   0   0   0   0   0   0   0   0   0   0   0   0  17   0   0   0   0  16  50  0.26 0.05
   65 A     3  -1   2   0  -2   0   3  -1  -1  -2  -2   0  -2  -3  -1   0  -1  -3  -2  -1   50   0  16   0   0   0  34   0   0   0   0   0   0   0   0   0   0   0   0   0  0.35 0.05
   66 K    -1   0   0   5  -4   2   3  -2  -1  -3  -3   2  -2  -4  -2   0  -1  -4  -3  -3    0   0   0  48   0  16  17   0   0   0   0  19   0   0   0   0   0   0   0   0  0.59 0.05
   67 Y    -2  -2  -3  -4  -2  -2  -3  -4   0   0   2  -3   0   3  -3  -2  -2   1   6  -1    0   0   0   0   0   0   0   0   0   0  34   0   0  16   0   0   0   0  51   0  0.59 0.06
   68 A     3   2  -1  -2  -1   2   0  -1  -1  -1  -1   0  -1  -2  -2   0  -1  -3  -2   1   52  17   0   0   0  16   0   0   0   0   0   0   0   0   0   0   0   0   0  16  0.24 0.04
   69 E     1   2  -1  -1  -3   3   2   2  -1  -3  -3   1  -1  -3  -2   0  -1  -3  -2  -2   16  16   0   0   0  32  19  17   0   0   0   0   0   0   0   0   0   0   0   0  0.35 0.04
   70 I    -1  -2  -3  -2  -2  -1   1  -4  -2   3   3  -2   3   0  -3  -2  -1  -2  -2   1    0   0   0   0   0   0  16   0   0  35  34   0  16   0   0   0   0   0   0   0  0.26 0.04
   71 F     1  -2  -3  -3  -2  -2  -3  -3  -2   0   1  -2   4   5  -3  -2  -2   0   1   0   16   0   0   0   0   0   0   0   0   0   0   0  33  50   0   0   0   0   0   0  0.43 0.07
   72 G    -1   2   2   0  -3   2   2   2   0  -3  -3   2  -2  -3  -2   0  -1  -3  -2  -3    0  17  16   0   0  16  16  19   0   0   0  16   0   0   0   0   0   0   0   0  0.36 0.03
   73 L    -1  -3  -4  -4  -1  -3  -3  -4  -3   4   3  -3   1   0  -3  -3  -1  -3  -1   2    0   0   0   0   0   0   0   0   0  48  36   0   0   0   0   0   0   0   0  16  0.41 0.04
   74 T     0   0   0  -1  -1   0   0  -1  -1  -2  -2   2  -1  -3  -1   3   3  -3  -2  -1    0   0   0   0   0   0   0   0   0   0   0  17   0   0   0  47  35   0   0   0  0.39 0.06
   75 S    -1   3   0  -1  -3   3   0  -2  -1  -3  -3   1  -1  -3   3   1  -1  -3  -2  -3    0  32   0   0   0  33   0   0   0   0   0   0   0   0  16  19   0   0   0   0  0.50 0.05
   76 A     1  -1   4   2  -2   0   2  -1  -1  -3  -3   0  -2  -3  -2   2   0  -4  -2  -2   19   0  33  16   0   0  16   0   0   0   0   0   0   0   0  16   0   0   0   0  0.37 0.04
   77 E    -1  -1   3   0  -3   2   2  -2  -1  -1   2   0   0  -2  -2  -1  -1  -3  -2  -1    0   0  32   0   0  16  19   0   0   0  34   0   0   0   0   0   0   0   0   0  0.24 0.04
   78 A     4  -2  -2  -2  -1  -1  -1   0  -2  -2  -2  -1  -1  -3  -1   1   2  -3  -2   0   83   0   0   0   0   0   0   0   0   0   0   0   0   0   0   0  17   0   0   0  0.46 0.07
   79 S    -1  -2   2  -2  -2  -1  -2  -2   0   1  -1  -2  -1   1  -3   1  -1   0   5  -1    0   0  17   0   0   0   0   0   0  16   0   0   0   0   0  19   0   0  48   0  0.37 0.06
   80 K    -1   3  -1  -1  -3   1   0   1  -1  -3  -3   4  -2  -3  -2  -1  -1  -3  -2  -3    0  16   0   0   0   0   0  16   0   0   0  67   0   0   0   0   0   0   0   0  0.51 0.06
   81 D    -1   0   0   4  -3   4   1  -2  -1  -1  -2   0  -1  -3  -2  -1  -1  -3  -2   0    0   0   0  35   0  49   0   0   0   0   0   0   0   0   0   0   0   0   0  16  0.46 0.07
   82 I    -1  -3  -4  -4  -1  -3  -3  -4  -3   3   3  -3   1   0  -3  -3  -1  -2  -1   2    0   0   0   0   0   0   0   0   0  35  50   0   0   0   0   0   0   0   0  16  0.41 0.04
   83 R     2   3  -1  -1  -2   2   0  -1  -1  -3  -2   3  -1  -3  -1   0  -1  -3  -2  -2   33  19   0   0   0  16   0   0   0   0   0  32   0   0   0   0   0   0   0   0  0.34 0.04
   84 Q     1   0   0   2  -3   3   3  -2  -1  -3  -3   2  -2  -3  -1   0  -1  -3  -2  -2   16   0   0  17   0  19  32   0   0   0   0  16   0   0   0   0   0   0   0   0  0.41 0.04
   85 A     3  -1  -1  -2  -2  -1  -1   3  -2  -2  -2   1  -2  -3  -1   0  -1  -3  -2  -1   51   0   0   0   0   0   0  32   0   0   0  17   0   0   0   0   0   0   0   0  0.40 0.05
   86 L    -1  -3  -2  -3  -1  -2  -3   1  -3   3   2  -2   1  -1  -3  -1   1  -3  -2   2    0   0   0   0   0   0   0  16   0  33  19   0   0   0   0   0  16   0   0  16  0.19 0.03
   87 K    -1   3  -1  -2  -3   0   0  -2  -1  -1  -1   4  -1   2  -2  -1  -1  -2  -1   0    0  16   0   0   0   0   0   0   0   0   0  51   0  16   0   0   0   0   0  17  0.27 0.05
   88 S    -1   2  -1   0  -3   2   3  -2  -1  -2   0   1  -1  -2  -2   1  -1  -3  -2  -2    0  16   0   0   0  17  32   0   0   0  16   0   0   0   0  19   0   0   0   0  0.28 0.04
   89 F    -1  -2  -3  -3  -2  -2  -3  -3  -3   2   3  -2   1   3  -3  -2   1  -1   0   1    0   0   0   0   0   0   0   0   0  16  48   0   0  19   0   0  17   0   0   0  0.29 0.04
   90 A     1  -1   2  -1  -2  -1  -1   2  -1  -2  -1  -1   2  -1  -2   1   0  -1   2  -1   19   0  17   0   0   0   0  16   0   0   0   0  16   0   0  16   0   0  16   0  0.17 0.03
   91 G     2   1   0   2  -2  -1  -1   2  -2  -2  -2   0  -2  -3  -2   0   1  -3  -2  -1   34  16   0  16   0   0   0  19   0   0   0   0   0   0   0   0  16   0   0   0  0.24 0.03
   92 K     0   4   0  -1  -3   1   0  -2  -1  -3  -3   3  -2  -3  -2   2   0  -3  -2  -3    0  49   0   0   0   0   0   0   0   0   0  19   0   0   0  32   0   0   0   0  0.49 0.06
   93 E     1   0  -1  -1  -2   0   2  -1  -1  -1   0   1  -1  -2  -1   1   1  -3  -2  -1   16   0   0   0   0   0  19   0   0   0  17  16   0   0   0  16  16   0   0   0  0.15 0.02
   94 V    -1  -3  -3  -4  -1  -3  -3  -4  -3   3   2  -3   1  -1  -3  -2  -1  -3  -1   4    0   0   0   0   0   0   0   0   0  16  17   0   0   0   0   0   0   0   0  66  0.41 0.05
   95 V     1  -1  -1  -1  -1   0   1  -1  -1   1   0  -1   0  -1  -1   1   0  -2  -1   1   18   1   1   1   0   1  17   1   0  16   1   1   0   1   1  18   1   0   1  20  0.10 0.02
   96 F    -2  -2  -3  -3  -2  -2  -2  -3  -2   2   2  -2   1   4  -2  -2  -1   0   1   1    1   1   1   1   0   1   1   1   0  17  35   1   0  35   1   1   1   0   1   1  0.29 0.03
   97 Y    -1   3   2  -1  -3   0  -1  -2   1  -2  -2   0  -1   1  -2  -1  -1   0   4  -2    1  33  18   1   0   1   1   1   0   1   1   1   0   1   1   1   1   0  35   1  0.35 0.04
   98 R    -1   2   2  -1  -2   0  -1   2   0  -2  -2   0  -1   0  -1   0  -1  -1   3  -2    2  21  18   2   1   1   2  19   1   2   3   2   1   1   2   2   2   0  18   2  0.17 0.02
   99 P    -1  -2  -1   2  -2  -1  -1  -2  -2  -2  -1  -1   2  -2   6  -1  -1  -3  -2  -2    1   1   1  17   0   1   1   1   0   1   1   1  18   1  52   1   1   0   1   1  0.84 0.05
  100 E    -1   0  -1   2  -2   0   2  -2  -1  -1   0   1   0   2  -1  -1  -1  -1   0  -1    1   1   1  17   0   1  20   1   0   1  18  17   0  18   1   1   1   0   1   1  0.13 0.02
  101 E    -1   0  -1   0  -2   1   4  -2  -1  -1  -2   2  -1  -2  -1   0  -1  -2  -2   0    1   1   1   1   0   1  53   1   0   1   1  17   0   1   1   1   1   0   1  17  0.32 0.04
  102 D    -1   0   2   4  -3   0   0   2  -1  -3  -3   1  -2  -3  -1   0  -1  -3  -2  -2    1   1  17  37   0   1   1  17   0   1   1  16   0   1   1   1   1   0   1   1  0.36 0.03
  103 A     2  -1   0  -1  -1   0   0   0  -1  -2  -2   0  -1  -2  -1   3   2  -2  -2  -1   20   1   1   1   0   1   1   1   0   1   1   1   0   1   1  50  17   0   1   1  0.30 0.04
  104 G    -1  -2  -1  -1  -2  -1   1   3  -1  -2  -2  -1  -2   2   3  -1  -1  -1  -1  -2    1   1   1   1   0   1  17  37   0   1   1   1   0  16  17   1   1   0   1   1  0.35 0.03
  105 D    -1  -1   1   5  -2   0   2  -1  -1  -2  -2   0  -2  -2  -1   0  -1  -2  -2  -2    3   2   2  52   1   1  19   2   1   2   3   2   1   1   2   2   2   0   1   2  0.44 0.03
  106 E     0   0   0   1  -2   1   3  -1   0  -1  -1   2  -1  -1   0   0   0  -1  -1  -1    4   3   2   3   1   2  38   4   1   3   4  18   1   2   3   3   3   1   2   3  0.21 0.01
  107 K    -1   1   0   2  -2   0   0  -1  -1  -1   0   3   0  -1  -1   0  -1  -2  -1  -1    3   2   1  17   1   1   2   2   1   2  19  37   1   1   2   2   2   0   1   2  0.13 0.02
  108 G    -1   2   0   2  -3   0   0   3  -1  -3  -3   2  -2  -3  -1   0  -1  -2  -2  -2    1  16   1  17   0   1   1  36   0   1   1  18   0   1   1   1   1   0   1   1  0.33 0.03
  109 Y    -1  -3  -3  -4   4  -3  -3  -3  -1   2   1  -3   0   3  -3  -2  -1   0   3   1    0   0   0   0  16   0   0   0   0  17  16   0   0  16   0   0   0   0  19  16  0.31 0.03
  110 E    -1  -1   2   0  -2   0   3  -2  -1   1  -1  -1  -1  -2  -2   0   1  -3  -2   1    0   0  16   0   0   0  35   0   0  17   0   0   0   0   0   0  16   0   0  16  0.20 0.04
  111 S     1  -1  -1  -1  -2   2   1  -2  -1   2  -1   0   0  -2  -2   1   0  -3  -2   0   16   0   0   0   0  17  16   0   0  33   0   0   0   0   0  19   0   0   0   0  0.14 0.04
  112 F    -2   1  -3  -3  -3  -2  -3  -3  -2   1   0  -2   0   6  -4  -2  -2   0   2   0    0  16   0   0   0   0   0   0   0  16   0   0   0  68   0   0   0   0   0   0  0.54 0.07
  113 P     1   2  -1  -1  -3   2   2  -2  -1  -3  -3   0  -2  -3   5   0  -1  -3  -2  -2   17  16   0   0   0  16  16   0   0   0   0   0   0   0  35   0   0   0   0   0  0.62 0.04
  114 W    -3  -3  -4  -5  -3  -3  -4  -3  -3  -2   1  -4  -1   0  -4  -3  -3  11   1  -2    0   0   0   0   0   0   0   0   0   0  17   0   0   0   0   0   0  83   0   0  2.17 0.13
  115 F    -2  -3  -3  -4  -2  -3  -3  -4  -1   2   1  -3   0   4  -3  -2  -1   0   3   1    0   0   0   0   0   0   0   0   0  16  16   0   0  36   0   0   0   0  16  16  0.39 0.04
  116 I     1  -1  -1  -1  -1  -1  -1  -1  -2   1  -1  -1   0  -1  -1   2   3  -2  -1   0   17   1   1   1   0   1   1   1   0  20   1   1   0   1   1  17  34   0   1   1  0.17 0.03
  117 K     0   1   0   0  -2   1   2  -1  -1  -1  -1   3  -1  -2  -1   1   0  -2  -2   1    1   1   1   1   0   1  17   1   0   1   1  36   0   1   1  17   1   0   1  18  0.17 0.03
  118 P     1   2  -1  -2  -2  -1  -1  -2  -1  -1  -1   0  -1   4   2  -1  -1  -1   1  -1   17  26   1   1   0   1   1   1   0   1   1   1   0  34  10   1   1   0   1   1  0.22 0.03
  119 A     2  -1  -1  -1  -1   0   1   2  -1  -2  -2  -1  -2  -3  -1   2   1  -3  -2  -1   35   0   0   0   0   0  17  16   0   0   0   0   0   0   0  16  16   0   0   0  0.28 0.03
  120 H     0  -1   0  -2  -2  -1  -1  -2   4  -2  -2  -1  -1   0  -2   2   2   0   4  -2    0   0   0   0   0   0   0   0  19   0   0   0   0   0   0  32  17   0  32   0  0.38 0.06
  121 S     0   2   0   2  -2   0   2  -2  -1  -2  -2   0  -2   2  -2   2   0  -2  -1  -2    0  16   0  17   0   0  16   0   0   0   0   0   0  16   0  35   0   0   0   0  0.25 0.04
  122 P    -1   0  -1  -1  -3   0  -1  -2  -2  -3  -3   3  -2  -4   6   1  -1  -4  -3  -3    0   0   0   0   0   0   0   0   0   0   0  32   0   0  53  16   0   0   0   0  0.99 0.06
  123 S     2  -1  -1   2  -2   0   0  -1  -2  -1   0   1  -1  -2  -1   1   0  -3  -2  -1   33   0   0  16   0   0   0   0   0   0  16  16   0   0   0  19   0   0   0   0  0.16 0.03
  124 R    -1   4   2   0  -4   1   4  -2   0  -4  -3   1  -2  -3  -2   0  -1  -3  -2  -3    0  35  17   0   0   0  48   0   0   0   0   0   0   0   0   0   0   0   0   0  0.55 0.06
  125 G     0  -2  -1  -2  -3   2  -1   5  -2  -2   0  -1  -1  -3  -2  -1  -2  -3  -3  -2    0   0   0   0   0  17   0  67   0   0  16   0   0   0   0   0   0   0   0   0  0.59 0.06
  126 L    -1   1  -2  -3  -2  -1  -2  -3  -1   2   1  -1   0   0  -3  -1   1  -1   2   1    0  16   0   0   0   0   0   0   0  16  19   0   0   0   0   0  17   0  16  16  0.15 0.03
  127 Y    -2  -3  -3  -4  -2  -3  -3  -4  -1   0   2  -3   0   4  -4  -3  -2   6   4  -1    0   0   0   0   0   0   0   0   0   0  34   0   0  32   0   0   0  16  19   0  0.61 0.05
  128 S     0   2   0   0  -2   1   3  -1  -1  -3  -3   0  -2  -3  -1   3   0  -3  -2  -2    0  16   0   0   0   0  33   0   0   0   0   0   0   0   0  52   0   0   0   0  0.42 0.06
  129 V    -1  -2  -3  -2  -2  -1   1  -3  -3   3   2  -2   1  -1  -3  -2  -1  -3  -2   3    0   0   0   0   0   0  16   0   0  31  16   0   0   0   0   0   0   0   0  36  0.25 0.04
  130 H     1   0   0   0  -2   1   3  -1   4  -3  -3   2  -2  -3  -1   1   0  -3  -1  -2   16   0   0   0   0   0  32   0  19   0   0  16   0   0   0  17   0   0   0   0  0.33 0.04
  131 I    -2  -3  -3  -4  -2  -3  -3  -4  -2   3   1  -3   3   4  -3  -2  -1  -1   1   2    0   0   0   0   0   0   0   0   0  35   0   0  16  32   0   0   0   0   0  17  0.36 0.05
  132 N    -1  -1   5   0  -2  -1  -1  -1  -1  -1   0  -1  -1  -2  -2   0   3  -3  -2  -1    0   0  52   0   0   0   0   0   0   0  16   0   0   0   0   0  32   0   0   0  0.39 0.06
  133 P    -1   2  -1   2  -4   0   2  -2   3  -3  -3   0  -2  -3   5  -1  -1  -4  -2  -3    0  16   0  16   0   0  17   0  16   0   0   0   0   0  35   0   0   0   0   0  0.68 0.05
  134 Y    -1   2  -1  -1  -3   0   1  -3   0  -2  -2   2  -1   0  -2  -1   1   0   4  -2    0  17   0   0   0   0  16   0   0   0   0  16   0   0   0   0  16   0  35   0  0.32 0.05
  135 L    -2  -3  -4  -4  -2  -3  -3  -4  -3   2   3  -3   1   3  -3  -3  -1  -1   0   2    0   0   0   0   0   0   0   0   0  16  51   0   0  17   0   0   0   0   0  16  0.36 0.04
  136 I     1  -2  -2  -2  -2  -1   1  -2  -2   2   1  -1   2   2  -2  -1  -1  -2   0   0   17   0   0   0   0   0  16   0   0  19  16   0  16  16   0   0   0   0   0   0  0.12 0.03
  137 P    -1   2  -2  -2  -3   2  -1  -3  -1  -3  -2   0  -2   2   6  -1  -1  -2  -1  -2    0  16   0   0   0  16   0   0   0   0   0   0   0  17  51   0   0   0   0   0  0.88 0.06
  138 F    -2  -2  -3  -4  -2  -2  -3  -4   0   0   2  -3   0   4  -3  -2  -2   1   6  -1    0   0   0   0   0   0   0   0   0   0  33   0   0  19   0   0   0   0  48   0  0.58 0.06
  139 F    -1  -2  -3  -3  -1  -2  -2  -3  -2   2   3  -2   1   3  -2  -2  -1  -1   0   1    1   1   1   1   0   1   1   1   0  16  51   1   0  20   1   1   1   0   1   1  0.26 0.03
  140 I    -1  -2   2  -1  -2  -1  -1  -2  -1   2   0  -1   0   0  -2  -1   1  -1   2   1    1   1  18   1   0   1   1   1   0  36   1   1   0   1   1   1  17   0  16   1  0.12 0.03
  141 G     0  -1   0   2  -2   2   0   4  -1  -3  -3  -1  -2  -3  -1   0  -1  -2  -2  -3    1   1   1  18   0  16   1  52   0   1   1   1   0   1   1   1   1   0   1   1  0.48 0.03
  142 L    -1  -1  -2  -2  -2  -1  -1  -3  -2   1   3   1   1   0  -2  -2  -1  -2  -1   0    1   1   1   1   0   1   1   1   0   1  69  17   0   1   1   1   1   0   1   1  0.24 0.04
  143 Q    -1   1   0  -1  -2   2   0  -1  -1  -2  -2   3  -1  -2  -1   0   3  -2  -2  -1    1   1   1   1   0  20   1   1   0   1   1  33   0   1   1   1  34   0   1   1  0.28 0.04
  144 N    -1   0   5   0  -3   0   0   2   0  -3  -3   1  -2  -3  -2   2   0  -4  -2  -3    0   0  51   0   0   0   0  16   0   0   0  16   0   0   0  17   0   0   0   0  0.47 0.05
  145 R    -1   3   0  -1  -3   5   1  -2   0  -3  -3   3  -1  -3  -2  -1  -1  -3  -2  -3    0  19   0   0   0  48   0   0   0   0   0  33   0   0   0   0   0   0   0   0  0.59 0.06
  146 F    -3  -3  -4  -4  -3  -4  -4  -4  -2  -1   0  -4   0   7  -4  -3  -3   1   3  -1    0   0   0   0   0   0   0   0   0   0   0   0   0 100   0   0   0   0   0   0  1.07 0.10
  147 T    -1  -2  -1  -2  -1  -1  -2  -2  -2   1  -1  -1  -1  -2  -2   1   5  -3  -2   0    0   0   0   0   0   0   0   0   0  16   0   0   0   0   0   0  84   0   0   0  0.52 0.08
  148 Q    -1   2   0  -1  -2   4   1  -2  -1  -2  -2   2  -1  -3  -2   0   3  -3  -2  -2    0  17   0   0   0  35   0   0   0   0   0  16   0   0   0   0  32   0   0   0  0.40 0.05
  149 F    -2  -2  -2  -3  -3   2  -2  -3   0  -1  -1  -2  -1   5  -3  -2  -2   1   6  -2    0   0   0   0   0  16   0   0   0   0   0   0   0  36   0   0   0   0  47   0  0.67 0.07
  150 R    -1   2   2   0  -3   2   2  -2   0  -2   0   0  -1  -2  -2   1   0  -3  -2  -2    0  19  16   0   0  16  17   0   0   0  16   0   0   0   0  16   0   0   0   0  0.23 0.03
  151 L    -2  -3  -4  -4  -2  -3  -3  -4  -3   1   5  -3   2   0  -3  -3  -2  -2  -1   1    0   0   0   0   0   0   0   0   0   0 100   0   0   0   0   0   0   0   0   0  0.61 0.07
  152 S     1   2   0  -1  -2   0   2  -1  -1  -2  -2   2  -1  -3  -1   2   2  -3  -2  -1   17  16   0   0   0   0  16   0   0   0   0  16   0   0   0  19  16   0   0   0  0.26 0.03
  153 E     1  -1   0   2  -3   1   3  -2   5  -3  -3   0  -2  -3  -2   0  -1  -3  -1  -3   16   0   0  16   0   0  36   0  32   0   0   0   0   0   0   0   0   0   0   0  0.47 0.05
  154 T     0  -2  -2  -2   4  -2  -2  -2  -2   1   0  -2   0   2  -2   1   2  -2   0   1    0   0   0   0  16   0   0   0   0  16   0   0   0  17   0  16  19   0   0  16  0.19 0.03
  155 K     2   0  -1  -2  -2   0  -1   2  -2  -1   0   3  -1  -2  -2   0  -1  -3  -2  -1   33   0   0   0   0   0   0  16   0   0  16  35   0   0   0   0   0   0   0   0  0.19 0.04
  156 E    -1   2   0   2  -3   0   2  -2   0  -3  -3   0  -2  -1  -2   2   0  -2   2  -2    0  16   0  17   0   0  19   0   0   0   0   0   0   0   0  32   0   0  16   0  0.29 0.04
  157 I    -2  -3  -4  -4  -2  -3  -3  -4  -3   2   3  -3   1   4  -3  -3  -2  -1   1   1    0   0   0   0   0   0   0   0   0  19  49   0   0  32   0   0   0   0   0   0  0.43 0.05
  158 T    -1   2   2   0  -2   1   2  -1  -1  -3  -3   2  -2  -3  -1   1   2  -3  -2  -2    0  16  16   0   0   0  16   0   0   0   0  17   0   0   0  16  19   0   0   0  0.30 0.03
  159 N     0  -1   5   0  -2   0  -1  -1   0  -3  -3  -1  -2  -3  -2   3   0  -4  -2  -3    0   0  51   0   0   0   0   0   0   0   0   0   0   0   0  49   0   0   0   0  0.58 0.07
  160 P    -1   0  -1  -1  -3   2   0  -2  -1  -1  -2   3  -1  -3   5  -1  -1  -3  -2   0    0   0   0   0   0  16   0   0   0   0   0  33   0   0  35   0   0   0   0  16  0.59 0.05
  161 Y    -2   2  -2  -3  -3  -1  -2  -3   4  -2  -2  -1  -2   2  -3  -2  -2   1   7  -2    0  16   0   0   0   0   0   0  16   0   0   0   0   0   0   0   0   0  69   0  0.78 0.08
  162 A     3  -1   0  -1  -1  -1  -1  -1  -2  -2  -2  -1  -1  -3  -1   3   2  -3  -2  -1   36   0   0   0   0   0   0   0   0   0   0   0   0   0   0  48  16   0   0   0  0.39 0.05
  163 M    -1  -1  -2  -2  -2  -1  -1  -2  -2   2   1   1   4  -1  -2   1   0  -3  -2   1    0   0   0   0   0   0   0   0   0  31   0  17  35   0   0  16   0   0   0   0  0.18 0.05
  164 R    -1   5  -1  -1  -3   1   2  -2  -1  -3  -3   1  -2  -3  -2   1  -1  -3  -2  -3    0  66   0   0   0   0  17   0   0   0   0   0   0   0   0  16   0   0   0   0  0.60 0.06
  165 L    -2  -3  -4  -4  -2  -3  -3  -4  -3   3   3  -3   1   3  -3  -3  -1  -1   0   1    0   0   0   0   0   0   0   0   0  32  51   0   0  17   0   0   0   0   0   0  0.40 0.04
  166 Y    -2  -2  -3  -4  -3  -2  -3  -4   1  -2  -2  -2  -2   3  -4  -2  -2   2   8  -2    0   0   0   0   0   0   0   0   0   0   0   0   0   0   0   0   0   0 100   0  1.25 0.12
  167 E    -1   2   0   1  -4   4   4  -2   0  -3  -3   1  -2  -4  -2   0  -1  -3  -2  -3    0  16   0   0   0  26  58   0   0   0   0   0   0   0   0   0   0   0   0   0  0.64 0.06
  168 S    -1   2  -1  -2  -2  -1  -1  -2  -2  -1   1  -1   0  -1  -2   2   0   6  -1  -1    0  16   0   0   0   0   0   0   0   0  30   0   0   0   0  37   0  17   0   0  0.30 0.04
  169 L     1  -3  -3  -3  -1  -2  -3  -3  -3   3   3  -2   1   0  -3  -2  -1  -2  -1   1   16   0   0   0   0   0   0   0   0  30  54   0   0   0   0   0   0   0   0   0  0.31 0.04
  170 C     1   2  -1  -2   4  -1  -1  -2  -2  -1   0   1   0  -2  -2   0   1  -3  -2  -1   19  16   0   0  18   0   0   0   0   0  17  16   0   0   0   0  14   0   0   0  0.18 0.03
  171 Q    -1   1   0  -1  -3   5   1  -2   0  -3  -3   3  -1  -4  -2   0  -1  -3  -2  -3    0   0   0   0   0  67   0   0   0   0   0  33   0   0   0   0   0   0   0   0  0.68 0.08
  172 Y    -2  -2  -2  -3  -2  -2  -2  -3   1  -1  -1  -2  -1   4  -3  -1   1   1   6  -1    0   0   0   0   0   0   0   0   0   0   0   0   0  19   0   0  17   0  64   0  0.73 0.07
  173 R    -1   4   0  -1  -3   3   0  -2  -1  -3  -3   3  -1  -3  -2   1  -1  -3  -2  -3    0  48   0   0   0  17   0   0   0   0   0  19   0   0   0  16   0   0   0   0  0.51 0.05
  174 K     0   1   2   0  -2   1   0  -1   0  -2  -2   3  -1  -2  -1   1   0  -2  -1  -1    3   2  18   2   1   2   2   3   1   2   3  37   1   1   2  16   2   0   1   2  0.19 0.02
  175 P    -1   0  -1  -1  -1   0  -1  -1  -1   0  -1   1  -1   2   3  -1  -1  -1   0   0    3   2   2   2   1   2   2   3   1   2   3  19   1  17  20   3   2   0   1  16  0.18 0.01
  176 D     0   0   0   2  -2   0   0   1  -1  -2  -2   1  -1  -2  -1   0   1  -2  -1  -1    3   2   2  20   1   2   2  16   1   2   3  18   1   1   2   3  19   0   1   2  0.15 0.01
  177 G     0   0   0  -1  -2   0   0   2   3  -3  -3   1  -2  -3  -2   3   0  -3  -1  -3    0   0   0   0   0   0   0  18  17   0   0  16   0   0   0  49   0   0   0   0  0.34 0.05
  178 S     0   2   0  -1  -2   0   0  -1  -1  -3  -3   3  -2  -3  -1   3   0  -3  -2  -2    0  14   0   0   0   0   0   0   0   0   0  33   0   0   0  54   0   0   0   0  0.40 0.05
  179 G     1  -2   2   0  -2  -1   1   4  -1  -3  -3  -1  -2  -3  -2   0  -1  -3  -3  -3   17   0  16   0   0   0  14  54   0   0   0   0   0   0   0   0   0   0   0   0  0.54 0.04
  180 I    -2  -2   1  -2  -2  -2  -3  -3  -1   3   2  -2   1   0  -3  -2  -1  -1   2   1    0   0  17   0   0   0   0   0   0  48  19   0   0   0   0   0   0   0  16   0  0.23 0.04
  181 V    -2  -3  -3  -3  -2  -2  -3  -3  -3   1   0  -3   0   3  -3  -2   1   8   1   1    0   0   0   0   0   0   0   0   0  17   0   0   0  16   0   0  14  35   0  18  0.71 0.05
  182 S     0  -1  -1  -1  -2   0   1  -2  -2   2   0   1   0  -2  -2   1   0  -3  -2   2    0   0   0   0   0   0  17   0   0  16   0  16   0   0   0  18   0   0   0  33  0.12 0.03
  183 L    -1  -2  -2  -2  -2  -1   0  -3  -2   3   2  -2   1  -1  -2  -1   1  -3  -2   2    0   0   0   0   0   0  14   0   0  33  18   0   0   0   0   0  19   0   0  16  0.18 0.03
  184 K     0   0   0  -1  -2   0   0  -1  -1  -2  -2   3  -2  -3  -1   3   2  -3  -2  -2    0   0   0   0   0   0   0   0   0   0   0  32   0   0   0  49  19   0   0   0  0.37 0.05
  185 I    -1   2  -1  -2  -2  -1  -1  -2   4   2   1  -1   0  -1  -2  -1  -1  -2   0   1    1  17   1   1   0   1   1   1  19  19  18   1   0   1   1   1   1   0   0  17  0.12 0.02
  186 D     1  -2   1   5  -2  -1   1  -1  -1  -2  -3  -1  -2  -3  -1   0  -1  -3  -2  -2   20   1   1  68   0   1   1   1   0   1   1   1   0   1   1   1   1   0   0   1  0.58 0.05
  187 W    -2  -1  -1   0  -3   0   4  -2  -1  -3  -2  -1  -2  -1  -2  -1  -1   8   0  -2    1   1   1   1   0   1  50   1   0   1   1   1   0   1   1   1   1  38   0   1  0.90 0.06
  188 I    -2  -3  -4  -4  -2  -3  -3  -4  -3   2   3  -3   1   4  -3  -3  -2  -1   1   1    0   0   0   0   0   0   0   0   0  18  49   0   0  33   0   0   0   0   0   0  0.42 0.04
  189 I    -1   0   2  -1   4   0  -1  -2  -1   1  -1   3  -1  -2  -2  -1  -1  -3  -2  -1    0   0  19   0  16   0   0   0   0  18   0  46   0   0   0   0   0   0   0   0  0.25 0.05
  190 E    -2   2   0   3  -4   1   4  -2  -1  -3  -2   0  -2   2  -2  -1  -1  -2  -1  -3    0  16   0  19   0   0  48   0   0   0   0   0   0  17   0   0   0   0   0   0  0.42 0.05
  191 R    -2   3  -2  -2  -3   0   1  -3  -1  -1   1   0   2  -1  -3  -1  -1   5  -1  -1    0  37   0   0   0   0  16   0   0   0  16   0  17   0   0   0   0  14   0   0  0.35 0.04
  192 Y    -2  -2  -3  -4  -2  -2  -3  -4  -1   1   3  -3   1   3  -3  -3  -2   0   3   0    0   0   0   0   0   0   0   0   0   0  63   0   0  19   0   0   0   0  18   0  0.44 0.05
  193 Q    -1  -1   2  -1  -2   3   0  -2  -1   1   1  -1   3  -1  -2  -1  -1  -2  -2   0    0   0  16   0   0  32   0   0   0  16  19   0  17   0   0   0   0   0   0   0  0.19 0.04
  194 L    -1  -3  -4  -4  -1  -3  -3  -4  -3   3   3  -3   1   0  -3  -2  -1  -2  -1   3    0   0   0   0   0   0   0   0   0  16  54   0   0   0   0   0   0   0   0  30  0.39 0.04
  195 P    -1  -1  -1   0  -3   1   4  -2  -1  -3  -3   0  -2  -4   5   1  -1  -4  -3  -3    0   0   0   0   0   0  46   0   0   0   0   0   0   0  37  16   0   0   0   0  0.81 0.06
  196 Q    -1   0   3   0  -3   3   2  -2   0  -3  -3   2  -2  -1  -2   0  -1  -2   2  -3    0   0  30   0   0  18  19   0   0   0   0  16   0   0   0   0   0   0  16   0  0.36 0.04
  197 S     0   0   2   0  -2   0   0  -1  -1  -3  -3   3  -2  -3  -1   3   0  -3  -2  -2    0   0  17   0   0   0   0   0   0   0   0  30   0   0   0  54   0   0   0   0  0.39 0.05
  198 Y    -2  -1  -2  -2  -3   2  -1  -3   1  -2  -2  -1  -1   2  -3  -1   1   1   6  -2    0   0   0   0   0  19   0   0   0   0   0   0   0   0   0   0  16   0  65   0  0.62 0.07
  199 Q    -1   0   0  -1  -3   4   0  -2   4  -3  -3   0  -2  -3   4   1  -1  -3  -1  -3    0   0   0   0   0  37   0   0  17   0   0   0   0   0  30  16   0   0   0   0  0.64 0.06
  200 R    -2   3   0   4  -4   1   2  -2  -1  -3  -3   2  -2  -3  -2  -1  -1  -4  -2  -3    0  32   0  32   0   0  17   0   0   0   0  19   0   0   0   0   0   0   0   0  0.51 0.04
  201 M    -2  -3  -3  -4  -2  -2  -3  -3  -2   1   2  -3   3   5  -3  -2  -1   0   1   1    0   0   0   0   0   0   0   0   0   0  19   0  18  46   0   0   0   0   0  16  0.42 0.05
  202 P     1  -1   2  -1  -2   0  -1  -1  -1  -3  -3   1  -2  -3   5   1   0  -3  -2  -2   19   0  14   0   0   0   0   0   0   0   0  17   0   0  34  16   0   0   0   0  0.58 0.04
  203 D    -1   2   2   2  -3   0   2  -2  -1   0  -2   0  -1  -3  -2   1   0  -3  -2  -1    0  17  16  18   0   0  19   0   0  16   0   0   0   0   0  14   0   0   0   0  0.23 0.03
  204 F    -2  -3  -4  -4  -2  -3  -3  -4  -2   1   4  -3   1   4  -3  -3  -2  -1   1   0    0   0   0   0   0   0   0   0   0   0  66   0   0  34   0   0   0   0   0   0  0.50 0.05
  205 R    -2   3   4   0  -3   0   0  -1   0  -3  -3   3  -2  -3  -2   0  -1  -4  -2  -3    0  18  46   0   0   0   0   0   0   0   0  35   0   0   0   0   0   0   0   0  0.52 0.05
  206 R    -2   5  -1  -2  -4   4   0  -3   0  -3  -3   2  -1  -3  -2  -1  -1  -3  -2  -3    0  70   0   0   0  30   0   0   0   0   0   0   0   0   0   0   0   0   0   0  0.75 0.07
  207 R    -1   3  -1   2  -2   0  -1  -2  -1  -1  -2   0  -1  -2  -2   1  -1   6  -1   0    0  32   0  16   0   0   0   0   0   0   0   0   0   0   0  19   0  17   0  16  0.33 0.04
  208 F    -1  -3  -3  -4  -2  -3  -3  -4  -3   2   0  -3   0   4  -3  -2  -1  -1   1   3    0   0   0   0   0   0   0   0   0   0   0   0   0  37   0   0   0   0   0  63  0.42 0.06
  209 L    -2  -3  -4  -4  -2  -3  -3  -4  -3   1   5  -3   2   0  -3  -3  -2  -2  -1   1    0   0   0   0   0   0   0   0   0   0 100   0   0   0   0   0   0   0   0   0  0.60 0.07
  210 Q    -1   1   2   3  -3   3   2  -2   0  -3  -3   3  -2  -3  -2   0  -1  -3  -2  -3    0   0  16  19   0  18  14   0   0   0   0  33   0   0   0   0   0   0   0   0  0.44 0.04
  211 V    -1  -1  -2  -2  -3  -1  -1  -3  -2  -1  -2   1  -2  -3   7  -1  -1  -4  -3   1    0   0   0   0   0   0   0   0   0   0   0  16   0   0  66   0   0   0   0  18  1.18 0.07
  212 C     3  -2  -3  -3   5  -2  -2  -1  -3   2   0  -2   0  -2  -2   0  -1  -3  -2   1   49   0   0   0  18   0   0   0   0  33   0   0   0   0   0   0   0   0   0   0  0.30 0.05
  213 V    -1  -2  -2  -3  -1  -2  -2  -3  -3   3   2  -2   1  -1  -2   0   0  -3  -1   3    0   0   0   0   0   0   0   0   0  30  19   0   0   0   0  17   0   0   0  34  0.24 0.03
  214 N     1   1   2   0  -2   1   2  -1  -1  -2  -3   3  -2  -3  -1   0   1  -3  -2  -2   16   0  18   0   0   0  16   0   0   0   0  36   0   0   0   0  14   0   0   0  0.29 0.03
  215 E    -1   1   0   3  -4   2   5  -2   0  -4  -3   1  -2  -4  -2   0  -1  -3  -2  -3    0  10   0  17   0  10  64   0   0   0   0   0   0   0   0   0   0   0   0   0  0.65 0.06
  216 I    -1  -3  -4  -4   4  -3  -4  -4  -4   4   2  -3   1  -1  -3  -2  -1  -3  -2   2    0   0   0   0  16   0   0   0   0  67  17   0   0   0   0   0   0   0   0   0  0.44 0.05
  217 N    -1   0   5   0  -3   0  -1   2   0  -4  -4   1  -2  -3  -2   0  -1  -4  -3  -3    0   0  68   0   0   0   0  16   0   0   0  16   0   0   0   0   0   0   0   0  0.61 0.06
  218 S     0   0   0   0  -2   1   3  -2  -1  -3  -3   2  -2  -3   3   1   2  -3  -2  -2    0   0   0   0   0   0  33   0   0   0   0  16   0   0  16  18  17   0   0   0  0.41 0.04
  219 R    -1   3  -1  -2  -3   0   0  -2   0  -2   0   4  -1  -1  -2  -1  -1  -1   3  -2    0  18   0   0   0   0   0   0   0   0  16  49   0   0   0   0   0   0  17   0  0.30 0.04
  220 T     0  -1   0  -1  -1  -1  -1  -2  -2  -1   0  -1   0  -2  -1   2   4  -3  -2  -1    0   0   0   0   0   0   0   0   0   0  16   0   0   0   0  30  54   0   0   0  0.34 0.05
  221 P    -1  -2   2   2  -3   0   2   1  -1  -3  -3  -1  -3  -4   5   0  -1  -4  -3  -3    0   0  17  14   0   0  16  16   0   0   0   0   0   0  37   0   0   0   0   0  0.71 0.04
  222 M    -2  -2  -3  -4  -2  -2  -3  -4  -3   2   3  -2   4   0  -3  -2  -1  -2  -1   1    0   0   0   0   0   0   0   0   0  16  49   0  35   0   0   0   0   0   0   0  0.43 0.05
  223 R    -1   2  -1  -2  -2   0   0  -2  -1   0   1   3   0  -2  -2   1   0  -3  -2   0    0  18   0   0   0   0   0   0   0   0  19  33   0   0   0  16   0   0   0  14  0.17 0.03
  224 L     1  -2  -3  -3  -1  -2  -3  -3  -3   2   2  -2   1   2  -3  -1  -1  -2   0   2   19   0   0   0   0   0   0   0   0  16  35   0   0  16   0   0   0   0   0  14  0.22 0.02
  225 S     0   0   0   0  -2   1   3  -1  -1  -1  -1   2  -1  -2  -1   1   0  -2  -2   0    1   1   1   1   0   1  34   1   0   1   1  17   0   1   1  20   1   0   1  17  0.20 0.03
  226 Y    -1   2  -1  -2  -2  -1  -1  -2   0   0  -1   0  -1   1  -2  -1   1   0   4   1    1  18   1   1   0   1   1   1   0   1   1   1   0   1   1   1  17   0  35  17  0.22 0.03
  227 I     0  -1  -1  -1  -2   2   1  -2  -2   2   0  -1   0  -2  -2   1   0  -3  -2   2    0   0   0   0   0  17  16   0   0  19   0   0   0   0   0  16   0   0   0  33  0.15 0.03
  228 E    -1  -1  -1  -1  -2   2   2  -3   4   1  -1  -1  -1   0  -2  -1  -1  -1   3   1    0   0   0   0   0  16  19   0  16  16   0   0   0   0   0   0   0   0  17  16  0.20 0.04
  229 K     1   0   0   3  -3   0   2  -2  -1   0  -2   2  -1  -3  -2   0  -1  -3  -2  -1   17   0   0  32   0   0  16   0   0  16   0  19   0   0   0   0   0   0   0   0  0.25 0.03
  230 K    -1   2   0   2  -4   1   1  -2  -1  -3  -3   5  -2  -4  -1  -1  -1  -4  -2  -3    0   0   0  16   0   0   0   0   0   0   0  84   0   0   0   0   0   0   0   0  0.61 0.08
  231 K    -1   3   0   0  -2   1   2  -1  -1  -2  -2   2  -1  -2  -1   1   0  -2  -2  -2    1  33   1   1   0   1  18   1   0   1   2  20   0   1   1  17   1   0   1   1  0.32 0.03
  232 G     0  -2  -1  -1  -2  -2  -2   6  -2  -3  -3  -1  -2  -3  -2   0  -1  -2  -3  -3    1   1   1   1   0   1   1  84   0   1   2   1   0   1   1   1   1   0   1   1  0.87 0.05
  233 R    -2   6  -1  -2  -4   1   0  -3  -1  -3  -3   3  -2  -3  -2  -1  -1  -3  -2  -3    0  84   0   0   0   0   0   0   0   0   0  16   0   0   0   0   0   0   0   0  0.86 0.08
  234 Q    -1   2  -1  -1  -3   2   0  -2  -1  -2  -2   2  -1   2   3   0   1  -2  -1  -2    0  17   0   0   0  19   0   0   0   0   0  16   0  16  16   0  16   0   0   0  0.31 0.03
  235 T    -1  -2  -2  -3  -1  -2  -2  -3  -3   3   2  -2   1  -1  -2  -1   3  -2  -2   1    0   0   0   0   0   0   0   0   0  32  33   0   0   0   0   0  35   0   0   0  0.28 0.04
  236 T     0  -1   0   2  -2  -1   0  -2   3  -2  -2  -1  -1   2  -2   2   2  -2   0  -2    0   0   0  16   0   0   0   0  16   0   0   0   0  16   0  34  19   0   0   0  0.25 0.04
  237 H     0   0   0  -1  -2   0  -1   2   4  -3  -3   1  -2  -3  -2   2   2  -3  -1  -2    0   0   0   0   0   0   0  17  19   0   0  16   0   0   0  31  16   0   0   0  0.29 0.04
  238 I    -2  -3  -4  -4  -2  -3  -3  -4  -3   3   3  -3   1   3  -3  -3  -1  -1   0   1    0   0   0   0   0   0   0   0   0  35  48   0   0  17   0   0   0   0   0   0  0.40 0.04
  239 V    -1  -1   1  -2  -2  -1  -2  -3  -2   3   0   1   0  -1  -2  -1  -1  -3  -2   3    0   0  16   0   0   0   0   0   0  32   0  16   0   0   0   0   0   0   0  36  0.18 0.04
  240 F    -3  -3  -3  -4  -3  -4  -4  -4  -2   0   0  -4   0   7  -4  -3  -3   1   3  -1    0   0   0   0   0   0   0   0   0   0   0   0   0 100   0   0   0   0   0   0  0.98 0.08
  241 S     0  -1   0   0  -2   1   3  -1  -1  -2  -2   0  -1  -3  -1   2   3  -3  -2  -1    0   0   0   0   0   0  32   0   0   0   0   0   0   0   0  36  32   0   0   0  0.35 0.01
  242 F    -2  -3  -3  -4  -3  -3  -3  -3  -1   0   0  -3   0   7  -4  -3  -2   1   3  -1    0   0   0   0   0   0   0   0   0   0   0   0   0 100   0   0   0   0   0   0  0.82 0.03
  243 R    -1   6   0  -2  -4   1   0  -2   0  -3  -2   2  -1  -3  -2  -1  -1  -3  -2  -3    0 100   0   0   0   0   0   0   0   0   0   0   0   0   0   0   0   0   0   0  0.74 0.00
  244 D    -2  -2   1   6  -4   0   2  -1  -1  -3  -4  -1  -3  -4  -2   0  -1  -4  -3  -3    0   0   0 100   0   0   0   0   0   0   0   0   0   0   0   0   0   0   0   0  0.92 0.00
  245 I    -1  -3  -3  -3  -1  -3  -3  -4  -3   4   2  -3   1   0  -3  -2  -1  -3  -1   3    0   0   0   0   0   0   0   0   0 100   0   0   0   0   0   0   0   0   0   0  0.38 0.00
  246 T     0  -1   0  -1  -1  -1  -1  -2  -2  -1  -1  -1  -1  -2  -1   1   5  -3  -2   0    0   0   0   0   0   0   0   0   0   0   0   0   0   0   0   0 100   0   0   0  0.46 0.00
  247 S     1  -1   1   0  -1   0   0   0  -1  -2  -3   0  -2  -2  -1   4   1  -3  -2  -2    0   0   0   0   0   0   0   0   0   0   0   0   0   0   0 100   0   0   0   0  0.45 0.00
  248 M    -1  -1  -2  -3  -1   0  -2  -3  -2   1   2  -1   6   0  -3  -2  -1  -1  -1   1    0   0   0   0   0   0   0   0   0   0   0   0 100   0   0   0   0   0   0   0  0.33 0.00
  249 T     0  -1   0  -1  -1  -1  -1  -2  -2  -1  -1  -1  -1  -2  -1   1   5  -3  -2   0    0   0   0   0   0   0   0   0   0   0   0   0   0   0   0   0 100   0   0   0  0.46 0.00
  250 T     0  -1   0  -1  -1  -1  -1  -2  -2  -1  -1  -1  -1  -2  -1   1   5  -3  -2   0    0   0   0   0   0   0   0   0   0   0   0   0   0   0   0   0 100   0   0   0  0.46 0.00
  251 G     0  -2   0  -1  -3  -2  -2   6  -2  -4  -4  -2  -3  -3  -2   0  -2  -3  -3  -3    0   0   0   0   0   0   0 100   0   0   0   0   0   0   0   0   0   0   0   0  1.04 0.00

                      K         Lambda
Standard Ungapped    0.1358     0.3211
Standard Gapped      0.0375     0.2670
PSI Ungapped         0.1224     0.3179
PSI Gapped           0.0375     0.2670
