
Last position-specific scoring matrix computed, weighted observed percentages rounded down, information per position, and relative weight of gapless real matches to pseudocounts
            A   R   N   D   C   Q   E   G   H   I   L   K   M   F   P   S   T   W   Y   V   A   R   N   D   C   Q   E   G   H   I   L   K   M   F   P   S   T   W   Y   V
    1 S     1  -1   1   0  -1   0   0   0  -1  -2  -2   0  -1  -2  -1   4   1  -3  -2  -2    0   0   0   0   0   0   0   0   0   0   0   0   0   0   0   0   0   0   0   0  0.00     0.00
    2 T     0  -1   0  -1  -1   0  -1  -1  -1  -1  -2  -1  -1  -2  -1   3   4  -3  -2  -1    0   0   0   0   0   0   0   0   0   0   0   0   0   0   0  38  62   0   0   0  0.40 0.00
    3 F    -1  -3  -3  -3  -2  -2  -3  -3  -3   2   2  -2   1   3   3  -2  -1  -2   0   1    0   0   0   0   0   0   0   0   0  38  21   0   0  20  21   0   0   0   0   0  0.34 0.00
    4 S     3  -1   0  -1  -1   0   0   0  -1  -2  -2   0  -1  -2  -1   3   1  -3  -2  -1   38   0   0   0   0   0   0   0   0   0   0   0   0   0   0  62   0   0   0   0  0.37 0.00
    5 K    -1   1   0  -1  -2   1   0  -2  -1  -2  -2   4  -1  -3  -1   0   3  -3  -2  -1    0   0   0   0   0   0   0   0   0   0   0  64   0   0   0   0  36   0   0   0  0.35 0.00
    6 A     4  -2  -2  -2  -1  -1  -1   0  -2   0  -1  -1  -1  -2  -1   1   0  -3  -2   1   84   0   0   0   0   0   0   0   0   0   0   0   0   0   0   0   0   0   0  16  0.31 0.00
    7 A     4  -2  -2  -2   0  -1  -1   0  -2  -1  -2  -1  -1  -2  -1   1   0  -3  -2   0  100   0   0   0   0   0   0   0   0   0   0   0   0   0   0   0   0   0   0   0  0.41 0.01
    8 P     0  -2  -1  -1  -2  -1  -1   3  -2  -3  -3  -1  -3  -3   6   1  -1  -3  -3  -3    0   0   0   0   0   0   0  36   0   0   0   0   0   0  47  17   0   0   0   0  0.91 0.00
    9 S     1  -1   0  -1  -1   0  -1  -1  -1  -1   0  -1  -1  -2  -1   4   1  -3  -2  -1    0   0   0   0   0   0   0   0   0   0  17   0   0   0   0  83   0   0   0   0  0.29 0.01
   10 V     1  -2  -1  -1  -1  -1  -1  -1  -2   1  -1  -1   0  -2  -2   3   1  -3  -2   2    0   0   0   0   0   0   0   0   0   0   0   0   0   0   0  53   0   0   0  47  0.19 0.00
   11 P     0  -2  -1  -2  -2  -1  -1  -2  -2   0  -1  -1  -1  -3   6   0   2  -3  -2   1    0   0   0   0   0   0   0   0   0   0   0   0   0   0  47   0  36   0   0  17  0.76 0.00
   12 S     1   3   0  -1  -1   0   0  -1  -1  -3  -3   1  -2  -3  -1   4   1  -3  -2  -2    0  25   0   0   0   0   0   0   0   0   0   0   0   0   0  75   0   0   0   0  0.39 0.01
   13 K    -1   3   0  -1  -3   1   0  -2  -1  -2  -2   4  -1  -3  -1   0   2  -3  -2  -2    0  25   0   0   0   0   0   0   0   0   0  49   0   0   0   0  26   0   0   0  0.38 0.01
   14 P    -1  -1  -1  -1  -2  -1  -1  -2   4  -2  -3  -1  -2  -3   6   0   2  -3  -1  -2    0   0   0   0   0   0   0   0  25   0   0   0   0   0  49   0  26   0   0   0  0.87 0.01
   15 S     1   0   0   0  -1   3   0  -1  -1  -3  -3   0  -1  -3  -1   4   1  -3  -2  -2    0   0   0   0   0  26   0   0   0   0   0   0   0   0   0  74   0   0   0   0  0.41 0.01
   16 D    -2  -2   3   6  -4   0   1  -1  -1  -3  -4  -1  -3  -4  -2   0  -1  -5  -3  -3    0   0  19  81   0   0   0   0   0   0   0   0   0   0   0   0   0   0   0   0  0.86 0.03
   17 C    -1  -2  -2  -2   7   2  -1  -2  -2  -2  -2  -1  -2  -3   5  -1  -1  -3  -3  -2    0   0   0   0  40  19   0   0   0   0   0   0   0   0  41   0   0   0   0   0  0.91 0.03
   18 N    -1  -1   5   4  -3   0   1  -1   0  -3  -4  -1  -3  -3  -2   1   0  -4  -3  -3    0   0  48  41   0   0   0   0   0   0   0   0   0   0   0  11   0   0   0   0  0.62 0.02
   19 F    -3  -3  -3  -4  -3  -4  -4  -3  -1   0   0  -3   0   7  -4  -3  -2   1   3  -1    0   0   0   0   0   0   0   0   0   0   0   0   0 100   0   0   0   0   0   0  0.87 0.04
   20 I    -1  -3  -3  -4  -1  -3  -3  -4  -3   3   3  -3   1   0  -3  -2  -1  -2  -1   2    0   0   0   0   0   0   0   0   0  40  41   0   0   0   0   0   0   0   0  19  0.36 0.01
   21 S     0  -1   0   0  -2   1   3  -1  -1  -2  -2   0  -2  -3  -1   3   2  -3  -2  -2    0   0   0   0   0   0  38   0   0   0   0   0   0   0   0  40  22   0   0   0  0.38 0.02
   22 N    -1  -1   5   3  -3   0   0  -1   0  -3  -4   0  -2  -3  -2   2   0  -4  -2  -3    0   0  57  21   0   0   0   0   0   0   0   0   0   0   0  22   0   0   0   0  0.55 0.02
   23 F    -2  -3  -3  -4  -3  -3  -3  -3   0  -1   0  -3  -1   6  -4  -2  -2   1   5  -1    0   0   0   0   0   0   0   0   0   0   0   0   0  59   0   0   0   0  41   0  0.77 0.03
   24 Y    -2  -3  -3  -4  -3  -3  -3  -3   0  -1   0  -3  -1   6  -4  -2  -2   1   5  -1    0   0   0   0   0   0   0   0   0   0   0   0   0  60   0   0   0   0  40   0  0.77 0.03
   25 S     2   0   0  -1  -1   0   0   0  -1  -2  -2   2  -2  -3  -1   3   1  -3  -2  -2   22   0   0   0   0   0   0   0   0   0   0  19   0   0   0  59   0   0   0   0  0.34 0.02
   26 H    -1   2   3  -1  -3   0   0  -2   6  -3  -3   0  -2  -2  -2   1  -1  -3   0  -3    0  21  19   0   0   0   0   0  41   0   0   0   0   0   0  19   0   0   0   0  0.44 0.02
   27 S     1  -1   0   0  -1   0   0   0  -1  -3  -3   0  -2  -3  -1   5   1  -3  -2  -2    0   0   0   0   0   0   0   0   0   0   0   0   0   0   0 100   0   0   0   0  0.53 0.04
   28 R    -2   6  -1  -2  -4   1   0  -3   0  -3  -2   2  -2  -3  -2  -1  -1  -3  -2  -3    0 100   0   0   0   0   0   0   0   0   0   0   0   0   0   0   0   0   0   0  0.86 0.04
   29 L    -2  -2  -4  -4  -1  -2  -3  -4  -3   1   4  -3   2   0  -3  -3  -1  -2  -1   1    0   0   0   0   0   0   0   0   0   0 100   0   0   0   0   0   0   0   0   0  0.52 0.03
   30 H    -2   0   0  -1  -3   0   0  -2   8  -4  -3  -1  -2  -2  -3  -1  -2  -3   2  -4    0   0   0   0   0   0   0   0 100   0   0   0   0   0   0   0   0   0   0   0  1.07 0.05
   31 H    -2  -1   0  -2  -3   0  -1  -3   8  -3  -2  -1  -1   2  -3  -1  -2  -2   2  -3    0   0   0   0   0   0   0   0  81   0   0   0   0  19   0   0   0   0   0   0  0.79 0.04
   32 I    -2  -3  -4  -4  -1  -3  -3  -4  -3   4   3  -3   2   0  -3  -3  -1  -2  -1   2    0   0   0   0   0   0   0   0   0  59  41   0   0   0   0   0   0   0   0   0  0.40 0.02
   33 S     1  -1   0  -1  -1  -1  -1   2  -1  -3  -3  -1  -2  -3  -1   4   1  -3  -2  -2    0   0   0   0   0   0   0  19   0   0   0   0   0   0   0  81   0   0   0   0  0.46 0.03
   34 M     1  -1  -1  -2  -1  -1  -1  -1  -2  -1   0  -1   2  -2  -1   1   4  -2  -2   0   22   0   0   0   0   0   0   0   0   0   0   0  19   0   0   0  59   0   0   0  0.29 0.02
   35 W    -3  -3  -4  -5  -3  -2  -3  -3  -3  -3  -2  -3  -2   1  -4  -3  -3  11   2  -3    0   0   0   0   0   0   0   0   0   0   0   0   0   0   0   0   0 100   0   0  2.56 0.06
   36 K    -1   3   0  -1  -3   1   1  -2  -1  -3  -3   5  -2  -3  -1   0  -1  -3  -2  -3    0  19   0   0   0   0   0   0   0   0   0  81   0   0   0   0   0   0   0   0  0.57 0.03
   37 C     2  -2  -2  -2   7  -1  -2  -1  -2  -1  -1  -1  -1  -2  -1   0   0  -2  -2  -1   42   1   1   1  40   1   1   1   0   1   2   1   0   1   1   1   1   0   1   1  0.42 0.02
   38 E    -1   0   3   3  -3   1   3  -1   0  -3  -2   0  -2  -3  -1   0  -1  -3  -2  -2    1   1  23  20   0   1  41   1   0   1   2   1   0   1   1   1   1   0   1   1  0.40 0.01
   39 L    -1  -1  -2  -2  -1  -1  -1  -2  -2   1   3  -1   1   0  -1  -1  -1  -1  -1   0    3   2   2   2   1   2   2   3   1   2  65   2   1   1   2   3   2   1   1   2  0.17 0.01
   40 T    -1  -1   3   3  -2   0   0  -1  -1  -2  -2  -1  -1  -2  -1   1   3  -2  -2  -1    1   1  20  23   0   1   1   1   0   1   2   1   0   1   1   1  41   0   1   1  0.28 0.01
   41 E    -1   2   0   1  -3   1   4  -2   0  -3  -2   2  -2  -3  -1   0  -1  -2  -2  -2    1  16   1   1   0   1  54   1   0   1   1  18   0   1   1   1   1   0   0   1  0.43 0.02
   42 F    -2  -3  -3  -4  -2  -3  -3  -4  -1   0   2  -3   0   6  -4  -3  -2   1   4  -1    0   0   0   0   0   0   0   0   0   0  20   0   0  65   0   0   0   0  15   0  0.63 0.04
   43 V    -1   3  -2  -2  -2   0  -1  -3  -2   1   1   2   0  -2  -2  -1  -1  -3  -2   2    0  35   0   0   0   0   0   0   0   0  17  15   0   0   0   0   0   0   0  32  0.21 0.02
   44 N    -2   0   5   0  -3   0  -1  -1   0  -2   0   1  -1  -2  -2   0  -1  -3  -2  -2    0   0  65   0   0   0   0   0   0   0  20  15   0   0   0   0   0   0   0   0  0.40 0.04
   45 T    -1   3   0   0  -3   1   3  -2  -1  -3  -2   1  -2  -3  -2   1   2  -3  -2  -2    0  35   0   0   0   0  32   0   0   0   0   0   0   0   0   9  24   0   0   0  0.38 0.03
   46 L    -2  -2   1  -2  -2  -2  -3  -3  -2   3   2  -2   1   2  -3  -2  -1  -2   0   1    0   0  17   0   0   0   0   0   0  35  32   0   0  15   0   0   0   0   0   0  0.21 0.02
   47 Q    -1   0   0   0  -3   4   3  -2   3   0  -1   0  -1  -2  -2  -1  -1  -3  -1  -1    0   0   0   0   0  47  20   0  15  17   0   0   0   0   0   0   0   0   0   0  0.37 0.04
   48 R     1   3   0  -1  -3   0   0   1   3  -3  -3   2  -2  -3  -2   0  -1  -3  -1  -2   15  32   0   0   0   0   0  15  17   0   0  20   0   0   0   0   0   0   0   0  0.32 0.02
   49 Q     0   0  -1  -1  -2   3   0  -2  -1   0  -1   2   2  -2  -2   1   0  -3  -2   1    0   0   0   0   0  24   0   0   0   0   0  26  15   0   0  15   0   0   0  20  0.17 0.02
   50 S     0  -1   1  -1  -2   2   0  -1   0  -2  -2   0  -1  -1  -2   2   2  -1   3  -2    0   0   9   0   0  20   0   0   0   0   0   0   0   0   0  39  15   0  17   0  0.27 0.03
   51 N     0  -1   3   0  -1  -1  -1  -1  -1   0  -1  -1  -1  -2  -2   2   3  -3  -2   1    0   0  30   0   0   0   0   0   0   0   0   0   0   0   0  17  32   0   0  20  0.26 0.03
   52 G     1  -1  -1  -1  -3   0   2   4  -1  -3  -3   1  -2  -3  -2   0  -1  -3  -3  -2   15   0   0   0   0   0  20  47   0   0   0  17   0   0   0   0   0   0   0   0  0.44 0.02
   53 I     0  -2  -2  -2  -1  -2  -2  -2  -2   3   1  -2   0  -1  -2   0   0  -2  -1   3    1   1   1   1   0   1   1   1   0  42   1   1   0   1   1  16   1   0   0  30  0.17 0.02
   54 F    -1  -1  -1   0  -2   0   3  -2  -1  -1  -1   0  -1   4  -1  -1  -1   0   1  -1    3   2   1   2   1   1  37   2   1   2   3   2   1  34   2   2   2   0   1   2  0.21 0.02
   55 P    -1   0  -1  -1  -2   0   0  -1  -1  -2  -2   2  -1  -2   6   0  -1  -2  -2  -2    3   2   1   2   1   1   2   2   1   2   3  22   1   1  49   2   2   0   1   2  0.76 0.02
   56 G     0  -1  -1  -1  -1  -1  -1   3   0   0  -1  -1  -1   0  -1  -1  -1   0   3   0    3   2   1   2   1   1   2  35   1   2   3   2   1   1   2   2   2   0  21  17  0.18 0.01
   57 R    -1   4   0  -1  -2   3   0  -1   0  -2  -2   1  -1  -2  -1   0  -1  -2  -1  -2    3  49   1   2   1  22   2   2   1   2   3   2   1   1   2   2   2   0   1   2  0.35 0.02
   58 E     0   0   0   0  -2   1   3  -1  -1  -2  -2   0  -1  -2   3   1   0  -2  -1  -2    3   2   1   2   1   1  34   2   1   2   3   2   1   1  17  23   2   0   1   2  0.31 0.01
   59 K    -1   1   0  -1  -2   1   0  -1  -1   0  -1   4  -1  -2  -1   0   0  -2  -1   0    3   2   1   2   1   1   2   2   1  17   3  55   1   1   2   2   2   0   1   2  0.17 0.02
   60 L    -1  -2  -2  -3  -1  -1  -2  -3  -2   1   4  -2   3   0  -2  -2  -1  -1  -1   1    1   1   1   1   0   1   1   1   0   1  69   1  15   1   1   1   1   0   1   1  0.30 0.02
   61 K    -1   3   0  -1  -3   1   0  -2  -1  -2  -2   4  -1  -3  -1   0  -1  -2  -2  -2    1  21   1   1   0   1   1   1   0   1   2  63   0   1   1   1   1   0   1   1  0.42 0.03
   62 K    -1   0  -1  -1  -2   0   0  -1  -1  -1  -1   2  -1   3  -1  -1  -1   6   1  -1    3   2   1   2   1   1   2   2   1   2   3  34   1  22   2   2   2  15   1   2  0.25 0.01
   63 M     1  -1   0   2  -1  -1   0  -1  -1   0   0  -1   2  -1  -1   0   0   4  -1   0   17   2   1  22   1   1   2   2   1   2   3   2  16   1   2   2   2   9   1  10  0.12 0.01
   64 K    -1   1   0   2  -2   1   1  -1  -1  -2  -2   4  -1  -2  -1   0  -1  -2  -1  -2    3   2   1  17   1   1   2   2   1   2   3  55   1   1   2   2   2   0   1   2  0.26 0.02
   65 T     2  -1   0  -1  -1   0   0   0  -1  -1  -1   0  -1  -2   0   2   2  -2  -1   0   32   2   1   2   1   1   2   2   1   2   3   2   1   1   2  17  26   0   1   2  0.18 0.01
   66 G     0  -2  -1  -1  -2  -1  -1   4  -1  -2  -1  -1  -1   2  -1  -1  -1  -1   0  -2    3   2   1   2   1   1   2  50   1   2   3   2   1  22   2   2   2   0   1   2  0.32 0.01
   67 R    -1   4   0  -1  -2   3   0  -2   0  -2  -2   1  -1  -2  -1   0  -1  -2  -1  -2    2  49   1   1   1  27   2   2   1   1   2   1   1   1   1   2   2   0   1   2  0.42 0.03
   68 S     0   2   0   0  -1   0   0  -1  -1  -2  -1   2  -1  -2  -1   2   0  -2  -1  -1    3  16   2   2   1   2   2   3   1   2   3  25   1   1   2  28   2   0   1   2  0.18 0.01
   69 A     3  -1  -1   0  -1   0   1   0  -1  -1  -1   0  -1  -2   0   1   0  -1  -1  -1   44   2   2   2   1   2  17   3   1   2   3   2   1   1   2   9   2   0   1   2  0.17 0.02
   70 L    -1   0  -1  -1  -1   4   0  -1   0   0   1   0   0  -1  -1  -1  -1  -1  -1  -1    3   2   2   2   1  39   2   3   1   2  29   2   1   1   2   3   2   0   1   2  0.16 0.02
   71 V    -1  -1  -1  -1  -1   0   1  -2  -1   1   1   0   0  -1  -1  -1   0  -1  -1   1    3   2   2   2   1   2  17   3   1   2  26   9   1   1   2   3   2   0   1  21  0.05 0.01
   72 V     0   0   0  -1  -1   2   0  -1  -1   0  -1   0   0  -1  -1   1   0  -1  -1   1    3   2   2   2   1  25   3   3   1   2   4   3   1   2   2  18   3   1   1  21  0.09 0.01
   73 T     0  -1  -1  -1  -1  -1  -1  -1  -1   1   0  -1   0  -1  -1   0   2  -2  -1   2    3   2   2   2   1   2   2   3   1   2   3   2   1   1   2   3  28   0   1  40  0.11 0.02
   74 D    -1  -1   2   5  -2   0   1  -1  -1  -2  -2  -1  -2  -2  -1   0  -1  -3  -2  -2    2   1  13  64   1   1   2   2   1   1   2   1   1   1   1   2   2   0   1   2  0.56 0.04
   75 T     0   2   0  -1  -1   0   0  -1  -1  -1  -1   2  -1  -2  -1   1   3  -2  -1  -1    2  11   1   1   0   1   1   2   1   1   2  24   1   1   1   2  45   0   1   1  0.25 0.04
   76 G     2  -1  -1  -1  -1  -1  -1   2  -1  -1  -1  -1  -1   2  -1   0   1  -1   0  -1   25   1   1   1   0   1   1  24   1   1   2   1   1  20   1   2  13   0   1   1  0.16 0.02
   77 D     1  -1   1   1  -1   0   1   1  -1  -1  -1  -1  -1  -2  -1   0   0  -2  -2   0   21   1   7  12   0   1  12  15   1   1   2   1   1   1   1   2   7   0   1  14  0.11 0.01
   78 M    -1  -1  -2  -1  -2   0   1  -2  -1   0   1  -1   6  -1  -2  -1  -1  -2  -1   1    2   1   1   1   0   1  13   2   1   1   2   1  59   1   1   2   1   0   1   8  0.27 0.06
   79 S     1  -1   0   2  -2   1   3  -1  -1  -2  -2   0  -2  -2  -1   2   0  -2  -2  -2   12   1   1  13   0   1  34   2   1   1   2   1   1   1   1  24   1   0   1   1  0.28 0.03
   80 V    -1  -1  -1  -2  -1   1  -1   1  -1   0   1  -1   0   1  -1  -1  -1  -1   0   1    2   2   1   2   1  12   2  14   1   2  25   2   1  12   2   2   2   0   1  17  0.05 0.02
   81 L     0   1  -1  -1  -2   0   2  -2  -1   0   1   0   0  -1   2  -1  -1  -2  -1   0    8  12   1   2   1   1  19   2   1   2  17   2   1   1  12   2   2   0   1  14  0.11 0.01
   82 N     1   1   2   2  -2   1   0  -1  -1  -2  -2   1  -1  -2  -1   2   0  -2  -2  -2   11   9   9  20   0   9   1   1   0   1   2  10   0   1   1  20   1   0   1   1  0.22 0.03
   83 S     1   0   2  -1  -2   0   0  -1  -1  -2  -2   3  -2  -3  -1   2   1  -3  -2  -2   12   0  16   0   0   0   0   0   0   0   1  33   0   0   0  24  10   0   0   0  0.29 0.06
   84 P     1   2  -1   1  -2   0   1  -2  -1  -2  -2   0  -2  -3   4   1   0  -3  -2  -1   15  20   0   9   0   0   9   0   0   0   0   0   0   0  23  12   5   0   0   5  0.38 0.06
   85 R    -1   3   3   0  -3   0  -1   2  -1  -4  -3   3  -2  -4  -2   0  -1  -4  -3  -3    0  23  21   4   0   0   0  17   0   0   0  28   0   0   0   4   0   0   0   0  0.47 0.13
   86 H    -2  -1   0   0  -3   1   2  -3   3  -2   0   2  -1  -3  -1   0   2  -3  -1  -1    0   0   4   4   0   5  13   0  10   0  10  21   0   0   2   2  22   0   1   5  0.24 0.14
   87 Q    -1  -1   2   0  -4   4   2  -1   0  -4  -4   1  -3  -4  -3   2   1  -4  -2  -3    1   1  12   4   0  29  13   3   1   0   0   5   0   0   0  18  11   0   1   0  0.48 0.21
   88 S    -2   7   1  -3  -5   0  -2  -4  -2  -5  -3   2  -3  -5  -2   0  -3  -5  -1  -4    1  67   6   0   0   2   0   0   0   0   3   9   0   0   2   7   0   0   3   0  1.21 0.39
   89 C    -1   0  -2  -3   1  -1  -2  -3  -3   2  -1   3   0  -1  -3  -1   0   3  -2   2    0   4   0   0   3   0   0   0   0  17   1  33   1   3   0   2   4   5   0  27  0.26 0.14
   90 I    -2  -4  -4  -4  -2  -4  -4  -5  -4   6   1  -4   0   0  -4  -3  -2  -4  -2   3    0   0   0   0   0   0   0   0   0  70   2   0   0   4   0   0   0   0   0  23  0.89 0.24
   91 M    -1  -3  -4  -4  -2  -3  -4  -4  -2   4   2  -3   3   3  -4  -3  -2  -2   2   1    3   0   0   0   0   0   0   0   0  39  19   0  10  14   0   0   0   0  10   4  0.46 0.15
   92 H    -3  -2  -1  -2  -4  -1   1  -4   9  -3   0  -2   0   0  -4  -2  -3  -3   1  -4    0   0   0   0   0   0  10   0  72   0  11   0   2   3   0   0   0   0   2   0  1.38 0.32
   93 V    -1  -4  -4  -4   2  -3  -4  -4  -4   4   1  -3   3  -1  -4  -3  -1  -3  -1   4    2   0   0   0   5   0   0   0   0  32   5   0  10   1   0   0   0   0   2  43  0.56 0.18
   94 D    -3  -3   0   7  -5  -2   0  -3  -3  -5  -5  -2  -5  -5  -3   1  -2  -6  -5  -5    0   0   0  90   0   0   0   0   0   0   0   0   0   0   0  10   0   0   0   0  1.60 0.34
   95 M    -2  -2  -3  -4   3  -2  -3  -4  -3   0   1   1   8   2  -4  -3  -2  -3  -2   0    2   0   0   0   6   0   0   0   0   3   8  10  60   9   0   0   0   0   0   2  0.84 0.28
   96 D    -3  -3   3   7  -5  -1   0   1  -2  -5  -5  -2  -4  -5  -3  -1  -2  -5  -4  -5    0   0  12  75   0   2   2  10   0   0   0   0   0   0   0   0   0   0   0   0  1.24 0.28
   97 C     3  -3  -1  -3   7  -1  -2  -2  -2  -3  -3  -2  -2  -2  -3   2  -1  -3   2  -2   37   0   2   0  32   2   0   0   0   0   0   0   0   0   0  18   0   0   9   0  0.72 0.22
   98 F    -4  -3  -4  -5  -4  -4  -4  -5  -3  -2  -1   0  -2   8  -5  -4  -4  -1   2  -3    0   0   0   0   0   0   0   0   0   0   0  10   0  86   0   0   0   0   4   0  1.53 0.34
   99 F    -4  -4  -4  -5  -4  -4  -4  -5  -1  -2  -1  -4  -2   6  -5  -4  -3   0   7  -2    0   0   0   0   0   0   0   0   0   0   2   0   0  45   0   0   0   0  53   0  1.51 0.32
  100 V     5  -3  -3  -3  -2  -2  -2  -2  -3   0  -2  -2  -2   2  -2  -1  -1  -3  -2   1   77   0   0   0   0   0   0   0   0   4   0   0   0  10   0   0   0   0   0  10  0.70 0.25
  101 S     2  -2  -1  -2  -2   3  -1  -2  -2  -3  -3  -1  -2  -4  -2   4   1  -4  -3  -2   23   0   0   0   0  21   0   0   0   0   0   0   0   0   0  52   4   0   0   0  0.63 0.23
  102 V    -2  -4   1  -3   4  -3  -4  -4  -4   3   0  -3  -1  -2  -4  -3  -1  -4  -3   5    0   0  10   0   9   0   0   0   0  16   1   0   0   0   0   0   0   0   0  64  0.66 0.22
  103 G    -2  -2  -2   0  -4   0   6  -2   0  -4  -4   0  -3  -4  -2   0  -2  -4  -3  -2    1   0   0   0   0   0  85   2   2   0   0   1   0   0   0   4   0   0   0   2  1.13 0.29
  104 I    -2   0  -2  -1  -1   3   3  -3  -1   0   0   0   4  -2  -2  -1   0  -3  -2   0    1   3   0   0   2  21  24   0   0   7   5   2  23   0   0   3   4   0   0   4  0.32 0.15
  105 R     0   5  -2  -3  -3   0  -1  -3  -2  -1   0   1  -1  -3  -3  -1   0  -3  -2  -1   10  57   0   0   0   1   0   0   0   3  12   4   0   0   0   1   4   0   0   4  0.55 0.18
  106 N    -1   1   1   4  -3   0   1  -2   0  -2  -1   1  -1  -1  -2  -1  -1  -3   0  -2    2  10   8  34   0   2   8   1   2   0   8  11   1   4   0   1   2   0   3   1  0.29 0.09
  107 R    -2   2   4   2  -3   0   2  -2   3  -3  -3   0  -2   0  -2   0  -1  -3  -1  -3    1  13  27  15   0   2  13   1  12   0   1   3   0   6   0   4   1   0   0   1  0.39 0.12
  108 P     1  -3  -3  -3  -3  -2  -2  -3  -1  -3  -2  -2  -3  -4   7  -1  -2  -4  -3  -3   11   0   0   0   0   0   1   1   2   0   3   1   0   0  75   3   1   0   0   1  1.68 0.27
  109 D     0   0   0   1  -3   1   4  -1   3  -3  -3   1  -2  -3  -2   1   0  -3  -2  -3    9   4   3   4   0   3  38   2  10   0   1   5   0   0   0  16   3   0   0   1  0.39 0.15
  110 L    -2  -3  -4  -4  -2  -3  -3  -4  -2   2   4  -3   3   1  -3  -3  -2  -2   2   0    1   0   0   0   0   0   1   1   0   9  62   0   8   3   0   1   1   0  11   1  0.57 0.20
  111 K    -1   5  -1  -2  -3   0  -1  -2   0  -1  -2   4  -1  -3  -2  -1  -2  -3  -2  -2    5  40   0   1   0   2   1   1   2   4   3  34   1   0   1   2   1   0   0   2  0.56 0.19
  112 G    -1  -2   3   3  -3  -1   0   4  -1  -3  -3  -1  -3  -3  -2   0  -1  -3  -3  -3    1   0  16  21   0   0   3  43   1   0   2   2   0   0   0   4   3   0   0   2  0.56 0.17
  113 K    -1   4  -1  -1  -3   1  -1  -3  -1   0  -1   4  -1  -2  -2  -1  -2  -3  -2  -1    2  24   0   3   0   4   1   1   1   9   4  44   0   2   0   1   1   0   0   3  0.44 0.18
  114 P     0  -3  -3  -3   3  -2  -2  -3  -3  -3  -1  -2  -3  -4   7  -2  -2  -4  -3  -3    7   1   0   1   7   0   1   1   0   1   8   1   0   0  70   1   1   0   0   1  1.57 0.31
  115 V     0  -2  -2  -3   1   0  -2  -3  -2   2   2  -2   1  -1  -2  -1  -1  -2  -2   3    9   1   1   1   3   8   1   1   0  10  20   1   2   2   1   5   1   0   0  35  0.20 0.11
  116 A     3  -2  -2  -2   1  -1  -2  -2  -2   2   0   0   0  -2  -2   0   1  -3  -2   2   35   0   0   0   4   0   1   1   0  14   7   9   0   0   0   1   9   0   0  17  0.19 0.12
  117 V     0  -2  -3  -3  -1  -2  -2  -3  -3   3   1  -2   2  -1  -2  -2  -1  -3  -2   4    9   1   1   1   0   1   1   1   0  19   9   1   9   1   1   1   1   0   0  43  0.34 0.14
  118 T     1  -2   0  -1   4  -1   1   3  -2  -2  -2  -1  -2  -3  -2   1   1  -3  -2  -1    8   1   5   1  12   1  10  27   0   1   1   1   0   1   1  13  12   0   0   6  0.25 0.10
  119 S     0   2   0  -1  -2   1  -1   2   0  -1   0   0   0  -2  -2   1  -1  -2  -2   0    4  15   3   1   0   6   1  21   3   1  10   4   4   1   1  15   1   0   0   9  0.12 0.07
  120 N     0   0   2   2  -2   0   0  -1   0  -1   0   0   1   0  -1   0   0  -1   1  -1    7   5  14  12   1   2   5   2   2   2  10   6   6   3   3   7   3   0   8   4  0.08 0.06
  121 R     0   0   1   1  -2  -1   1  -1  -1  -1  -2   0  -2  -2   4   2  -1  -2  -2  -1    7   7   6   7   1   1   7   5   1   3   3   4   1   1  21  18   2   0   1   5  0.28 0.10
  122 G     0   1   0   1  -2   0   1   2  -1  -1  -1   1   1  -2   0   0  -1  -2  -1  -1    6   8   4   7   1   2   8  17   1   3   6  11   6   1   3   8   2   0   1   4  0.09 0.04
  123 T     0   2   0   0  -1   1   0   0  -1  -1   0   0   0  -1  -1   0   0   2  -1  -1    6  14   4   5   1   6   4   9   1   3  12   5   1   2   3   6   8   4   2   4  0.05 0.02
  124 G     1   0   1   0  -1   0   0   2  -1  -1  -1   1  -1  -1   0   1   0  -1  -1  -1   11   3   7   3   1   4   4  16   1   3   6  10   1   3   3   9   6   1   2   4  0.07 0.02
  125 R     0   0   0   0  -1   0   0   1   0  -1  -1   0  -1  -1   0   0   1  -1   0   0    9   6   4   3   1   3   8  10   1   3   6   7   1   2   3   8  10   1   4   7  0.04 0.01
  126 A     1   0   0   0  -1   0   0   0   0   0   0   0   0  -1   0   1   0  -1  -1   0   12   4   3   7   1   5   7   7   2   4   8   6   2   3   4  10   5   1   2   8  0.03 0.01
  127 P     0   0   1   0  -1   0   0   0   0   0  -1   0  -1  -1   2   1   0  -1  -1  -1    8   4   8   4   1   3   4   6   2   6   6   6   2   3  12  14   4   1   2   4  0.09 0.01
  128 L     0   0   0   0  -1   0   0   0   0   0   1   0   0   0   0   0   0   0   1   0    6   4   3   4   1   3   5   9   2   4  17   4   2   3   4   9   4   1   8   7  0.01 0.01
  129 R     1   1   0   0  -1   1   0   0   0   0   0   0   0  -1   0   0   0  -1   0   0   14  12   3   4   1   6   5   5   2   4   7   4   4   3   4   5   4   1   2   9  0.03 0.01
  130 P     0   1   0   0  -1   0   0   0   0  -1  -1   0   0  -1   2   0   0  -1  -1   0    8   9   3   6   1   3   7   8   2   4   7   4   2   3   9   8   6   1   2   6  0.06 0.00
  131 G     0   1   0   0  -1   0   0   1   0   0  -1   0   0  -1   0   0   0   0   0   0    6   9   6   4   1   3   5  13   2   4   7   7   2   3   4   5   4   1   5   9  0.03 0.00
  132 A     0   0   0   0   0   0   0   0   0   0   0   0   0   1   0   0   0   0   0   0   11   6   3   4   3   3   9   7   3   4   9   4   2   8   4   5   4   1   2   6  0.01 0.00
  133 N     0   0   1   1  -1   0   0   1   0   0  -1   0  -1  -1   0   0   0  -1  -1  -1    8   4  11   8   1   3   7  11   2   6   7   4   2   3   4   7   4   1   2   5  0.04 0.01
  134 P     0   0   0   0  -1   1   0   0   0   0   0   0   0  -1   2   0   0   0   0   0    6   6   3   4   1   7   5   6   2   4   9   4   4   3  12   5   4   1   2  10  0.07 0.01
  135 Q     0   1   0   0  -1   1   1   0   0  -1  -1   1   0  -1   0   0   0   0   0   0    7   9   3   4   1   8   8   7   2   4   7   8   2   3   4   5   7   1   2   7  0.04 0.00
  136 L     0   0   0   0  -1   0   0   0  -1   0   1   0   0   0   1   0   0   0   0   0   11   4   3   4   1   3   5   6   2   6  19   4   2   4   6   6   5   1   3   5  0.01 0.00
  137 E     0   0   0   0  -1   1   1   0   0  -1  -1   0   0  -1   1   0   0   0   0  -1   11   5   3   4   1   6  14   7   2   4   7   4   2   3   7   6   5   1   3   5  0.06 0.01
  138 W     0   0   0   0  -1   0   0   0   0   0   0   0   1   0   0   0   0   3   0   0   11   4   4   4   2   3   5   7   2   4   7   5   7   3   4   8   8   6   3   5  0.04 0.01
  139 Q     0   0   0   0  -1   1   0   0   0  -1  -1   0   0  -1   2   0   0   0   0  -1    6   4   4   7   2  10   5   6   2   4   7   6   2   3  11   8   6   1   3   5  0.08 0.01
  140 Y     0   1   0   0  -1   0   0   1   0   0  -1   0   0   0   1   0   0   0   1   0    6   8   5   4   2   3   5  11   2   6   7   5   2   3   8   6   5   1   7   5  0.04 0.00
  141 Y     0   0   0   1  -1   0   0   0   0   0   0   0   0   1   0   0   0   0   1   0    8   4   6   8   2   3   5   6   2   4   8   5   2   8   4   7   5   1   7   5  0.02 0.00
  142 Q     0   0   0   0  -1   1   0   0   0   0   0   0   0   0   0   0   0   0   0   0    8   4   4   4   2   8   5   6   2   9  14   5   2   3   4   9   5   1   3   5  0.01 0.00
  143 N     1   0   1   0  -1   0   0   0   0   0   0   0   0  -1   0   1   0   0   0   0   11   4   8   4   2   3   5   6   2   4  10   5   2   3   4  13   5   1   3   6  0.03 0.00
  144 K     0   2   0   0  -1   0   0   0   0  -1  -1   1   0   0   0   0   0   0   0  -1    6  13   4   4   2   3   5   7   2   4   7  13   2   6   4   6   5   1   3   5  0.04 0.01
  145 I     0   1   0   0  -1   0   0   0   0   0   0   0   0   0   0   0   0   0   0   0    7   9   4   7   2   3   5   7   2   8   8   5   2   6   4   6   5   1   3   8  0.00 0.07
  146 L     0   0   0   0   1   0   0   0   0   0   1   0   0   0   0   0   0   2   0   0    8   4   4   4   4   3   5   6   2   7  17   5   2   3   4   6   5   3   5   5  0.00 0.00
  147 K     0   0   0   0   2   0   0   0   0   0   0   0   0   0   0   0   0   0   0   0    8   5   5   4   7   3   5   6   2   4   9   7   2   6   4   6   5   1   3  11  0.00 0.00
  148 G     0   0   0   0   1   0   0   1   2  -1  -1   0  -1  -1   2   0   0   0   0  -1    8   4   4   7   4   3   5  10   7   4   7   5   2   3   9   6   5   1   3   5  0.05 0.01
  149 K     0   0   0   0  -1   1   0   0   0   0   0   1   0   0   0   0   0   0   0   0    6   5   4   4   2   8   5   6   2   6   7   9   2   6   4   6   5   1   3  10  0.01 0.00
  150 A     1   0   0   2  -1   0   0   0   0   0   0   0   0  -1   0   0   0  -1  -1   0   13   4   3  14   1   3   5   7   2   4  12   4   2   3   4   5   4   1   2   5  0.03 0.01
  151 A     0   0   0   0  -1   0   0   0   0   0   0   0   1   0   0   0   0   0   0   0   11   4   3   4   1   3   6   6   2   9  10   4   6   3   4   6   5   1   5   6  0.00 0.00
  152 D     0   0   0   2  -1   0   0   0   0   0   0   0   0   0   0   0   0   0   0   0    6   4   3  16   1   3   5   6   2   9   9   4   2   5   4   5   4   1   2   6  0.03 0.01
  153 I     0   0   0   0   2   0   0   0  -1   0   0   0   0   0   0   0   0   0   0   0   12   4   3   4   7   3   5   6   2   7   7   6   2   5   4   5   4   1   2  10  0.01 0.00
  154 P     0   0   0   0  -1   0   0   0   0  -1   0   0   0   1   2   0   0   0   1   0   10   6   3   4   1   3   5   6   2   4   8   4   2   8  12   5   4   1   5   5  0.07 0.01
  155 D     0   0   0   1  -1   0   0   0   0  -1  -1   0   0   0   2   0   0   0   1  -1    7   4   3   9   1   3   5   6   2   4   7   4   2   5   9  10   4   1   8   5  0.05 0.01
  156 S     1   0   1   0  -1   0   0   0   0   0  -1   0   0  -1   0   1   0   0   0   0   14   4   8   4   2   3   5   6   2   4   7   4   2   3   4  13   5   1   3   7  0.04 0.01
  157 S     0   0   0   0  -1   1   0   0   0  -1   0   0   0   1   0   1   0   0   0   0   10   4   3   4   2   7   7   6   2   4   8   4   2   8   4  11   5   1   3   5  0.03 0.00
  158 L     0   0   0   1  -1   0   0   0   0   0   0   0   0   0   0   0   0   0   0   1    6   4   3   9   2   3   7   6   2   4   9   4   2   5   4   6   5   1   3  15  0.01 0.00
  159 W     0   0   0   0  -1   0   1   0   0   0  -1   1   0  -1   0   0   0   4   0  -1    6   4   3   4   1   3  12   6   2   6   7   9   2   3   4   8   4   8   2   5  0.08 0.01
  160 E     0   0   0   1  -1   0   1   0   0  -1   0   0   1   0   0   0   0   0   1   0    8   4   3   8   1   3  10   8   2   4   7   4   6   3   4   6   6   1   6   5  0.02 0.01
  161 N     0   2   1   0   1   0   0   0   0   0   0   1   0  -1   0   0   0  -1   0  -1    6  14   9   5   3   3   5   5   2   6   8   7   2   3   4   5   4   1   2   5  0.04 0.01
  162 P     0   0   0   1  -1   0   0   0  -1  -1  -1   0  -1  -1   3   1   0  -1  -1  -1    9   4   3   7   1   4   5   5   2   4   7   4   2   3  18  10   4   1   2   5  0.16 0.02
  163 D     0   0   1   2  -1   0   1   0   0   0   0   0   0   0   0   0   0  -1   0   0    6   4   7  14   1   3   9   5   2   4   7   4   2   5   4   6   4   1   2  10  0.04 0.01
  164 S     0   0   0   0  -1   0   0  -1  -1   0   1   0   0  -1   1   1   0  -1  -1   0    6   4   3   4   1   3   4   5   2   4  18   6   2   3   9  12   4   1   2   7  0.04 0.01
  165 A     0   1   0   0   0   0   0   0   0  -1  -1   1  -1  -1   0   0   0  -1  -1   0   12  11   5   4   3   3   7   5   2   4   6  10   2   3   5   6   5   1   2   6  0.05 0.01
  166 Q     0   0   0   1  -1   1   1   0   0   0   0   0   0  -1   0   0   0  -1  -1   0    5   4   6  11   1   8   8   8   2   5  11   5   2   3   4   5   4   1   2   5  0.04 0.01
  167 A     0   1   0   0  -1   0   0  -1   0   0   0   1   0  -1   2   0   0  -1  -1   0    7   9   3   4   1   3   6   5   2   4   8  10   2   3   9   6   7   1   2   8  0.06 0.01
  168 N     0   0   0   0  -1   0   0   0   0   0   0   1   0  -1   2   0   0  -1  -1   0    7   5   6   6   1   3   4   6   2   5  10  10   2   3   9   7   6   1   2   5  0.05 0.01
  169 G     0   0   0   0   0   0   0   1  -1   0   0   0   0  -1   0   0   0  -1  -1   1    6   4   4   4   3   3   8  11   2   6   7   6   2   3   4   6   4   1   2  15  0.01 0.01
  170 I     0  -1  -1  -1  -1  -1  -1  -1  -1   2   0  -1   0  -1   1   0   0  -1   0   2    7   3   3   4   1   2   4   5   1  14   7   4   1   2   8   5   3   1   3  21  0.05 0.03
  171 D     0  -1   0   1   0  -1   0   1  -1   0   0  -1   0  -1   0   0   0  -1  -1   0    7   3   2  10   3   2   5  15   1   5  10   3   4   2   5   5   3   1   2  11  0.03 0.02
  172 S     0  -1   0  -1   0  -1   0   2   1  -1   0  -1   0  -1   1   1   0   1  -1  -1   10   3   6   3   3   2   4  16   4   4  10   3   2   2   6  12   3   3   2   3  0.07 0.03
  173 V     1   1   0   0  -1   0   0   1  -1  -1  -1   0  -1  -1   0   1   0  -1  -1   0   12   9   3   6   1   3   6  11   2   2   5   4   1   2   4   9   7   1   1  12  0.05 0.02
  174 L    -1   0   1   0  -2   1   1   1   0  -1  -1   0  -1  -1  -1   0   0  -1   0  -1    3   4   7   5   1   6  14  15   2   5   6   3   1   3   2   8   5   1   5   5  0.07 0.04
  175 S     0   4   1   0  -2   1   0   2   0  -3  -3   2  -2  -3   0   1  -1  -3  -3  -3    6  25   6   4   1   5   4  16   2   1   1  10   1   1   4  10   2   0   0   1  0.31 0.15
  176 R    -3   6   0   0  -4  -1  -2  -2   1  -4  -3   1  -2  -4   0   0  -1  -4  -3  -3    1  52   3   6   0   1   1   3   4   1   2   7   1   0   4   6   4   0   0   2  0.77 0.31
  177 A     0  -4   0  -3  -4  -4  -4   6  -4  -5  -5  -2  -4  -5  -4   1  -3  -4  -1  -5    6   0   4   0   0   0   0  70   0   0   1   2   0   0   0  13   0   0   2   0  1.35 0.45
  178 E     0  -4  -2  -2   2  -3  -1  -2  -4   2  -1  -4   1   0  -4  -2  -2  -4  -3   5    7   0   1   2   4   0   5   3   0  12   2   0   3   4   0   2   0   0   0  54  0.65 0.31
  179 I    -3  -4  -5  -5  -3  -4  -4  -5  -5   5   1  -4  -1  -3  -4  -4  -2  -4  -3   5    1   0   0   0   0   0   1   1   0  32   8   0   0   0   0   1   0   0   0  53  1.14 0.40
  180 A     3  -3  -2  -3   2  -2  -3  -2  -3   1   0  -3  -2  -3  -3   4   1  -4  -3   0   27   0   0   0   4   0   0   1   0   8  11   0   0   0   0  33   7   0   0   6  0.46 0.27
  181 S     3  -3  -3  -3  -1  -3  -3  -2  -4  -3  -4  -3  -3  -4  -2   1   6  -4  -4  -3   25   0   0   0   1   0   0   1   0   0   1   0   0   0   2  11  55   0   0   0  1.04 0.44
  182 C     4  -1  -4  -4   8  -3  -4  -3  -4  -3  -4  -2  -3  -4  -1   0  -3  -4  -4  -1   42   4   0   0  35   0   0   1   0   0   1   3   0   0   2   6   0   0   0   4  1.21 0.43
  183 S    -3  -3   6  -2   3  -3  -3  -3  -3  -5  -5  -3  -4  -5  -4   5  -2  -5  -4  -5    0   0  46   0   6   0   0   0   0   0   0   0   0   0   0  44   0   0   0   0  1.42 0.55
  184 Y    -2  -5  -5  -6  -5  -5  -5  -6  -2  -5  -4  -5  -4  -1   0  -5  -3  -2   9  -4    4   0   0   0   0   0   0   0   0   0   0   0   0   0   5   0   1   0  86   1  2.57 0.77
  185 E    -1  -3  -3  -2  -5  -1   6  -3  -3   0   0  -2  -3  -4   1  -3  -2  -5  -4   0    6   1   0   0   0   1  61   1   0   5   9   0   0   0   6   0   1   0   0   8  0.93 0.43
  186 A     7  -5  -5  -5  -4  -4  -4  -3  -5  -4  -3  -4  -4  -5  -4  -2  -3  -5  -5  -3   95   0   0   0   0   0   0   0   0   0   2   0   0   0   0   0   0   0   0   0  1.90 0.67
  187 R    -4   8  -4  -5  -6  -2  -3  -5  -3  -6  -5   3  -4  -6  -5  -4  -4  -6  -5  -5    0  84   0   0   0   0   0   0   0   0   0  13   0   0   0   0   0   0   0   0  2.18 0.68
  188 Q     2   2  -2  -3  -4   2   1  -2  -3  -2  -3   5  -2  -4  -3   0  -1  -4  -3  -2   22   8   0   0   0   9   6   2   0   3   0  37   1   0   0   6   2   0   0   3  0.55 0.29
  189 L    -2  -1  -4  -5   1  -4  -4  -5   0  -3   1  -2  -2   6  -5  -3  -4  -1   6  -2    4   3   0   0   3   0   0   0   2   0  12   3   0  39   0   1   0   0  28   1  1.12 0.41
  190 G    -3  -5  -2  -3  -5  -5  -5   7  -5  -6  -6  -3  -5  -6  -5  -3  -4  -5  -6  -6    0   0   2   2   0   0   0  92   0   0   0   1   0   0   0   0   0   0   0   0  2.16 0.65
  191 I    -2  -5  -5  -5  -3  -5  -5  -5  -5   5   0  -5  -2  -3  -5  -4  -3  -5  -4   6    3   0   0   0   0   0   0   0   0  31   8   0   0   0   0   0   0   0   0  56  1.23 0.46
  192 K    -3   5  -3  -4  -5  -2  -2  -4   6  -5  -4   4  -4  -1  -4  -2  -1  -4  -1  -3    1  35   0   0   0   0   1   0  21   0   0  28   0   3   0   2   3   0   2   2  1.05 0.43
  193 N     1   0   1  -3  -4  -3  -3  -3  -4  -4  -4  -2   3  -5   0   5   2  -5  -4  -4    9   4   7   0   0   0   0   1   0   0   0   2   7   0   4  56  10   0   0   0  0.88 0.46
  194 G     5  -4  -3  -4  -4  -4  -4   4  -1  -5  -3  -4  -4  -5  -2  -1  -1  -5  -5  -4   54   0   1   0   0   0   0  34   2   0   2   0   0   0   2   2   3   0   0   0  1.12 0.48
  195 M    -5  -5  -5  -2  -5   1   0  -6  -5  -1  -2  -5  10  -4  -6  -2  -4  -5  -5  -2    0   0   0   2   0   6   6   0   0   2   0   0  80   0   0   2   0   0   0   1  2.46 0.83
  196 F     0   0  -2  -4  -5  -4  -4  -4  -4  -5  -5  -1  -5  -1   7   2   0   2  -2  -4    6   4   2   0   0   0   0   0   0   0   0   4   0   3  56  15   5   3   1   1  1.38 0.51
  197 F     0  -3  -2  -3   0  -3  -2   0  -3   2   1  -3   3  -1  -3   1   1   2  -1   2    9   0   1   0   2   0   1   6   0  13  14   0  10   2   0  12  11   3   2  13  0.22 0.18
  198 G     1   1  -1   0  -3  -2  -2   0   0  -1  -1  -1  -2   3  -3   1  -1   4   1  -1   16   9   1   6   0   0   0   8   3   3   3   3   0  15   0  12   3   8   4   5  0.19 0.16
  199 H    -2   2  -1   1  -4   3   3  -4   2  -1  -2   2   0  -2  -3  -2   0  -2   0  -2    1   9   1   8   0  18  17   0   6   5   2  16   3   1   0   1   7   1   4   1  0.39 0.25
  200 A     7  -5  -5  -5  -4  -2  -4  -3  -5  -3  -5  -4  -4  -6  -4  -1  -3  -6  -5  -1   91   0   0   0   0   2   0   0   0   1   0   0   0   0   0   3   0   0   0   3  1.77 0.68
  201 K    -1   2  -2  -4  -4   0  -1  -4   0  -2   2   4   1  -1  -2  -3  -3  -3   2  -2    5  13   1   0   0   2   3   0   2   1  26  31   3   2   1   0   0   0   9   1  0.46 0.29
  202 Q     0   3   0   0  -5   2   3  -3  -1  -5  -4   5  -4  -5  -2  -2  -3  -5  -4  -5    6  15   3   3   0  10  20   1   1   0   1  39   0   0   1   0   0   0   0   0  0.81 0.38
  203 L    -2   2  -4  -3  -4  -3  -4  -5   1   1   5   1   0  -1  -5  -4  -3  -4  -3  -1    3  10   0   1   0   0   0   0   3   6  61  10   2   2   0   0   0   0   0   1  0.78 0.38
  204 C    -1  -6  -3  -6  10  -6  -4  -3  -6  -1  -1  -6  -4  -2  -3  -4  -4  -6  -5  -1    4   0   1   0  73   0   1   2   0   3   7   0   0   2   1   0   0   0   0   4  2.49 0.72
  205 P    -4  -2  -5  -5  -7  -2  -1  -3  -6  -7  -7  -1  -6  -7   8  -4  -5  -7  -7  -6    0   2   0   0   0   2   5   3   0   0   0   3   0   0  86   0   0   0   0   0  2.61 0.79
  206 N    -3   1   4   4  -5   3   2  -2   3  -5  -5   0  -4  -5  -2   0  -1  -5  -3  -5    1   6  19  23   0  16  13   2   7   0   0   3   0   0   2   5   2   0   0   0  0.66 0.32
  207 L     3  -2  -4  -5  -1  -4  -4   0  -5   1   4  -4   0  -3  -4  -2  -3  -4  -4  -1   31   3   0   0   1   0   0   9   0   6  47   0   1   0   0   1   0   0   0   1  0.68 0.36
  208 Q    -2  -3  -4  -4   0   0  -3  -3   0   5   0  -2  -1  -3  -4  -3   0  -4   0   4    3   1   0   1   2   6   0   2   3  36   6   1   0   0   0   0   6   0   3  31  0.62 0.32
  209 A    -1  -4  -3  -3  -3  -4  -4  -5  -4   2   1  -4   0   5  -5  -3   0  -2   2   3    4   0   1   2   0   0   0   0   0  12  15   0   1  30   0   2   5   0   7  21  0.64 0.30
  210 V     0  -2  -5  -5  -3  -4  -5  -5  -5   3   3  -3  -1   1  -5  -4  -2   2  -3   4    9   2   0   0   0   0   0   0   0  15  26   1   1   4   0   0   0   3   0  39  0.71 0.33
  211 P    -3   1   0  -1   0   0  -2  -3   1  -5  -5   0  -5  -3   7   0  -1  -6  -5  -4    0   9   4   4   2   3   2   1   4   0   0   6   0   1  50   9   4   0   0   1  1.13 0.44
  212 Y    -2  -4  -3  -4  -2  -3  -2   3   2  -2  -3  -3   1  -4   5   1  -2  -4   1   1    2   0   0   0   1   0   3  22   5   1   1   0   4   0  30  11   1   0   6  13  0.67 0.33
  213 D    -4   5   5   4  -6  -1  -1  -4   1  -6  -6  -2  -5  -6  -5  -3  -1  -6  -5  -6    1  35  33  22   0   1   2   0   4   0   0   0   0   0   0   0   3   0   0   0  1.22 0.50
  214 F    -4  -2  -4  -5  -5  -3  -4  -3   4  -2   0   1   6   6  -1  -4  -4  -3   4  -3    0   2   0   0   0   0   0   2   9   0   6  10  23  32   4   0   0   0  12   0  0.97 0.44
  215 H     1   1   0   3  -2   1   3  -1   0  -3  -4   0  -3  -4   0   0   1  -5  -3  -2   15   7   3  20   1   5  19   3   2   1   0   3   0   0   5   7   8   0   0   2  0.35 0.21
  216 A     1   2  -1  -3  -3  -1  -1  -3   0   0   1   2  -1   0  -2  -2  -1  -3  -1   2   13  12   2   0   0   2   2   0   3   3  19  14   0   5   2   1   1   0   2  18  0.17 0.17
  217 Y    -6  -6  -6  -2  -3  -6  -6  -7  -2  -5  -5  -6  -5   1  -7  -6  -6  -2  10  -5    0   0   0   3   1   0   0   0   0   0   0   0   0   3   0   0   0   0  93   0  3.11 0.92
  218 K     0   5  -2  -3  -4   2   0  -3   0   0  -4   3  -3  -4  -4  -1   0  -5  -2  -2    9  32   1   0   0   9   4   1   2   8   0  21   0   0   0   4   5   0   1   2  0.55 0.30
  219 E     1   1  -1   1  -4   1   4  -2   0  -2  -3   1  -3  -4  -3   2  -1  -5  -3  -3   15   8   1   6   0   7  28   1   3   2   2  10   0   0   0  16   3   0   0   0  0.42 0.26
  220 V     2  -4  -4  -4  -3  -3  -1  -4  -1   1  -1   0   3   0  -4  -2  -1  -4   2   4   18   0   0   0   0   0   3   0   1   4   1   5   9   3   0   2   3   0   6  43  0.55 0.33
  221 A    -1  -4  -3  -4  -4  -4  -4   1  -4  -6  -3  -4  -5  -6  -2   7  -2  -6  -5  -5    4   0   0   0   0   0   0   9   0   0   3   0   0   0   2  83   0   0   0   0  1.60 0.67
  222 Q     1   3   1   0  -4   2   2  -3  -1  -3  -2   2  -2  -3  -3   0  -1  -4  -1  -1   11  21   8   5   0   9  14   0   1   0   4  11   1   1   0   4   3   0   2   5  0.29 0.19
  223 T     0   3  -2  -2  -5   5   3  -3   2  -4  -3   2  -3  -5  -4  -1  -2  -5  -1  -2    8  16   0   0   0  31  17   1   5   0   2  10   0   0   0   3   2   0   2   2  0.68 0.35
  224 L    -2  -5  -5  -6  -4  -5  -3  -6  -5   6   0  -5   2   2  -5  -4  -2  -5  -3   4    3   0   0   0   0   0   2   0   0  46   5   0   5   9   0   0   1   0   0  29  1.04 0.42
  225 Y    -2   4  -3  -5   1  -1  -3  -5   4  -2  -1  -2   6   3  -5  -2   0  -3   2  -1    3  22   0   0   3   3   0   0  11   2   2   0  25  13   0   2   5   0   6   3  0.68 0.37
  226 E     2   0   2   2  -3   2   3  -2  -2  -4  -4   0  -3  -5  -3   1   0  -5  -4  -3   16   4  12   9   0   9  23   2   0   0   1   6   0   0   0  11   4   0   0   1  0.42 0.25
  227 T    -4  -5  -5  -5  -4  -5  -3  -6  -2   6   2  -3   2  -3  -5  -4   0   2  -4   2    0   0   0   0   0   0   2   0   1  58  14   2   4   0   0   0   7   3   0  10  1.06 0.43
  228 L    -4  -5  -6  -6   2  -5  -6  -6  -5   2   4  -5   3   6  -6  -5  -4  -3   0   0    0   0   0   0   4   0   0   0   0   9  39   0   7  36   0   0   0   0   2   4  1.10 0.43
  229 A     1   3   0  -1  -4   0   2  -3   2  -3  -2   1  -1  -3  -3   2  -1  -4   0  -2   10  18   4   2   0   3  17   0   7   0   4  10   1   0   0  16   2   0   3   3  0.32 0.22
  230 S    -3   4  -1   2  -3   0   4  -1  -2  -5  -4   2  -4  -5  -4   1  -1  -5  -2  -5    0  30   1  10   0   3  26   4   0   0   1  10   0   0   0  11   3   0   1   0  0.69 0.34
  231 Y    -5  -3  -5  -6  -5  -4  -5  -6   3  -1   2  -5   0   5  -6  -5  -4  -2   7  -3    0   1   0   0   0   0   0   0   7   2  17   0   2  22   0   0   0   0  47   1  1.49 0.53
  232 T     1  -4  -1  -1   0  -3  -1  -1  -2  -4  -4  -3  -4  -5  -4   2   6  -5  -4  -1    9   0   3   4   2   0   3   4   1   0   0   0   0   0   0  17  55   0   0   3  0.94 0.46
  233 H    -3  -1   1   4  -5  -3   1  -2   1  -5  -3  -2  -5  -5   5   0  -3  -6  -2  -5    0   4   5  30   0   0   8   3   3   0   2   1   0   0  34   8   1   0   1   0  0.96 0.40
  234 N     0   0  -1  -2  -3  -1  -1  -3   0   0   3   2   0  -1  -1  -1  -1  -2  -1   1    7   6   4   2   0   1   3   0   3   5  34  15   1   2   3   3   1   0   2   8  0.17 0.16
  235 I    -4  -6  -6  -6  -1  -5  -6  -6  -6   5  -1  -5  -1   0  -6  -5  -3  -5  -4   5    0   0   0   0   1   0   0   0   0  39   3   0   1   4   0   0   0   0   0  51  1.38 0.51
  236 E    -2  -2  -3  -1  -2   2   7  -3   1  -4  -4   0  -5  -6  -4  -1  -4  -6  -5  -5    3   1   0   1   1   9  72   1   3   1   2   4   0   0   0   3   0   0   0   0  1.43 0.58
  237 A    -1   0  -4  -4  -5   1  -3  -5  -3   1  -4   0  -1  -3   7  -2  -1  -6  -3  -1    5   6   0   0   0   8   1   0   0  11   0   5   2   1  52   1   3   0   1   4  1.17 0.45
  238 V     0  -4  -2  -2  -3  -3  -4  -3  -3   2   4  -4   3   0  -4  -3  -2   0   2   1    9   0   2   3   0   0   0   1   0  10  40   0   7   3   0   1   2   1   9  11  0.45 0.25
  239 S    -1  -4  -3  -4  -4  -4  -4   1  -5  -6  -3  -4  -5  -6  -4   7  -2  -6  -5  -5    2   0   0   0   0   0   0   9   0   0   3   0   0   0   0  86   0   0   0   0  1.74 0.71
  240 C    -2  -4  -5  -2   1  -5  -5  -6  -5   5   3  -5  -1   2  -5  -4  -2   0  -3   1    2   1   0   3   3   0   0   0   0  42  35   0   0   8   0   0   1   1   0   4  0.89 0.38
  241 D    -6  -5  -2   8  -7  -4  -1  -5  -5  -7  -8  -4  -7  -7  -5  -4  -5  -8  -7  -7    0   0   0  97   0   0   3   0   0   0   0   0   0   0   0   0   0   0   0   0  2.75 0.83
  242 E    -5  -4  -4  -1  -7  -2   8  -2  -4  -7  -7  -3  -6  -7  -5  -4  -5  -7  -6  -6    0   0   0   2   0   0  95   3   0   0   0   0   0   0   0   0   0   0   0   0  2.36 0.81
  243 A     5  -4  -1  -4   2  -1  -2   1  -4  -4  -2  -3   0  -3  -4   0  -3  -5  -4  -2   65   0   3   0   4   2   2  11   0   0   4   0   2   1   0   4   0   0   0   1  0.94 0.45
  244 L    -5  -5  -6  -6  -6  -5  -3  -6  -3  -4  -2  -5  -4   6  -2  -5  -5   4   8  -1    0   0   0   0   0   0   1   0   0   0   3   0   0  33   3   0   0   6  49   4  1.83 0.62
  245 V    -2  -5  -3  -6   1  -4  -5  -6  -5   1   5  -5   3  -2  -2  -3  -3  -4  -4   1    3   0   1   0   4   0   0   0   0   7  63   0   8   0   2   1   0   0   0  10  0.98 0.41
  246 D    -4  -5   0   8   0  -4   0  -5  -4  -6  -7  -4  -6  -7  -5  -4  -3  -7  -6  -4    1   0   2  85   2   0   5   0   0   0   0   0   0   0   0   0   1   0   0   2  2.15 0.70
  247 I    -2  -3  -5  -5  -1  -4  -5  -5  -5   4   2  -4   1   0  -2  -3  -3  -4  -3   5    2   2   0   0   1   0   0   0   0  21  16   0   3   3   2   1   0   0   0  47  0.86 0.38
  248 T    -2   0  -3  -2  -4  -1  -1  -3  -4  -4  -4  -2  -4  -5   0   2   6  -5  -4  -3    2   4   0   2   0   3   3   2   0   0   0   1   0   0   4  13  64   0   0   0  1.18 0.54
  249 E    -2  -2   1   4  -5  -1   2   3   2  -5  -5  -1  -4  -4  -1   0  -2  -5  -3  -5    1   2   5  29   0   2  17  23   5   0   0   3   0   1   2   6   2   0   1   0  0.63 0.31
  250 I    -1   0   2  -2   4  -1  -1  -2  -1   0   0  -1   1  -2  -2   2   1   1  -2   0    3   4  14   1  10   1   2   1   2   7  11   3   3   0   1  17   9   2   1   8  0.17 0.16
  251 L     0   0  -1   1  -1   0   0  -1  -2   0   0   1  -1   0  -1   0   1  -2  -1   1    6   3   2  11   1   3   4   5   0   6   9  11   0   3   2   6  12   0   2  13  0.04 0.05
  252 A     0   1   0  -1  -1   2   1   0   2  -1  -1   2  -1  -1   1   0  -1  -3   0  -1   10   8   3   2   1   9  10   5   6   4   6  13   1   3   7   5   2   0   3   3  0.11 0.08
  253 E     0   1   1   0   0   0   1   1   2  -2  -1   1  -1  -3  -1   0  -1   0  -2  -1    6  10   8   6   3   3   8  13   7   1   9  11   1   0   2   6   1   2   0   3  0.12 0.10
  254 T    -2   0   0   0   4  -1  -1  -2   1   1   0  -1   1   2  -1  -1   0   2   1  -1    1   6   4   5  10   1   3   1   5  12  11   3   4   9   2   5   7   3   7   2  0.11 0.12
  255 K     0   0   0   1   0   1  -1   0   3  -3  -1   1  -2   2   0   0  -1  -3  -1  -3    6   5   4   8   2   7   2   9   8   0   7  11   0  13   5   8   1   0   1   0  0.13 0.13
  256 L     0  -2   0   0  -3  -1   0   4  -1   0   1  -1  -1   0  -2  -1   0  -3  -1  -2    5   1   4   4   0   3   8  34   1   5  15   3   1   4   1   2   5   0   1   2  0.25 0.15
  257 T     0  -2   1   1  -1  -1   2  -3  -2  -3  -1  -1  -3  -3   0   4   0  -4  -1  -2    5   1   5   9   1   2  12   1   0   0   6   3   0   0   5  39   5   0   2   2  0.40 0.26
  258 P     5  -4  -2  -4  -1  -3  -3   1  -4   0  -3  -3  -3  -3   4  -1  -2  -5  -4  -1   51   0   2   0   1   0   0   8   0   5   1   0   0   1  20   4   1   0   0   4  0.83 0.41
  259 D     1   0  -2   0  -3  -1   1  -1  -3   0  -1  -1  -1   0  -3   1   3  -3   0   0   12   5   0   5   0   2  10   3   0   4   4   3   1   5   0   7  29   0   3   6  0.21 0.19
  260 E    -2   1  -1   1  -4   2   3  -3   0  -2   1   1   1  -2  -3  -2  -1   2  -3  -1    1   8   2   8   0   8  26   1   2   0  20   7   4   1   0   0   3   3   0   4  0.31 0.23
  261 F    -1  -5  -5  -5  -4  -5  -5  -5  -5   5   2  -5   3   2  -5  -3  -1   0  -2   2    4   0   0   0   0   0   0   0   0  45  17   0   7   9   0   1   3   2   1  12  0.84 0.36
  262 A     6  -5  -4  -5   2  -4  -4   1  -5  -3  -2  -4  -4  -5  -4  -2  -3  -5  -5   1   70   0   0   0   4   0   0  11   0   0   3   0   0   0   0   0   0   0   0  11  1.20 0.53
  263 N     0   2   0   0  -4   3   3  -3   1  -3  -2   3  -1  -4  -3  -1  -1  -4  -3  -2    8  13   4   3   0  14  18   0   3   1   4  20   1   0   0   3   4   0   0   1  0.41 0.24
  264 A     1   1  -1   0  -2   2   4  -1  -1  -3  -1   2  -1  -3  -3  -1  -2  -4  -1  -3   12   8   1   3   1   8  31   3   1   1   8  14   2   1   0   2   2   0   2   0  0.36 0.24
  265 V    -4  -6  -6  -6  -4  -6  -6  -7  -6   7   2  -6   1   0  -6  -5  -4  -5  -4   1    0   0   0   0   0   0   0   0   0  70  17   0   3   3   0   0   0   0   0   6  1.57 0.56
  266 R    -3   7  -3  -4  -3   4  -3  -5  -3  -6  -4   3  -1  -6  -5  -1  -3  -6  -5  -4    1  55   0   0   1  17   0   0   0   0   1  19   2   0   0   3   1   0   0   1  1.41 0.56
  267 M     1   3   1   0  -4   3   1  -2   1  -3  -3   2  -1  -2  -3   0  -1  -4  -2  -3   15  17   6   5   0  16  10   2   4   1   1  11   1   2   0   5   2   0   1   0  0.36 0.23
  268 E     0   4  -2   2  -4   1   3  -3   1  -4  -3   0  -3  -2  -3   0   0  -4  -3  -2   10  25   0  14   0   6  20   0   3   0   2   3   0   1   0   6   6   0   0   2  0.48 0.27
  269 I    -4  -6  -6  -6  -4  -5  -6  -6  -6   7  -1  -5   1  -3  -5  -5  -3  -5  -4   4    0   0   0   0   0   0   0   0   0  68   2   0   3   0   0   0   0   0   0  24  1.63 0.57
  270 K    -1   2  -2  -3  -4  -1   1  -4   0  -3   1   2   0   3  -4  -2  -2   5   2  -3    4  14   1   0   0   2   9   0   2   0  17  16   2  13   0   2   1  10   8   0  0.41 0.26
  271 D     0   2   3   1  -4   3   3  -3   0  -4  -3   1  -3  -5  -3   0  -1  -5  -4  -3   10  11  14   7   0  12  25   0   2   0   2   7   0   0   0   7   2   0   0   1  0.48 0.27
  272 Q    -2   1  -1  -1  -5   3   5  -2  -1  -2  -3   2  -4  -5  -4  -2  -2  -1  -4  -2    2   7   2   1   0  13  46   3   1   2   3  13   0   0   0   1   2   1   0   3  0.74 0.38
  273 T    -3  -3  -4  -4  -4  -3  -1  -5  -5   0   3  -4   0  -1  -4  -3   5   2  -4   0    0   1   0   0   0   1   5   0   0   4  33   0   1   2   0   0  44   3   0   5  0.84 0.44
  274 K    -3  -1   2  -1  -5   1  -2   5   3  -6  -4   1  -3  -5  -4  -2  -2  -5  -4  -5    0   3   9   3   0   7   2  54   9   0   1   8   1   0   0   2   2   0   0   0  0.97 0.41
  275 C    -4  -5  -6  -6   2  -5  -6  -6  -5   3   5  -5  -1   1  -6  -5  -4  -4   0   1    0   0   0   0   5   0   0   0   0  16  62   0   0   5   0   0   0   0   3   9  1.09 0.44
  276 A    -2  -2  -1  -3  -4  -2  -3  -5  -1  -3  -4  -2  -1  -5   2   0   6  -1  -2  -2    1   2   2   1   0   2   1   0   1   1   1   2   2   0  10   7  65   1   1   2  1.16 0.54
  277 A     4  -5  -4  -5   7  -4  -4  -1  -5   1  -3  -4  -1  -4  -4  -1  -1  -5  -4   3   40   0   0   0  22   0   0   4   0   7   0   0   1   0   0   4   2   0   0  19  0.96 0.44
  278 S    -2   0  -2  -4   0  -4  -4  -1  -4  -6  -6  -4  -5  -6  -4   7   1  -6  -5  -5    0   5   1   0   2   0   0   5   0   0   0   0   0   0   0  82   6   0   0   0  1.62 0.69
  279 V     5  -5  -5  -5   1  -4  -4  -4  -5   3  -3  -4  -3  -2  -4  -3  -2  -5  -4   4   48   0   0   0   3   0   0   0   0  17   0   0   0   1   0   0   1   0   0  30  1.01 0.47
  280 G    -2  -6  -4  -5  -6  -6  -6   7  -6  -7  -7  -5  -6  -7  -6  -4  -5  -6  -7  -7    3   0   0   0   0   0   0  97   0   0   0   0   0   0   0   0   0   0   0   0  2.50 0.77
  281 I    -3  -6  -6  -6   0  -5  -6  -5  -6   6   0  -5   1  -3  -6  -5  -3  -5  -4   4    1   0   0   0   2   0   0   1   0  55   7   0   3   0   0   0   0   0   0  30  1.35 0.51
  282 G     5  -4  -3  -4  -4  -4  -4   3  -4  -5  -5  -4  -4  -5  -4   4  -3  -6  -5  -4   48   0   0   0   0   0   0  18   0   0   0   0   0   0   0  33   0   0   0   0  1.16 0.53
  283 S    -1  -2   0   1  -3  -1  -1  -3   1  -3  -4  -2  -4   0   6   0  -2  -4   4  -3    3   2   4   8   0   3   3   1   3   1   0   2   0   4  39   8   2   0  16   1  0.87 0.39
  284 N    -4  -4   7  -2   1  -2  -4  -1  -1   0  -3  -3  -4  -5  -5   0   2  -6  -5  -2    0   0  61   1   3   1   0   3   1   5   2   0   0   0   0   7  11   0   0   3  1.25 0.53
  285 I    -2   0  -4  -4  -6  -2  -3  -5  -4  -2  -3   7   1   0  -2  -4  -2  -6  -5  -4    3   2   0   0   0   0   0   0   0   2   2  80   3   4   1   0   1   0   0   1  1.61 0.64
  286 L    -2  -4  -2  -5  -4  -1  -5  -2  -2  -1   2  -4   2   6  -5  -3   1  -3   0   1    2   0   2   0   0   3   0   3   1   1  21   0   6  41   0   1   8   0   2  10  0.78 0.37
  287 L    -3  -3  -6  -6  -4  -5  -6  -6  -6   2   5  -5   1   0  -6  -4  -3  -4  -4   1    1   1   0   0   0   0   0   0   0  12  70   0   2   3   0   1   1   0   0   9  1.18 0.47
  288 A     7  -5  -5  -5   0  -4  -4  -3  -5  -5  -5  -4  -5  -6  -4   0  -3  -6  -5  -4   92   0   0   0   2   0   0   0   0   0   0   0   0   0   0   6   0   0   0   0  1.91 0.72
  289 R    -5   2  -4  -4  -7  -1  -3  -5  -4  -7  -6   8  -5  -7  -5  -4  -4  -7  -6  -6    0   8   0   0   0   1   0   0   0   0   0  91   0   0   0   0   0   0   0   0  2.26 0.78
  290 M    -4  -5  -6  -6  -4  -5  -5  -6  -5   6   3  -5   5   0  -5  -3  -3  -5  -4   2    0   0   0   0   0   0   0   0   0  44  25   0  16   3   0   2   1   0   0  10  1.09 0.44
  291 A     6  -5  -5  -5   3  -4  -4  -1  -5  -1  -4  -4  -4  -1  -4  -2  -3  -6  -5  -1   81   0   0   0   5   0   0   4   0   3   0   0   0   3   0   0   0   0   0   3  1.49 0.62
  292 T     0  -4   0  -4   2  -1  -3  -4  -4  -5  -2  -3  -4  -5  -1   6   1  -6  -5  -4    6   0   3   0   5   2   0   0   0   0   4   0   0   0   2  70   7   0   0   0  1.21 0.57
  293 R    -4  -1   1   6  -6  -1   2   1   1  -6  -6  -1  -5  -6  -4  -1  -4   1  -5  -6    0   3   6  54   0   2  12  12   3   0   0   3   0   0   0   4   0   2   0   0  1.13 0.46
  294 K     0   0  -4  -4  -4   1  -1  -4  -1   0   2   1   5   1  -4  -3  -3   4   1  -1    7   6   0   0   0   6   3   0   1   4  25   9  17   5   0   0   0   7   5   3  0.41 0.26
  295 A     2   2   5  -1  -2   1  -1  -2  -1  -5  -5   2  -4  -2  -4  -1  -2  -5  -4  -3   22  11  30   2   1   6   3   1   1   0   0  16   0   2   0   3   1   0   0   1  0.59 0.34
  296 K    -4  -1  -2  -4  -6  -2  -3  -5  -4  -6  -6   8  -2  -6  -4  -4  -2  -6  -5  -6    0   0   1   0   0   0   0   0   0   0   0  93   1   0   0   0   2   0   0   0  2.24 0.78
  297 P    -4  -5  -5  -5  -6  -3  -3  -6  -5  -6  -6   0  -6  -7   8  -4  -3  -7  -6  -6    0   0   0   0   0   1   1   0   0   0   0   7   0   0  87   0   1   0   0   0  2.72 0.82
  298 D    -1  -1   6   4  -5  -3  -2  -3   1  -5  -2  -2  -4   0  -4  -1  -3   3  -3  -5    4   3  40  27   0   0   0   1   4   0   5   2   0   5   0   4   0   5   0   0  0.93 0.42
  299 G    -1  -2  -1  -4  -5  -1  -5   7  -5  -6  -6  -2  -5  -6  -5  -2  -4  -5  -6  -6    4   2   2   0   0   3   0  83   0   0   0   2   0   0   0   1   0   0   0   0  1.81 0.60
  300 Q    -3  -3  -4  -4  -4   5  -2  -5  -3   3   3  -3  -1   1  -4  -4  -3  -4  -1   1    0   0   0   0   0  31   2   0   0  22  25   0   1   6   0   0   0   0   2  10  0.74 0.39
  301 Y    -1  -3  -1  -4   2  -3  -3  -2  -2  -2  -2   0  -1   4  -4   0   3  -2   4   1    3   1   2   0   4   0   0   3   1   0   2   6   1  20   0   6  26   0  15  10  0.50 0.30
  302 H    -1  -2  -4  -2  -1  -1  -1  -5   0   3   0  -3  -2  -2  -4  -1   0  -5  -2   5    4   2   0   2   1   2   4   0   3  15   7   1   0   1   0   4   4   0   1  49  0.59 0.32
  303 L    -2  -5  -5  -6   1  -3  -5  -6  -5   5   3  -5  -1  -2  -5  -4  -2   1  -3   3    2   0   0   0   3   2   0   0   0  39  26   0   0   1   0   0   1   2   0  23  0.92 0.39
  304 K    -1   1  -1   1  -2  -1  -1  -2  -1  -3  -1   0  -2  -1   3   1   3   0  -1  -3    4  10   1  10   0   2   1   3   1   0   7   6   1   3  16  11  21   2   2   0  0.29 0.21
  305 P     0  -3   1  -1  -5  -1   0  -4   0  -3  -5   2  -4  -2   6  -1  -3  -2   1  -3    8   0   6   3   0   2   7   0   3   1   0  12   0   2  45   4   0   0   5   2  0.95 0.41
  306 E     0   0   2   3  -5   0   4   1   0  -5  -5   1  -4  -5  -2   0  -2  -5  -4  -3    7   5   9  19   0   3  29  12   2   0   0   7   0   0   1   4   1   0   0   2  0.52 0.28
  307 E    -1   2   2   2  -1   2   4  -3  -1  -5  -4   1   0  -5  -3   0   0  -5  -4  -4    4  11  11  13   2   9  30   1   1   0   0   7   3   0   0   4   5   0   0   0  0.56 0.30
  308 V     1  -2  -4  -4   0   1   0  -2  -2   3   0  -3   1  -2  -4  -3  -1  -1  -3   4   10   1   0   0   2   7   8   2   1  15   6   0   3   1   0   0   3   1   0  39  0.45 0.28
  309 D     0   0   0   1  -4   2   2  -2   0  -1  -1   1   2  -1   2  -1   0  -4  -3  -2    7   5   4   8   0  11  15   1   2   3   6   9   7   3  13   2   4   0   0   1  0.22 0.16
  310 D     1   0   1   4  -3   0   3  -1   0  -3  -4   1  -3  -5   0   0  -1  -5  -4  -3   16   6   5  22   0   3  21   4   3   1   1   7   0   0   3   4   3   0   0   1  0.40 0.24
  311 F    -2  -3  -5  -5  -5  -4  -3  -5  -4   0   2   1   0   7  -5  -4  -3  -3   0  -1    3   1   0   0   0   0   1   0   0   6  16  11   2  55   0   0   1   0   2   2  1.17 0.46
  312 I    -4  -5  -6  -6  -4  -5  -5  -6  -5   4   4  -5   4  -1  -5  -5  -3   0  -3   2    0   0   0   0   0   0   0   0   0  20  48   0  12   2   0   0   0   1   0  15  1.03 0.43
  313 R     2   0   0   1  -4  -1   0  -2   1  -4  -2   2   0  -2  -3   1  -1   6   0  -2   17   6   3   7   0   2   4   1   4   0   2  14   2   1   0  14   2  14   3   2  0.39 0.25
  314 G     0  -1   1   2  -4   1   0  -1  -2  -3  -3   0  -3  -3   4   1   1  -5  -4  -3    8   2   6  12   0   8   6   5   1   1   2   5   0   1  23  10  10   0   0   0  0.41 0.23
  315 Q    -4  -2  -6  -6  -4  -1  -4  -6  -5   1   6  -2   2   0  -6  -5  -4  -5  -4  -1    0   3   0   0   0   3   1   0   0   5  78   3   4   3   0   0   0   0   0   1  1.27 0.52
  316 L    -2  -5  -2   2  -6  -4  -2  -5  -1  -6  -4   0  -5  -7   7   0  -2  -7  -6  -5    2   0   2  14   0   0   2   0   1   0   2   6   0   0  63   6   2   0   0   0  1.70 0.62
  317 V    -3  -6  -6  -6  -4  -5  -6  -6  -6   5   2  -5  -2  -3  -6  -5  -3  -5  -4   5    1   0   0   0   0   0   0   0   0  40  18   0   0   0   0   0   0   0   0  41  1.31 0.51
  318 T     0   2   0   0  -4  -1   3   2  -2  -3  -4   1  -3  -5  -3   1   1  -5  -4  -3    7  14   5   4   0   1  20  16   0   2   0  10   0   0   0  11   9   0   0   1  0.36 0.24
  319 N     0   1  -1   2  -2  -1   3  -4  -3  -2  -3   5  -1  -3  -4  -1  -2  -5  -4  -3    7   7   1  13   1   0  18   0   0   2   1  39   2   1   0   4   2   0   0   1  0.64 0.36
  320 L    -4  -5  -6  -6  -4  -5  -6  -6  -5   5   3  -5   4   3  -5  -5  -3  -4  -3   2    0   0   0   0   0   0   0   0   0  35  29   0  10  13   0   0   0   0   0  13  1.02 0.42
  321 P    -4   0  -3  -5  -6  -4  -3  -2   4  -6  -4  -3  -5   1   6  -1  -4   7   1  -5    0   5   1   0   0   0   1   3  12   0   1   1   0   6  44   4   0  18   4   0  1.50 0.58
  322 G    -3  -5  -4  -5  -6  -3  -5   7  -5  -6  -6  -5  -1  -3  -5  -2  -3  -5  -1  -6    0   0   0   0   0   1   0  88   0   0   0   0   2   1   0   2   2   0   2   0  2.06 0.69
  323 V    -4  -6  -6  -6  -4  -6  -6  -7  -6   5   0  -6  -2  -4  -6  -5  -3  -6  -4   6    0   0   0   0   0   0   0   0   0  30   7   0   0   0   0   0   0   0   0  63  1.58 0.60
  324 G    -4  -6  -4  -5  -6  -6  -6   8  -6  -8  -8  -5  -7  -7  -6  -4  -6  -6  -7  -7    0   0   0   0   0   0   0 100   0   0   0   0   0   0   0   0   0   0   0   0  2.67 0.84
  325 H    -2   2  -1  -1  -5  -1   1   0   2  -5  -5   5  -4  -5   3  -1  -3  -5  -2  -5    1  12   2   3   0   1   7   8   4   0   0  39   0   0  16   4   1   0   1   0  0.73 0.37
  326 S     2   2  -4  -4  -4  -1  -3  -4  -4   1  -3   3  -3  -4  -4  -1  -3  -5  -4   4   17  10   0   0   0   2   0   0   0   5   0  23   0   0   0   5   0   0   0  38  0.66 0.39
  327 M    -1  -4  -3  -4   0  -1  -4  -4   0  -1   0  -1   3   0  -4   1   6  -5  -4  -3    4   0   0   0   2   2   0   1   2   4   9   3   9   4   0   8  53   0   0   0  0.84 0.46
  328 E     3  -1  -2  -2  -3   0   3   0  -3  -2  -1   1  -3  -2  -3   1  -1  -4  -2   0   31   3   1   1   0   3  20   7   0   2   6   8   0   1   0   8   3   0   1   5  0.31 0.24
  329 S     1   1  -1   2  -5   2   4  -2   0  -5  -5   3  -4  -5  -2   0  -1  -5  -3  -4   12   5   1   9   0  10  29   2   2   0   0  19   0   0   1   6   2   0   1   0  0.56 0.31
  330 K    -2   3   0  -2  -3   1   0  -4   1  -1  -3   5  -1  -5  -4  -2  -1  -5  -2  -2    2  18   4   1   1   5   4   0   4   4   2  45   2   0   0   2   4   0   1   3  0.73 0.38
  331 L    -3  -5  -7  -7  -5  -5  -6  -7  -6   0   6  -6   3  -1  -6  -6  -4  -5  -2  -1    1   0   0   0   0   0   0   0   0   4  83   0   8   2   0   0   0   0   1   2  1.58 0.60
  332 A     0   2   3  -1  -4   1   2  -2   4  -2  -3   2  -1   0  -2  -1  -2  -4   0  -3   10  10  14   1   0   7  13   2  13   2   2  15   1   4   2   1   2   0   3   1  0.34 0.23
  333 S     2   2   1   1  -4   1   2  -2  -2  -3  -2   1  -3  -4  -3   2   0  -4  -3  -2   19  13   6   6   0   5  14   2   0   1   3  10   0   0   0  14   5   0   0   2  0.32 0.22
  334 L     0  -1   0  -1  -4  -2  -3  -5   1   1   4  -3   5  -2  -5  -4  -3  -4  -2  -1    8   3   5   4   0   2   1   0   3   8  46   1  17   0   0   0   0   0   1   1  0.64 0.36
  335 G    -2  -5   2  -1  -6  -3  -3   7   0  -7  -7  -2  -6  -6  -5  -1  -4  -6  -6  -6    2   0   8   3   0   1   2  77   2   0   0   2   0   0   0   3   0   0   0   0  1.68 0.61
  336 I    -4  -6  -6  -6  -4  -5  -6  -6  -5   6   2  -5   0   2  -3  -5  -3  -4   0   2    1   0   0   0   0   0   0   0   0  57  18   0   1   9   1   0   1   0   3  10  1.19 0.48
  337 K    -3   2   2   0  -4   1   1  -4   3  -1  -2   2  -2   2  -3  -1  -1  -3   2  -1    0   9  11   4   0   6  11   0   8   4   1  15   1   9   0   2   4   0   9   4  0.29 0.21
  338 T    -3  -1   0  -3  -4  -3  -4  -5  -1  -4  -3   1  -2  -5  -4   0   7  -5   0  -3    1   3   3   1   0   1   0   0   2   0   2  10   1   0   0   5  68   0   4   1  1.30 0.60
  339 C    -1  -5  -5  -6   7  -5  -5   1  -5   4   0  -5   0  -4  -5  -4  -3  -5  -4   3    3   0   0   0  23   0   0  13   0  27   9   0   2   0   0   0   0   0   0  23  0.95 0.42
  340 G     1   1  -1  -3  -4   1   1   4  -1  -3  -1   1  -3  -4  -2  -1  -2  -4  -2  -3   11   8   3   0   0   5  10  39   1   1   6   8   0   0   1   2   2   0   2   1  0.47 0.27
  341 D    -2  -3  -2   7  -7   3   2  -4  -4  -6  -7  -3  -6  -7  -5  -2  -4  -7  -6  -6    3   1   0  66   0  13  14   1   0   0   0   1   0   0   0   2   0   0   0   0  1.67 0.64
  342 L    -3  -5  -6  -6  -4  -5  -5  -6  -6   3   5  -5   2  -1  -5  -5  -1  -5  -4   3    1   0   0   0   0   0   0   0   0  14  61   0   3   1   0   0   3   0   0  17  1.11 0.46
  343 Q     3   3  -3  -4  -4   4  -2  -4  -3  -1   1   0  -2  -1  -4  -2  -2   2   1  -2   31  15   0   0   0  19   0   0   0   4  13   4   0   2   0   1   2   3   4   1  0.47 0.34
  344 Y     1   2   2   0  -1   2   1  -2   0  -3  -3   2  -2  -2  -1   0   0  -4  -2  -1   15  10  11   4   1  13   6   2   2   0   1  15   0   1   2   5   6   0   1   5  0.24 0.19
  345 M     1   0  -3  -2   2   0  -2  -2  -1   0   1   1   1   2  -3   0   0   2   2  -1   14   5   0   2   6   4   0   2   1   4  12  10   5  10   0   5   5   3  10   3  0.14 0.14
  346 T    -2  -2   2   3  -4  -2   1   0   0  -5  -5  -1  -4  -5   3   3   1  -5  -4  -4    1   1  11  21   0   0   9   6   2   0   0   2   0   0  16  22   8   0   0   0  0.60 0.33
  347 M    -1   1   0   0  -3   0   2  -3  -2   0   1   1   0  -1   1  -1  -1  -3  -1   0    4   7   4   4   0   3  18   0   0   4  17   8   3   3   9   3   3   0   2   9  0.13 0.13
  348 A     1   0   0   2  -3   0   1   0   0  -1  -2   0  -1  -1  -2   1   0   0   0   0   17   6   4  13   0   3   8   6   3   4   3   6   1   4   1   8   4   2   3   6  0.08 0.08
  349 K     0  -1  -1   1  -3   2   3  -3  -2   0   0   0   0   2  -1  -1   0   1  -1  -1    7   2   1   7   0   9  22   0   0   5   9   7   2   9   2   4   6   2   2   4  0.16 0.16
  350 L    -3  -5  -6  -7  -5  -5  -6  -7  -6   2   6  -2   0  -2  -6  -6  -4  -5  -4  -1    1   0   0   0   0   0   0   0   0   8  85   3   1   0   0   0   0   0   0   1  1.57 0.60
  351 Q     0   1  -2  -2   0   2   1  -3  -1   2   0   2   1  -1  -3  -1  -1  -3  -1   1   10   6   1   1   2  12   7   0   2  16   8  14   4   1   0   4   1   0   2   9  0.16 0.16
  352 K     1   2   0   0  -4   1   2  -1   0  -2  -3   3  -3  -4  -3   1  -2  -4  -2  -3   10  12   4   5   0   6  15   3   2   2   2  26   0   0   0  11   1   0   1   1  0.38 0.24
  353 E    -1   3  -1  -2  -4   1   1  -4   4   1   1   2   0  -1  -3  -1  -1  -2  -2  -1    3  15   2   1   0   5  11   0  13  10  13  13   2   2   0   3   3   1   0   2  0.26 0.20
  354 F    -4  -6  -6  -7  -5  -6  -6  -6  -5   0   2  -6  -2   7  -6  -5  -3   1   1   1    1   0   0   0   0   0   0   0   0   4  23   0   0  56   0   0   1   2   4   9  1.47 0.55
  355 G    -3  -5  -1  -2  -5  -5  -5   7  -5  -6  -2  -5  -5  -2  -5  -1  -2  -6  -6  -6    0   0   3   2   0   0   0  83   0   0   4   0   0   2   0   4   2   0   0   0  1.80 0.63
  356 P     0   0   0   0  -2   0   1   0   0   1  -1   0  -1  -1   1   0   0  -2  -1   1    6   3   4   4   1   4  14   7   2  10   6   8   1   1   8   5   3   1   1  13  0.06 0.04
  357 K     1   2   0  -2  -3  -1  -1  -2  -2  -3  -2   4  -3  -4  -2   2   1  -4  -3  -3   12  11   5   1   0   1   2   2   0   1   3  33   0   1   1  19   7   0   0   1  0.47 0.26
  358 T    -1   1   1  -3  -3  -1  -2  -2   0  -1  -1   0   2   3  -3   1   1   3   1   0    5   7   8   0   0   1   1   1   3   3   5   5   7  18   0  11   8   4   5   5  0.18 0.16
  359 G     2  -3  -3  -4  -4  -2  -4   6  -4  -5  -5  -4  -4  -2  -4  -2  -1   3  -1  -3   15   2   0   0   0   2   0  64   0   0   0   0   0   1   0   1   3   4   3   2  1.22 0.47
  360 Q     0   1   0  -1  -3   2   2  -2   2  -2  -1   0  -1   0   1   0   0  -1   1  -1    8   6   5   2   0  12  15   1   6   1   7   4   2   5   6   5   5   1   5   4  0.14 0.12
  361 M    -1   2   0  -1  -3   0   0  -2   0  -1  -2   0   1   0  -3   1  -1   3   2   1    2  16   6   4   0   3   4   2   2   3   2   7   5   4   0  11   1   5  10  12  0.17 0.16
  362 L    -4  -5  -6  -6  -4  -5  -6  -6  -5   2   6  -5  -1   2  -6  -5  -4  -4  -1  -1    0   0   0   0   0   0   0   0   0  11  76   0   0   7   0   0   0   0   2   3  1.39 0.54
  363 Y    -2  -2  -4  -5  -4  -1  -1  -5   3   1   0  -1  -3   1  -5  -3  -4   7   6   0    2   1   0   0   0   2   4   0   8   8   9   4   0   5   0   2   0  16  30   5  0.91 0.40
  364 R     0   3   3   1  -1   2   2  -1   1  -4  -2   1  -2  -4  -3   0  -2  -2  -1  -3    8  19  15   8   2  10  11   3   3   0   4   7   1   0   0   6   1   0   2   0  0.32 0.21
  365 F     0   2  -2  -1   0  -1  -2  -2   0   0   2   1   1   1  -3  -1   0  -3   0   0   11  13   1   3   2   2   0   1   3   5  23   8   4   8   0   2   8   0   3   4  0.13 0.14
  366 C     5  -4  -4  -5   4  -4  -4  -2  -5  -2  -2  -4  -4  -5  -4   2  -3  -5  -2   1   59   0   0   0   8   0   0   1   0   1   4   0   0   0   0  18   0   0   1   8  1.00 0.50
  367 R    -3   6   2  -4  -5   1  -2  -5   4  -4   0   0  -2  -2  -5  -2  -3   0  -2  -4    2  45   9   0   0   7   1   0  13   0  12   5   1   1   0   2   1   2   1   0  0.89 0.43
  368 G    -2  -5   0  -3  -6  -5  -1   7  -5  -7  -7  -5  -6  -6  -5  -3  -5  -6  -6  -6    2   0   5   1   0   0   4  86   0   0   0   0   0   0   0   0   0   0   0   0  2.01 0.68
  369 L    -2   0  -4  -4  -4  -1   0  -4  -1   5   2  -1   0   0  -4  -2  -1  -4  -2   0    2   6   0   0   0   2   8   1   2  47  17   4   1   3   0   2   3   0   1   3  0.57 0.32
  370 D    -3  -1   0   7  -6  -3   0  -1   2  -5  -4  -3  -5  -3  -2  -1  -2   1   2  -5    2   3   3  60   0   0   3   5   4   0   1   0   0   1   2   5   1   2   7   0  1.15 0.49
  371 D    -2  -2   2   2  -4  -1   2   1   3  -3  -2  -1  -2   0   0   0   0  -3   1  -3    1   1  12  15   0   0  17  10   8   1   3   3   1   4   4   8   6   0   6   1  0.28 0.20
  372 R    -2   6  -1   0  -5  -1   2  -2  -3  -2  -3  -1  -4  -5  -4   2   1  -5  -4  -4    1  44   2   6   0   1  12   3   0   3   2   1   0   0   0  15  10   0   0   0  0.77 0.41
  373 P     0  -2  -2   0  -5   0   2  -2   0  -2  -3   0  -2  -4   6  -1  -3  -5  -4  -3    7   2   2   6   0   4  16   2   2   3   2   6   1   1  43   3   0   0   0   1  0.89 0.39
  374 V    -3  -5  -2  -3   2  -5  -5  -5  -5   2   1  -5  -2  -2  -5  -1  -1  -5  -4   6    0   0   2   1   4   0   0   0   0  11  12   0   0   1   0   4   3   0   0  60  1.01 0.45
  375 R    -1   1   1   1  -2   1   3  -2  -1   0  -2   2  -2  -3  -2   1   1  -4  -3   0    2   6   6   7   1   6  21   1   1   6   4  12   0   1   1  11   7   0   0   7  0.21 0.16
  376 T     0  -2   1  -1  -1   0   0  -2  -3  -2  -2  -2  -1  -2   5   1   1  -4   0   0    9   2   7   3   1   4   8   2   0   1   2   0   2   2  28  10   9   0   3   7  0.41 0.23
  377 E    -2   2   1   3  -4   1   2  -3   2  -3  -1  -1  -2  -3   0   0  -2  -4   0  -1    0  15   5  19   0   6  18   0   7   0   6   1   1   1   4   9   1   0   3   5  0.34 0.23
  378 K    -1   5  -2   1  -4   2   1  -1   1  -3  -3   1  -3  -4  -1  -1  -2  -2  -3  -1    5  39   0   8   0   8   8   5   3   1   2   5   0   0   4   5   1   0   0   6  0.51 0.29
  379 E    -2   0  -2   0  -4   1   4  -1  -3   1  -1   1  -1  -3   1  -1  -2  -4  -3   1    1   6   1   4   0   5  29   4   0  11   7   9   1   0   7   3   0   0   0  12  0.29 0.22
  380 R     1   6  -3  -4  -1   0  -3  -4  -2  -1  -3  -1   1   0   1   0  -2  -4   0  -1   13  46   0   0   1   3   0   0   1   5   1   1   3   5   6   7   1   0   3   5  0.66 0.37
  381 K    -1   1  -3  -4  -6   2  -1  -4   0  -3  -4   7  -4  -6  -4  -2  -4  -6  -3  -3    4   5   0   0   0   7   2   0   2   2   1  72   0   0   0   2   0   0   1   1  1.41 0.58
  382 S    -2  -4  -3  -2  -2   1  -3  -2  -4  -5  -4  -3  -3  -5   0   6   1  -6  -5  -5    1   0   0   2   1   7   0   2   0   0   1   1   1   0   5  73   7   0   0   0  1.31 0.61
  383 V    -2  -3  -5  -5  -4  -4  -5  -5   0   6   0  -5   2   0  -5  -4  -2   1  -1   4    2   1   0   0   0   0   0   0   3  48   6   0   4   4   0   1   1   2   1  26  0.96 0.41
  384 S     0  -4  -3  -4  -4  -4  -4   5  -4  -5  -4  -2  -1  -2  -4   4  -3  -5  -5  -2    4   0   0   0   0   0   0  50   0   0   2   2   2   2   0  34   0   0   0   3  1.10 0.49
  385 A     0   1   0  -1   2   0  -1  -2   2  -1  -3   1  -2  -3  -3   1   0  -4  -3   3    8  10   5   2   4   4   2   2   7   2   0   9   0   0   0  11   5   0   0  27  0.24 0.22
  386 E    -2  -1  -1  -1  -5   0   6  -2  -2  -1  -4  -1  -4  -2  -4   2  -3  -5  -2  -5    2   2   2   2   0   3  58   3   1   4   1   2   0   2   0  17   0   0   1   0  0.97 0.49
  387 I    -1   3   0   0  -3   0   0  -3   1   1  -1   2   0  -3  -3   0   2  -4  -2  -1    2  20   3   5   0   3   6   1   3   9   4  13   3   0   0   6  16   0   0   4  0.24 0.19
  388 N    -2  -5   2  -4  -5  -4  -4  -5  -5  -3  -5  -4  -4  -6  -3   0   7  -6  -5  -4    3   0  10   0   0   0   0   0   0   1   0   0   0   0   1   6  79   0   0   0  1.78 0.72
  389 Y    -3  -5  -6  -6  -5  -5  -5  -4   0  -3   3  -5   0   7  -6  -5  -4   2   4  -3    1   0   0   0   0   0   0   1   2   0  31   0   1  47   0   0   0   3  12   0  1.37 0.53
  390 G     1  -1   0   1  -4  -1   1   2  -3  -4  -2  -1  -3  -1   3   1  -2  -4  -3  -3   15   3   4   7   0   1  11  19   0   0   4   2   0   3  15  14   1   0   0   1  0.34 0.22
  391 I    -2   2  -2   0  -4   2   3  -2   3  -1  -3   2  -2  -3  -2  -1   1  -4  -1  -1    2  12   0   4   0   8  23   2   8   4   0  16   1   1   1   2  10   0   2   4  0.38 0.25
  392 R    -2   1   2   6  -5  -1  -1  -4  -3  -4  -1  -1  -4  -3  -1  -1  -3  -5  -1  -4    4  10   9  55   0   2   1   0   0   1   6   3   0   1   3   3   0   0   3   0  0.99 0.44
  393 F    -3  -4  -1  -4   1  -3  -4  -5  -4   3   3  -2   0   1  -3  -1   1  -3   1   1    0   0   3   0   3   1   0   0   0  23  34   3   1   4   1   5  11   0   5   7  0.44 0.26
  394 T     0   0   2   0  -3   0  -1  -2   2  -2  -1   0  -2  -1   0   1   2   0   2   0    7   6  10   4   0   2   3   1   6   0   6   4   0   1   4  10  17   1   9   6  0.14 0.15
  395 Q    -1   0   2   4  -2  -1  -1  -2   0  -4  -2   0  -3  -2  -3   2   2  -4  -3  -2    5   4  10  29   1   2   2   1   2   0   4   7   0   2   0  16  13   0   0   2  0.43 0.26
  396 P    -1   1   0   0  -3   0   1  -3   0   1   1  -1  -1   0   2  -1  -1   2   1  -1    4   9   4   4   0   4   8   0   3   8  20   2   1   5  12   5   2   3   6   1  0.14 0.14
  397 K     0   1   0   2  -5   0   5  -2  -3  -4  -4   0  -4  -5  -1   0   1  -5  -1  -1    7   7   4  10   0   3  39   2   0   0   0   6   0   0   3   6   8   0   2   5  0.52 0.32
  398 E     0  -1  -2   3  -5   3   4  -4  -3  -3  -2  -1  -4  -2  -4   0  -1  -5  -2  -2    7   2   0  18   0  16  34   0   0   1   4   2   0   2   0   6   3   0   1   4  0.63 0.38
  399 A     0  -5  -3  -2   6  -2  -5  -3  -5   4   2  -4   2  -3  -5  -3  -3  -5  -4   2    8   0   1   3  20   1   0   1   0  25  21   0   6   0   0   1   0   0   0  12  0.74 0.37
  400 E    -1   1   0   0  -3   1   2  -2   1   0   0   1  -1  -1  -3   0  -1   1   1  -1    4   7   4   5   0   8  13   1   5   5  13  11   1   2   0   5   3   2   5   5  0.11 0.12
  401 A     1   1   0   0  -3   3   1   0   0  -2  -1   0  -2  -3   0   0  -1   2  -1   0   15   6   5   6   0  15   8   6   2   2   5   5   0   0   4   8   2   3   2   6  0.14 0.14
  402 F     0  -1  -2  -2  -3  -1   1  -3   1   2   0   2  -1   1  -3  -2  -1   3   0   2    8   2   1   1   0   2  12   1   3  12   6  15   1   6   0   1   2   5   3  19  0.19 0.19
  403 L    -2  -5  -6  -6  -1  -3  -5  -6  -5   3   5  -5   3   0  -5  -5  -3  -2  -4   2    2   0   0   0   1   1   0   0   0  17  57   0   6   3   0   0   1   1   0  11  1.00 0.44
  404 L    -1   0   0   0  -1   0   1  -2  -1  -1   0   1  -1  -1   3  -1   0   1  -1  -1    5   6   5   5   2   3  12   2   1   3  14   9   1   2  13   3   6   2   2   3  0.12 0.10
  405 S    -1   2  -1   0  -2   2   3  -1   0  -3  -2   0  -2  -1  -1   1  -1  -4   1  -2    3  13   2   3   1  12  21   4   2   1   3   5   1   2   3  12   4   0   5   3  0.25 0.20
  406 L    -1  -5  -3  -6  -4  -5  -3  -3  -1   1   5  -5   0   0  -5  -4  -3  -4   0  -1    6   0   1   0   0   0   2   2   2   8  69   0   1   4   0   1   0   0   3   1  1.01 0.47
  407 S     3  -4  -3  -4   4  -3  -4  -3  -1   2   0  -1  -2   0  -4   2  -2  -4   2   0   26   0   0   0  11   0   0   0   2  12   9   3   0   4   0  19   1   0   8   5  0.43 0.31
  408 E     1  -1  -1   2  -4   2   4  -1   0  -4  -2   1  -2  -5   1   0  -1  -5  -4  -3   10   1   2  11   0  12  30   4   2   0   4   8   1   0   8   5   3   0   0   1  0.44 0.28
  409 E    -1   2   0   0  -5   1   4  -3  -2  -3  -1   2  -1  -4  -3   1  -1  -5  -1  -3    3  10   4   5   0   4  35   1   1   2   6  15   1   0   0   9   3   0   2   1  0.48 0.30
  410 I     0  -3  -5  -5  -2  -4  -5  -5  -5   2   4  -4  -1  -3  -5  -3   0  -5  -4   4    6   1   0   0   1   0   0   0   0  11  39   0   0   0   0   2   5   0   0  34  0.80 0.39
  411 Q     2  -2   0   0   3  -1   1   0   1  -2  -1  -1  -1  -1  -3   1   0   3   0  -1   23   0   3   4   7   2   9   6   4   2   6   2   2   2   0  11   5   5   3   4  0.15 0.16
  412 R     0   3   0  -1  -4   1   3  -1   2  -2  -2   0  -2  -2  -2   0   0  -2  -1  -2   10  19   5   2   0   4  23   4   5   2   3   5   1   1   1   5   5   1   2   1  0.27 0.21
  413 R    -1   7  -2  -1  -5   0  -2  -4  -2  -4  -4   2  -1  -2  -5   0  -1  -5  -2  -5    4  58   2   3   0   3   1   1   1   1   1  10   2   1   0   8   4   0   1   0  1.12 0.51
  414 L    -1  -5  -6  -6   0  -5  -5  -6  -5   2   5  -5   3  -2  -6  -4  -3  -4   0   0    5   0   0   0   2   0   0   0   0  10  66   0   7   1   0   1   1   0   3   4  1.08 0.48
  415 E    -1   4   1  -1   0   3   2  -2  -1  -3  -2   2  -2  -1  -3   0  -1  -4  -3  -4    4  22   6   2   2  15  17   3   1   2   3  10   1   3   0   6   4   0   0   0  0.41 0.27
  416 A     0   3   0   0  -4   0   1   0   0  -4  -2   4  -3  -5  -3   0  -2  -5  -4  -4    8  20   4   4   0   4   7   7   2   0   5  31   0   0   1   5   2   0   0   0  0.49 0.29
  417 T     0   1   0   1   0   0   2  -1   3  -1  -1   1  -1  -3  -2   1  -1  -3  -1  -1   10   6   3   9   3   3  15   4   9   4   5   9   1   0   0  11   3   0   1   4  0.14 0.13
  418 G     0   1   3   0  -4   1   1   3   2  -4  -3  -1  -3  -2  -2   0  -2  -1  -3  -2    5   7  15   3   0   7  11  27   5   0   2   3   0   1   1   5   1   1   0   3  0.35 0.21
  419 M    -1   2  -1  -3  -3   2  -1  -2  -2   0   2   2   1   0  -1  -2  -2  -3  -1   1    4  13   3   0   0   9   2   3   0   3  21  18   3   3   3   1   1   0   2  10  0.19 0.17
  420 K     0   1  -1   0  -2   1   0  -1   0   0  -1   1   2   0  -1   0   0  -2   0   0    7   8   0   6   0   6   5   4   2   5   5  13   8   4   2   9   3   0   4   7  0.06 0.08
  421 G     1  -2   0  -3   4  -2  -3   4  -3  -2  -2  -2  -1  -1   1   0   1  -3  -1  -2   14   2   4   1   9   1   1  35   0   2   3   2   1   3   6   4   8   0   3   2  0.43 0.23
  422 K    -2   5   1  -1  -2   2  -2  -2   2  -4  -3   3  -1  -4  -2   0  -1  -4  -1  -3    2  35   5   3   1   9   1   2   5   1   1  21   2   1   1   5   3   0   2   1  0.64 0.31
  423 R    -1   1   0  -3  -3   0  -2   0  -1   0  -3  -1  -2  -3  -3   0   5  -3  -3   0    3   9   4   1   0   4   1   7   1   6   1   2   0   1   1   6  45   0   1   7  0.54 0.31
  424 L    -2  -4  -3  -4  -3  -4  -4  -4  -4   4   1  -4   0   0  -4  -3  -2  -4  -3   5    2   1   2   1   0   1   1   1   0  30  10   1   2   3   1   1   1   0   0  43  0.83 0.35
  425 T     0  -1  -1  -2   0   1  -2  -2  -3   0  -2   0  -2  -1  -2   2   4  -3  -3   1    7   3   3   1   2   7   1   3   0   4   1   6   0   3   1  13  33   0   1  11  0.35 0.24
  426 L    -2  -3  -2  -3  -2  -1  -3  -3  -3   3   3  -3   0  -1  -1  -2  -1  -3  -2   3    1   1   2   1   0   3   1   1   0  21  34   1   0   1   3   2   3   0   1  22  0.49 0.23
  427 K    -2   0   0  -1  -3   1  -1   0  -2  -2  -3   5   0  -3  -2   0   1  -3  -1  -3    1   3   3   3   0   6   3   7   0   3   2  44   2   1   1   8   9   0   2   1  0.51 0.27
  428 I    -1  -3  -3  -3  -1  -3  -3  -3  -3   4   3  -3   1   0  -3  -3  -2  -3  -1   3    3   1   1   1   1   1   1   2   0  28  29   1   2   3   1   2   1   0   2  19  0.48 0.21
  429 M    -1   3  -2  -2  -3  -1  -1  -2  -1   0  -1   4   1  -2  -2  -1  -1  -2   1   0    3  21   1   1   1   2   2   2   1   5   5  29   5   1   1   4   3   0   4   9  0.35 0.18
  430 V     0   0   0  -1   0   0  -1  -1  -1   0   0   0   0   0   0   0   1  -1   0   0    4   6   4   3   3   2   3   5   1   7  10   5   3   6   4  10   8   1   5  10  0.01 0.01
  431 R     0   2   0  -1  -1   0   0  -1   2  -1  -1   1  -1  -1   1   0  -1  -1   1  -1    8  17   3   3   1   3   6   4   5   3   5  12   1   3   6   4   3   1   7   5  0.10 0.05
  432 K     0   1   0   1   0   1   0   0   0  -1  -1   1   0   1  -1   0   0  -1   0  -1    7  11   5   7   3   6   3   5   2   3   5   8   2  10   3   9   3   1   3   4  0.04 0.03
  433 P     0  -1  -1   0  -1   0   0  -1   0   0   0   0   0   1   2   0   0   0   0   0    8   3   2   6   1   7   3   4   2   8  10   5   1  10   9   7   5   1   3   5  0.04 0.02
  434 G     0   0   0   2  -2   0   1   1   1  -2  -1   0  -1  -1  -1   0   0  -1  -1  -1    6   5   5  18   1   5   7  15   4   3   4   5   1   3   3   6   5   1   2   3  0.12 0.05
  435 A     0  -1  -1  -1  -1   0  -1  -1  -1   1   0   1   0   1   0   0   1   0   0   1    9   2   2   3   1   3   4   5   1   9   5  12   1   9   3   3   9   2   2  14  0.03 0.04
  436 P    -1   1   0  -1  -2   1   0  -1   0  -1  -1   2   0   1   3  -1   0  -1   0  -1    4   7   3   3   1   9   5   4   3   3   6  14   2   8  14   3   4   1   3   4  0.14 0.06
  437 V     0   0  -1  -1   0   0  -1  -1  -1   1   1   0   1   1  -1   0   0   0   0   1    6   4   2   3   2   5   4   4   1   9  11   5   3   7   3   8   4   1   4  16  0.02 0.02
  438 E    -1   1   0   0  -2   0   1  -1   0  -1  -1   3  -1  -1  -1   0   0  -2  -1   0    4   9   4   3   1   3  12   4   2   2   4  24   1   3   2   4   6   1   1   9  0.14 0.08
  439 T    -1   0  -1  -1  -1  -1  -1  -1  -1   0  -1   1  -1   1   1   1   2   0   0  -1    3   5   2   4   1   2   3   5   1   5   6  10   1   7   7   9  21   1   3   4  0.10 0.07
  440 A     1  -1   0   0  -1   0   0   0   0   0   0   0  -1  -1   1   1   0   0   0   0   14   2   4   3   1   4   7   6   2   5   8   5   1   3   7  12   4   1   3   7  0.05 0.03
  441 K    -1   1   0   3  -2   0   1  -1  -1  -1  -2   2  -1  -2   2   0   0  -2  -2  -1    3   6   2  18   1   2   6   4   1   3   4  18   1   2   9   7   4   1   1   6  0.18 0.08
  442 F    -1  -1  -2  -2  -2  -1  -1  -2   0  -1  -1  -1  -1   5  -2  -1  -1  -1   3   1    3   4   2   2   1   3   3   3   3   3   4   4   1  33   2   4   3   1   9  10  0.35 0.13
  443 G     1   0   0  -1  -1   1   0   1   1  -1  -1   0   0  -1  -1   1   0  -1  -1  -1   14   4   4   3   1  10   4  10   5   2   7   7   3   2   2   9   4   1   2   5  0.06 0.04
  444 G     0  -1   0   1   0   0   0   1   1   0   0   0   0  -1  -1   0   0  -1   0   0    4   3   4   9   3   6   3  11   5   6  10   7   2   2   3   5   4   1   3   9  0.01 0.01
  445 H    -1   0   0   0  -1   0   0  -1   2  -2  -1   1   1   2   0  -1   0  -1   3  -1    5   5   4   6   1   3   4   4   6   1   3   9   6  12   5   2   8   0  15   2  0.14 0.11
  446 G     0   0   0   0  -2   0   1   1   0  -1  -1   0  -1  -1   0   1   1  -2  -1  -1    9   4   5   4   1   3  12  11   3   5   5   5   1   2   3  13  10   0   1   3  0.09 0.06
  447 I    -2   0   0   4  -2   1   0  -2   0   0  -1  -1  -2  -2   2   0  -1  -3  -2  -1    2   4   4  32   1   6   4   2   2   7   7   3   1   1   9   6   4   0   1   4  0.31 0.15
  448 C    -2  -1  -1  -2   2  -1  -1  -1  -2  -1   1  -2  -1   5  -1  -1  -1   2   2  -1    2   3   2   2   5   2   5   6   1   3  12   2   1  28   3   5   4   2   5   3  0.23 0.14
  449 D    -1   1   0   2  -2   0   1  -1   2  -1  -2   1  -2  -1  -1   1   2  -2   1  -2    2   9   2  14   0   4   9   3   6   5   3   7   0   2   2  10  14   0   6   2  0.16 0.12
  450 N    -1  -1   1   0  -1   1  -1   0  -1   1  -2  -1  -1  -2  -2   1   3   0  -2   1    3   2   7   6   1   6   3   7   1  11   2   2   2   1   1  11  22   1   1  11  0.14 0.13
  451 I    -1  -1   0  -1   0  -1  -1  -2  -1   2   1  -1   0   2  -2  -2  -1   2   1   1    5   4   7   3   2   2   4   2   1  16  18   2   0  11   1   1   2   3   4  11  0.12 0.10
  452 A    -1  -1   0  -2  -3   1  -2  -2   2  -3  -2  -2  -2  -1   0   3   5  -3  -2  -2    5   3   3   1   0   6   2   2   6   1   4   1   0   3   4  22  37   0   1   1  0.50 0.31
  453 R    -1   6  -3  -3  -5   0  -2  -4   1  -4  -3   4   0  -4  -2  -2  -3  -4  -4  -3    6  50   0   1   0   3   1   1   3   0   2  25   2   0   2   2   1   0   0   2  1.08 0.46
  454 T     0   1   0  -3   0   4  -1  -1  -1  -3  -1  -2  -3  -4  -3   4   0  -4  -4  -2    8   8   4   0   2  22   1   4   1   1   6   0   0   0   0  35   4   0   0   2  0.51 0.35
  455 V     0   2  -1  -1  -1   0   0  -2  -1   0   0   2   0  -1  -2   0   1  -3   0   1    5  14   1   4   1   3   4   2   0   4   8  16   3   2   0   7  10   0   5  11  0.10 0.11
  456 T    -1   1  -2  -1  -4   0  -1  -2   0  -3  -2   2  -2  -4  -3   1   5  -4  -4  -2    3   6   0   2   0   4   4   3   3   0   3  12   1   0   0  11  46   0   0   1  0.65 0.39
  457 L    -2  -4  -4  -4  -3  -2  -3  -3  -4   2   5  -4   2   1  -1  -3  -2  -3  -1   1    2   0   0   0   0   2   1   2   0  10  55   0   4   7   4   1   1   0   2   9  0.67 0.32
  458 D     0   0   0   2  -3   0   2   0  -2  -3  -2   1  -2  -3   3   1   0  -4  -2  -2    6   4   5  11   0   3  16   7   0   0   4   9   1   1  13   8   7   0   1   3  0.24 0.15
  459 Q     0   1   1   0  -3   1   1  -1   2  -1  -1   1   0  -1  -2   0   0  -2   1   0    8   8   6   5   0   8   8   3   8   5   3   9   2   3   0   5   6   0   6   6  0.10 0.09
  460 A     1  -2  -1  -3  -3  -2  -2  -1   0  -2  -3  -1  -1   1   5  -1  -2   0   3  -1   16   2   2   0   0   2   2   4   2   2   2   2   1   6  33   4   2   2  12   5  0.59 0.30
  461 T    -1  -2  -2  -3  -2   0  -2  -3  -2   2   0  -2  -1  -2  -2   0   5  -4  -1   2    4   1   1   0   1   4   1   1   1  14   6   1   1   1   2   6  39   0   2  14  0.50 0.32
  462 D    -1   1   3   3  -1   2   0  -2  -1  -3  -2   0  -2  -2  -1   2   0   0  -2  -3    5   6  14  21   1   9   5   2   1   0   3   4   1   2   2  15   4   1   1   1  0.30 0.20
  463 N    -1  -1   1   3  -1   0   1  -1  -2  -1  -1   0  -1  -1  -3   2   0  -4  -2  -2    4   3   6  22   1   3   8   5   0   4   7   4   2   3   0  23   4   0   1   1  0.26 0.21
  464 A     1  -1  -1   0  -1  -1   0  -2  -1  -1   0   0   0   1   1   0   1  -1   1   0   15   2   3   4   1   1   6   2   1   2  11   8   2   7   6   5  12   1   7   5  0.07 0.09
  465 K     0   2  -1   3  -4   2   2  -1   0  -3  -3   1   0  -1  -2   0   0  -4  -1  -3    6  13   1  17   0  12  15   5   2   1   2   7   3   2   1   7   4   0   2   1  0.28 0.20
  466 I    -1   0  -1   4  -3   1   2  -2  -2   0  -1  -1  -1  -1  -2  -1   1  -4  -3   0    5   6   2  24   0   8  14   1   0   7   6   2   1   3   1   2  10   0   0   8  0.26 0.20
  467 I    -2  -4  -4  -3  -3  -4  -4  -5  -4   6   3  -4   0   0  -4  -4  -3  -4  -1   1    2   1   1   2   0   0   0   1   0  49  29   0   1   3   0   1   0   0   2   6  0.94 0.41
  468 G     0  -1  -2  -1  -3  -1   0  -1  -2   0   1  -1   1   2  -3  -1  -1   1   3  -1    7   3   1   3   0   3   8   4   0   7  19   2   3  12   0   5   3   2  14   3  0.15 0.14
  469 K     0   1   0  -1  -3   3   2  -3   0  -2  -1   2  -2  -1  -1   0   0  -4  -3  -1    9   9   5   2   0  14  17   0   1   1   5  13   0   4   2   7   5   0   0   3  0.24 0.19
  470 A     2  -1  -2  -2   1  -1   0  -2   0   1   0  -1  -1  -1  -2   0   1  -3   1   1   24   4   1   0   3   2   6   2   3  12   6   2   0   2   1   6  10   0   5  11  0.13 0.14
  471 M     4  -2  -3  -3   0  -1  -2  -1  -3   0  -1  -3   1   0  -3   0   0  -4  -2   0   47   2   0   1   2   3   2   4   0   4   6   0   4   4   0   6   5   0   1   8  0.43 0.30
  472 L    -1   2  -1  -1  -3   1   1  -2   0   0   1   2   1  -1  -1  -1   0  -1   0  -1    5  12   1   2   0   6   8   2   2   3  20  14   4   2   2   4   6   1   4   4  0.11 0.12
  473 N     0   2   1   1  -3   1   2  -2   1  -3   0   2   0  -3  -1   0  -1  -4  -3  -2    6  11   7   6   0   8  16   2   3   0  14  12   2   0   2   7   2   0   0   1  0.20 0.16
  474 M    -2  -4  -4  -5  -1  -4  -2  -5  -4   2   5  -4   3  -1  -4  -2  -2  -4  -3  -1    3   0   0   0   1   0   3   1   0   9  66   1   6   1   0   3   2   0   0   2  0.95 0.42
  475 F    -1  -2  -1  -4  -3   0  -3  -4  -3   0   3  -2   1   4  -4  -3  -2   3   2  -1    6   2   3   0   0   5   1   1   0   3  35   2   2  22   0   1   2   4   7   2  0.49 0.28
  476 H     0   3   2   1  -3   2   2  -2   2  -3  -2   2  -2  -3  -2  -1  -1  -3  -2  -3    7  17  11   9   0  10  12   2   5   1   5  12   0   1   1   4   2   0   1   1  0.30 0.19
  477 T     0   1   0   0  -3   2   3  -1  -1   0  -2   2  -1  -2   0   0   1  -3  -1  -1    6   7   3   3   0   9  20   3   1   9   4  13   1   1   4   5   8   0   2   2  0.18 0.15
  478 M     0  -2  -2  -3  -1  -1  -1  -3   0   1   2  -2   2   3  -1  -1  -1   2   0   1    7   2   2   1   1   3   3   1   3  10  21   2   6  14   3   4   2   3   1  10  0.15 0.12
  479 K    -1   2  -1   0  -1   0   2  -1   1  -3  -1   1  -1   0  -2   0  -2   5   2  -2    4  13   3   6   1   2  17   5   4   1   7   8   1   4   1   5   1   9   7   2  0.23 0.16
  480 L    -1   1   0   0  -1   1   1  -2  -1  -1   0   0   0  -1   1   0   0   4  -1  -1    3   9   5   4   1   9  11   1   1   2  11   6   2   3   7   8   5   6   2   5  0.13 0.11
  481 N    -1   0   2   3  -4   0   1   1   0  -3  -4   1  -1  -3   1  -1  -1  -1  -3  -3    3   5  13  22   0   4   8  12   2   1   1  10   2   1   7   3   3   1   0   2  0.34 0.21
  482 I    -1   1   0   0  -3   0   1   3  -1  -1  -2   0  -2  -3   1   0  -2   0  -2   0    2   9   4   4   0   3   9  29   1   4   3   6   0   0   7   6   1   1   1   7  0.25 0.17
  483 S    -2   5  -1   0  -5   0   0  -1   1  -3  -2   3   1  -3  -3   0   0  -4  -2  -3    3  34   2   4   0   2   6   5   4   1   3  18   4   0   1   6   5   0   2   1  0.49 0.30
  484 D    -1   0   1   0  -4  -2   1   2  -3  -5  -3   0  -4  -5   5  -1   1  -5  -1  -4    5   4   6   4   0   1   8  18   0   0   2   6   0   0  30   4   8   0   3   0  0.60 0.32
  485 M    -3  -6  -6  -6  -4  -5  -6  -6  -5   5   0  -5   1   1  -6  -5  -3   1   2   5    1   0   0   0   0   0   0   0   0  36   5   0   3   5   0   0   0   2   6  42  1.18 0.51
  486 R    -4   8  -5  -6  -8  -1  -4  -6  -4  -7  -6  -1  -6  -7  -6  -2  -5  -7  -6  -7    1  93   0   0   0   2   0   0   0   0   0   2   0   0   0   3   0   0   0   0  2.62 0.93
  487 G    -2   1  -3  -6  -5  -4  -5  -1  -5  -1   6  -1  -1  -3  -6  -4  -4  -5  -4  -3    3  10   2   0   0   0   0   5   0   2  74   4   1   0   0   1   0   0   0   0  1.15 0.55
  488 V    -2  -5  -6  -6  -4  -5  -5  -6  -5   4   4  -5   0  -3  -5  -4  -2  -5  -4   3    3   0   0   0   0   0   0   0   0  23  46   0   2   0   0   0   2   0   0  23  1.01 0.44
  489 G    -2  -6  -4  -5  -6  -5  -5   7  -2  -7  -7  -5  -6  -7  -6  -1  -5  -6  -6  -7    3   0   0   0   0   0   0  92   1   0   0   0   0   0   0   5   0   0   0   0  2.23 0.70
  490 I    -3  -5  -6  -6  -1  -5  -6  -6  -6   4   2  -5  -1  -3  -5  -5  -3  -5  -4   6    1   0   0   0   1   0   0   0   0  20  19   0   1   0   0   0   0   0   0  58  1.26 0.49
  491 H    -2   3   0  -3  -2   1  -2   2   2  -4  -4  -1   2  -4  -4   3   2  -4  -2  -4    0  17   3   0   1   7   0  18   6   0   0   2   6   0   0  24  16   0   1   0  0.49 0.32
  492 V    -1  -5  -5  -6  -3  -5  -5  -3  -5   1   3  -5   1   3  -5  -4  -3  -4  -2   5    4   0   0   0   0   0   0   2   0   6  32   0   3  12   0   0   0   0   1  41  0.83 0.37
  493 N     0  -3   2  -1  -3   0  -2   1   0  -4  -3  -3  -2  -1  -3   4   3  -4  -1  -3    4   0   8   2   0   3   0  11   2   0   1   0   1   3   0  43  18   0   2   0  0.59 0.34
  494 Q    -2  -1   3   3  -4   2   0   2   1  -4  -2   2  -1  -4  -2   0  -1  -5  -3  -4    1   1  17  18   0   8   4  20   4   0   5  13   2   0   1   4   2   0   0   0  0.41 0.23
  495 L    -4  -5  -5  -6  -4  -5  -5  -6  -5   2   5  -5   0   5  -4  -5  -4  -3  -2  -1    0   0   0   0   0   0   0   0   0  12  61   0   1  23   1   0   0   0   0   1  1.13 0.42
  496 V    -1  -1  -1   0  -3  -1   0  -3  -1   2  -2   0  -1  -3  -3   2   1  -4  -1   3    1   2   1   6   0   1   8   0   2  13   0   8   0   0   0  17  11   0   2  28  0.24 0.19
  497 P    -2  -2  -2   3  -5  -1   3  -3  -3  -3  -4   2  -4  -5   5   0  -1  -5  -2  -4    1   0   0  16   0   1  20   0   0   2   0  16   0   0  32   7   2   0   1   0  0.82 0.30
  498 T     1  -1   0   2  -3   0   1  -2  -2  -1  -3   1  -2  -3   0   2   1  -4  -1   1   10   2   4  11   0   1   9   0   0   4   0  12   0   0   5  23   7   0   2  11  0.21 0.14
  499 N    -1   0   3   4  -4  -1   1   2  -2  -4  -4   1  -3  -4  -3   0   0  -5  -4  -3    2   4  19  28   0   0   8  17   0   0   0  10   0   0   0   6   4   0   0   1  0.52 0.20
  500 L     0   0  -1   0  -2   0   0  -2  -2   1   1  -1  -1  -2   1   2   1  -3  -2   1    5   5   0   4   0   3   8   0   0   7  17   0   0   0   6  24   8   0   0  13  0.13 0.10
  501 N    -1   3   4   4  -4   0   1  -2  -1  -4  -4   0  -3  -4  -1  -1  -2  -5  -3  -4    3  18  25  36   0   3   7   0   0   0   0   5   0   0   3   0   0   0   0   0  0.65 0.18
  502 P     0  -3  -3  -3  -3  -2  -2  -3  -3   0   1  -2  -1  -3   7  -2  -2  -4  -3  -1    7   0   0   0   0   0   0   0   0   8  17   0   0   0  68   0   0   0   0   0  1.31 0.12
  503 S     1  -1   2   0  -1   0  -1  -1  -1  -3  -3  -1  -2  -3  -1   4   1  -3  -2  -2   11   0  11   0   0   0   0   0   0   0   0   0   0   0   0  78   0   0   0   0  0.49 0.06
  504 T     0  -1   0  -1  -1  -1  -1  -2  -2  -1  -1  -1  -1  -2  -1   1   5  -3  -2   0    0   0   0   0   0   0   0   0   0   0   0   0   0   0   0   0 100   0   0   0  0.46 0.00

                      K         Lambda
Standard Ungapped    0.1325     0.3176
Standard Gapped      0.0413     0.2670
PSI Ungapped         0.1350     0.3176
PSI Gapped           0.0413     0.2670
