
Last position-specific scoring matrix computed, weighted observed percentages rounded down, information per position, and relative weight of gapless real matches to pseudocounts
            A   R   N   D   C   Q   E   G   H   I   L   K   M   F   P   S   T   W   Y   V   A   R   N   D   C   Q   E   G   H   I   L   K   M   F   P   S   T   W   Y   V
    1 G     0  -3  -1  -2  -3  -2  -3   6  -2  -4  -4  -2  -3  -4  -3  -1  -2  -3  -4  -4    0   0   0   0   0   0   0 100   0   0   0   0   0   0   0   0   0   0   0   0  1.24 0.08
    2 M    -1  -2  -2  -2  -3  -2  -2  -3  -3  -3  -3   1  -1  -4   7   0  -2  -4  -3  -3    0   0   0   0   0   0   0   0   0   0   0  12   3   0  80   6   0   0   0   0  1.72 0.15
    3 Y    -2  -2  -2  -2  -3   1   2  -3   3  -3  -2  -1  -2   2  -1  -2  -2   0   6  -2    0   0   0   0   0   8  16   0  10   0   0   0   0   4   3   0   0   0  59   0  0.75 0.13
    4 V    -2  -2  -3  -3  -2  -2   1  -4  -3   1   4  -2   1  -1  -3  -2  -1  -3  -2   2    0   0   0   0   0   0  15   0   0   5  62   0   0   0   0   0   0   0   0  18  0.39 0.10
    5 E    -1   3   0  -1  -3   1   2  -3  -1   0   0   2  -1  -2  -2  -1  -1  -3  -2   0    0  21   4   0   0   4  19   0   0   3  15  18   0   0   0   4   0   0   0  12  0.20 0.05
    6 I    -2   2  -3  -4  -2  -3  -3  -4  -3   6   0  -2   0  -1  -4  -3  -2  -3  -2   1    0  15   0   0   0   0   0   0   0  85   0   0   0   0   0   0   0   0   0   0  0.69 0.16
    7 I    -1  -3  -2  -2  -2  -2   0  -3  -3   3   1  -2   0   0  -3  -1   2  -3  -2   3    0   0   0   0   0   0  11   0   0  39   3   0   0   3   0   0  18   0   0  26  0.29 0.08
    8 E    -2  -1  -1   0  -4   1   6  -3  -1  -2  -2   0  -2  -3  -2  -1  -1  -4  -3   1    0   0   0   0   0   0  79   0   0   0   0   0   0   0   0   0   0   0   0  21  0.80 0.16
    9 Q    -2   0  -1  -1  -4   6   2  -3  -1  -2  -2   0  -1  -4  -2  -1  -1  -3  -2   1    0   0   0   0   0  79   6   0   0   0   0   0   0   0   0   0   0   0   0  15  0.89 0.19
   10 P    -2  -2  -3  -2  -4   2  -1  -3  -3  -4  -4  -2  -3  -5   8  -2  -2  -4  -4  -3    0   0   0   0   0  15   0   0   0   0   0   0   0   0  85   0   0   0   0   0  2.00 0.20
   11 K     0   2  -1  -1  -3   0   1  -2  -1  -2  -2   4  -2  -3   3  -1   0  -3  -2  -1    5  15   0   0   0   0  10   0   0   0   0  42   0   0  15   0   6   0   0   7  0.43 0.09
   12 Q     0   0  -1  -1  -3   4   1   0  -1  -3  -3   2  -1  -3  -2   1   1  -3  -2  -2    7   0   0   0   0  43   7   5   0   0   0  18   0   0   0   6  14   0   0   0  0.44 0.10
   13 R    -1   4   1  -1  -3   2   0  -2   3  -3  -3   2  -2  -3   0   1   0  -3  -2  -3    0  43   6   0   0  10   0   0  11   0   0  12   0   0   4  11   3   0   0   0  0.48 0.09
   14 G     0  -1  -1  -1  -2  -1  -1   4   3  -1  -2  -1  -1  -2  -1  -1  -1  -2  -1  -1    7   1   1   1   1   1   2  48  16   8   3   2   1   1   1   2   2   0   1   2  0.39 0.05
   15 M    -2  -2  -2  -3  -3  -1  -2  -3   6   0   0  -2   5   3  -3  -2  -2  -2   1  -1    0   0   0   0   0   0   0   0  36   6   5   0  32  21   0   0   0   0   0   0  0.62 0.14
   16 R    -2   7  -1  -3  -5   0  -1  -3  -1  -4  -3   1  -2  -4  -3  -2  -2  -4  -3  -4    0 100   0   0   0   0   0   0   0   0   0   0   0   0   0   0   0   0   0   0  1.39 0.21
   17 F     3  -3  -3  -4  -2  -3  -3  -2  -2  -1  -1  -3  -1   6  -3  -1  -2  -1   1  -1   36   0   0   0   0   0   0   0   0   0   0   0   0  64   0   0   0   0   0   0  0.76 0.15
   18 R    -2   6  -1  -2  -4   0  -1  -3   5  -4  -3   1  -2  -3  -3  -2  -2  -4  -1  -4    0  74   0   0   0   0   0   0  26   0   0   0   0   0   0   0   0   0   0   0  1.08 0.18
   19 Y    -3  -3  -3  -4  -4  -3  -3  -4   1  -3  -2  -3  -2   2  -4  -3  -3   1   8  -2    0   0   0   0   0   0   0   0   0   0   0   0   0   0   0   0   0   0 100   0  1.76 0.24
   20 K    -1   0  -1   0  -3   1   4  -1  -1  -2   0   3  -1  -3  -2  -1  -1  -3  -2   0    0   0   0   0   0   4  40   3   0   0  10  32   0   0   0   0   0   0   0  11  0.36 0.09
   21 C    -1  -3  -2  -3   8  -3  -3  -3  -3  -2  -2  -3  -2  -3  -3   1   4  -3  -3  -1    0   0   0   0  57   0   0   0   0   0   0   0   0   0   0   7  36   0   0   0  1.14 0.18
   22 E    -2  -1  -1   1  -5   1   6  -3  -1  -4  -4   0  -3  -4  -2  -1  -2  -4  -3  -4    0   0   0   0   0   0 100   0   0   0   0   0   0   0   0   0   0   0   0   0  1.27 0.20
   23 G    -1  -3  -1  -2  -3  -3  -3   6  -3  -4  -4  -2   1  -4  -3  -1  -2  -3  -4  -4    0   0   0   0   0   0   0  93   0   0   0   0   7   0   0   0   0   0   0   0  1.30 0.17
   24 R    -1   4  -1  -1  -2   0   0  -1   2  -2  -2   1  -1  -2   3  -1  -1  -2  -1  -2    3  45   2   2   1   2   2   3   8   2   3   2   1   1  16   3   2   0   1   2  0.39 0.05
   25 S     0  -2   0  -1  -2  -1  -1  -1  -2  -3  -3  -1  -2  -3  -2   5   2  -4  -3  -2    0   0   0   0   0   0   0   0   0   0   0   0   0   0   0  87  13   0   0   0  0.79 0.17
   26 A     3   4  -1  -2  -2   0  -1  -2   5  -3  -3   0  -2  -3  -2   0   0  -3  -1  -2   39  36   0   0   0   0   0   0  21   0   0   0   0   0   0   0   4   0   0   0  0.49 0.12
   27 G    -1  -1  -1  -2  -3  -3  -3   6  -3  -5  -5  -2  -4  -4  -3  -1  -2  -3  -4  -4    0   4   0   0   0   0   0  96   0   0   0   0   0   0   0   0   0   0   0   0  1.40 0.17
   28 S     2  -2  -1  -1  -2  -1  -1   2  -2  -3  -3  -1  -2  -3  -2   4   0  -3  -3  -2   26   0   0   0   0   0   0  14   0   0   0   0   0   0   0  60   0   0   0   0  0.54 0.12
   29 I    -1  -3  -4  -4  -2  -3  -3  -4  -4   4   2  -3   1  -1  -3  -3  -1  -3  -2   3    0   0   0   0   0   0   0   0   0  43  21   0   0   0   0   0   0   0   0  36  0.53 0.10
   30 P    -1  -1   1  -1  -2  -1  -1  -2  -2  -2   0   2  -1  -2   6  -1  -1  -3  -2  -2    1   1   8   1   0   1   1   1   0   1  15  18   0   1  45   1   1   0   1   1  0.70 0.08
   31 G     1  -2  -1  -1  -2  -1  -1   5  -2  -2  -2  -1  -2  -2  -1   0  -1  -2  -2  -2    9   1   1   2   1   1   2  66   1   1   3   2   1   1   1   2   2   0   1   2  0.65 0.07
   32 E     2  -1   1   0  -1   0   3  -1  -1  -1  -2   0  -1  -2  -1   0   0  -2  -1   0   31   1   8   2   1   1  34   2   1   1   3   2   1   1   1   2   2   0   1   6  0.22 0.05
   33 R     0   1   2   0  -1   0   0  -1   2  -2  -2   1  -1  -2  -1   2   0  -2  -1  -1    3  12  13   2   1   2   2   3   9   2   3   6   1   1   2  32   2   0   1   2  0.18 0.03
   34 S     0  -1   0   0  -1   0   0  -1  -1  -2  -2   0  -1  -2  -1   4   1  -2  -1  -1    3   2   2   2   1   2   2   3   1   2   3   2   1   1   2  67   2   0   1   2  0.37 0.07
   35 T    -1   0   0   1  -2   0   2  -2  -1  -2  -2   3  -2  -3  -1   1   3  -3  -2  -2    1   0   0  10   0   0  15   1   0   0   1  26   0   0   0   7  37   0   0   0  0.34 0.08
   36 D     1   2   0   2  -3   0   2  -2  -1  -3  -3   2  -2  -3   1   0  -1  -3  -2  -2   19  17   0  19   0   0  20   1   0   0   1  15   0   0   5   1   0   0   0   0  0.32 0.06
   37 T     1  -1   2  -1  -2  -1   0   1   1  -2  -2  -1  -2  -3   0   2   3  -3  -2  -1   10   0  13   0   0   0   5  11   4   0   1   0   0   0   5  19  31   0   0   0  0.27 0.06
   38 T     1   0   2  -1  -2   1   0   0   1  -3  -3   1  -2  -3   3   1   1  -3  -2  -2   14   3  16   0   0  10   0   6   3   0   0   8   0   0  14  12  13   0   0   0  0.29 0.05
   39 K    -1   2  -1  -2  -4   2   0   3  -1  -4  -3   4  -2  -4  -2  -1  -2  -3  -3  -3    0   9   0   0   0  10   0  26   0   0   0  56   0   0   0   0   0   0   0   0  0.58 0.12
   40 T    -1  -2  -1  -2  -2  -2  -2   4  -3  -2  -3  -2  -2  -3  -2   1   5  -3  -3  -2    0   0   0   0   0   0   0  36   0   0   0   0   0   0   0   4  60   0   0   0  0.67 0.14
   41 H    -3  -2  -2  -3  -3  -2  -2  -3   6  -2   1  -2  -1   4  -4  -2  -2   0   4  -2    0   0   0   0   0   0   0   0  37   0  13   0   0  30   0   0   0   0  20   0  0.74 0.13
   42 P    -2  -3  -3  -3  -4  -2  -2  -3  -3  -4  -4  -2  -4  -5   8  -2  -2  -5  -4  -4    0   0   0   0   0   0   0   0   0   0   0   0   0   0 100   0   0   0   0   0  2.49 0.23
   43 T     1  -2  -1  -1  -2   0   1  -2  -2   0  -1  -1  -1  -2  -2   1   4  -3  -2   1    9   0   0   0   0   4  11   0   0   6   0   0   0   0   0  13  41   0   0  15  0.28 0.08
   44 I    -1  -3  -4  -4  -2  -3  -3  -4  -4   4   0  -3   0  -1  -3  -3  -1  -4  -2   4    0   0   0   0   0   0   0   0   0  40   0   0   0   0   0   0   0   0   0  60  0.66 0.13
   45 K    -1   1  -1  -1  -4   3   3  -2  -1  -3  -3   4  -2  -4  -2  -1   0  -3  -2  -3    0   3   0   0   0  23  24   0   0   0   0  43   0   0   0   0   7   0   0   0  0.57 0.11
   46 I    -2  -3  -4  -4  -2  -3  -4  -4  -4   4   4  -3   1   0  -3  -3  -1  -3  -2   2    0   0   0   0   0   0   0   0   0  38  52   0   0   0   0   0   0   0   0  10  0.56 0.10
   47 N    -1   0   1  -2   5  -1   0  -3   3   0   1  -1   1   0  -3  -1  -1  -3  -1   0    0   6  11   0  24   0  10   0  15   4  17   0   5   4   0   0   0   0   0   5  0.25 0.07
   48 G    -1  -2   5   1  -3  -1  -1   4   1  -4  -4  -1  -3  -4  -3   0  -1  -4  -3  -4    0   0  46   6   0   0   0  45   3   0   0   0   0   0   0   0   0   0   0   0  0.81 0.13
   49 Y    -3  -3  -3  -4   4  -2  -3  -4   3  -2  -2  -3  -2   2  -4  -2  -3   1   8  -2    0   0   0   0  13   0   0   0  10   0   0   0   0   0   0   0   0   0  77   0  1.27 0.20
   50 T    -1   0   3   2  -3   1   1   0  -1  -2  -2   0  -2  -1  -2   1   0  -3   0  -1    0   3  19  17   0   6   6   6   0   0   0   5   0   3   0  16   5   0   5   8  0.20 0.05
   51 G     0  -1  -1  -1  -3  -1   2   5  -2  -4  -4   1  -3  -4  -2  -1  -2  -3  -3  -3    3   0   0   0   0   0  21  61   0   0   0  15   0   0   0   0   0   0   0   0  0.72 0.11
   52 P    -2   0  -3  -2  -3  -2  -2  -3  -3  -1   0   0   1  -3   7  -2  -2  -4  -3  -2    0   5   0   0   0   0   0   0   0   3  10   8   7   0  68   0   0   0   0   0  1.32 0.15
   53 G     2   0  -2  -2  -2  -1  -1   1  -2   1   1  -1   0  -2   0  -1  -1  -3  -2   1   29   6   0   0   0   0   4  13   0   4  22   0   0   0   3   0   0   0   0  19  0.13 0.05
   54 T    -1   2   0  -1  -2   0   1  -1  -2   0  -1   2   0  -2  -2   0   2  -3  -2   1    0  13   4   0   0   0  13   4   0   6   0  16   3   0   0   0  20   0   0  21  0.14 0.06
   55 V    -2  -3  -4  -4  -2  -3  -3  -4  -4   4   3  -3   1  -1  -3  -3  -1  -3  -2   3    0   0   0   0   0   0   0   0   0  36  36   0   0   0   0   0   0   0   0  28  0.50 0.09
   56 R    -2   3  -1  -1  -3   4   2  -3   1  -1  -2   1  -1  -3  -2  -1  -1  -3  -2   0    0  26   0   0   0  39  16   0   4   4   0   0   0   0   0   0   0   0   0  11  0.48 0.11
   57 I    -1  -3  -3  -4   3  -3  -3  -4  -3   3   1  -3   3  -1  -3  -2   0  -3  -2   4    0   0   0   0   7   0   0   0   0  17  11   0  11   0   0   0   3   0   0  51  0.43 0.09
   58 S    -1  -2  -1   1   1   0  -1  -2  -2  -2  -1  -2  -1   4  -2   2   2  -1   0  -2    0   0   0  10   4   4   0   0   0   0   0   0   0  36   0  29  17   0   0   0  0.32 0.10
   59 L    -2  -3  -4  -4   3  -3  -4  -4  -4   3   3  -3   1  -1  -3  -3  -1  -3  -2   2    0   0   0   0  11   0   0   0   0  26  53   0   0   0   0   0   0   0   0  10  0.50 0.09
   60 V    -1  -3  -2  -3  -2  -3  -3   3  -3   1  -1  -3  -1   1  -3  -2  -1  -3  -2   4    0   0   0   0   0   0   0  36   0   0   0   0   0   7   0   0   0   0   0  57  0.46 0.12
   61 T    -1  -2  -1  -2  -2   1  -1  -2  -2  -2  -2  -1  -1  -2  -2   0   5   6  -1  -1    1   0   0   1   0   8   1   1   0   0   1   1   0   0   1   1  71  13   0   1  0.69 0.14
   62 K     2   1   0  -1  -2   0   0  -1   3  -2  -2   3  -1  -3  -1   1   1  -3  -1  -2   27   4   5   1   0   0   1   1  10   0   1  33   0   0   1   7   8   0   0   1  0.25 0.06
   63 D    -2  -2   4   6  -4  -1   0   0  -1  -4  -4  -1  -3  -4  -2   0   0  -5  -3  -4    0   0  25  61   0   0   0   4   0   0   0   0   0   0   0   6   4   0   0   0  0.85 0.13
   64 P    -2  -2   0   4  -3   0   2  -2  -2  -3  -1   0  -2  -3   2   0   0   4  -2  -3    0   0   0  40   0   0  20   0   0   0   7   4   0   0  12   3   5   9   0   0  0.52 0.09
   65 P    -1   3  -2   0  -3  -1  -1  -3  -2  -3  -3   0  -3  -3   6   0  -1  -3   0  -3    0  26   0   7   0   0   0   0   0   0   0   0   0   0  53  10   0   0   4   0  1.05 0.13
   66 H    -2  -2  -1  -2  -2  -1  -2   0   5  -1   1  -2   0   1   2  -2  -2  -1   3  -1    1   0   0   0   0   0   0  10  24   0  23   0   0   7  10   1   0   0  17   5  0.28 0.07
   67 R    -2   6  -1  -2  -4   0  -1  -1   1  -4  -3   3  -2  -4  -3   0  -2  -4  -2  -3    0  70   0   0   0   0   0   3   4   0   0  15   0   0   0   7   0   0   0   0  0.82 0.14
   68 P    -1  -3  -3  -3  -3   0  -2  -3  -3  -1  -1  -2  -1  -3   6  -2  -1  -4  -3   2    3   0   0   0   0   6   0   0   0   0   4   0   0   0  57   0   0   0   0  29  1.07 0.14
   69 H    -3  -1  -1  -2  -4  -1  -1  -3   9  -4  -4   1  -3  -3  -3  -2  -3  -4   0  -4    0   0   0   0   0   0   0   0  90   0   0  10   0   0   0   0   0   0   0   0  1.65 0.23
   70 P     3  -2  -2  -2  -2  -2  -2  -2  -3  -3  -3  -2  -2  -4   6   1  -1  -4  -3  -2   40   0   0   0   0   0   0   0   0   0   0   0   0   0  53   7   0   0   0   0  1.13 0.14
   71 H    -3  -1  -1  -2  -4  -1  -1  -3  10  -5  -4  -2  -3  -2  -3  -2  -3  -4   1  -4    0   0   0   0   0   0   0   0 100   0   0   0   0   0   0   0   0   0   0   0  1.96 0.26
   72 E    -1   3   1   1  -3   1   1   2  -1  -3  -3   0  -2  -3  -2   1  -1   3  -2  -3    0  26   5   8   0   7  11  17   0   0   0   0   0   0   0  20   0   6   0   0  0.33 0.07
   73 L    -2  -3  -4  -4  -2  -3  -4  -4  -3   3   4  -3   1   2  -4  -3  -2  -2  -1   1    0   0   0   0   0   0   0   0   0  26  64   0   0  10   0   0   0   0   0   0  0.57 0.11
   74 V    -1  -3  -2  -3  -2  -2  -3  -3  -3   1   0  -2   0  -1  -3  -1   3  -2   2   4    0   0   0   0   0   0   0   0   0   0   0   0   0   0   0   0  26   0  10  64  0.47 0.13
   75 G     0  -2  -1  -2  -3  -2  -2   6  -2  -3  -3  -2  -2  -3  -2   0  -2  -3  -3  -1    1   0   0   1   0   0   1  78   0   0   1   1   0   0   1   7   1   0   0   8  0.89 0.11
   76 K    -2   2  -1  -2  -4   2   0  -2  -1  -4  -3   6  -2  -4  -2  -1  -2  -4  -3  -3    0   3   0   0   0  10   0   0   0   0   0  87   0   0   0   0   0   0   0   0  0.92 0.17
   77 D     0  -1   0   4  -3   1   2  -2   2  -2  -2  -1   1  -1  -2   0   2  -3  -2  -2   10   0   0  36   0   6  11   0   7   0   0   0   7   4   0   0  19   0   0   0  0.33 0.08
   78 C    -1  -4  -3   0   9  -3  -3  -3  -4  -1  -2  -3  -2  -3  -3  -1  -1  -3  -3   2    0   0   0   7  63   0   0   0   0   0   0   0   0   0   0   4   0   0   0  26  1.13 0.17
   79 R     1   3   0  -1  -2   1   0  -2   1  -3  -3   2  -2  -3  -2   1   1  -3  -2  -2   11  29   3   0   0   3   4   0   4   0   0  17   0   0   0  18  10   0   0   0  0.33 0.07
   80 D    -1  -1   1   4  -2  -1   1  -2   0  -2  -2   0  -2  -3  -2   1   3  -4  -2   0    0   0   7  33   0   0   6   0   3   0   0   5   0   0   0   6  30   0   0  10  0.36 0.08
   81 G     1  -3  -1  -2  -2  -2  -2   5  -3  -2  -3  -2  -2  -3  -2   0   2  -3  -3   0   14   0   0   0   0   0   0  57   0   0   0   0   0   0   0   0  22   0   0   7  0.63 0.11
   82 F    -1  -2   0  -2   2  -2  -2   0  -1   1   0  -2  -1   1  -2   2   0  -1   2   1    0   0   7   0   7   0   0  10   0  16   3   0   0   5   0  26   0   0  14  12  0.12 0.06
   83 Y    -2   1  -2  -3   7   0  -2  -3   4  -3  -2  -2  -2   0  -3  -2  -2  -1   5  -2    0  10   0   0  32   4   0   0  18   0   0   0   0   0   0   0   0   0  37   0  0.81 0.15
   84 E    -1   1   1   2  -3   2   4  -2  -1  -2  -3   0  -2  -3  -2   0   1  -3  -2  -1    3   6  10   7   0  10  49   0   0   4   0   0   0   0   0   0   9   0   0   3  0.44 0.09
   85 A     2  -2  -2  -2  -1  -1  -2  -2  -2   1   1   0   0  -2  -2   0   1  -3  -2   2   38   0   0   0   0   0   0   0   0   7  12   7   0   0   0   0  10   0   0  24  0.19 0.06
   86 E    -1   1   0  -1  -2   0   2  -2   2   0  -1   1  -1  -2  -2   0   2  -3  -1   1    1  10   5   0   0   0  24   1   7   9   1   7   0   0   0   4  18   0   0  13  0.15 0.05
   87 L     0  -2  -3  -3  -2  -2  -2  -3  -3   1   3  -2   1   1   2  -2  -1  -2  -1   2    5   0   0   0   0   0   1   1   0   5  39   0   0   8  10   1   0   0   0  27  0.27 0.06
   88 C     0   0   1  -1   4   0  -1   2  -1  -3  -3  -1  -2  -3   1   2   0  -3  -2  -2    1   6   9   0  17   4   1  23   0   0   1   0   0   0   7  30   0   0   0   1  0.34 0.07
   89 P    -1  -1  -1  -1  -2   0  -1  -2  -1  -2  -2   2  -2  -3   6   0  -1  -2  -2  -2    2   1   1   1   1   4   2   2   1   1   2  18   1   1  51   6   2   0   1   2  0.88 0.08
   90 D    -1   0   0   2  -2   1   4  -2   3  -2  -2   1  -2  -2  -1   0  -1  -2  -1  -2    2   1   1   9   1   5  44   2  10   1   2  12   1   1   1   2   2   0   1   2  0.38 0.06
   91 R     0   3   0   2  -2   0   1  -2  -1  -1  -1   1  -1  -2  -1   0   0  -2  -2   1    5  27   5  15   0   1   8   2   0   1   2   5   0   1   1   2   6   0   1  17  0.16 0.04
   92 C    -1   1   0   1   3  -1  -1  -1  -1   0   0  -1   3  -1  -2   0  -1  -1   1  -1    1  15   4  11   8   1   1   5   0   9   2   1  19   1   1  10   1   0   8   1  0.07 0.04
   93 I    -1   1  -2  -2  -1  -1  -2  -2  -2   2   0  -1   0  -1   3  -1   1  -2  -2   2    1  12   1   1   0   1   1   1   0  22   2   1   0   1  15   1  11   0   1  27  0.21 0.05
   94 H     2  -1  -1  -1  -2   0   1   0   5  -1   0  -1  -1  -1  -1   0  -1  -2   0   0   27   1   1   1   0   1  11   5  24   1  16   1   0   1   1   1   1   0   1   5  0.17 0.05
   95 S     0  -1   2  -1  -2   2  -1   2  -1  -2  -2  -1  -2   0  -2   2   0  -3  -2   0    0   0  12   0   0  17   0  21   0   0   0   0   0   5   0  33   0   0   0  11  0.27 0.08
   96 F    -2  -3  -2  -3  -2  -3  -3  -3  -2  -1   0  -3  -1   6  -3  -1   3  -1   1  -1    0   0   0   0   0   0   0   0   0   0   6   0   0  58   0   0  36   0   0   0  0.70 0.15
   97 Q     0   0   2  -1  -3   3   0  -2  -1  -1  -2   3  -1  -3  -2   1   1  -3  -2  -2    4   0  13   0   0  25   0   0   0   7   0  26   0   0   0  15  10   0   0   0  0.30 0.08
   98 N    -2  -1   5   0  -3  -1  -2  -2  -1   0  -2   0  -1  -3  -3  -1  -1  -4  -2   3    0   0  58   0   0   0   0   0   0   0   0   6   0   0   0   0   0   0   0  36  0.57 0.14
   99 L    -2  -3  -4  -4  -2  -3  -3  -4  -3   2   4  -3   3   0  -3  -3  -2  -2  -2   1    0   0   0   0   0   0   0   0   0  10  77   0   7   0   0   0   0   0   0   6  0.63 0.11
  100 G    -1  -2  -1  -1  -4  -1   3   5  -2  -4  -4  -1  -3  -4  -2  -1  -2  -3  -3  -4    0   0   0   0   0   0  36  64   0   0   0   0   0   0   0   0   0   0   0   0  0.90 0.14
  101 I    -2  -4  -4  -4  -2  -3  -4  -4  -4   5   1  -3   2  -1  -3  -3  -1  -3  -2   3    0   0   0   0   0   0   0   0   0  77   0   0   7   0   0   0   0   0   0  16  0.71 0.14
  102 Q    -1   0  -1  -2  -3   4   0   0  -1  -2   1   0  -1  -3   3  -1   0  -3  -2  -1    0   5   0   0   0  38   0  10   0   0  18   0   0   0  19   0   7   0   0   4  0.36 0.09
  103 C    -2  -3  -3  -4   8  -3  -3  -4   3  -1   2  -3   0  -2  -4  -2  -2  -3  -2  -1    0   0   0   0  50   0   0   0  14   0  36   0   0   0   0   0   0   0   0   0  0.92 0.15
  104 V     0  -2  -2   1  -2  -2  -1  -3  -3   1   2   0   0  -1  -3  -2  -1  -3  -2   3    6   0   0  10   0   0   4   0   0   0  22   7   0   0   0   0   0   0   0  51  0.23 0.08
  105 K    -1   2  -1  -2  -3   0  -1  -2  -2  -3  -3   4  -2  -4   5  -1   1  -4  -3  -3    0  10   0   0   0   0   0   0   0   0   0  40   0   0  36   0  14   0   0   0  0.79 0.12
  106 K    -1   1  -1  -1  -4   1   3  -2  -1  -4  -3   5  -2  -4  -2   1  -1  -4  -3  -3    0   0   0   0   0   0  22   0   0   0   0  68   0   0   0  10   0   0   0   0  0.69 0.14
  107 R    -2   2   4  -1  -3   1   0  -2  -1  -3  -1   3  -2  -3  -2  -1  -1  -4  -2  -3    0  15  36   0   0   7   0   0   0   0   6  36   0   0   0   0   0   0   0   0  0.50 0.11
  108 D    -2  -1   4   3  -4   0   3  -2  -1  -4  -4   0  -3  -4  -2   1  -1  -4  -3  -3    0   0  39  19   0   0  31   0   0   0   0   4   0   0   0   6   0   0   0   0  0.65 0.11
  109 L    -2   0  -3  -4  -2   0  -3  -4  -3   2   2  -2   6  -1  -3  -2  -1  -3  -2   2    0   7   0   0   0   4   0   0   0  18  11   0  48   0   0   0   0   0   0  12  0.48 0.12
  110 E     0   3  -1   0  -3   0   2  -2  -1  -2  -1   1   1  -1  -2   0   1  -3  -2  -1    7  21   0   4   0   0  25   0   0   0   7   8   6   4   0   4  13   0   0   0  0.20 0.06
  111 Q     3  -2  -1   1  -2   0   2   0  -2  -1   0  -1  -1  -2  -2   0  -1  -3  -2   0   43   0   0   9   0   5  16   6   0   0  10   0   0   0   0   4   0   0   0   7  0.21 0.07
  112 A     3  -2   1  -2  -1  -1  -1  -1  -2   1  -1  -1  -1   0  -2   1   2  -3  -1   0   43   0   7   0   0   0   0   0   0  12   0   0   0   7   0  13  14   0   0   3  0.22 0.08
  113 I    -2  -3  -3  -3  -2   0  -3  -4  -3   4   2  -2   2  -1  -3  -2  -1  -3  -2   3    0   0   0   0   0   7   0   0   0  48  19   0   6   0   0   0   0   0   0  20  0.42 0.09
  114 S     2  -1   0  -1  -2   0   1  -1  -2   1  -1   1   1  -2  -2   1   0  -3  -2   1   32   0   4   0   0   0  13   0   0   9   0  11   7   0   0   7   0   0   0  16  0.14 0.06
  115 Q     0   0   1  -1  -3   1   2   3   0  -3  -2   0  -2  -3  -2   0   0  -3  -2  -2    5   6   7   0   0   8  20  36   3   0   6   3   0   0   0   0   7   0   0   0  0.32 0.06
  116 R    -2   5  -2  -3  -3   0  -1  -3  -2   3  -1   2  -1  -2  -3  -2  -2  -3  -2   0    0  45   0   0   0   0   0   0   0  36   0  19   0   0   0   0   0   0   0   0  0.49 0.12
  117 I    -2   0  -3  -3  -2  -1   0  -4  -3   3   3  -2   2  -1  -3  -2  -1  -3  -2   1    0   7   0   0   0   0  11   0   0  25  50   0   8   0   0   0   0   0   0   0  0.33 0.08
  118 Q    -1   3  -1  -1  -4   3   2  -2  -1  -3  -3   4  -2  -4  -2   0  -1  -3  -2  -3    0  13   0   0   0  17  12   0   0   0   0  53   0   0   0   6   0   0   0   0  0.60 0.11
  119 T    -1   1  -2  -3  -2  -1  -2  -3  -2   1   3   1   1  -1  -3  -1   1  -3  -2   0    5  13   0   0   0   0   0   0   0   5  56  10   0   0   0   0  11   0   0   0  0.26 0.08
  120 N    -1   4   3  -1  -3   0   0   2  -1  -4  -3   1  -2  -4  -2   0  -1  -4  -3  -3    0  40  25   0   0   0   6  19   0   0   0   3   0   0   0   7   0   0   0   0  0.50 0.10
  121 N    -2  -2   5  -1  -3   0  -2  -2   2   3  -1  -2  -1  -2  -3  -1  -1  -3   0   0    0   0  47   0   0   3   0   0   7  31   3   0   0   0   0   0   0   0   4   5  0.38 0.11
  122 N     0   1   3   3  -2   0   0  -1  -1  -3  -3   1  -2  -3  -2   2   0  -3  -2  -2   10  10  23  24   0   0   0   0   0   0   0   7   0   0   0  22   0   0   0   0  0.37 0.07
  123 P    -2  -2  -1   4  -4   1   1  -2  -2  -3  -3   0  -3  -4   6  -1  -2  -4  -3  -3    0   0   0  32   0   7   7   0   0   0   0   4   0   0  47   0   0   0   0   0  1.04 0.12
  124 F    -1  -2  -2  -2  -2  -2  -2  -2  -1   1   1  -2   0   4  -2  -2  -1   0   3   1    2   1   1   1   1   1   2   2   1  12  13   1   1  34   1   2   2   0  10  11  0.25 0.04
  125 Q    -1   1   3   0  -2   2   2  -1   0  -2  -2   2  -1  -2  -1   0  -1  -2  -2  -2    2   6  27   1   1  13  21   2   1   1   2  13   1   1   1   2   2   0   1   2  0.31 0.05
  126 V     2  -1  -1  -1  -1   2   0  -1  -1   0   0  -1   0  -2  -1   0   0  -2  -1   1   35   1   1   1   0  19   1   2   0   1   5   1   0   1   1   2   6   0   1  20  0.16 0.05
  127 P     0   1  -1   0  -2   0   2   2  -1  -2  -2   1  -2  -2   3   0  -1  -2  -2  -2    6  11   1   5   0   1  19  22   0   1   2   8   0   1  14   4   1   0   1   1  0.27 0.03
  128 I     0  -2  -2  -2  -2  -1   0  -3  -2   3   0  -1   1   1  -1   0   0  -2  -1   1   11   0   0   0   0   0   8   0   0  40   0   4   3  11   3   9   7   0   0   4  0.13 0.06
  129 E    -1  -1  -1   1  -3   1   4   0  -1  -2  -1   1  -2  -3  -2   0  -1   2  -2  -1    0   0   0   6   0   3  47  10   0   0   9  12   0   0   0   5   0   4   0   4  0.34 0.08
  130 E    -2   1  -1   0  -3   2   2  -3   3   0   1   1   0  -2  -2  -1  -1  -3  -1  -1    0  11   0   4   0  12  17   0  11  10  26   9   0   0   0   0   0   0   0   0  0.18 0.06
  131 Q     0   4   1  -1  -3   1   1  -2  -1  -1   1   1   0  -2  -2  -1  -1  -3  -2  -1   10  34   9   0   0   9   7   0   0   0  25   6   0   0   0   0   0   0   0   0  0.26 0.07
  132 R     0   1   0   0  -3   0   0   1   4  -3  -2   3  -2  -3   0  -1   0  -3  -1  -3    7   5   2   6   0   0   0  13  16   0   3  39   0   0   5   0   4   0   0   0  0.29 0.08
  133 G     0   0   0  -1  -3   2   1   3  -1  -3  -3   2  -2  -3  -2   1  -1  -3  -3  -3    6   0   3   0   0  15   9  31   0   0   0  21   0   0   0  14   0   0   0   0  0.38 0.07
  134 D    -1  -1  -1   3  -3   0   4  -3  -1   0  -2   1  -2  -3  -2   0  -1  -4  -3   0    0   0   0  20   0   0  50   0   0   6   0  10   0   0   0   5   0   0   0  10  0.47 0.10
  135 Y    -1  -1  -1   0   2  -1  -2  -3  -1   0   0   0   3  -1  -2  -1   3  -2   2   1    0   0   0   6   5   0   0   0   0   5   0  10  18   0   0   0  30   0  14  13  0.19 0.08
  136 D    -2  -1   2   6  -4  -1   1  -2  -2  -4  -4   2  -4  -4  -2  -1  -2  -5  -4  -4    0   0   7  77   0   0   0   0   0   0   0  16   0   0   0   0   0   0   0   0  1.04 0.16
  137 L    -2  -3  -3  -3  -2  -2  -3  -4  -3   3   3  -3   3   0  -3   0  -1  -3  -2   1    0   0   0   0   0   0   0   0   0  32  49   0   9   0   0  10   0   0   0   0  0.42 0.09
  138 N    -1  -1   5   0  -2  -1  -1  -1  -1  -3  -3  -1  -2  -3  -2   2   4  -4  -3  -2    0   0  47   0   0   0   0   0   0   0   0   0   0   0   0  18  36   0   0   0  0.65 0.13
  139 A     0   4  -2  -2  -2   1  -1  -3  -2   1  -1   0  -1  -2  -2   0   0  -3  -2   2    8  42   0   0   0   7   0   0   0  10   0   0   0   0   0   5   3   0   0  25  0.30 0.09
  140 V     1  -3  -4  -4  -2  -3  -3  -3  -4   2   1  -3   0  -2  -3  -2  -1  -4  -2   5   10   0   0   0   0   0   0   0   0   0   6   0   0   0   0   0   0   0   0  84  0.62 0.14
  141 R    -2   7  -1  -3   0   0  -1  -3  -1  -4  -3   1  -2  -4  -3  -2  -2  -4  -3  -3    0  97   0   0   3   0   0   0   0   0   0   0   0   0   0   0   0   0   0   0  1.30 0.20
  142 L    -2  -3  -4  -4   1  -3  -4  -4  -4   2   5  -3   1   0  -4  -3  -2  -2  -2   0    0   0   0   0   3   0   0   0   0   9  88   0   0   0   0   0   0   0   0   0  0.72 0.13
  143 C    -1   0  -3  -4   8  -3  -3  -4  -3   0  -1  -1   1  -2  -3  -2  -1  -3  -3   3    0   6   0   0  47   0   0   0   0   0   0   4   4   0   0   0   0   0   0  39  0.80 0.15
  144 F    -3  -4  -4  -5  -3  -4  -4  -4  -2  -1  -1  -4  -1   8  -5  -3  -3   0   3  -2    0   0   0   0   0   0   0   0   0   0   0   0   0  94   0   0   0   0   6   0  1.42 0.20
  145 Q    -1   4  -1  -1  -3   4   1  -3  -1  -3  -3   1   0  -3  -2   0   1  -3  -2  -3    0  36   0   0   0  40   7   0   0   0   0   0   3   0   0   3  11   0   0   0  0.60 0.12
  146 V     3  -3  -3  -3  -1  -2  -2  -2  -3   1  -1  -2  -1  -1  -2  -1  -1  -3  -2   4   44   0   0   0   0   0   0   0   0   0   0   0   0   3   0   0   0   0   0  54  0.43 0.12
  147 T    -2  -2   1  -2  -3  -1  -2  -3   5  -2  -2  -2  -1   5  -3   1   0   2   3  -2    0   0  10   0   0   0   0   0  26   0   0   0   0  37   0  13   5   3   7   0  0.50 0.11
  148 V    -1  -2  -3  -3   1  -2  -3  -4  -2   3   2  -1   2   0  -3  -2  -1  -2   1   2    0   0   0   0   4   0   0   0   0  31  22   7   5   0   0   0   0   0   9  22  0.28 0.07
  149 R    -1   2   0  -2  -3  -1   0  -3  -2   0  -2  -1   0  -3   6  -1   1  -4  -3  -2    0  20   3   0   0   0   5   0   0   7   0   0   5   0  45   0  15   0   0   0  0.77 0.11
  150 D    -1   1   0   4  -3   3   2   0  -1  -3  -3   0  -2  -4  -2  -1  -1  -4  -3  -1    3  10   0  35   0  22  16   7   0   0   0   0   0   0   0   0   0   0   0   6  0.45 0.09
  151 P    -1  -1  -1   1  -3   2   1   2  -2  -3  -3   1  -2  -4   5   1  -1  -3  -3  -3    0   0   0   7   0  13   8  17   0   0   0  10   0   0  31  14   0   0   0   0  0.58 0.08
  152 S     0  -1   4   2  -3   1   0   1   1  -3  -3   0  -2  -3  -2   2   0  -3  -2  -3    3   0  29  16   0   6   0  11   5   0   0   5   0   0   0  22   0   0   0   0  0.37 0.07
  153 G    -1  -3  -1  -2  -3  -3  -3   6  -3  -5  -5  -2  -4  -4  -3   0  -2  -3  -4  -4    0   0   0   0   0   0   0  94   0   0   0   0   0   0   0   6   0   0   0   0  1.35 0.17
  154 R     0   3   2  -1  -3   1   0  -2   1  -3  -2   2  -2   0  -2   1  -1  -3  -1  -2   11  31  11   0   0   3   0   0   3   0   0  18   0   8   0  13   0   0   0   0  0.28 0.07
  155 P    -1  -2  -1  -2  -2  -1  -2  -2  -2   0   0  -1   1   0   0   0   4   4  -1   1    0   0   0   0   0   0   0   0   0   4   7   4   6   4   5   0  48   7   0  11  0.29 0.08
  156 L    -1   1  -2  -3   1  -2  -2  -3   0   1   3  -2   1  -1  -3  -1   0  -2   0   2    0  11   0   0   3   0   0   0   3   0  45   0   0   0   0   5   5   0   4  25  0.22 0.07
  157 R     1   2  -1   0  -2   0  -1  -2  -2  -3  -3   0  -2  -3   4   2   1  -3  -3  -2   15  14   0   4   0   3   0   0   0   0   0   0   0   0  28  26  10   0   0   0  0.51 0.08
  158 L    -2  -3  -4  -4  -2  -3  -4  -4  -3   1   5  -3   2   0  -4  -3  -2  -2  -2   1    0   0   0   0   0   0   0   0   0   4  83   0   6   0   0   0   0   0   0   7  0.67 0.12
  159 P    -1  -1  -1   2  -2   0   0  -1  -1  -2  -2   0  -2  -2   5   0  -1  -2  -2  -2    3   2   2  18   1   5   2   3   1   2   3   5   1   1  40   6   2   0   1   2  0.61 0.05
  160 P    -2  -1  -2  -2  -4   4  -1  -3  -2  -4  -3  -1  -2  -2   7  -1  -2  -4  -3  -3    0   0   0   0   0  36   0   0   0   0   0   0   0   3  61   0   0   0   0   0  1.42 0.18
  161 V     1  -3  -3  -3  -1  -3  -3  -3  -3   3   0  -3   0  -1  -3  -1   1  -3  -2   4   11   0   0   0   0   0   0   0   0  16   3   0   0   0   0   0  10   0   0  60  0.42 0.10
  162 L     2  -2  -3  -3  -1  -2  -2  -2  -2   2   2  -2   0  -1   2  -1  -1  -2   1   2   26   0   0   0   0   0   0   0   0  17  21   0   0   0  10   0   0   0   7  19  0.22 0.06
  163 S     0  -2   0  -1  -2  -1  -1  -1  -2  -3  -3  -1  -2  -3  -2   6   0  -4  -3  -3    0   0   0   0   0   0   0   0   0   0   0   0   0   0   0 100   0   0   0   0  0.95 0.20
  164 H    -1  -1   4   2  -3   1   2  -2   1  -1  -3  -1  -2  -3  -2   1  -1  -4  -2  -1    0   0  30  15   0  10  14   0   5   4   0   0   0   0   0  16   0   0   0   7  0.34 0.07
  165 P     1  -3  -3  -3  -3  -2  -2  -3  -3  -4  -4  -2  -3  -5   8  -1  -2  -5  -4  -3   11   0   0   0   0   0   0   0   0   0   0   0   0   0  89   0   0   0   0   0  2.08 0.20
  166 I    -2  -4  -4  -4  -2  -4  -4  -5  -4   6   1  -4   0  -1  -4  -3  -1  -4  -2   2    0   0   0   0   0   0   0   0   0  91   0   0   0   0   0   0   0   0   0   9  0.86 0.17
  167 F    -2  -2   1  -1  -3  -1   2  -3   3  -2   0  -1  -1   3  -3  -2  -2   0   5  -2    0   0   7   0   0   0  26   0  10   0  10   0   0  13   0   0   0   0  34   0  0.45 0.10
  168 D    -2  -3   1   5   7  -2  -1   0  -2  -3  -3  -2  -3  -4  -3  -1  -2  -4  -4  -3    0   0   7  51  36   0   0   6   0   0   0   0   0   0   0   0   0   0   0   0  0.92 0.15
  169 N     0   1   3  -1  -2   0   0  -1  -1  -3  -3   2  -2  -3  -2   3   1  -4  -2  -2    0   7  19   0   0   0   0   0   0   0   0  24   0   0   0  40  10   0   0   0  0.42 0.10
  170 R    -1   3  -1  -1  -3   4   1  -2  -1  -3  -3   4  -2  -3  -2  -1  -1  -3  -2  -3    0  19   0   0   0  36   0   0   0   0   1  39   0   0   0   0   0   0   0   0  0.63 0.12
  171 A     2   3  -1  -1  -2   0  -1  -1  -1  -3  -2   0  -2  -3   2   2   0  -3  -2  -2   28  26   0   0   0   0   0   0   0   0   1   0   0   0  10  31   0   0   0   0  0.37 0.08
  172 P     1  -2  -1  -1  -2  -1  -1  -1  -2  -2  -2  -1  -2  -3   5   2   2  -3  -2  -2   18   1   0   1   0   0   1   1   0   1   1   1   0   0  34  27  14   0   0   1  0.62 0.08
  173 N     2  -1   4   0  -2   1  -1   2  -1  -3  -3  -1  -2  -3  -2   1  -1  -3  -2  -2   27   1  33   1   0   8   1  20   0   1   1   1   0   0   1   4   1   0   0   1  0.36 0.07
  174 T     1  -1  -1  -2  -2   3  -1  -2   1  -1  -2  -1   1  -3  -2   1   3  -3  -2   0   14   0   0   0   0  22   0   0   4   0   0   0   5   0   0   6  39   0   0  10  0.30 0.09
  175 A     2  -1   0   0  -2   0   3   1  -1  -3  -3   0  -2  -3  -1   3   0  -3  -2  -2   20   0   0   1   0   0  27   8   0   0   1   1   0   0   1  39   1   0   0   1  0.35 0.08
  176 E    -1  -1   2   1  -3   0   4  -2  -1  -1   1  -1  -1  -2  -2  -1  -1  -3  -2  -2    1   0  15   5   0   0  46   1   0   0  27   1   0   0   1   1   1   0   0   1  0.34 0.08
  177 L    -2  -3  -4  -3  -2  -3  -3  -4  -3   0   4  -3   0  -1   5  -2  -2  -3  -2  -1    0   0   0   0   0   0   0   0   0   0  64   0   0   0  36   0   0   0   0   0  0.84 0.13
  178 K    -1   4  -1  -1  -3   1   1  -3   1  -2   0   3   0  -2  -2  -1   0  -3  -2  -1    0  31   0   0   0   7  10   0   4   0  11  22   4   0   0   0   6   0   0   5  0.30 0.07
  179 I    -2  -4  -4  -4  -2  -3  -4  -4  -4   5   1  -3   0  -1  -4  -3  -1  -3  -2   3    0   0   0   0   0   0   0   0   0  78   0   0   0   0   0   0   0   0   0  22  0.76 0.15
  180 C    -1  -2  -2  -1   6  -1   2  -3  -2  -1   0  -1  -1  -2  -2   1   0  -3  -2   0    0   0   0   0  29   0  26   0   0   0  13   0   0   0   0  14   6   0   0  11  0.37 0.09
  181 R    -1   6  -1  -2  -4   0  -1  -3  -1  -4  -3   3  -2  -4   0  -1  -1  -4  -3  -3    4  65   0   0   0   0   0   0   0   0   0  24   0   0   3   0   4   0   0   0  0.81 0.14
  182 V    -1  -1  -2  -3  -2   2  -1  -2  -1   1   2   0   3   0  -3  -2  -1  -2   2   1    0   0   0   0   0  15   0   3   0   6  18  10  22   0   0   0   0   0  11  15  0.18 0.07
  183 N    -1  -2   4   3   3  -1   0  -1  -1  -3  -3  -1  -3  -3  -2   3   0  -4  -3  -3    0   0  28  22  11   0   0   0   0   0   0   0   0   0   0  39   0   0   0   0  0.54 0.12
  184 R     0   2  -1  -2  -3   0  -1  -2  -2  -1   0   3   0  -2   1   1   0  -3  -2  -1    5  12   0   0   0   0   0   0   0   4  10  41   4   0   7  11   6   0   0   0  0.26 0.07
  185 N     0  -1   3   2   3   0   1  -2   2  -3  -3  -1  -2  -3   1   1   1  -3  -2  -2    5   0  23  10  11   0  13   0  10   0   0   0   0   0   7   7  14   0   0   0  0.31 0.07
  186 S     3  -2  -1  -2   3  -1  -1  -1  -2  -2  -3  -1  -2  -2  -2   4   1  -3   0  -2   28   0   0   0   8   0   0   0   0   0   0   0   0   0   0  53   7   0   4   0  0.46 0.11
  187 G     1  -3  -2  -3   6  -3  -3   5  -3  -3  -3  -2  -3  -3  -3  -1  -2  -3   0  -3   11   0   0   0  28   0   0  56   0   0   0   0   0   0   0   0   0   0   6   0  0.84 0.13
  188 S     0   0  -1  -1   1  -1  -1   0  -2  -3  -2  -1  -2  -3   4   3   1  -3  -3  -2    0   4   0   0   4   0   0   7   0   0   4   0   0   0  20  50  11   0   0   0  0.47 0.10
  189 C     0  -3  -4  -4   6  -3  -3  -3  -4   1   0  -3   0  -2  -3  -2  -1  -4  -2   5    6   0   0   0  24   0   0   0   0   0   0   0   0   0   0   0   0   0   0  70  0.68 0.15
  190 L    -1   2   1  -1  -2   0   0  -2  -1  -1   0   2   1   0  -2  -1   1  -2   0  -1    0  19  10   0   0   3   4   0   0   3  13  16   7   5   0   0  13   0   4   3  0.13 0.04
  191 G    -1  -3  -1  -2  -3  -3  -3   6  -3  -5  -5  -2  -4  -4  -3  -1  -3  -3  -4  -4    0   0   0   0   0   0   0 100   0   0   0   0   0   0   0   0   0   0   0   0  1.51 0.18
  192 G    -1  -3   2  -1  -3  -2   0   6  -2  -4  -4  -2  -3  -4  -3  -1  -2  -3  -4  -4    0   0  12   0   0   0  10  79   0   0   0   0   0   0   0   0   0   0   0   0  1.03 0.14
  193 D    -2  -1   0   5  -4   1   4  -2   1  -4  -4   1  -3  -4  -2  -1   0  -4  -3  -3    0   0   0  42   0   4  34   0   4   0   0  11   0   0   0   0   5   0   0   0  0.68 0.11
  194 E    -2   1  -1   0  -4   2   6  -3  -1  -4  -4   1  -3  -4  -2  -1  -2  -4  -3  -3    0   5   0   0   0   9  80   0   0   0   0   6   0   0   0   0   0   0   0   0  0.95 0.16
  195 I    -1  -3  -4  -4  -2  -2  -3  -4  -3   3   2  -3   4  -1  -3  -3  -1  -3  -2   3    0   0   0   0   0   0   0   0   0  34  23   0  19   0   0   0   0   0   0  24  0.47 0.09
  196 F    -2  -3  -3  -4  -2  -3  -3  -4  -1   3   0  -3   0   4  -4  -3  -2   0   5   2    0   0   0   0   0   0   0   0   0  26   0   0   0  29   0   0   0   0  27  18  0.56 0.11
  197 L    -2  -3  -4  -4  -2  -3  -4  -4  -3   2   5  -3   3   0  -4  -3  -2  -2  -2   1    0   0   0   0   0   0   0   0   0   7  83   0   6   0   0   0   0   0   0   4  0.68 0.12
  198 L    -1  -2  -3  -3  -2  -2  -3  -3  -3   2   4  -2   1  -1  -3   0   2  -3  -2   0    0   0   0   0   0   0   0   0   0  10  64   0   0   0   0   8  18   0   0   0  0.40 0.10
  199 C    -1  -4  -3  -3   8  -3  -4   4  -4  -2  -3  -3  -2  -3  -3  -2  -2  -3  -3   0    0   0   0   0  57   0   0  36   0   0   0   0   0   0   0   0   0   0   0   7  1.17 0.17
  200 D    -2  -1   0   5  -4   1   2  -2   3  -4  -4   1  -3  -4  -2   1  -1  -4  -2  -3    0   0   0  46   0   4  18   0  11   0   0  10   0   0   0  11   0   0   0   0  0.61 0.10
  201 K    -2   1   4  -1  -4   0   0  -2  -1  -4  -4   5  -2  -4  -2  -1  -1  -4  -3  -3    0   0  36   0   0   0   0   0   0   0   0  64   0   0   0   0   0   0   0   0  0.78 0.16
  202 V    -2  -3  -4  -4  -2  -3  -4  -4  -3   2   0  -3   0   5  -4  -3  -1  -2   0   4    0   0   0   0   0   0   0   0   0   6   0   0   0  36   0   0   0   0   0  58  0.60 0.13
  203 Q     0  -1  -1  -2  -2   5   0  -2  -1  -1   2   0   0  -2  -2   0   0  -3  -2  -1   11   0   0   0   0  46   0   0   0   0  32   0   0   0   0   7   4   0   0   0  0.36 0.11
  204 K     0   1  -1  -1  -3   0   0  -2  -1  -3  -3   5  -2  -3   2  -1  -1  -3  -2  -2    5   1   0   1   0   0   1   1   0   1   1  75   0   0  12   1   1   0   0   1  0.65 0.12
  205 E    -2  -1   0   4  -4   2   4   1  -1  -4  -4   1  -3  -4  -2  -1  -2  -4  -3  -3    0   0   0  36   0  11  37  10   0   0   0   7   0   0   0   0   0   0   0   0  0.64 0.10
  206 D    -2  -2   2   6  -3  -1   0  -2  -2  -3  -4  -1  -3  -4  -2   1   1  -5  -3  -3    0   0   7  68   0   0   0   0   0   0   0   0   0   0   0  15  10   0   0   0  0.86 0.14
  207 I    -1  -1  -2  -3  -2  -2  -2  -3  -3   5   0   2   0  -2  -3   0  -1  -3  -2   1    0   0   0   0   0   0   0   0   0  64   0  25   0   0   0  11   0   0   0   0  0.39 0.13
  208 E     0   0  -1   0  -3   1   3  -2  -1   0  -1   2  -1  -3  -2   0  -1  -3  -2   1    3   0   0   0   0   4  35   0   0   4   4  18   0   0   0  10   0   0   0  21  0.24 0.07
  209 V    -1  -3  -4  -4  -2  -3  -3  -4  -4   3   0  -3   0  -1  -3  -3  -1  -4  -2   5    0   0   0   0   0   0   0   0   0  18   0   0   0   0   0   0   0   0   0  82  0.73 0.15
  210 Y    -2   4  -2  -3  -3   0  -2  -3  -1   1  -1   0  -1   3  -3  -2  -2  -1   1   1    0  40   0   0   0   4   0   0   0  15   0   0   0  25   0   0   0   0   5  12  0.36 0.10
  211 F    -2  -3  -3  -4  -3  -3  -4  -4  -2   1   0  -3   1   7  -4   0  -2   0   2  -1    0   0   0   0   0   0   0   0   0   7   4   0   4  75   0  10   0   0   0   0  0.87 0.15
  212 T    -1  -1  -1   2  -3  -1   1   0  -1  -1  -1  -1  -1   2  -2   0   0   2   2   1    0   3   0  20   0   0  15   7   0   0   0   0   0  12   0   6   5   3  11  19  0.14 0.05
  213 G    -1   1  -1   0  -3   1   4   0  -1  -3  -1   1  -2  -3  -2  -1  -1  -3  -3  -2    3  10   0   0   0   0  57   8   0   0  11   8   0   0   0   0   3   0   0   0  0.44 0.10
  214 P     0  -1   3   1  -3   0   3   1  -1  -3  -3   1  -2  -4   1   0   0  -4  -3  -3    6   0  25   7   0   0  29  10   0   0   0  11   0   0   8   0   4   0   0   0  0.39 0.07
  215 G     1  -1   1   2  -2   1   0   2   1  -3  -3   1  -2  -3   0   1   1  -3  -2  -2   11   0   6  17   0   7   0  18   4   0   0   9   0   0   3  15  10   0   0   0  0.25 0.04
  216 W    -4  -4  -5  -6  -4  -3  -4  -4  -4  -4  -3  -4  -3   0  -5  -4  -4  12   1  -4    0   0   0   0   0   0   0   0   0   0   0   0   0   0   0   0   0 100   0   0  3.47 0.31
  217 E    -2  -1  -1   0  -4   2   5  -3   1  -4  -3   1  -2   0  -2  -1  -2  -3  -2  -3    0   0   0   0   0   6  74   0   4   0   0  10   0   6   0   0   0   0   0   0  0.79 0.14
  218 A     4  -2  -2  -2  -1  -1   0   1  -2  -1  -1  -1   3  -2  -2   1  -1  -3  -2   0   54   0   0   0   0   0   7  10   0   0   0   0  15   0   0  10   0   0   0   4  0.33 0.10
  219 R    -2   3   1   0  -4   0   3  -3  -1  -3  -2   1  -2   2  -2  -1  -1  -2   1  -3    0  23   6   0   0   0  36   0   0   0   0   9   0  16   0   3   0   0   7   0  0.37 0.09
  220 G     4  -2  -2  -2  -2  -2  -2   4  -3  -3  -3  -2  -2  -3  -2   0  -1  -3  -3  -2   58   0   0   0   0   0   0  42   0   0   0   0   0   0   0   0   0   0   0   0  0.71 0.13
  221 S    -1   0   0   4  -3   0   2  -2  -1  -1  -3   2  -2  -3  -2   1   1  -4  -3  -1    4   0   0  32   0   0  16   0   0   5   0  22   0   0   0  11   8   0   0   3  0.35 0.07
  222 F    -2  -3  -3  -3  -2  -3  -3  -3  -2   2   0  -3   0   6  -3  -2  -2   0   2   1    1   1   0   1   0   0   1   1   0  14   1   1   0  65   1   1   1   0   0  12  0.67 0.11
  223 S     1   1   1   2  -2   1   0  -1  -1  -1  -3   0  -2  -3  -2   3   1  -3  -2  -2    7   7   7  14   0  11   0   0   0   4   0   0   0   0   0  39  11   0   0   0  0.30 0.08
  224 Q    -1   2  -1   1  -3   3   2  -2   1  -3  -3   1  -2  -3   4  -1  -1  -3  -2  -2    4  12   0   9   0  29  10   1   5   0   1   5   0   0  21   1   1   0   0   1  0.47 0.07
  225 A     2   0  -1  -2  -1  -1   0   0  -2  -1   0  -1   2  -2  -2   1   2  -3  -2  -1   32   6   0   0   0   0   4   6   0   0   8   0  10   0   0   7  25   0   0   0  0.19 0.06
  226 D    -2  -2   0   6  -4   1   2  -2  -2  -4  -4   0  -3  -4  -2  -1  -2  -5  -4  -4    0   0   0  79   0   7  10   0   0   0   0   4   0   0   0   0   0   0   0   0  1.10 0.16
  227 V    -1  -2  -3  -3  -1  -2  -2  -3  -3   2   2  -1   0  -1  -2  -2  -1  -3  -2   4    1   1   0   1   0   0   1   1   0   1  22   5   0   0   1   1   1   0   0  65  0.38 0.09
  228 H    -2  -2  -1  -2   4  -1  -2  -3   8  -3  -3  -2  -2   3  -3   0  -2  -2   1  -3    0   0   0   0  15   0   0   0  58   0   0   0   0  16   0  11   0   0   0   0  0.90 0.16
  229 R    -2   4   0  -1  -4   2   0  -2   4  -4  -3   3  -2  -3  -2   0  -1  -3  -1  -3    0  36   4   0   0   8   0   0  17   0   0  32   0   0   0   4   0   0   0   0  0.60 0.11
  230 Q    -2   0  -1  -1  -4   6   2  -1  -1  -4  -3   0  -2  -4   3  -1  -2  -3  -3  -3    0   0   0   0   0  74   7   4   0   0   0   0   0   0  15   0   0   0   0   0  0.95 0.18
  231 V    -1  -2   3  -2  -2  -2  -2  -1  -1   1  -1  -2   1   1  -3  -1   0  -1   3   2    4   0  25   0   0   0   0   3   0  10   0   0   6   4   0   0   5   0  17  26  0.19 0.07
  232 A     4  -2  -1  -2  -1  -1  -1  -1   3  -2  -2  -1   0  -3  -2   1   1  -3  -2  -1   64   0   0   0   0   0   0   0  14   0   0   0   4   0   0  11   7   0   0   0  0.46 0.12
  233 I    -2  -3  -4  -4  -2  -3  -4  -5  -4   5   3  -3   1  -1  -4  -3  -2  -3  -2   2    0   0   0   0   0   0   0   0   0  68  32   0   0   0   0   0   0   0   0   0  0.67 0.13
  234 V     0  -3  -3  -3  -1  -3  -3  -3  -3   2   0  -3   0   0  -3  -2   1  -3  -2   4    6   0   0   0   0   0   0   0   0  10   0   0   0   4   0   0  12   0   0  68  0.45 0.11
  235 F    -2  -3  -4  -4   2  -3  -4  -4  -3   0   2  -3   0   5  -4  -3  -2  -1   1   2    0   0   0   0   7   0   0   0   0   0  18   0   0  50   0   0   0   0   0  25  0.57 0.11
  236 R    -1   4  -1  -1  -4   2   2  -2  -1  -3  -3   4  -2  -4  -2  -1   0  -3  -2  -3    0  27   0   0   0   7  19   0   0   0   0  40   0   0   0   0   7   0   0   0  0.56 0.10
  237 T    -1  -2  -2  -2  -2  -2  -2  -3  -3   2  -1  -2  -1  -2  -2   0   5  -3  -2   2    0   0   0   0   0   0   0   0   0  19   0   0   0   0   0   0  64   0   0  17  0.54 0.14
  238 P    -2  -3  -3  -3  -4  -2  -2  -3  -3  -4  -4  -2  -4  -5   8  -2  -2  -5  -4  -4    0   0   0   0   0   0   0   0   0   0   0   0   0   0 100   0   0   0   0   0  2.49 0.23
  239 P    -1   1  -2  -2  -4  -1   1  -3  -2  -4  -4   0  -3  -4   7  -1  -2  -4  -3  -3    3  11   0   0   0   0  11   0   0   0   0   4   0   0  71   0   0   0   0   0  1.50 0.16
  240 Y    -3  -3  -3  -4  -3  -3  -3  -4   0  -2  -2  -3  -2   4  -4  -3  -3   1   8  -2    0   0   0   0   0   0   0   0   0   0   0   0   0  20   0   0   0   0  80   0  1.42 0.20
  241 A    -1   4  -1  -2   1   1   0  -2   6  -3  -2   1  -2  -3  -2   0  -1  -3  -1  -3    5  32   0   0   5   3   6   0  32   0   3   7   0   0   0   7   0   0   0   0  0.49 0.10
  242 D    -2  -1   4   4   1   0   1  -1  -1  -3  -3   0  -2  -3  -2   0   1  -4  -3  -3    1   0  33  39   4   0   4   1   0   0   1   7   0   0   0   1   9   0   0   1  0.55 0.09
  243 P    -1   1  -1  -2  -3   3   0  -3  -1  -1   0   2   0  -2   2  -1   1  -3  -2   0    0   6   0   0   0  24   0   0   0   0  14  24   3   0  12   0   9   0   0   8  0.26 0.07
  244 S     0   2   1   2  -3   1   2  -2   4  -3  -3   2  -2  -3  -2   0  -1  -3  -1  -3    9  18   4  15   0   3  12   0  18   0   0  13   0   0   0   8   0   0   0   0  0.34 0.06
  245 L    -2  -4  -4  -4  -2  -3  -4  -4  -4   5   2  -3   1  -1  -3  -3  -1  -3  -2   3    0   0   0   0   0   0   0   0   0  70  11   0   0   0   0   0   0   0   0  18  0.66 0.13
  246 Q    -1   1   0   2  -2   0   0  -2  -2  -2  -2  -1  -1  -3  -2   2   4  -3  -2  -1    0  10   0  14   0   5   3   0   0   0   3   0   0   0   0  14  49   0   0   3  0.36 0.10
  247 A     0   3  -1  -1  -3   2   3  -2   1  -2  -1   1  -1  -3  -2   1  -1  -3  -2  -1    5  24   0   0   0   9  26   0   3   0  10   4   0   0   0  15   0   0   0   4  0.27 0.07
  248 P    -1  -3  -2  -2  -3  -2   0  -3  -3  -4  -4  -2  -3  -4   7   0  -2  -4  -4  -3    4   0   0   0   0   0   7   0   0   0   0   0   0   0  80   9   0   0   0   0  1.77 0.18
  249 V     1  -3  -3  -4  -1  -3  -3  -3  -4   2   0  -3   0  -2  -3  -2  -1  -4  -2   5   16   0   0   0   0   0   0   0   0   3   0   0   0   0   0   0   0   0   0  82  0.60 0.14
  250 R    -1   1   2  -1   1   3   0  -2   1  -3  -3   1  -2  -3  -2   1   3  -3  -2  -2    0   5  13   0   4  23   0   0   3   0   0  12   0   0   0  14  27   0   0   0  0.33 0.08
  251 V    -1  -3  -4  -4  -2  -3  -3  -4  -4   2   0  -3   0  -2  -3  -3  -1  -4  -2   6    0   0   0   0   0   0   0   0   0   0   0   0   0   0   0   0   0   0   0 100  0.88 0.18
  252 S    -1   1   2  -1  -3   0   1   0   1  -2  -2   1  -2   3  -2   0  -1  -1   3  -2    0   7  15   0   0   3  10  10   4   0   0   8   0  19   0  10   0   0  14   0  0.20 0.06
  253 M    -2  -3  -3  -4  -2  -3  -3  -4  -3   3   2  -3   3   4  -3  -3  -1  -1   0   2    0   0   0   0   0   0   0   0   0  21  16   0  19  26   0   0   0   0   0  17  0.42 0.09
  254 Q    -2  -1  -2  -2  -3   4   1  -3   0  -2  -2   1  -1   3  -3  -2  -2   0   5  -2    0   0   0   0   0  34  11   0   0   0   0   6   0  13   0   0   0   0  36   0  0.59 0.13
  255 L    -2  -3  -4  -4  -2  -3  -3  -4  -4   1   4  -3   1  -1  -3  -3  -1  -3  -2   3    0   0   0   0   0   0   0   0   0   0  68   0   0   0   0   0   0   0   0  32  0.59 0.12
  256 R    -1   3  -1  -2   4   2  -1  -3  -2   1  -1   1  -1  -2  -2   0  -1  -3  -2   1    0  24   0   0  15  16   0   0   0  11   0  10   0   0   0   7   0   0   0  16  0.26 0.08
  257 R    -2   6   4  -1  -4   0  -1  -2  -1  -4  -3   1  -2  -4  -3  -1   1  -4  -3  -3    0  64  26   0   0   0   0   0   0   0   0   0   0   0   0   0  10   0   0   0  0.80 0.15
  258 P    -1  -1   1  -1  -2  -1  -1  -2  -1  -1   0   1  -1  -2   5  -1  -1  -2  -2  -1    2   1  11   1   1   1   2   2   1   5  11  16   1   1  38   2   2   0   1   2  0.53 0.06
  259 S     1   0   0  -1  -2  -1  -1   3  -2  -3  -3   0  -2  -3  -2   3   2  -3  -3  -2   10   6   0   0   0   0   0  26   0   0   0   4   0   0   0  41  13   0   0   0  0.40 0.09
  260 D    -2   1   0   5  -4  -1   0   2  -2  -4  -4   2  -3  -4  -2  -1  -2  -4  -3  -4    0   7   0  54   0   0   0  20   0   0   0  19   0   0   0   0   0   0   0   0  0.67 0.12
  261 R    -1   4  -1   0  -4   1  -1   3  -1  -3  -2   1  -2  -3  -3  -1  -2  -3  -3  -3    0  47   0   7   0   8   0  30   0   0   4   3   0   0   0   0   0   0   0   0  0.53 0.11
  262 E     0   0  -1   1  -3   1   3  -2  -1  -1  -2   2  -2  -3  -2   1  -1  -3  -2   0   10   0   0  10   0   3  27   0   0   4   0  26   0   0   0  10   0   0   0  10  0.26 0.07
  263 L    -1   4  -1  -2   2   0  -1  -3   2  -1  -1   1  -1  -2  -3  -1   1  -3  -2   1    0  40   0   0   6   0   0   0  10   0   5   4   0   0   0   0  15   0   0  21  0.31 0.09
  264 S     0  -1   0  -1  -2  -1  -1  -1  -2  -3  -3  -1  -2  -3  -1   5   1  -3  -2  -2    1   0   0   1   0   0   1   1   0   0   1   1   0   0   1  91   1   0   0   1  0.76 0.16
  265 E     0   0  -1   3  -4   3   3  -2  -1  -3  -3   0  -2   0   2  -1  -1  -3  -2  -3    6   3   0  20   0  19  34   0   0   0   0   0   0   7  11   0   0   0   0   0  0.47 0.09
  266 P     0  -2  -2  -2  -2  -2  -2   0  -2  -2  -2  -2  -2  -2   5   1   1  -2   2   0    5   0   0   0   0   0   0   7   0   0   0   0   0   0  41  19   7   0  11  10  0.67 0.10
  267 M    -2   0  -2  -2   1   4   0  -3  -1  -1   2   2   4  -2  -3  -1  -1  -3  -2  -1    0   0   0   0   3  36   0   0   0   0  27  14  19   0   0   0   0   0   0   0  0.36 0.11
  268 E    -1   1  -1   1  -3   1   1  -2   2  -4  -3  -1  -3  -4   6   0  -1  -4  -2  -3    0   9   0  11   0  10   7   0   9   0   0   0   0   0  45   7   0   0   0   0  0.86 0.11
  269 F    -3  -4  -4  -5  -3  -4  -4  -4  -2  -1  -1  -4  -1   8  -5  -3  -3   0   3  -2    0   0   0   0   0   0   0   0   0   0   0   0   0  97   0   0   0   0   3   0  1.46 0.21
  270 Q    -1   3  -1  -1  -2   1   1  -3  -2  -2  -1   1  -1  -3  -2   0   4  -3  -2  -1    0  22   0   0   0   7  11   0   0   0   4   4   0   0   0   0  48   0   0   4  0.38 0.10
  271 Y    -3  -3  -3  -4  -4  -3  -3  -4   1  -2  -2  -3  -2   3  -4  -3  -3   1   8  -2    0   0   0   0   0   0   0   0   0   0   0   0   0   7   0   0   0   0  93   0  1.61 0.22
  272 L    -2  -2  -2  -3  -2  -1  -2  -3   2   0   3   0   2   0  -3  -2   0  -1   2   1    0   0   0   0   0   0   0   0   8   0  46   8   8   0   0   0  10   0  12   8  0.24 0.06
  273 P    -2  -2  -2  -1  -4  -1   3  -3  -2  -4  -4  -1  -3  -4   7  -1  -2  -4  -4  -3    0   0   0   0   0   0  25   0   0   0   0   0   0   0  75   0   0   0   0   0  1.71 0.14
  274 D     0   2   1   2  -2   0   1  -2  -1  -1  -2   0  -1  -3  -2   0   2  -3  -2   1    7  20   7  20   0   0   7   0   0   0   0   0   0   0   0   0  22   0   0  17  0.21 0.06
  275 G    -1  -2   2  -1  -3  -1  -1   2  -2  -3  -3  -1  -3  -4   5   1   1  -4  -3  -3    0   0  13   0   0   0   0  21   0   0   0   0   0   0  41  15  10   0   0   0  0.77 0.08
  276 S     1  -2   0   2  -2  -1   1   0  -2   0  -2  -1  -1  -2  -2   2   0  -3  -2   0   20   0   0  16   0   0  11   8   0   8   0   0   0   0   0  26   0   0   0  11  0.18 0.04
  277 L     0   1   0  -2  -2  -1  -2  -3  -2   2   2  -1   0  -1   1  -1  -1  -3  -2   1    9  16   9   0   0   0   0   0   0  24  26   0   0   0   7   0   0   0   0   9  0.14 0.05
  278 S     0   0  -1  -2  -2  -1  -1   2  -2  -1   0   1  -1  -2   1   1  -1  -3  -2   1    6   6   0   0   0   0   0  20   0   0  10  18   0   0   8  15   0   0   0  18  0.14 0.05
  279 S     1  -2  -1  -1  -1  -1  -1   2  -2   0  -1  -1  -1  -2  -1   3   1  -2  -2   0    7   1   1   1   0   1   1  22   0   9   1   1   0   0   1  37   7   0   0  11  0.22 0.06
  280 G     0  -1  -1   0  -2   0   3   0  -1  -1  -1   1  -1   2  -2  -1  -1  -2   0   0   12   1   1   1   0   1  33   8   0   1   1   9   0  19   1   1   1   0   0  10  0.15 0.05
  281 S    -1  -2  -2  -2  -2  -1  -2  -2  -2   0   2  -1   0   2   4   0  -1  -1   0  -1    2   1   1   1   0   1   1   2   0   1  35   1   0  14  27   9   1   0   1   1  0.35 0.05
  282 S     0  -1   2   0  -1  -1  -1   2  -1  -2  -2  -1  -1  -2  -1   2   2  -2  -2  -1    2   1  18   1   0   1   1  14   0   1   2   1   0   1   1  33  19   0   1   1  0.27 0.05
  283 L    -1  -1  -1  -1  -1  -1   0  -2  -2   1   2  -1   2  -1  -2   1   1  -2  -1   1    1   1   1   1   0   1  10   1   0   1  28   1  12   1   1  13  11   0   1  16  0.11 0.04
  284 S     0  -2   2  -1  -2  -1  -1  -2  -2  -3  -3  -1  -2  -4   4   4   2  -4  -3  -2    0   0  13   0   0   0   0   0   0   0   0   0   0   0  20  52  15   0   0   0  0.66 0.18
  285 S     2  -2  -1   1  -2  -1   1   0  -2   1  -1  -1  -1  -2  -2   1  -1  -3  -2   2   27   0   0   9   0   0  15   7   0   8   0   0   0   0   0  13   0   0   0  21  0.17 0.09
  286 P    -2  -2  -3  -2  -4  -1   1  -3  -3  -3  -3   1  -3  -4   7  -2  -2  -5  -4   0    0   0   0   0   0   0   9   0   0   0   0  13   0   0  69   0   0   0   0   9  1.49 0.23
  287 S     1  -1  -1  -2  -2  -1  -1   1   5  -2  -3   0  -2  -3   1   3   1  -4  -2   0    8   0   0   0   0   0   0   9  20   0   0   8   0   0   8  34   6   0   0   8  0.35 0.17
  288 A     2  -2  -1   2   3  -1   2   1  -2   0  -2  -1  -2   0  -2   1  -1  -3  -2  -2   22   0   0  16  10   0  16  10   0   7   0   0   0   6   0  12   0   0   0   0  0.24 0.14
  289 G     1  -3  -2   1  -3  -2   0   3  -3   1   1  -2  -1  -2   2  -1  -2  -3  -3  -1   12   0   0   9   0   0   7  26   0  16  17   0   0   0  14   0   0   0   0   0  0.26 0.14
  290 A     0   1   1   1  -3   1   1  -2   2  -2  -1  -1  -2  -2   1   1   1  -3   1  -2    8   8   8   8   0   8   8   0   8   0   8   0   0   0   8   8   8   0   8   0  0.18 0.14
  291 A     2  -3  -2  -2  -3  -2   2   2  -3  -4  -4  -2  -3  -4   4   2  -1  -4  -4  -3   22   0   0   0   0   0  14  20   0   0   0   0   0   0  25  18   0   0   0   0  0.65 0.21
  292 P    -1   1  -1  -1  -3   2   1  -2  -1  -2   0   2  -1  -3   5  -1  -1  -3  -2  -2    0   9   0   0   0  16   9   0   0   0  13  20   0   0  32   0   0   0   0   0  0.55 0.08
  293 R     1   2   0  -1  -1   0   0  -1  -1  -2  -2   2  -1  -2  -1   2   0  -2  -1  -1   22  21   1   1   0   1   1   1   0   1   2  21   0   1   1  21   1   0   1   1  0.21 0.02
  294 V    -1   2  -2  -2  -2  -1  -1  -2  -2   0   1  -1   2  -1   3  -1  -1  -2  -2   1    1  19   1   1   0   1   1   1   0   1  23   1  10   0  21   1   1   0   0  18  0.27 0.06
  295 L    -1   4  -1  -2  -2   0  -1  -2  -1   0   1   2   0  -2   2  -1   0  -3  -2  -1    1  35   0   0   0   0   0   1   0  10  18  14   0   0  10   0  10   0   0   0  0.25 0.07
  296 F    -2  -2  -3  -3   5  -2  -3  -3  -3   2   2   0   2   2   1  -2  -1  -2  -1   0    0   0   0   0  20   0   0   0   0  19  19  10  10  14   8   0   0   0   0   0  0.29 0.08
  297 G    -1   3  -1  -2  -3   0  -1   2  -1  -2   0   2  -1  -2  -2   1  -1  -3  -2  -2    0  29   0   0   0   0   0  21   0   0  16  21   0   0   0  14   0   0   0   0  0.29 0.09
  298 E    -1  -2   1   1  -3   1   1  -2  -2  -3  -3  -1  -3  -4   6   0  -1  -4  -3  -3    0   0   7  10   0  11  10   0   0   0   0   0   0   0  56   7   0   0   0   0  1.10 0.13
  299 W     1  -3  -3  -4  -2  -2  -3  -2  -2  -2  -2  -3  -2   0  -3  -2  -2  10   3   0   15   1   0   1   0   0   1   1   0   1   1   1   0   0   1   1   1  58  11   8  1.50 0.21
  300 L    -2  -2  -2  -3  -2  -2  -2  -3   2   2   3  -2   1   2  -3  -2  -1  -1   2   1    1   1   0   1   0   0   1   1  10  13  45   1   0   8   1   1   1   0  11   6  0.26 0.08
  301 L    -1  -2  -2  -2  -1  -1   0   0  -2   2   2  -2   0  -1  -2   0  -1  -2  -2   2    1   1   0   1   0   0   8  11   0  13  25   1   0   0   1  12   1   0   0  25  0.11 0.05
  302 G     0  -1   0   2   1   2   2   2  -1  -2  -2   0   0  -3  -1   1  -1  -3  -2  -2    7   1   4  16   5  11  17  20   0   1   1   1   6   0   1   9   1   0   0   1  0.23 0.06
  303 E     0   0  -1  -1  -3   5   2  -2   3  -2   0   0  -1  -3  -2  -1  -1  -2  -1  -2    6   0   0   0   0  57   9   1  12   0  10   0   0   0   0   1   0   0   0   1  0.55 0.15
  304 I    -1  -3  -3  -4  -2  -3  -3   0  -3   3   2  -3   1   2  -3  -2  -1  -2  -1   3    0   0   0   0   0   0   0  10   0  24  21   0   0  12   0   0   0   0   0  33  0.30 0.09
  305 S     1  -1   3   3  -2  -1   1  -1  -1  -2  -1  -1  -2  -3  -2   2   0  -3  -2  -2   10   0  19  21   0   0   8   0   0   0  12   0   0   0   0  31   0   0   0   0  0.30 0.10
  306 S     0   0  -1  -1  -2   3   0  -2  -1  -2  -1  -1   2  -3   2   3   0  -3  -2  -2    0   4   0   0   0  20   0   0   0   0   5   0  10   0  12  50   0   0   0   0  0.39 0.14
  307 G    -1  -3   1  -2   1  -2  -1   5  -2  -4  -4  -2  -3  -4   3   0  -2  -3  -3  -3    0   0   8   0   5   0   2  61   0   0   0   0   0   0  20   4   0   0   0   0  0.82 0.14
  308 C    -1  -1  -1  -2   2   3   0  -3   4  -2   0   0   1  -1   2  -1  -1  -2   2  -2    0   0   0   0   6  27   4   0  15   0  14   7   4   0  10   0   3   0  10   0  0.26 0.10
  309 Y    -2  -2   1   1  -3  -2  -2  -3   0   0   0  -2  -1   3  -3   0  -1   0   5  -1    0   0   8  10   0   0   0   0   0   8  11   0   0  11   0  12   0   0  40   0  0.38 0.12
  310 E    -1   0  -2  -1  -3  -1   2  -3  -2  -4  -4  -1  -3  -4   7   1  -1  -4  -3  -3    0   5   0   0   0   0  20   0   0   0   0   0   0   0  63  12   0   0   0   0  1.33 0.19
  311 G     0  -2  -1  -2  -3   2  -2   5  -2  -4  -4  -1  -3  -4  -2   1  -2  -3  -3  -3    0   0   0   0   0  13   0  74   0   0   0   0   0   0   0  13   0   0   0   0  0.92 0.14
  312 L    -1  -2  -2  -3  -2  -2  -2  -3   3   1   3  -2   1  -1  -3   0  -1  -3  -1   2    0   0   0   0   0   0   0   0  13   0  51   0   0   0   0  13   0   0   0  23  0.29 0.10
  313 Q     1  -2  -2  -2   6   2   0  -2  -2   1  -1  -1  -1  -2   2  -1  -1  -3  -2   0   14   0   0   0  28  16   4   0   0  18   0   3   0   0  13   0   0   0   0   5  0.37 0.09
  314 W    -3  -3  -5  -5  -3  -3  -4  -4  -3  -2   1  -4   3   0  -4  -4  -3  11   1  -2    0   0   0   0   0   0   0   0   0   0  13   0  13   0   0   0   0  74   0   0  2.18 0.23
  315 L    -1  -2  -2   1  -2  -1   1  -3  -3   2   3  -2   1  -1  -3  -2  -1  -3  -2   2    0   0   0   9   0   0  16   0   0  13  40   0   0   0   0   0   0   0   0  23  0.24 0.07
  316 D     2  -2   4   4  -3  -1   0   0   1  -3  -3  -1  -3  -3  -2   0  -1  -4  -3  -3   26   0  35  31   0   0   0   4   4   0   0   0   0   0   0   0   0   0   0   0  0.50 0.10
  317 E     0   0  -1   1  -3   1   4   2  -1  -3  -3   1  -2  -4   1   0   0  -3  -3  -3    4   4   0   3   0   0  46  20   0   0   0  13   0   0   6   0   4   0   0   0  0.43 0.09
  318 A     1  -1  -1   2  -2   0   3   0  -1  -2  -2  -1  -2   1  -2   2  -1  -2  -1  -2   18   0   0  13   0   0  29   4   0   0   0   0   0  13   0  23   0   0   0   0  0.28 0.07
  319 R    -1   4  -1  -2  -4   0   0  -2   1  -3  -3   3  -2  -4   4   0  -1  -4  -2  -3    0  29   0   0   0   0   4   0   4   0   0  34   0   0  26   4   0   0   0   0  0.67 0.10
  320 T     0   1  -1  -1  -2  -1  -1  -2  -2  -2  -2   1   1  -3   3   2   3  -3  -2  -1    0   6   0   0   0   0   0   0   0   0   0  14   7   0  13  20  40   0   0   0  0.38 0.09
  321 C    -1   2  -3  -3   6  -2  -3  -3  -3   2   1  -1   3  -2  -3  -2  -1  -3  -2   1    0  21   0   0  32   0   0   0   0  18   7   0  16   0   0   0   0   0   0   5  0.46 0.11
  322 F    -3  -3  -4  -4  -3  -4  -4  -4  -2   0   2  -4   0   7  -4  -3  -3   0   2  -1    0   0   0   0   0   0   0   0   0   0  18   0   0  82   0   0   0   0   0   0  0.97 0.13
  323 R    -2   5  -1  -2   0   2  -1  -3  -1  -2  -1   1   3  -2  -3  -1  -2  -2   1  -2    0  58   0   0   3  15   0   0   0   0   0   0  18   0   0   0   0   0   6   0  0.55 0.10
  324 V     1  -3  -3  -3  -2  -3  -3  -3  -3   5   1  -3   0  -1  -3  -2  -1  -3  -2   2   18   0   0   0   0   0   0   0   0  71   0   0   0   0   0   0   0   0   0  11  0.45 0.09
  325 P    -2  -3  -3  -2  -4  -2  -2  -3  -3  -4  -4  -2  -3  -5   8  -2  -2  -5  -4  -3    0   0   0   0   0   0   0   0   0   0   0   0   0   0 100   0   0   0   0   0  2.38 0.17
  326 W    -3  -4  -5  -5   5  -3  -4  -3  -3  -3  -3  -4  -2   0  -5  -3  -3  11   1  -3    0   0   0   0  17   0   0   0   0   0   0   0   0   0   0   0   0  83   0   0  2.56 0.19
  327 K    -1   3  -1  -1  -4   3   0  -2  -1  -3  -3   5   0  -3  -2  -1  -1  -3  -2  -3    0  10   0   0   0  17   0   0   0   0   0  69   4   0   0   0   0   0   0   0  0.63 0.10
  328 H    -2  -1   0  -2  -4   3   0  -3   9  -4  -4  -1  -2  -2  -3  -1  -2  -3   1  -4    0   0   0   0   0  17   0   0  83   0   0   0   0   0   0   0   0   0   0   0  1.29 0.16
  329 F     3  -2   0  -2  -2  -2  -2   2  -2  -2  -1  -2  -1   3  -2   0  -1  -2   0  -1   50   0   7   0   0   0   0  15   0   0   0   0   0  28   0   0   0   0   0   0  0.31 0.07
  330 A     2  -2  -1  -2  -1  -1  -1   3  -2  -1   0  -1  -1  -2  -1   0   1  -2  -2  -1   27   1   1   1   0   1   1  28   0   1  16   1   0   1   1   1  16   0   1   1  0.20 0.03
  331 R    -2   6  -1  -2  -4   1   0  -3  -1  -4  -3   4  -2  -4  -2  -1  -2  -3  -2  -3    0  70   0   0   0   0   0   0   0   0   0  30   0   0   0   0   0   0   0   0  0.88 0.11
  332 K    -1   1   0  -1  -3   4   1  -2   5  -3  -3   2  -2  -3  -2   1  -1  -3  -1  -3    0   4   0   0   0  38   0   0  27   0   0  14   0   0   0  17   0   0   0   0  0.52 0.09
  333 D    -1  -2   0   5  -3  -1   0   4  -2  -4  -4  -1  -3  -4  -2   0  -2  -4  -4  -4    0   0   0  56   0   0   0  39   0   0   0   0   0   0   0   5   0   0   0   0  0.79 0.09
  334 L     0  -2  -3  -3  -2  -2  -2  -3  -2   0   2  -2   0   2   3  -2  -1   5   3   0   15   0   0   0   0   0   0   0   0   0  28   0   0   9  15   0   0  12  14   7  0.35 0.05
  335 S     0   1   2   2  -2   3   0  -1  -1  -3  -3   0  -2  -3  -2   2   1  -3  -2  -2    0   9  14  16   0  20   0   0   0   0   0   0   0   0   0  34   7   0   0   0  0.37 0.06
  336 E    -1   0   1   1  -3   3   4  -2  -1  -3  -3   0   0  -3  -2   2   0  -3  -2  -2    0   0   4   3   0  26  39   0   0   0   0   0   4   0   0  24   0   0   0   0  0.48 0.08
  337 A     1   0  -1   0  -3   2   3   1  -1  -3  -3   1  -2  -3   3   0  -1  -3  -2  -2   11   0   0   0   0   9  34  10   0   0   0  12   0   0  17   7   0   0   0   0  0.43 0.05
  338 D    -2  -2   1   7  -4  -1   2  -2  -2  -4  -4  -1  -4  -4  -2  -1  -2  -5  -4  -4    0   0   0  95   0   0   5   0   0   0   0   0   0   0   0   0   0   0   0   0  1.26 0.13
  339 A     4  -2   2  -2  -1  -1  -2  -1  -2  -1  -2  -1  -1   2  -2   0  -1  -2  -1   0   63   0  15   0   0   0   0   0   0   0   0   0   0  15   0   0   0   0   0   7  0.31 0.08
  340 R     1   2  -1  -1   2   0   0   1  -1  -2  -2   0  -2  -3   0   1   1  -3  -2  -2   15  24   0   0   7   4   7  15   0   0   0   0   0   0   4   8  15   0   0   0  0.22 0.04
  341 I    -2  -3  -4  -4  -2  -3  -4  -4  -3   5   2  -3   1   1  -3  -3  -1  -2  -1   2    0   0   0   0   0   0   0   0   0  73  23   0   0   5   0   0   0   0   0   0  0.51 0.07
  342 F    -3  -3  -4  -4  -3  -4  -4  -4  -2  -1   0  -4  -1   7  -4  -3  -3   0   2  -1    0   0   0   0   0   0   0   0   0   0   0   0   0 100   0   0   0   0   0   0  1.19 0.12
  343 K    -1   3  -1  -1  -4   3   1  -2  -1  -3  -3   5  -2  -4  -2  -1  -1  -3  -2  -3    0  16   0   0   0  17   0   0   0   0   0  67   0   0   0   0   0   0   0   0  0.64 0.08
  344 A     4  -2   0  -2  -1  -1  -1   0  -2  -2  -2  -1  -1  -3  -1   2   0  -3  -2  -1   84   0   5   0   0   0   0   0   0   0   0   0   0   0   0  10   0   0   0   0  0.51 0.08
  345 W    -3  -4  -5  -5  -3  -3  -4  -3  -3  -4  -3  -4  -2   0  -5  -4  -3  12   1  -4    0   0   0   0   0   0   0   0   0   0   0   0   0   0   0   0   0 100   0   0  3.04 0.18
  346 A     5  -2  -2  -2  -1  -1  -1   0  -2  -2  -2  -1  -1  -3  -1   1  -1  -3  -2  -1  100   0   0   0   0   0   0   0   0   0   0   0   0   0   0   0   0   0   0   0  0.66 0.10
  347 V    -1  -1  -2  -2  -2  -1   1  -3  -2   2   1   1   0  -1  -2  -2  -1  -3  -2   3    0   0   0   0   0   0  13   0   0  21  12  18   0   0   0   0   0   0   0  37  0.17 0.04
  348 A     2  -2  -1  -1  -2  -1   1  -1   3  -2  -1  -1  -1   3  -2   0  -1  -2   1  -1   40   0   0   0   0   0  18   0  16   0   0   0   0  26   0   0   0   0   0   0  0.26 0.06
  349 R     0   2   0  -1  -2   0   0  -2  -1  -2  -2   3  -1  -3  -1   2   3  -3  -2  -1    0  17   0   0   0   0   0   0   0   0   0  26   0   0   0  19  37   0   0   0  0.36 0.05
  350 G     0  -3  -1  -2  -3  -2  -1   6  -2  -4  -4  -2  -3  -4  -3  -1  -2  -3  -4  -4    0   0   0   0   0   0   5  95   0   0   0   0   0   0   0   0   0   0   0   0  1.18 0.09
  351 R     1   4  -1  -2  -3   1   0  -2  -1  -3  -3   4  -2  -3  -2   0  -1  -3  -2  -2   17  34   0   0   0   0   0   0   0   0   0  49   0   0   0   0   0   0   0   0  0.52 0.07
  352 W    -2  -2  -2  -4  -3  -2  -3  -3   3  -2  -1  -3  -1   4  -4  -2  -2   6   6  -2    0   0   0   0   0   0   0   0  11   0   0   0   0  16   0   0   0  17  56   0  1.00 0.09
  353 P     0  -1   0  -1  -1   1   0  -1  -1  -1  -1   0  -1  -1   3   0   2  -1  -1   0    3   2   2   2   1  13   3   3   1   2   4   2   1   2  19   3  27   1   1   7  0.24 0.02
  354 P    -1  -1  -1   0  -2   0   2  -1  -1  -2  -2   0  -1  -2   5   0  -1  -2  -1  -1    3   2   2   2   1   2  20   3   1   2   4   2   1   2  42   3   2   1   1   3  0.61 0.03
  355 S     0   0   0   0  -1   0   0   2   0  -1  -1   0  -1  -1   0   1   0  -1  -1  -1    6   4   3   4   1   3   4  17   2   4   6   4   2   3   4  22   4   1   2   5  0.08 0.00
  356 S     0   0   1   0  -1   0   0   0   0  -1  -1   0   0  -1   0   1   0   0   0   0    6   4  11   4   2   4   5   6   2   4   7   5   2   3   4  16   5   1   3   5  0.04 0.00
  357 R     0   2   0   0  -1   0   0  -1   0  -1   0   1   0  -1   0   0   0  -1  -1  -1    5  20   3   4   1   3   4   5   1   3  13  14   1   3   3   5   4   1   2   4  0.06 0.00
  358 G     0   0   0   0  -1   0   1   1  -1  -1  -1   0  -1  -1   2   0   0  -1  -1   0   10   3   3   4   1   3  11  15   1   3   6   4   1   3  11   5   4   1   2   9  0.08 0.00
  359 G     0  -1   0  -1  -2  -1  -1   5  -1  -2  -2  -1  -2  -2   1   0  -1  -1  -2  -2    3   2   2   2   1   2   2  58   1   2   3   2   1   1   9   3   2   0   1   2  0.48 0.03
  360 G     0   0  -1  -1  -1   0   1   1  -1   0  -1   1  -1  -1   2   0   0  -2  -1   0    3   6   2   2   1   2  13  13   1  14   3  15   1   1   9   3   2   0   1   9  0.07 0.01
  361 P    -1   0   0   4  -2   0   1  -1  -1  -2  -2   1  -2  -2   2   0  -1  -2  -2  -2    3   2   2  38   1   2  10   3   1   2   3  12   1   1  12   3   2   0   1   2  0.32 0.02
  362 P     0   0   0   2  -2   0   1  -1  -1  -2  -2   2  -1  -2   2   0   0  -2  -1  -1   10   2   2  13   1   2   8   3   1   2   3  32   1   1  12   3   2   0   1   2  0.20 0.02
  363 P    -1  -1  -1  -1  -3   0   1  -2  -2  -2  -2   2  -2  -3   6  -1  -1  -3  -2  -2    1   1   1   1   0   1   8   1   0   1   2  20   0   1  57   1   1   0   1   1  1.00 0.06
  364 E     0  -1   0   5  -3   0   3  -1  -1  -3  -3   0  -2  -3  -1   0  -1  -3  -2  -2    8   1   1  52   0   0  31   1   0   1   1   1   0   0   1   1   1   0   0   1  0.61 0.05
  365 A     1  -2  -2  -2  -2  -2  -2   2  -2   0   0  -2  -1  -2   4  -1  -1  -3  -2   1   17   0   0   0   0   0   0  26   0   0  13   0   0   0  23   0   0   0   0  16  0.34 0.03
  366 E    -1   0   1   4  -3   0   2  -2  -1  -3  -3   1  -2  -3   3   0  -1  -3  -3  -3    0   0   7  31   0   0  17   0   0   0   1  16   0   0  20   5   0   0   0   0  0.52 0.04
  367 T     0   1  -1  -1  -2   0   1  -2  -1   0  -2   1  -1  -2  -1   1   4  -3  -2  -1    7   7   0   0   0   0  12   0   0   5   1   9   0   0   0   0  55   0   0   0  0.29 0.05
  368 A     2   1  -1  -1  -1   0   1   1  -1  -1  -1   0  -1  -1   0   0   0  -1  -1  -1   34  10   2   2   1   2   9  13   1   2   4   3   1   2   2   3   3   1   1   3  0.11 0.01
  369 E    -1   0   0   3  -2   1   3   0   1  -2  -2   0  -1  -2   0   0  -1  -1  -1  -1    4   2   2  20   1   2  29   8   6   2   4   3   1   2   2   3   3   1   1   3  0.20 0.01
  370 R    -1   2  -1  -1  -2   0  -1  -1  -1  -2  -2   0  -1  -2   6  -1  -1  -2  -1  -1    3  19   2   2   1   2   2   3   1   2   4   2   1   2  45   3   2   1   1   3  0.68 0.03
  371 A     3   1  -1  -1  -1   0   0   0  -1  -1  -1   0  -1  -1   0   1   0  -1  -1   0   56   9   2   2   1   2   2   3   1   2   4   2   1   2   2   3   2   1   1   3  0.19 0.02
  372 G     0   0   0  -1  -1   0   0   2  -1  -1  -1   2  -1  -1  -1   0   1  -1  -1   0    3   2   2   2   1   2   2  20   1   2   4  26   1   2   2   3  11   1   1  13  0.10 0.01
  373 W    -3  -4  -5  -5  -3  -3  -4  -3  -3  -4  -3  -4  -2   0  -5  -4  -3  12   1  -4    0   0   0   0   0   0   0   0   0   0   0   0   0   0   0   0   0 100   0   0  3.04 0.18
  374 K    -1   2  -1  -1  -4   1   0  -2  -1  -3  -3   6  -2  -4  -2  -1  -1  -4  -2  -3    0   0   0   0   0   0   0   0   0   0   0 100   0   0   0   0   0   0   0   0  0.84 0.11
  375 T     2   2  -1  -2  -1  -1  -1  -1  -2  -2  -2   0  -1  -3  -2   1   4  -3  -2  -1   33  17   0   0   0   0   0   0   0   0   0   0   0   0   0   0  50   0   0   0  0.37 0.07
  376 N    -2   3   6   0  -3   1   0  -1   0  -4  -3   0  -2  -4  -2   0  -1  -4  -2  -3    0  26  68   0   0   6   0   0   0   0   0   0   0   0   0   0   0   0   0   0  0.73 0.09
  377 F    -2  -3  -4  -4  -2  -3  -4  -4  -2   0   3  -3   1   5  -4  -3  -2   0   1   0    0   0   0   0   0   0   0   0   0   0  44   0   0  56   0   0   0   0   0   0  0.64 0.07
  378 R    -2   7  -1  -2  -4   0  -1  -3  -1  -4  -3   2  -2  -3  -3  -1  -2  -3  -2  -3    0 100   0   0   0   0   0   0   0   0   0   0   0   0   0   0   0   0   0   0  1.11 0.12
  379 C    -1  -3  -2  -3   9  -3  -3  -3  -3  -2  -2  -3  -2  -3  -3   1  -1  -3  -3  -2    0   0   0   0  83   0   0   0   0   0   0   0   0   0   0  17   0   0   0   0  1.42 0.12
  380 A     5  -2  -2  -2  -1  -1  -1   0  -2  -2  -2  -1  -1  -3  -1   1  -1  -3  -2  -1  100   0   0   0   0   0   0   0   0   0   0   0   0   0   0   0   0   0   0   0  0.66 0.10
  381 L    -2  -2  -4  -4  -2  -2  -3  -4  -3   1   4  -3   4   0  -3  -3  -2  -2  -1   0    0   0   0   0   0   0   0   0   0   0  84   0  16   0   0   0   0   0   0   0  0.59 0.08
  382 R    -2   2   6   0  -3   0  -1  -1   2  -4  -4   0  -3  -3  -3   0  -1  -4  -2  -3    0  16  77   0   0   0   0   0   7   0   0   0   0   0   0   0   0   0   0   0  0.79 0.09
  383 S     0   3   0  -1  -2   0   0  -1  -1  -3  -3   4  -2  -3  -1   3   0  -3  -2  -2    0  17   0   0   0   0   0   0   0   0   0  44   0   0   0  39   0   0   0   0  0.45 0.07
  384 T     0  -1   0  -1  -2   0  -1  -1  -2  -1   0   1  -1  -2  -1   3   2  -3  -2  -1    0   0   0   0   0   0   0   0   0   0  16  17   0   0   0  44  23   0   0   0  0.26 0.05
  385 R    -1   3   1  -1  -3   0   2   0   2  -3  -3   0  -2  -3   4   0  -1  -3  -2  -3    0  28   7   0   0   0  17   7   6   0   0   0   0   0  25  10   0   0   0   0  0.47 0.04
  386 R    -1   2   0   4  -3   0   2  -1  -1  -2  -2   0   0  -3  -2  -1  -1  -4  -3  -1    4  17   0  43   0   0  16   4   0   0   0   0   6   0   0   0   0   0   0   9  0.37 0.05
  387 F    -2  -3  -4  -4  -2  -3  -4  -4  -2   2   2  -3   0   6  -4  -3  -2   0   2   0    0   0   0   0   0   0   0   0   0  16  17   0   0  67   0   0   0   0   0   0  0.68 0.08
  388 V    -1   3   0   0  -3   1   3  -2  -1   0  -1   1   1  -2  -2  -1  -1  -3  -2   0    0  25   6   0   0   4  37   0   0   7   0   5   6   0   0   0   0   0   0  10  0.28 0.04
  389 M    -2  -1  -2  -1  -2   0   3  -3  -2   0   3  -1   2  -1  -2  -2  -1  -2  -2   0    0   0   0   0   0   0  42   0   0   0  48   0  10   0   0   0   0   0   0   0  0.33 0.06
  390 L     1   0  -3  -3  -1  -2  -2  -3  -3   2   2  -2   2   0  -2  -1  -1  -2  -1   2   17   7   0   0   0   0   0   0   0   8  23   0   6   4   0   0   0   0   0  35  0.18 0.03
  391 R     0   1  -1  -1  -3   1   2  -2   0  -2  -2   2  -1  -1   2   0   0  -1   3  -1    4  10   0   0   0   7  19   0   0   0   0  16   0   0  10   0   9   0  18   7  0.23 0.03
  392 D    -2  -2   1   6  -4   0   3  -2  -1  -4  -4  -1  -3  -4  -2  -1  -2  -5  -3  -4    0   0   0  83   0   0  17   0   0   0   0   0   0   0   0   0   0   0   0   0  1.05 0.09
  393 N    -1   4   3  -1  -3   1   0   2   2  -4  -3   1  -2  -3  -2  -1  -1  -3  -2  -3    0  42  21   0   0   5   0  18   9   0   0   5   0   0   0   0   0   0   0   0  0.45 0.05
  394 S     0  -1   0  -1  -2  -1  -1   1  -2  -3  -3  -1  -2  -3   2   4   1  -3  -2  -2    0   0   0   0   0   0   0  10   0   0   0   0   0   0  12  72   6   0   0   0  0.52 0.08
  395 G    -1   3  -1  -1  -3   2   0   1  -1  -1  -2   3  -1  -3  -2  -1  -1  -3  -2  -2    0  27   0   0   0  16   0  17   0  10   0  30   0   0   0   0   0   0   0   0  0.33 0.05
  396 D    -2  -2   2   6   2   0   1  -2  -1  -3  -4   0  -3  -4  -2  -1  -1  -4  -3  -3    0   0  10  72   6   0   6   0   0   0   0   5   0   0   0   0   0   0   0   0  0.81 0.08
  397 P    -1  -1   0  -2  -3  -1  -1  -2  -2   1  -1   1  -1  -3   6   0  -1  -4  -3   0    0   0   6   0   0   0   0   0   0  16   0  16   0   0  47   4   0   0   0  10  0.73 0.06
  398 A     1  -1  -1   0  -2   0  -1   2   2  -1  -2  -1   0  -2   2   1   0  -2   0  -1   20   0   0   6   0   4   0  16   8   0   0   0   6   0  12  16   0   0   4   7  0.18 0.02
  399 D    -1  -1   2   5  -3   2   3  -2  -1  -3  -4   0  -3  -4  -2   1  -1  -4  -3  -3    0   0  12  47   0  12  19   0   0   0   0   0   0   0   0  10   0   0   0   0  0.61 0.06
  400 Q     0  -2  -2  -2  -3   0  -1  -2  -2  -3  -3  -1  -3  -4   7   0  -1  -4  -3  -3    5   0   0   0   0   5   0   0   0   0   0   0   0   0  79  10   0   0   0   0  1.64 0.10
  401 H     0  -2  -1  -3  -3  -1  -1  -3   6  -2  -2  -2  -1   2  -3  -1  -2   0   5  -1   10   0   0   0   0   0   0   0  40   0   0   0   0   5   0   0   0   0  38   6  0.64 0.08
  402 K    -1   3  -1  -1  -4   1   0  -2  -1  -3  -3   5  -2  -4  -2  -1  -1  -3  -2  -3    0  16   0   0   0   0   0   0   0   0   0  84   0   0   0   0   0   0   0   0  0.74 0.09
  403 V    -1  -3  -3  -4  -1  -3  -3  -4  -4   3   1  -3   0  -1  -3  -2  -1  -3  -2   4    0   0   0   0   0   0   0   0   0  27   0   0   0   0   0   0   0   0   0  73  0.53 0.08
  404 Y    -2  -2  -3  -4  -3  -2  -3  -4   1  -2  -2  -3  -2   2  -4  -2  -2   2   8  -2    0   0   0   0   0   0   0   0   0   0   0   0   0   0   0   0   0   0 100   0  1.39 0.14
  405 A     1   4  -1   0  -3   2   3  -2  -1  -3  -3   1  -2  -3  -2   0  -1  -3  -2  -2   16  37   0   0   0  11  36   0   0   0   0   0   0   0   0   0   0   0   0   0  0.48 0.06
  406 L    -1  -3  -3  -4  -2  -2  -3  -4  -3   3   2  -3   3   3  -3  -2  -1  -2   0   2    0   0   0   0   0   0   0   0   0  21  22   0  16  17   0   0   0   0   0  24  0.32 0.04
  407 S     0  -2  -2  -3   4  -2  -2  -2  -3   1   2  -2   0  -1  -2   1   0  -3  -2   2    6   0   0   0  18   0   0   0   0   0  26   0   0   0   0  17   4   0   0  30  0.23 0.04
  408 G    -1   1   1   0  -3  -1  -1   0  -1  -3  -3   0  -2  -3   5   1   1  -4  -3  -2    0  12   9   6   0   0   0   9   0   0   0   0   0   0  38  18   9   0   0   0  0.64 0.05
  409 S     0  -1   2   0  -2   0   2   0  -1  -1  -2   0  -2  -3   4   2   0  -3  -2  -2    5   0  12   0   0   0  25   7   0   7   0   0   0   0  22  22   0   0   0   0  0.38 0.04
  410 L    -1  -1  -2  -2  -2  -1   0   4  -2  -1   1  -1   0  -2   1  -1  -1  -3  -2   0    0   4   0   0   0   0   7  45   0   0  30   0   0   0   7   0   0   0   0   7  0.30 0.04
  411 S     1  -1  -1  -1  -2   1   0   1  -2  -1  -2  -1  -1  -3   3   1   2  -3  -2   0    9   0   0   0   0   7   8  13   0   0   0   0   0   0  21   8  21   0   0  14  0.30 0.03
  412 S     1   2   1  -1  -2   1   0   1  -1  -3  -2   1  -2  -3  -1   2   1  -3  -2  -2   14  17   8   0   0   9   0  10   0   0   0  12   0   0   0  22   8   0   0   0  0.24 0.02
  413 D    -1   0   2   4  -3   1   1  -2  -1  -3  -3   1  -2  -4   1   0   0  -4  -3  -3    0   0   7  45   0   9   5   0   0   0   0  15   0   0   8   0   9   0   0   0  0.49 0.04
  414 S    -1   0  -1  -2   2  -2  -2   1  -2   0   0  -1  -1   3  -2   0   0  -1   0   0    0  10   0   0   6   0   0  17   0   0   7   0   0  29   0  10  10   0   0  11  0.12 0.02
  415 S     1  -1   0   1  -2  -1  -1   4  -2  -3  -3   0  -2  -3  -2   2   0  -3  -3  -2    8   0   0  11   0   0   0  38   0   0   0   7   0   0   0  36   0   0   0   0  0.41 0.03
  416 L     0  -2  -2  -2  -1  -1  -2  -2  -2   1   2  -2   3  -1  -2   1   0  -2  -1   2    0   0   0   0   0   0   0   0   0   0  26   0  20   0   0  29   0   0   0  24  0.17 0.02
  417 S     1  -2  -1  -1  -1  -1  -1   2  -2   1  -1  -1  -1  -2  -2   3   0  -3  -2   0   15   0   0   0   0   0   0  22   0  22   0   0   0   0   0  42   0   0   0   0  0.25 0.05
  418 S     3  -2   0  -2  -1  -1  -1   1  -2   0  -2  -1  -1  -2   2   1   0  -3  -2   0   42   0   6   0   0   0   0   7   0   8   0   0   0   0  11  16   0   0   0  10  0.26 0.06
  419 P     2  -2  -2  -2  -2  -2  -2  -2  -3  -1  -2  -2  -2  -3   6  -1   1  -4  -3   1   21   0   0   0   0   0   0   0   0   0   0   0   0   0  54   0  11   0   0  13  0.98 0.11
  420 S     1  -2  -1  -1  -2  -1   1   3  -2  -1  -2  -1  -2  -3  -2   1   1  -3  -2   0    6   0   0   0   0   0  13  38   0   0   0   0   0   0   0  18  10   0   0  14  0.31 0.06
  421 A     3   1  -2  -3   6  -1  -2  -1  -2   0  -2  -1  -1  -3  -2   0  -1  -3  -2  -1   54  13   0   0  25   0   0   0   0   9   0   0   0   0   0   0   0   0   0   0  0.44 0.11
  422 L     1  -2  -1  -2  -2  -1  -2   2  -2  -1   1  -1   2  -2   3   1  -1  -3  -2  -1   17   0   0   0   0   0   0  17   0   0  17   0  17   0  17  17   0   0   0   0  0.25 0.07
  423 S     1  -2   1  -1  -2  -1   1  -2   3  -1   0  -1  -1  -2   2   1   1  -3  -2   0   11   0  11   0   0   0  11   0  11   0  11   0   0   0  11  11  11   0   0  11  0.17 0.11
  424 P    -1  -2  -1  -1  -3   1   1   2  -2  -3  -3  -1  -2  -4   6   0  -1  -3  -3  -3    0   0   0   0   0  12   8  21   0   0   0   0   0   0  48  10   0   0   0   0  0.89 0.05
  425 K    -1   5  -1  -2  -3   1   0  -2  -1  -2  -2   4  -2  -3  -2  -1  -1  -3  -2  -1    0  46   0   0   0   0   0   0   0   0   0  48   0   0   0   0   0   0   0   7  0.59 0.06
  426 P     0  -2  -3  -3  -2  -2  -2  -3  -3   1   1  -2   2  -1   4  -1  -1  -3  -2   2    8   0   0   0   0   0   0   0   0   0  17   0  15   0  29   0   0   0   0  31  0.43 0.04
  427 R    -2   5  -1  -2  -3   0  -1  -3  -1  -2   0   2  -1  -3  -2   0  -1  -3  -2  -2    0  71   0   0   0   0   0   0   0   0  12  12   0   0   0   5   0   0   0   0  0.63 0.08
  428 I    -2  -2  -3  -3  -2  -2  -3  -3  -2   2   3  -2   3   3  -3  -2  -1  -1   0   1    1   0   0   0   0   0   0   1   0  26  35   0  13  19   0   1   0   0   0   1  0.31 0.04
  429 L    -1   3  -1  -2  -3   0  -1   2  -1  -1   1   2  -1  -2  -2  -1  -1  -2  -2  -2    1  33   0   0   0   0   0  20   0   0  21  21   0   0   0   1   0   0   0   1  0.25 0.04
  430 P    -1  -1   0   1  -3   2   1  -2  -1  -3  -3  -1  -2  -4   6   0  -1  -4  -3  -3    0   0   6  11   0  15   6   0   0   0   0   0   0   0  56   6   0   0   0   0  1.06 0.07
  431 W    -3  -4  -5  -5  -3  -3  -4  -3  -3  -4  -3  -4  -2   0  -5  -4  -3  12   1  -4    0   0   0   0   0   0   0   0   0   0   0   0   0   0   0   0   0 100   0   0  3.05 0.18
  432 L    -2  -3  -4  -4  -2  -3  -3  -4  -3   2   4  -3   2   0  -3  -3  -1  -2  -1   1    0   0   0   0   0   0   0   0   0  11  83   0   0   0   0   0   0   0   0   6  0.55 0.07
  433 V    -1  -2  -3  -2  -2  -2   0  -4  -3   3   2  -2   1  -1  -3  -2  -1  -3  -2   3    0   0   0   0   0   0  13   0   0  25  19   0   0   0   0   0   0   0   0  43  0.28 0.05
  434 S     1  -1   1   1   1   0   2   1  -1  -2  -2  -1   1  -3  -2   2   0  -3  -2  -2   16   0   7   8   5   0  23  12   0   0   0   0   9   0   0  20   0   0   0   0  0.21 0.03
  435 Q     0   0  -1  -1  -3   6   2  -2   0  -3  -3   1  -1  -4  -2  -1  -1  -3  -2  -3    7   0   0   0   0  81  12   0   0   0   0   0   0   0   0   0   0   0   0   0  0.81 0.11
  436 L    -1  -3  -3  -4  -1  -3  -3  -4  -3   3   2  -3   1  -1  -3  -2  -1  -3  -2   3    0   0   0   0   0   0   0   0   0  35  20   0   0   0   0   0   0   0   0  45  0.43 0.05
  437 D    -1  -1   4   4  -3   0   2  -1  -1  -3  -4  -1  -3  -3  -2   2   0  -4  -3  -3    0   0  34  35   0   0  12   0   0   0   0   0   0   0   0  19   0   0   0   0  0.58 0.06
  438 L     0   0   0  -1  -2   1  -1  -1  -1  -2  -1  -1  -1  -2  -2   4   1  -3  -2  -2    0   5   0   0   0   5   0   0   0   0  10   0   0   0   0  80   0   0   0   0  0.44 0.08
  439 G     0  -2   2  -1   3  -2  -1   5  -2  -4  -4  -2  -3  -3  -2   0  -1  -3  -3  -3    0   0  13   0  11   0   3  69   0   0   0   0   0   0   0   4   0   0   0   0  0.76 0.07
  440 Q    -1   0  -1  -1   2   4   1  -2   2  -2   0   2   1  -2  -2  -1   0  -3  -2  -2    0   0   0   0   6  49   5   0   6   0  12  13   4   0   0   0   4   0   0   0  0.35 0.06
  441 L    -2  -3  -3  -4  -2  -2  -3  -4   0   1   1  -3   0   4  -3  -2  -2   1   6   0    0   0   0   0   0   0   0   0   0  13  20   0   0  17   0   0   0   0  50   0  0.60 0.07
  442 E    -1   0  -2  -1  -4   0   3  -3  -2  -3  -3   0  -3  -4   6  -1  -1  -4  -3  -3    0   7   0   0   0   0  32   0   0   0   0   0   0   0  61   0   0   0   0   0  1.26 0.09
  443 G     0  -3  -1  -2  -3  -2  -3   6  -3  -4  -4  -2  -3  -4  -3  -1  -2  -3  -4  -4    0   0   0   0   0   0   0 100   0   0   0   0   0   0   0   0   0   0   0   0  1.31 0.10
  444 V    -1  -3  -4  -4  -1  -3  -3  -4  -3   2   4  -3   1   0  -3  -3  -1  -2  -1   3    0   0   0   0   0   0   0   0   0   0  63   0   0   0   0   0   0   0   0  37  0.46 0.06
  445 A     1  -1  -2  -2   5   2   0  -2  -2   1  -1   0   0  -2  -2  -1  -1  -3  -2   1   20   0   0   0  19  23   5   0   0  21   0   4   0   0   0   0   0   0   0   8  0.20 0.04
  446 W    -3  -4  -5  -5  -3  -3  -4  -3  -3  -4  -3  -4  -2   0  -5  -4  -3  12   1  -4    0   0   0   0   0   0   0   0   0   0   0   0   0   0   0   0   0 100   0   0  3.05 0.18
  447 V    -1  -2  -2   1  -2  -1   2  -3  -2   2   2  -1   1  -1  -2  -2  -1  -3  -2   2    0   0   0  12   0   0  21   0   0  16  34   0   0   0   0   0   0   0   0  17  0.19 0.04
  448 N    -2  -1   5   4  -3  -1   0   0   1  -4  -4  -1  -3  -4  -2   0  -1  -4  -3  -4    0   0  51  39   0   0   0   5   5   0   0   0   0   0   0   0   0   0   0   0  0.73 0.08
  449 K     0   1  -1   1  -3   1   3   1  -1  -3  -3   2  -2  -3   1   0   0  -3  -2  -2    6   5   0   4   0   0  42  11   0   0   0  20   0   0   7   0   6   0   0   0  0.37 0.04
  450 S     2  -1   0   2  -2   0   3   0  -1  -3  -3   0  -2  -3  -1   1  -1  -3  -2  -2   24   0   0  16   0   0  40   5   0   0   0   0   0   0   0  15   0   0   0   0  0.39 0.05
  451 R    -1   4  -1  -1  -3   1   1  -2   1  -3  -3   4  -2  -3  -2   0  -1  -3  -2  -3    0  39   0   0   0   0   5   0   5   0   0  46   0   0   0   5   0   0   0   0  0.58 0.07
  452 T    -1   1  -1  -1  -2   0  -1  -2  -2  -1  -1   2   1  -2  -2   1   4  -3  -2  -1    0   7   0   0   0   0   0   0   0   0   0  20   9   0   0   8  56   0   0   0  0.36 0.07
  453 R    -1   3  -2  -3   2  -1  -2  -3  -2   2   1   0   3  -1  -3  -2  -1  -3  -2   1    0  30   0   0   6   0   0   0   0  24  11   0  19   0   0   0   0   0   0  10  0.23 0.05
  454 F    -3  -3  -4  -4  -3  -4  -4  -4  -2  -1   0  -4  -1   7  -4  -3  -3   0   2  -1    0   0   0   0   0   0   0   0   0   0   0   0   0 100   0   0   0   0   0   0  1.19 0.12
  455 R    -2   6  -1  -2   1   3   0  -3   0  -3  -3   1  -2  -2  -3  -1  -2  -2   1  -3    0  71   0   0   4  18   0   0   0   0   0   0   0   0   0   0   0   0   7   0  0.71 0.09
  456 I    -2  -3  -4  -4  -2  -3  -4  -4  -4   5   1  -3   1  -1  -3  -3  -1  -3  -2   3    0   0   0   0   0   0   0   0   0  88   0   0   0   0   0   0   0   0   0  12  0.63 0.09
  457 P    -1  -3  -3  -2  -4  -2  -2  -3  -3  -3  -4  -2  -3  -4   8  -1  -2  -4  -4  -3    0   0   0   0   0   0   0   0   0   0   0   0   0   0 100   0   0   0   0   0  2.31 0.13
  458 W    -4  -4  -5  -5  -3  -3  -4  -3  -3  -4  -3  -4  -2   0  -5  -4  -3  12   1  -4    0   0   0   0   0   0   0   0   0   0   0   0   0   0   0   0   0 100   0   0  3.07 0.18
  459 K    -1   3  -1  -1  -4   1   0  -2  -1  -3  -2   5   0  -3  -2  -1  -1  -3  -2  -3    0  11   0   0   0   0   0   0   0   0   0  83   6   0   0   0   0   0   0   0  0.67 0.09
  460 H    -2  -1   0  -2  -4   0  -1  -3   9  -4  -4  -1  -2  -2  -3  -2  -2  -3   1  -4    0   0   0   0   0   0   0   0 100   0   0   0   0   0   0   0   0   0   0   0  1.55 0.15
  461 G     3  -2   0  -2  -1  -1  -2   2  -2  -2  -2  -1  -1   2  -2   0  -1  -2  -1  -1   59   0   8   0   0   0   0  20   0   0   0   0   0  13   0   0   0   0   0   0  0.34 0.06
  462 L     2  -2  -1  -2  -1  -2  -2   3  -2  -1   1  -2  -1  -2  -2   0   1  -3  -2  -1   31   0   0   0   0   0   0  33   0   0  20   0   0   0   0   0  17   0   0   0  0.28 0.04
  463 R    -2   5  -1  -2  -4   1   0  -3  -1  -3  -3   4  -2  -3  -2  -1  -1  -3  -2  -3    0  63   0   0   0   0   0   0   0   0   0  37   0   0   0   0   0   0   0   0  0.80 0.08
  464 Q    -2   2   0  -1  -4   5   1  -2   6  -3  -3   2  -1  -3  -2  -1  -1  -3   0  -3    0   7   0   0   0  45   0   0  34   0   0  14   0   0   0   0   0   0   0   0  0.66 0.08
  465 D    -1  -2   0   5  -3  -1   0   3  -2  -4  -4  -1  -3  -4  -2   0  -1  -4  -3  -4    0   0   0  66   0   0   0  28   0   0   0   0   0   0   0   6   0   0   0   0  0.80 0.08
  466 A     1  -2  -3  -3  -2  -2  -2  -2  -1  -1   0  -2  -1   2   3  -1  -1   6   3   0   20   0   0   0   0   0   0   0   0   0  13   0   0  11  17   0   0  16  14   8  0.43 0.04
  467 Q    -1   2   1   3  -3   3   1  -2  -1  -3  -3   0  -2  -3  -2   1   1  -3  -2  -2    0  19   7  23   0  25   0   0   0   0   0   0   0   0   0  18   8   0   0   0  0.38 0.05
  468 Q    -1   0   1   0  -3   4   4  -2   1  -3  -2   0   1  -3  -2   0  -1  -3  -2  -2    0   0   6   0   0  36  38   0   4   0   0   0   9   0   0   8   0   0   0   0  0.48 0.06
  469 E     0   0   0   2  -3   2   4  -2  -1  -3  -3   1  -2  -3  -1   1  -1  -3  -2  -2   11   0   0  11   0  11  48   0   0   0   0  11   0   0   0   8   0   0   0   0  0.48 0.05
  470 D    -2  -2   1   7  -4  -1   2  -2  -2  -4  -4  -1  -4  -4  -2  -1  -2  -5  -4  -4    0   0   0  94   0   0   6   0   0   0   0   0   0   0   0   0   0   0   0   0  1.20 0.11
  471 F     3  -2   2  -2  -1  -1  -2  -1  -1  -1  -1  -1  -1   2  -2   0  -1  -2   0   0   56   0  17   0   0   0   0   0   0   0   0   0   0  20   0   0   0   0   0   8  0.26 0.06
  472 G     1   0  -1  -1   3   1   0   2  -2  -2  -2  -1  -2  -3   1   1   1  -3  -2  -1   19   6   0   0  11   7   8  20   0   0   0   0   0   0   6   7  17   0   0   0  0.23 0.03
  473 I    -2  -3  -4  -4  -2  -3  -4  -4  -3   5   2  -3   1   1  -3  -3  -1  -2  -1   2    0   0   0   0   0   0   0   0   0  71  24   0   0   6   0   0   0   0   0   0  0.51 0.07
  474 F    -3  -4  -4  -4  -3  -4  -4  -4  -2  -1   0  -4  -1   7  -4  -3  -3   0   2  -1    0   0   0   0   0   0   0   0   0   0   0   0   0 100   0   0   0   0   0   0  1.22 0.12
  475 Q    -1   3  -1  -1  -4   3   1  -2  -1  -3  -3   5  -2  -4  -2  -1  -1  -3  -2  -3    0  16   0   0   0  20   0   0   0   0   0  64   0   0   0   0   0   0   0   0  0.64 0.08
  476 A     4  -2   0  -2  -1  -1  -1   0  -2  -2  -2  -1  -2  -3  -1   2   0  -3  -2  -1   84   0   6   0   0   0   0   0   0   0   0   0   0   0   0  11   0   0   0   0  0.52 0.08
  477 W    -4  -4  -5  -5  -3  -3  -4  -3  -3  -4  -3  -4  -2   0  -5  -4  -3  12   1  -4    0   0   0   0   0   0   0   0   0   0   0   0   0   0   0   0   0 100   0   0  3.07 0.18
  478 A     5  -2  -2  -2  -1  -1  -1   0  -2  -2  -2  -1  -1  -3  -1   1  -1  -3  -2  -1  100   0   0   0   0   0   0   0   0   0   0   0   0   0   0   0   0   0   0   0  0.67 0.10
  479 E    -1  -1  -2  -2  -2  -1   1  -3  -2   2   1   1   0  -1  -2  -2  -1  -3  -2   2    0   0   0   0   0   0  15   0   0  22  13  19   0   0   0   0   0   0   0  30  0.16 0.04
  480 A     2  -2  -1  -1  -2  -1   1  -1   4  -2  -2  -1  -1   3  -2   0  -1  -2   1  -1   41   0   0   0   0   0  17   0  16   0   0   0   0  26   0   0   0   0   0   0  0.27 0.06
  481 T     0   2   0  -1  -2   0   0  -2  -1  -2  -2   2  -1  -3  -1   2   3  -3  -2  -1    0  13   0   0   0   0   0   0   0   0   0  26   0   0   0  20  41   0   0   0  0.37 0.06
  482 G     0  -3  -1  -2  -3  -2  -1   6  -2  -4  -4  -2  -3  -4  -3  -1  -2  -3  -4  -4    0   0   0   0   0   0   6  94   0   0   0   0   0   0   0   0   0   0   0   0  1.18 0.09
  483 A     1   4  -1  -2  -3   1   0  -2  -1  -3  -3   4  -2  -3  -2   0  -1  -3  -2  -2   20  32   0   0   0   0   0   0   0   0   0  48   0   0   0   0   0   0   0   0  0.50 0.07
  484 Y    -2  -2  -2  -4  -3  -2  -3  -3   3  -2  -2  -3  -1   4  -4  -2  -2   6   7  -2    0   0   0   0   0   0   0   0  11   0   0   0   0  14   0   0   0  13  61   0  1.00 0.09
  485 V    -1   1  -1  -1  -2   2   1  -2  -1  -2  -2   3  -1  -3   3   0   2  -3  -2  -1    0   7   0   0   0  11   8   0   0   0   0  29   0   0  13   0  24   0   0   7  0.32 0.04
  486 P     0  -2  -1   1  -3   0   3   0  -2  -3  -3  -1  -2  -4   5  -1  -1  -4  -3  -1    6   0   0   6   0   0  37   8   0   0   0   0   0   0  39   0   0   0   0   5  0.73 0.06
  487 G     0  -2   1  -1  -3  -2  -2   6  -2  -4  -4  -2  -3  -4  -3   0  -2  -3  -3  -4    0   0   8   0   0   0   0  85   0   0   0   0   0   0   0   7   0   0   0   0  1.04 0.08
  488 R     0   1  -1  -1  -2   0   1   1  -1   1  -1   1   0  -2  -1  -1  -1  -2  -2   1    9   8   1   1   0   1  12  15   0  14   2  14   0   1   1   1   1   0   1  18  0.06 0.01
  489 D    -2  -1   0   6  -4   0   2  -2  -1  -4  -4   1  -3  -4   1  -1  -1  -4  -3  -3    0   0   0  68   0   0  15   0   0   0   0  11   0   0   6   0   0   0   0   0  0.81 0.08
  490 K    -1   2   0   2  -3   1   2  -2  -1  -1  -2   3  -2  -3   1   0   0  -3  -2  -2    1   7   0  12   0   0  17   1   0   6   1  40   0   0   7   1   6   0   0   0  0.30 0.04
  491 P     1   0  -2  -2  -2  -1  -1   1  -2  -3  -3  -1  -2  -3   6  -1  -1  -3  -3  -2   19   7   0   0   0   0   0  12   0   0   1   0   0   0  56   1   0   0   0   0  1.00 0.06
  492 D    -2  -2   1   6  -4   0   3   0   1  -4  -4  -1  -3  -4  -2  -1  -2  -4  -3  -4    0   0   0  68   0   0  20   6   6   0   0   0   0   0   0   0   0   0   0   0  0.83 0.08
  493 L     0   0  -3  -2  -3  -2  -2  -3  -3  -2   0  -1  -1  -3   7  -1  -1  -4  -3  -1    6   7   0   0   0   0   0   0   0   0  16   0   0   0  67   0   0   0   0   4  1.22 0.08
  494 P     3   1  -1  -1  -2   0   0  -1  -2  -2  -2   2  -2  -3   4   0  -1  -3  -2  -2   43   7   0   0   0   0   6   0   0   0   0  16   0   0  23   4   0   0   0   0  0.44 0.05
  495 T    -1   0  -1  -2  -2  -1  -1   0  -2  -1  -2   2  -1  -3  -2   0   4  -3  -2   1    0   0   0   0   0   0   0   7   0   0   0  25   0   0   0   0  57   0   0  11  0.34 0.07
  496 W    -4  -4  -5  -5  -3  -3  -4  -3  -3  -4  -3  -4  -2   0  -5  -4  -3  12   1  -4    0   0   0   0   0   0   0   0   0   0   0   0   0   0   0   0   0 100   0   0  3.07 0.18
  497 K    -1   2  -1  -1  -4   1   0  -2  -1  -3  -3   6  -2  -4  -2  -1  -1  -4  -2  -3    0   0   0   0   0   0   0   0   0   0   0 100   0   0   0   0   0   0   0   0  0.85 0.11
  498 R     2   2  -1  -2  -1  -1  -1  -1  -2  -2  -2   0  -1  -3  -2   1   4  -3  -2  -1   34  20   0   0   0   0   0   0   0   0   0   0   0   0   0   0  47   0   0   0  0.36 0.07
  499 N    -2   3   6   0  -3   1  -1  -1   0  -4  -4   0  -2  -4  -3   0  -1  -4  -2  -3    0  26  69   0   0   6   0   0   0   0   0   0   0   0   0   0   0   0   0   0  0.74 0.09
  500 F    -2  -3  -4  -4  -2  -3  -4  -4  -2   0   3  -3   1   6  -4  -3  -2   0   2   0    0   0   0   0   0   0   0   0   0   0  43   0   0  57   0   0   0   0   0   0  0.66 0.08
  501 R    -2   7  -1  -2  -4   0  -1  -3  -1  -4  -3   2  -2  -3  -3  -1  -2  -3  -2  -3    0 100   0   0   0   0   0   0   0   0   0   0   0   0   0   0   0   0   0   0  1.13 0.12
  502 S    -1  -3  -2  -3   9  -3  -3  -3  -3  -2  -2  -3  -2  -3  -3   1  -1  -3  -3  -2    0   0   0   0  80   0   0   0   0   0   0   0   0   0   0  20   0   0   0   0  1.38 0.12
  503 A     5  -2  -2  -2  -1  -1  -1   0  -2  -2  -2  -1  -1  -3  -1   1  -1  -3  -2  -1  100   0   0   0   0   0   0   0   0   0   0   0   0   0   0   0   0   0   0   0  0.67 0.10
  504 L    -2  -2  -4  -4  -2  -2  -3  -4  -3   1   4  -3   4   0  -3  -3  -2  -2  -1   0    0   0   0   0   0   0   0   0   0   0  84   0  16   0   0   0   0   0   0   0  0.60 0.08
  505 N    -2   2   6   0  -3   0  -1  -1   2  -4  -4   0  -3  -3  -3   0  -1  -4  -2  -3    0  14  79   0   0   0   0   0   7   0   0   0   0   0   0   0   0   0   0   0  0.83 0.10
  506 R     0   3   0  -1  -3   0   0  -2  -1  -3  -3   4  -2  -3  -2   3   0  -3  -2  -2    0  20   0   0   0   0   0   0   0   0   0  43   0   0   0  37   0   0   0   0  0.46 0.07
  507 K     0   0   0  -1  -2   0  -1  -1  -2  -1   0   2  -1  -2  -1   3   2  -3  -2  -1    0   0   0   0   0   0   0   0   0   0  16  20   0   0   0  43  21   0   0   0  0.25 0.05
  508 E    -1   3   1   0  -3   0   2   0   2  -3  -3   0  -2  -3   4   1  -1  -3  -2  -3    0  24   7   0   0   0  20   7   8   0   0   0   0   0  23  11   0   0   0   0  0.45 0.04
  509 G    -1   1   0   4  -3   0   2   0  -1  -2  -2   0   0  -3  -2  -1  -1  -3  -3  -1    4  13   0  42   0   0  17   7   0   0   0   0   8   0   0   0   0   0   0   8  0.35 0.05
  510 L    -2  -3  -4  -4  -2  -3  -4  -4  -2   2   2  -3   0   6  -4  -3  -2   0   2   0    0   0   0   0   0   0   0   0   0  16  20   0   0  64   0   0   0   0   0   0  0.65 0.07
  511 R    -1   3   0   0  -3   1   3  -3  -1   0  -1   1   1  -3  -2  -1  -1  -3  -2   0    0  27   6   0   0   4  37   0   0   7   0   6   8   0   0   0   0   0   0   6  0.31 0.05
  512 L    -2  -1  -2  -1  -2   0   3  -3  -2   0   3  -1   2  -1  -2  -2  -1  -2  -2  -1    0   0   0   0   0   0  42   0   0   0  51   0   6   0   0   0   0   0   0   0  0.34 0.06
  513 A     1   0  -3  -3  -1  -2  -2  -2  -3   2   2  -2   1   0  -2  -1  -1  -2  -1   2   20   7   0   0   0   0   0   0   0   8  22   0   6   4   0   0   0   0   0  35  0.18 0.03
  514 E     0   1  -1  -1  -3   1   2  -2   0  -2  -2   2  -1  -1   2  -1   0  -1   3  -1    4   6   0   0   0   7  23   0   0   0   0  16   0   0  11   0   7   0  17   7  0.25 0.03
  515 D    -2  -2   1   6  -4   0   3  -2  -1  -4  -4  -1  -3  -4  -2  -1  -2  -5  -3  -4    0   0   0  81   0   0  19   0   0   0   0   0   0   0   0   0   0   0   0   0  1.05 0.09
  516 R    -1   4   2  -1  -3   1   0   2   2  -4  -3   1  -2  -3  -2  -1  -1  -3  -2  -3    0  46  17   0   0   6   0  17   8   0   0   5   0   0   0   0   0   0   0   0  0.46 0.06
  517 S     0  -2   0  -1  -2  -1  -1   1  -2  -3  -3  -1  -2  -3   2   4   1  -3  -2  -2    0   0   0   0   0   0   0  11   0   0   0   0   0   0  11  72   6   0   0   0  0.52 0.08
  518 K    -1   4   1  -1  -3   2   0   1  -1  -3  -3   3  -2  -3  -2  -1  -1  -3  -2  -3    0  28   5   0   0  14   0  13   0   0   0  39   0   0   0   0   0   0   0   0  0.46 0.05
  519 D    -2  -1   1   6   2   0   1  -2  -1  -3  -4   1  -3  -4  -2  -1  -1  -4  -3  -3    0   0   6  70   8   0   6   0   0   0   0  11   0   0   0   0   0   0   0   0  0.77 0.08
  520 P    -1  -2   0  -2  -2  -2  -2   1  -2   1  -2  -2  -1  -3   6   0  -1  -4  -3   0    0   0   8   0   0   0   0  16   0  14   0   0   0   0  46   4   0   0   0  11  0.71 0.06
  521 H     1  -1   1   1  -2   0   0  -1   3  -1  -2  -1   0  -2   2   2   0  -3   0  -1   18   0   6   8   0   4   0   0  11   0   0   0   6   0  11  25   0   0   4   7  0.19 0.03
  522 D    -1  -1   2   5  -3   2   3  -2  -1  -3  -4   0  -3  -4  -2   1  -1  -4  -3  -3    0   0  11  48   0  11  18   0   0   0   0   0   0   0   0  11   0   0   0   0  0.62 0.06
  523 P     1  -3  -3  -2  -3  -2  -2  -2  -3  -3  -3  -2  -3  -4   7  -1  -1  -4  -3  -2   16   0   0   0   0   0   0   0   0   0   0   0   0   0  84   0   0   0   0   0  1.79 0.11
  524 H    -2  -2  -1  -3  -3  -1  -2  -3   6  -1  -2  -2  -1   2  -3  -2  -2   0   5   1    0   0   0   0   0   0   0   0  41   0   0   0   0   6   0   0   0   0  37  17  0.66 0.08
  525 K    -1   3  -1  -1  -4   1   0  -2  -1  -3  -3   5  -2  -4  -2  -1  -1  -4  -2  -3    0  16   0   0   0   0   0   0   0   0   0  84   0   0   0   0   0   0   0   0  0.75 0.09
  526 I    -1  -3  -3  -4  -1  -3  -3  -4  -4   4   1  -3   0  -1  -3  -2  -1  -3  -2   4    0   0   0   0   0   0   0   0   0  29   0   0   0   0   0   0   0   0   0  71  0.53 0.07
  527 Y    -3  -2  -3  -4  -3  -2  -3  -4   1  -2  -2  -3  -2   2  -4  -2  -2   2   8  -2    0   0   0   0   0   0   0   0   0   0   0   0   0   0   0   0   0   0 100   0  1.41 0.14
  528 E     1   4  -1   0  -3   2   3  -2  -1  -3  -3   1  -2  -3  -2   0  -1  -3  -2  -2   14  37   0   0   0  11  38   0   0   0   0   0   0   0   0   0   0   0   0   0  0.50 0.06
  529 F    -1  -3  -3  -4  -2  -2  -3  -4  -3   2   2  -3   3   3  -3  -2  -1  -2   0   2    0   0   0   0   0   0   0   0   0  20  19   0  16  20   0   0   0   0   0  25  0.33 0.04
  530 V     0  -2  -2  -3   4  -2  -2  -3  -3   1   2  -2   0  -1  -2   0   0  -3  -2   2    8   0   0   0  17   0   0   0   0   0  28   0   0   0   0  13   0   0   0  34  0.25 0.04
  531 N     0   2   2   1  -2   0   0  -1  -1  -3  -3   0  -2  -3   4   2   1  -3  -2  -2    0  17  15   8   0   0   0   0   0   0   0   0   0   0  22  26  11   0   0   0  0.43 0.03
  532 G     0  -1   2   1  -3   1   3   2  -1  -3  -3   0  -2  -3  -2   1   0  -3  -2  -3    0   0  19   0   0   0  44  17   0   0   0   0   0   0   0  19   0   0   0   0  0.42 0.03
  533 L    -1  -2  -2  -1  -2   0   2  -3  -2   1   3  -1   1  -1  -2  -2  -1  -2  -1   1    0   0   0   0   0   0  29   0   0   0  52   0   0   0   0   0   0   0   0  19  0.21 0.01
  534 E    -1   0   0   2  -4   2   5  -2   0  -3  -3   1  -2  -3  -1   0  -1  -3  -2  -3    0   0   0   0   0   0 100   0   0   0   0   0   0   0   0   0   0   0   0   0  0.74 0.00
  535 H    -1   1   0  -1  -3   4   1  -2   6  -3  -3   1  -1  -2  -2   0  -1  -2   0  -3    0   0   0   0   0  58   0   0  42   0   0   0   0   0   0   0   0   0   0   0  0.56 0.00
  536 H    -2   0   1  -1  -3   0   0  -2   7  -3  -3  -1  -1  -1  -2  -1  -2  -2   2  -3    0   0   0   0   0   0   0   0   0   0   0   0   0   0   0   0   0   0   0   0  0.00     0.00
  537 H    -2   0   1  -1  -3   0   0  -2   7  -3  -3  -1  -1  -1  -2  -1  -2  -2   2  -3    0   0   0   0   0   0   0   0   0   0   0   0   0   0   0   0   0   0   0   0  0.00     0.00
  538 H    -2   0   1  -1  -3   0   0  -2   7  -3  -3  -1  -1  -1  -2  -1  -2  -2   2  -3    0   0   0   0   0   0   0   0   0   0   0   0   0   0   0   0   0   0   0   0  0.00     0.00
  539 H    -2   0   1  -1  -3   0   0  -2   7  -3  -3  -1  -1  -1  -2  -1  -2  -2   2  -3    0   0   0   0   0   0   0   0   0   0   0   0   0   0   0   0   0   0   0   0  0.00     0.00
  540 H    -2   0   1  -1  -3   0   0  -2   7  -3  -3  -1  -1  -1  -2  -1  -2  -2   2  -3    0   0   0   0   0   0   0   0   0   0   0   0   0   0   0   0   0   0   0   0  0.00     0.00

                      K         Lambda
Standard Ungapped    0.1361     0.3188
Standard Gapped      0.0412     0.2670
PSI Ungapped         0.1345     0.3177
PSI Gapped           0.0412     0.2670
