
Last position-specific scoring matrix computed, weighted observed percentages rounded down, information per position, and relative weight of gapless real matches to pseudocounts
           A  R  N  D  C  Q  E  G  H  I  L  K  M  F  P  S  T  W  Y  V   A   R   N   D   C   Q   E   G   H   I   L   K   M   F   P   S   T   W   Y   V
    1 A    4 -1 -2 -2  0 -1 -1  0 -2 -1 -1 -1 -1 -2 -1  1  0 -3 -2  0    0   0   0   0   0   0   0   0   0   0   0   0   0   0   0   0   0   0   0   0  0.00     0.00
    2 I   -1 -3 -3 -3 -1 -3 -3 -4 -3  4  2 -3  1  0 -3 -2 -1 -3 -1  3    0   0   0   0   0   0   0   0   0   0   0   0   0   0   0   0   0   0   0   0  0.00     0.00
    3 T    0 -1  0 -1 -1 -1 -1 -2 -2 -1 -1 -1 -1 -2 -1  1  5 -2 -2  0    0   0   0   0   0   0   0   0   0   0   0   0   0   0   0   0   0   0   0   0  0.00     0.00
    4 K   -1  2  0 -1 -3  1  1 -2 -1 -3 -2  5 -1 -3 -1  0 -1 -3 -2 -2    0   0   0   0   0   0   0   0   0   0   0   0   0   0   0   0   0   0   0   0  0.00     0.00
    5 I   -1 -3 -3 -3 -1 -3 -3 -4 -3  4  2 -3  1  0 -3 -2 -1 -3 -1  3    0   0   0   0   0   0   0   0   0   0   0   0   0   0   0   0   0   0   0   0  0.00     0.00
    6 N   -2  0  6  1 -3  0  0  0  1 -3 -3  0 -2 -3 -2  1  0 -4 -2 -3    0   0   0   0   0   0   0   0   0   0   0   0   0   0   0   0   0   0   0   0  0.00     0.00
    7 D   -2 -1  1  5 -4  1  4 -2 -1 -4 -4  0 -3 -4 -2  0 -1 -4 -3 -3    0   0   0  66   0   0  34   0   0   0   0   0   0   0   0   0   0   0   0   0  0.76 0.01
    8 C    0 -2 -1 -2  6 -2 -2 -2 -2 -1 -1 -2 -1  4 -2  2  0 -1  1 -1    0   0   0   0  32   0   0   0   0   0   0   0   0  34   0  34   0   0   0   0  0.35 0.01
    9 F   -2  0 -2 -3 -3 -1 -1 -3 -1 -1  0  2  0  6 -3 -2 -2  0  2 -1    0   0   0   0   0   0   0   0   0   0   0  34   0  66   0   0   0   0   0   0  0.39 0.01
   10 E   -1  0 -1  0 -3  1  4 -3 -1  1 -1  2 -1 -2 -2 -1 -1 -3 -2  0    0   0   0   0   0   0  49   0   0  25   0  26   0   0   0   0   0   0   0   0  0.29 0.02
   11 L   -2 -3 -4 -4 -2 -3 -3 -4 -3  1  4 -3  2  4 -3 -3 -2 -1  1  0    0   0   0   0   0   0   0   0   0   0  74   0   0  26   0   0   0   0   0   0  0.43 0.02
   12 L   -2 -2 -3 -4 -2 -2 -3 -4 -2  1  3 -3  4  3 -3 -2 -1 -1  1  0    0   0   0   0   0   0   0   0   0   0  49   0  26  25   0   0   0   0   0   0  0.37 0.02
   13 S   -1  0  3  0 -2  0  0 -1 -1 -1 -1  2  3 -2 -2  2  0 -3 -2 -1    0   0  26   0   0   0   0   0   0   0   0  26  25   0   0  23   0   0   0   0  0.20 0.02
   14 M   -2  3  3 -1 -2  0 -1 -2 -1  0  2  0  3 -1 -3 -1 -1 -3 -2 -1    0  26  25   0   0   0   0   0   0   0  26   0  23   0   0   0   0   0   0   0  0.19 0.02
   15 V   -1 -3 -3 -4 -1 -2 -3 -4 -3  3  1 -2  3 -1 -3 -2 -1 -3 -1  3    0   0   0   0   0   0   0   0   0  25   0   0  26   0   0   0   0   0   0  48  0.32 0.02
   16 T   -1 -2 -2 -3 -2 -1 -2 -3 -2  1  2 -2  5  0 -3 -1  2 -2 -1  0    0   0   0   0   0   0   0   0   0   0  26   0  52   0   0   0  23   0   0   0  0.29 0.03
   17 Y   -2 -2 -2 -3 -2 -2 -2 -3  1 -1 -1 -2 -1  2 -3 -1  2  1  7 -1    0   0   0   0   0   0   0   0   0   0   0   0   0   0   0   0  26   0  74   0  0.65 0.03
   18 A    2 -1  0 -1 -1 -1 -1 -1 -2 -1 -2 -1 -1 -3 -1  3  4 -3 -2 -1   23   0   0   0   0   0   0   0   0   0   0   0   0   0   0  25  52   0   0   0  0.36 0.02
   19 D   -1 -1 -1  2 -2 -1  0 -2  0 -1  0 -1  3  1 -1 -1 -1  0  4 -1    2   1   1  24   0   1   2   2   1   1   2   1  27   1   1   2   1   0  26   2  0.16 0.01
   20 K   -1  0 -1  0 -2  1  2 -2  0 -2 -2  2 -1  0 -1  0 -1  0  4 -2    2   1   1   1   0   1  27   2   1   1   2  24   1   1   1   2   1   0  27   2  0.22 0.01
   21 L   -1 -2 -2 -2 -1 -2 -2 -2 -2  1  3 -2  1  4 -2 -2 -1  0  1  0    2   1   1   1   0   1   2   2   1   1  51   1   1  27   1   2   1   0   1   2  0.21 0.01
   22 K   -1  4  0 -1 -4  1  1 -2 -1 -3 -3  5 -2 -3 -2 -1 -1 -3 -2 -3    0  26   0   0   0   0   0   0   0   0   0  74   0   0   0   0   0   0   0   0  0.57 0.03
   23 S   -1  0  3  3 -3  0  1 -1 -1 -3 -3  2 -2 -3 -2  2  0 -4 -2 -3    0   0  26  25   0   0   0   0   0   0   0  26   0   0   0  23   0   0   0   0  0.39 0.01
   24 L   -2 -3 -3 -4 -2 -3 -3 -4 -1  2  2 -3  1  4 -3 -2 -2  0  4  1    0   0   0   0   0   0   0   0   0  26  23   0   0  25   0   0   0   0  26   0  0.37 0.01
   25 I   -2 -3 -4 -4 -1 -3 -3 -4 -3  4  3 -3  2  0 -3 -3 -1 -2 -1  2    0   0   0   0   0   0   0   0   0  49  51   0   0   0   0   0   0   0   0   0  0.40 0.02
   26 K   -1  2  0 -1 -4  1  1 -2 -1 -3 -3  5 -2 -4 -1  0 -1 -3 -2 -3    0   0   0   0   0   0   0   0   0   0   0 100   0   0   0   0   0   0   0   0  0.61 0.03
   27 K   -1  2  0 -1 -3  3  1 -2 -1 -3 -3  5 -1 -4 -1  0 -1 -3 -2 -3    0   0   0   0   0  25   0   0   0   0   0  75   0   0   0   0   0   0   0   0  0.53 0.03
   28 E   -1  0  0 -1 -3  3  2 -3  5 -3 -2  0 -1  0 -2 -1 -1 -1  4 -2    0   0   0   0   0  25  23   0  26   0   0   0   0   0   0   0   0   0  26   0  0.44 0.02
   29 F   -2 -3 -3 -4 -2 -3 -3 -4 -1  0  2 -3  0  5 -4 -3 -2  1  5 -1    0   0   0   0   0   0   0   0   0   0  26   0   0  48   0   0   0   0  25   0  0.53 0.02
   30 S    0  0  0 -1  6  0 -1 -2 -2 -2 -2  2 -1 -3 -2  2  2 -3 -2 -1    0   0   0   0  26   0   0   0   0   0   0  25   0   0   0  23  26   0   0   0  0.32 0.02
   31 I   -2 -3 -4 -4 -1 -3 -3 -4 -3  3  4 -3  2  0 -3 -3 -1 -2 -1  1    0   0   0   0   0   0   0   0   0  23  77   0   0   0   0   0   0   0   0   0  0.44 0.02
   32 S    1 -1  0 -1 -1  0  0 -1 -1 -2 -2  0 -2 -3 -1  4  3 -3 -2 -1    0   0   0   0   0   0   0   0   0   0   0   0   0   0   0  74  26   0   0   0  0.44 0.03
   33 F   -2 -3 -4 -4 -2 -3 -3 -4 -2  1  3 -3  1  5 -4 -3 -2  0  2  0    0   0   0   0   0   0   0   0   0   0  51   0   0  49   0   0   0   0   0   0  0.47 0.02
   34 E   -1  0  0  3 -3  0  2 -2 -1  0 -2  2 -1 -3 -2 -1 -1 -4 -2  1    0   0   0  26   0   0  23   0   0   0   0  25   0   0   0   0   0   0   0  26  0.24 0.01
   35 E   -1  0  3  1 -4  1  5 -2  0 -4 -3  0 -2 -4 -2  0 -1 -3 -2 -3    0   0  26   0   0   0  74   0   0   0   0   0   0   0   0   0   0   0   0   0  0.64 0.03
   36 F   -2 -3 -3 -4 -2 -3 -3 -4 -1  0  2 -3  0  5 -4 -3 -2  1  5 -1    0   0   0   0   0   0   0   0   0   0  25   0   0  49   0   0   0   0  26   0  0.53 0.02
   37 A    1 -2 -2 -3 -1 -2 -2 -2 -2  1  3 -2  1 -1 -2  0  2 -2 -2  0   23   0   0   0   0   0   0   0   0   0  51   0   0   0   0   0  26   0   0   0  0.20 0.01
   38 V   -1 -3 -3 -4 -1 -3 -3 -4 -4  4  1 -3  1 -1 -3 -2 -1 -3 -2  4    0   0   0   0   0   0   0   0   0  52   0   0   0   0   0   0   0   0   0  48  0.39 0.02
   39 L   -2 -3 -4 -4 -2 -2 -3 -4 -3  2  4 -3  2  0 -3 -3 -1 -2 -1  1    0   0   0   0   0   0   0   0   0   0 100   0   0   0   0   0   0   0   0   0  0.52 0.03
   40 T    4 -2 -1 -2 -1 -1 -1  0 -2 -1 -2 -1 -1 -3 -1  1  2 -3 -2  0   77   0   0   0   0   0   0   0   0   0   0   0   0   0   0   0  23   0   0   0  0.37 0.02
   41 Y   -2 -2 -3 -4 -2 -2 -3 -4  1  2  0 -2  0  2 -3 -2 -2  1  7  0    0   0   0   0   0   0   0   0   0  26   0   0   0   0   0   0   0   0  74   0  0.64 0.03
   42 I   -2 -3 -4 -4 -2 -3 -4 -4 -3  3  2 -3  1  3 -3 -3 -1 -1  0  2    0   0   0   0   0   0   0   0   0  49  26   0   0  25   0   0   0   0   0   0  0.35 0.02
   43 S   -1 -2  0  3 -2 -1  0 -2  0 -2 -2 -1 -2  0 -2  2  2 -1  3 -2    0   0   0  26   0   0   0   0   0   0   0   0   0   0   0  23  26   0  25   0  0.28 0.02
   44 E    0  0  0  0 -3  1  2 -2  0 -3 -2  2 -2  0 -2  2  0 -1  4 -2    0   0   0   0   0   0  23   0   0   0   0  26   0   0   0  26   0   0  25   0  0.27 0.02
   45 N   -1  1  5  0 -3  3  1 -1  0 -3 -3  2 -2 -3 -2  0 -1 -3 -2 -3    0   0  48   0   0  26   0   0   0   0   0  25   0   0   0   0   0   0   0   0  0.48 0.02
   46 K   -2  0  5  3 -3  0  0 -1  0 -3 -4  2 -2 -4 -2  0 -1 -4 -3 -3    0   0  52  26   0   0   0   0   0   0   0  23   0   0   0   0   0   0   0   0  0.53 0.02
   47 E   -1  1  0  1 -4  2  5 -2  0 -4 -3  3 -2 -4 -1  0 -1 -3 -2 -3    0   0   0   0   0   0  74   0   0   0   0  26   0   0   0   0   0   0   0   0  0.63 0.03
   48 K   -1  0  3  0 -3  0  0  3  5 -4 -3  2 -2 -3 -2  0 -1 -3 -1 -3    0   0  26   0   0   0   0  26  25   0   0  23   0   0   0   0   0   0   0   0  0.39 0.02
   49 E    0  0 -1  0 -2  0  2 -2 -1  1 -1  2 -1 -2 -2  1  0 -3 -2  0    0   0   0   0   0   0  23   0   0  26   0  26   0   0   0  25   0   0   0   0  0.16 0.01
   50 Y   -1 -3 -3 -4 -2 -2 -3 -4  0  2  0 -2  0  2 -3 -2 -1  1  5  2    0   0   0   0   0   0   0   0   0  25   0   0   0   0   0   0   0   0  48  26  0.40 0.02
   51 Y   -1 -2 -2 -3 -2 -2 -2 -2 -1  0  1 -2  0  4 -3  1 -1  0  4 -1    0   0   0   0   0   0   0   0   0   0  26   0   0  26   0  25   0   0  23   0  0.25 0.01
   52 L   -2 -2 -3 -4 -2 -2 -3 -4 -3  1  4 -2  4  0 -3 -3 -1 -2 -1  1    0   0   0   0   0   0   0   0   0   0  74   0  26   0   0   0   0   0   0   0  0.44 0.02
   53 K   -1  4  0 -1 -4  1  1 -2 -1 -3 -3  5 -2 -3 -2 -1 -1 -3 -2 -3    0  26   0   0   0   0   0   0   0   0   0  74   0   0   0   0   0   0   0   0  0.57 0.03
   54 D   -2 -1  1  6 -4  0  3 -2 -1 -4 -4  0 -3 -4 -2  0 -1 -4 -3 -3    0   0   0  75   0   0  25   0   0   0   0   0   0   0   0   0   0   0   0   0  0.83 0.03
   55 I   -2 -3 -4 -4 -1 -3 -4 -4 -4  4  3 -3  1  0 -3 -3 -1 -3 -2  2    0   0   0   0   0   0   0   0   0  74  26   0   0   0   0   0   0   0   0   0  0.41 0.02
   56 I   -2 -3 -4 -4 -2 -3 -4 -4 -4  5  2 -3  1  0 -3 -3 -1 -3 -2  3    0   0   0   0   0   0   0   0   0 100   0   0   0   0   0   0   0   0   0   0  0.48 0.03
   57 N    0 -1  3  0 -3  0  2  3 -1 -3 -3  0 -2 -3 -2  2  0 -3 -2 -3    0   0  23   0   0   0  26  25   0   0   0   0   0   0   0  26   0   0   0   0  0.38 0.01
   58 H   -1 -1  0  3 -3 -1  0 -2  4 -2 -2 -1 -2  0 -2  0  2 -1  4 -2    0   0   0  25   0   0   0   0  23   0   0   0   0   0   0   0  26   0  26   0  0.33 0.02
   59 L   -2 -3 -4 -4 -1 -3 -4 -4 -4  4  2 -3  1  0 -3 -3 -1 -3 -2  2    0   0   0   0   0   0   0   0   0  77  23   0   0   0   0   0   0   0   0   0  0.41 0.02
   60 N   -1 -1  3 -1 -3 -1 -1  2  5 -1  1 -1 -1 -2 -3 -1 -1 -3 -1 -2    0   0  23   0   0   0   0  26  26   0  25   0   0   0   0   0   0   0   0   0  0.25 0.01
   61 Y   -2 -2 -2 -3 -3 -1 -2 -3  5  1 -1 -2 -1  2 -3 -2 -2  1  6  0    0   0   0   0   0   0   0   0  26  26   0   0   0   0   0   0   0   0  48   0  0.46 0.03
   62 K   -1  2  0  3 -4  1  1 -2 -1 -3 -3  5 -2 -4 -1  0 -1 -4 -2 -3    0   0   0  26   0   0   0   0   0   0   0  74   0   0   0   0   0   0   0   0  0.50 0.03
   63 Q   -1  0 -1 -1 -3  5  1 -2  1 -3 -2  1 -1  0 -2 -1 -1  0  4 -2    0   0   0   0   0  74   0   0   0   0   0   0   0   0   0   0   0   0  26   0  0.55 0.03
   64 P    0 -2 -1 -1 -2 -1 -1 -1 -2 -3 -3 -1 -2 -3  6  3  0 -4 -3 -2    0   0   0   0   0   0   0   0   0   0   0   0   0   0  49  51   0   0   0   0  0.93 0.03
   65 Q   -1  3  0  3 -4  4  1 -2  0 -3 -3  1 -1 -4 -2  0 -1 -3 -2 -3    0  26   0  25   0  49   0   0   0   0   0   0   0   0   0   0   0   0   0   0  0.51 0.02
   66 V   -1 -2 -2 -3 -1 -2 -2 -3 -3  3  1 -2  0 -1 -2 -1  2 -3 -2  3    0   0   0   0   0   0   0   0   0  26   0   0   0   0   0   0  26   0   0  48  0.27 0.02
   67 V    0 -3 -3 -4 -1 -3 -3 -4 -4  3  1 -3  1 -1 -3 -2  0 -3 -1  5    0   0   0   0   0   0   0   0   0   0   0   0   0   0   0   0   0   0   0 100  0.42 0.03
   68 K   -1  4  0 -1 -4  1  0 -2 -1 -3 -3  5 -2 -3 -2 -1 -1 -3 -2 -3    0  26   0   0   0   0   0   0   0   0   0  74   0   0   0   0   0   0   0   0  0.57 0.03
   69 A    3 -1  3  0 -1 -1 -1  0 -1 -2 -2 -1 -2 -3 -1  2  0 -3 -2 -1   49   0  25   0   0   0   0   0   0   0   0   0   0   0   0  26   0   0   0   0  0.32 0.02
   70 V   -1 -3 -3 -4 -1 -3 -3 -4 -3  3  2 -3  1  0 -3 -2 -1 -3 -1  3    0   0   0   0   0   0   0   0   0  25  26   0   0   0   0   0   0   0   0  48  0.34 0.01
   71 K   -1  2  3  0 -3  1  0 -1  0 -3 -3  5 -2 -4 -2  0 -1 -4 -2 -3    0   0  26   0   0   0   0   0   0   0   0  74   0   0   0   0   0   0   0   0  0.48 0.03
   72 I   -1 -1  3  3 -2 -1  0 -1 -1  1 -1 -1 -1 -2 -2  2  0 -4 -2  0    0   0  26  26   0   0   0   0   0  23   0   0   0   0   0  25   0   0   0   0  0.24 0.01
   73 L   -2 -3 -4 -4 -2 -2 -3 -4 -3  2  4 -3  2  0 -3 -3 -1 -2 -1  1    0   0   0   0   0   0   0   0   0   0 100   0   0   0   0   0   0   0   0   0  0.52 0.03
   74 S    1  0  0 -1 -2  0  0 -1 -1 -3 -3  2 -2 -3 -1  4  1 -3 -2 -2    0   0   0   0   0   0   0   0   0   0   0  26   0   0   0  74   0   0   0   0  0.40 0.03
   75 Q   -1  2  0 -1 -3  3  1 -2 -1 -3 -3  5 -1 -4 -1  0 -1 -3 -2 -3    0   0   0   0   0  23   0   0   0   0   0  77   0   0   0   0   0   0   0   0  0.54 0.03
   76 E   -1  1  0  0 -4  3  3 -2  0 -3 -3  4 -1 -4 -1  0 -1 -3 -2 -3    0   0   0   0   0  26  23   0   0   0   0  51   0   0   0   0   0   0   0   0  0.50 0.02
   77 D    0 -2  0  3 -3 -2 -1  6 -2 -4 -4 -2 -3 -4 -2  0 -2 -3 -3 -4    0   0   0  23   0   0   0  77   0   0   0   0   0   0   0   0   0   0   0   0  0.83 0.02
   78 Y   -2 -2 -3 -4 -3 -2 -3 -4  1 -1 -1 -2 -1  5 -4 -2 -2  2  7 -1    0   0   0   0   0   0   0   0   0   0   0   0   0  25   0   0   0   0  75   0  0.85 0.03
   79 F   -2 -3 -4 -4 -2 -3 -3 -4 -3  2  3 -3  1  3 -3 -3 -1 -1  0  1    0   0   0   0   0   0   0   0   0  25  52   0   0  23   0   0   0   0   0   0  0.36 0.01
   80 D   -2 -1  5  3 -3 -1  0 -1 -1  1 -1 -1 -1 -2 -2  0 -1 -4 -2  0    0   0  51  23   0   0   0   0   0  26   0   0   0   0   0   0   0   0   0   0  0.35 0.02
   81 K   -1  2  0 -1 -4  1  1 -2 -1 -3 -3  5 -2 -4 -1  0 -1 -3 -2 -3    0   0   0   0   0   0   0   0   0   0   0 100   0   0   0   0   0   0   0   0  0.61 0.03
   82 K    0  0 -1  0  5  0  2 -2 -1 -3 -3  2 -2 -3 -2  2  0 -3 -2 -2    0   0   0   0  26   0  26   0   0   0   0  23   0   0   0  25   0   0   0   0  0.34 0.02
   83 R   -2  6 -1 -2 -4  1  0 -3  0 -3 -3  2 -2 -3 -3 -1 -1 -3 -2 -3    0 100   0   0   0   0   0   0   0   0   0   0   0   0   0   0   0   0   0   0  0.85 0.04
   84 N   -1 -1  5  3 -3  0  0 -1  0 -3 -4  0 -2 -3 -2  2  0 -4 -3 -3    0   0  48  26   0   0   0   0   0   0   0   0   0   0   0  26   0   0   0   0  0.52 0.02
   85 E   -1 -1 -1  0 -3  1  4 -2 -1 -3 -3  0 -2 -3  4  0  2 -3 -2 -2    0   0   0   0   0   0  48   0   0   0   0   0   0   0  26   0  26   0   0   0  0.58 0.02
   86 H    1 -1  0  0 -3  1  2 -2  6 -3 -3  0 -2 -2 -2  0 -1 -3  0 -2   25   0   0   0   0   0  26   0  48   0   0   0   0   0   0   0   0   0   0   0  0.45 0.02
   87 D   -2 -2  1  7 -4 -1  1 -2 -1 -4 -4 -1 -4 -4 -2  0 -1 -5 -4 -4    0   0   0 100   0   0   0   0   0   0   0   0   0   0   0   0   0   0   0   0  1.03 0.04
   88 E    0  0  0  1 -3  1  5 -2  0 -3 -3  0 -2 -3 -1  2  0 -3 -2 -3    0   0   0   0   0   0  74   0   0   0   0   0   0   0   0  26   0   0   0   0  0.58 0.03
   89 R   -2  6 -1 -2 -4  1  0 -3  0 -3 -3  2 -2 -3 -3 -1 -1 -3 -2 -3    0 100   0   0   0   0   0   0   0   0   0   0   0   0   0   0   0   0   0   0  0.85 0.04
   90 T   -1  3  3  0 -3  1  0 -2  0 -3 -3  3 -2 -3 -2  0  2 -3 -2 -2    0  25  26   0   0   0   0   0   0   0   0  26   0   0   0   0  23   0   0   0  0.35 0.01
   91 V   -1 -3 -3 -4 -1 -3 -3 -4 -4  4  1 -3  1 -1 -3 -2 -1 -3 -2  4    0   0   0   0   0   0   0   0   0  52   0   0   0   0   0   0   0   0   0  48  0.39 0.02
   92 L   -2 -3 -4 -4 -2 -3 -3 -4 -3  2  3 -3  1  3 -3 -3 -1 -1  1  1    0   0   0   0   0   0   0   0   0  26  49   0   0  25   0   0   0   0   0   0  0.36 0.01
   93 I   -1 -3 -4 -4 -1 -3 -3 -4 -4  4  1 -3  1  0 -3 -2 -1 -3 -2  3    0   0   0   0   0   0   0   0   0  75   0   0   0   0   0   0   0   0   0  25  0.42 0.02
   94 L    0 -1 -1 -2 -2 -1 -1 -2  4  1  1 -1  0 -1 -2  1  0 -3  0  1    0   0   0   0   0   0   0   0  26   0  23   0   0   0   0  25   0   0   0  26  0.15 0.01
   95 V   -1 -3 -3 -4 -1 -2 -3 -3 -3  2  1 -2  4 -1 -3 -2  0 -3 -1  4    0   0   0   0   0   0   0   0   0   0   0   0  26   0   0   0   0   0   0  74  0.34 0.03
   96 N    0 -1  5  0 -2  0 -1 -1  0 -2 -3  0 -2 -3 -2  2  3 -4 -2 -2    0   0  49   0   0   0   0   0   0   0   0   0   0   0   0  26  25   0   0   0  0.44 0.02
   97 A    1 -2 -1  3 -2 -1  0 -2 -2  0 -1 -1 -1 -3  4  0 -1 -4 -2  1   23   0   0  26   0   0   0   0   0   0   0   0   0   0  25   0   0   0   0  26  0.38 0.01
   98 Q    1  0 -1 -2 -2  2  0 -2 -1  1 -1  2  0 -2 -2  0 -1 -3 -2  0   26   0   0   0   0  23   0   0   0  25   0  26   0   0   0   0   0   0   0   0  0.15 0.01
   99 Q   -1  1  0 -1 -3  6  2 -2  0 -3 -3  1 -1 -4 -2  0 -1 -2 -2 -3    0   0   0   0   0 100   0   0   0   0   0   0   0   0   0   0   0   0   0   0  0.78 0.04
  100 R   -2  4  0 -1 -4  3  0 -2  5 -3 -3  1 -1 -3 -2 -1 -1 -3  0 -3    0  48   0   0   0  26   0   0  26   0   0   0   0   0   0   0   0   0   0   0  0.54 0.02
  101 K   -1  1  3  3 -3  1  1 -1 -1 -3 -3  3 -2 -4 -2  0 -1 -4 -2 -3    0   0  26  26   0   0   0   0   0   0   0  48   0   0   0   0   0   0   0   0  0.45 0.02
  102 K   -1  1  0 -2 -3  0  0 -2  5 -3 -2  3 -2  0 -2 -1 -1 -1  4 -2    0   0   0   0   0   0   0   0  26   0   0  48   0   0   0   0   0   0  26   0  0.40 0.02
  103 I    1 -3 -3 -3 -1 -2 -3 -2 -3  4  1 -2  1 -1 -2 -1 -1 -3 -2  2   26   0   0   0   0   0   0   0   0  74   0   0   0   0   0   0   0   0   0   0  0.27 0.02
  104 E    1  0 -1  0 -3  1  4 -1 -1 -3 -3  2 -2 -3 -1  0 -1 -3 -2 -2   25   0   0   0   0   0  49   0   0   0   0  26   0   0   0   0   0   0   0   0  0.39 0.02
  105 S    0 -1  3  0  5  3  0 -1 -1 -3 -3  0 -2 -3 -2  2  0 -3 -2 -2    0   0  26   0  25  26   0   0   0   0   0   0   0   0   0  23   0   0   0   0  0.37 0.02
  106 L   -1 -3 -4 -4 -1 -2 -3 -4 -3  2  4 -3  2  0 -3 -3 -1 -2 -1  2    0   0   0   0   0   0   0   0   0   0  75   0   0   0   0   0   0   0   0  25  0.40 0.02
  107 L   -2 -3 -4 -4 -1 -3 -3 -4 -3  3  4 -3  2  0 -3 -3 -1 -2 -1  1    0   0   0   0   0   0   0   0   0  25  75   0   0   0   0   0   0   0   0   0  0.43 0.02
  108 S    2 -1  3  0 -1  0  0  0 -1 -3 -3  0 -2 -3 -1  3  1 -3 -2 -2   26   0  25   0   0   0   0   0   0   0   0   0   0   0   0  48   0   0   0   0  0.36 0.02
  109 R   -1  3  0  1 -4  4  4 -2  0 -3 -3  1 -2 -4 -2  0 -1 -3 -2 -3    0  23   0   0   0  26  51   0   0   0   0   0   0   0   0   0   0   0   0   0  0.57 0.02
  110 V   -1 -3 -3 -4 -1 -3 -3 -4 -3  3  2 -3  1  0 -3 -2 -1 -3 -1  3    0   0   0   0   0   0   0   0   0  26  25   0   0   0   0   0   0   0   0  49  0.34 0.01
  111 N   -2 -1  6  4 -3  0  0 -1  0 -4 -4  0 -3 -4 -2  0  0 -4 -3 -3    0   0  75  25   0   0   0   0   0   0   0   0   0   0   0   0   0   0   0   0  0.72 0.03
  112 K   -1  2  0 -1 -3  4  1 -2  0 -3 -3  4 -1 -3 -1  0 -1 -3 -2 -3    0   0   0   0   0  34   0   0   0   0   0  66   0   0   0   0   0   0   0   0  0.50 0.01
  113 R   -2  3 -2 -3 -2 -1 -2 -4 -2  2  2  0  1 -1 -3 -2 -1 -3 -2  1    0  32   0   0   0   0   0   0   0  34  34   0   0   0   0   0   0   0   0   0  0.22 0.01
  114 I   -2 -3 -4 -4 -1 -3 -3 -4 -3  4  3 -3  2  0 -3 -3 -1 -3 -1  2    0   0   0   0   0   0   0   0   0  66  34   0   0   0   0   0   0   0   0   0  0.38 0.01
  115 T    2  0 -1 -1 -1  0  0 -1 -1 -2 -2  3 -1 -3 -1  1  2 -3 -2 -1   34   0   0   0   0   0   0   0   0   0   0  34   0   0   0   0  32   0   0   0  0.25 0.01
  116 E   -1 -1  0  4 -4  0  3  3 -1 -4 -4  0 -3 -4 -2  0 -1 -3 -3 -3    0   0   0  34   0   0  32  34   0   0   0   0   0   0   0   0   0   0   0   0  0.53 0.01
  117 A    2  0 -2 -2 -2  0 -1 -1 -1 -1 -1  2 -1  4 -2  0 -1 -1  1 -1   32   0   0   0   0   0   0   0   0   0   0  34   0  34   0   0   0   0   0   0  0.18 0.01
  118 N   -2 -1  6  1 -3  0  0 -1  1 -4 -4  0 -2 -3 -2  1  0 -4 -2 -3    0   0 100   0   0   0   0   0   0   0   0   0   0   0   0   0   0   0   0   0  0.78 0.02
  119 N   -1  1  4  0 -3  1  0 -1  5 -3 -3  3 -2 -3 -2  0 -1 -3  0 -3    0   0  32   0   0   0   0   0  34   0   0  34   0   0   0   0   0   0   0   0  0.43 0.01
  120 E   -1  0  0  2 -4  2  5 -2  0 -4 -3  1 -2 -4 -1  0 -1 -3 -2 -3    0   0   0   0   0   0 100   0   0   0   0   0   0   0   0   0   0   0   0   0  0.74 0.00
  121 I   -1 -3 -3 -3 -1 -3 -3 -4 -3  4  2 -3  1  0 -3 -2 -1 -3 -1  3    0   0   0   0   0   0   0   0   0   0   0   0   0   0   0   0   0   0   0   0  0.00     0.00
  122 E   -1  0  0  2 -4  2  5 -2  0 -3 -3  1 -2 -3 -1  0 -1 -3 -2 -2    0   0   0   0   0   0   0   0   0   0   0   0   0   0   0   0   0   0   0   0  0.00     0.00
  123 L   -1 -2 -3 -4 -1 -2 -3 -4 -3  2  4 -2  2  0 -3 -2 -1 -2 -1  1    0   0   0   0   0   0   0   0   0   0   0   0   0   0   0   0   0   0   0   0  0.00     0.00

                      K         Lambda
Standard Ungapped    0.1321     0.3155
Standard Gapped      0.0410     0.2670
PSI Ungapped         0.1321     0.3155
PSI Gapped           0.0410     0.2670
