
Last position-specific scoring matrix computed, weighted observed percentages rounded down, information per position, and relative weight of gapless real matches to pseudocounts
            A   R   N   D   C   Q   E   G   H   I   L   K   M   F   P   S   T   W   Y   V   A   R   N   D   C   Q   E   G   H   I   L   K   M   F   P   S   T   W   Y   V
    1 M    -3  -3  -4  -5  -3  -2  -4  -4  -3   0   1  -3   9  -2  -4  -3  -2  -3  -3  -1    0   0   0   0   0   0   0   0   0   0   0   0 100   0   0   0   0   0   0   0  1.71 0.35
    2 A     5  -2   0  -2  -2  -2  -2  -1  -2  -3  -3   0  -2  -3   0   1  -1  -4  -3  -1   79   0   5   0   0   0   0   0   0   0   0   4   0   0   4   7   0   0   0   0  0.64 0.18
    3 G     0  -3   1   0  -3  -2  -1   5  -2  -4  -4  -2  -3  -1  -3   2  -1  -3  -1  -3    3   0   9   5   0   0   3  51   0   0   0   0   0   3   0  23   0   0   3   0  0.66 0.18
    4 D    -2  -3  -4  -1  -3  -3   0  -4  -3   3   2  -3   5   2  -4  -3  -2  -3  -2   3    0   0   0   4   0   0   7   0   0  17  19   0  22   9   0   0   0   0   0  22  0.47 0.22
    5 T    -2  -3   8  -1  -5  -2  -3  -3   1  -5  -5  -2  -4  -5  -4   0   1  -6  -4  -5    3   0  82   0   0   0   0   0   3   0   0   0   0   0   0   3   9   0   0   0  1.63 0.49
    6 T    -2   3   1  -2  -4   1  -1  -3   1  -2  -3   5  -1  -4  -3   0   0  -4  -3  -2    0  19   6   0   0   4   1   0   5   2   1  45   2   0   0   7   5   0   0   3  0.56 0.25
    7 I    -1  -4  -5  -5  -3  -4  -4  -5  -5   3   0  -4   1   0  -4  -3  -1  -4  -3   6    3   0   0   0   0   0   0   0   0  18   1   0   4   4   0   0   2   0   0  68  0.95 0.35
    8 T    -2  -3  -3  -3   2   0  -2  -4   0   4   0  -3   1   2  -3  -1   1  -3  -1   2    0   0   0   0   5   5   2   0   3  34   2   0   4  10   0   3  12   0   0  19  0.35 0.20
    9 V    -2  -4  -5  -5  -3  -4  -5  -5  -5   3   5  -4   1  -1  -4  -4  -3  -4  -3   1    3   0   0   0   0   0   0   0   0  19  67   0   2   0   0   0   0   0   0   9  0.89 0.31
   10 V    -2  -4  -3  -3   1  -4  -4  -5  -4   4   1  -4   2   0  -4  -2  -2  -4  -2   5    1   0   1   1   3   0   0   0   0  25   6   0   6   4   0   3   0   0   0  49  0.64 0.27
   11 G    -1  -5  -3  -4  -5  -4  -4   7  -4  -6  -6  -4  -5  -6  -4  -3  -4  -5  -5  -5    3   0   0   0   0   0   0  97   0   0   0   0   0   0   0   0   0   0   0   0  2.03 0.52
   12 N    -3   5   5  -2  -5  -1  -2  -2   0  -4  -3   1  -3  -2  -4  -2   0  -4  -1  -4    0  41  35   0   0   0   0   2   2   0   2   7   0   1   0   0   7   0   3   0  0.85 0.34
   13 L    -2  -4  -5  -5   1  -4  -4  -5  -5   2   5  -4   2  -1  -4  -4  -2  -4  -3   3    1   0   0   0   3   0   0   0   0   8  60   0   4   0   0   0   0   0   0  25  0.82 0.30
   14 T     1  -3  -2  -3  -3  -3  -3   4  -4  -1  -3  -3  -3  -4  -3   0   4  -4  -4   0   10   0   0   0   0   0   0  37   0   3   0   0   0   0   0   4  40   0   0   5  0.73 0.31
   15 A     1   4   0  -2  -3   3  -1  -1   0  -3  -2   2  -2   0  -3   0   0  -4  -2  -3   17  26   4   1   0  17   0   2   2   0   2  14   0   4   0   5   6   0   0   0  0.37 0.20
   16 D    -2  -1   0   7  -5  -2   2  -3  -3  -5  -5  -1  -5  -6  -4  -2  -1  -6  -5  -5    3   3   2  77   0   0   9   0   0   0   0   2   0   0   0   0   4   0   0   0  1.48 0.44
   17 P    -1  -5  -5  -4  -5  -4  -4  -5  -5  -2  -3  -4  -4  -1   8  -2  -3  -6  -5  -2    4   0   0   0   0   0   0   0   0   2   2   0   0   3  84   1   0   0   0   4  2.24 0.54
   18 E    -3  -1   0   2  -5   1   6  -4  -2  -3  -2  -1  -3  -4  -3  -2  -1  -4  -1   0    0   3   4   8   0   4  59   0   0   0   5   0   0   0   0   1   3   0   2  10  0.75 0.32
   19 L    -2  -1  -2  -3  -3   0   0  -4  -2   2   3  -1   3   0  -3  -2  -1  -3   0   1    1   3   2   0   0   6   8   0   0  14  34   2   9   3   0   2   1   0   4  12  0.25 0.15
   20 R    -3   6  -1  -3  -5   0  -2  -4   1  -4  -2   3  -3  -1  -4  -2  -2  -4  -3  -3    0  63   2   0   0   2   0   0   3   0   4  18   0   3   0   1   1   0   0   2  1.05 0.36
   21 F    -3  -1  -3  -2  -4   2  -2  -3  -1   0  -2  -2   1   3  -4  -2   1  -1   6  -2    0   2   0   2   0  11   2   1   0   4   2   2   4  12   0   1  11   0  43   1  0.70 0.30
   22 T    -1  -3  -2  -3  -3  -3  -2  -2  -3   1   1  -3   3   1  -3   0   5  -3  -2   0    3   0   0   0   0   0   2   3   0   7  15   0   8   6   0   5  49   0   0   3  0.51 0.28
   23 P     1   1   1  -1  -4   1   1  -1  -2  -4  -3   1  -3  -4   5   0  -2  -4  -4  -3   11   7   8   1   0   9  10   3   0   0   1   7   0   0  36   6   0   0   0   0  0.68 0.23
   24 S     0  -2   4   0  -3   0   1   1  -2  -4  -4  -1  -3  -4  -3   3   1  -4  -3  -3    5   0  26   3   0   2  10   8   0   0   0   2   0   0   0  34  10   0   0   0  0.54 0.25
   25 G    -2  -3   2  -1  -5  -2  -3   6  -3  -5  -5  -1  -3  -5  -4  -2  -3  -5  -5  -5    0   0  13   3   0   1   0  77   0   0   0   4   1   0   0   0   0   0   0   0  1.39 0.40
   26 A     0   0   2   0  -2   0   0   0   0  -1  -2   1   0  -3  -1   1   1  -4  -2   0    9   4  16   4   0   2   3   6   1   4   2  12   3   0   2   8  14   0   0   9  0.13 0.09
   27 A     4   0  -1  -3  -2  -2  -2  -2   0  -2  -2  -1  -1  -4   4   1   0  -4  -3  -1   42   7   2   0   0   0   1   0   3   2   3   3   1   0  19   8   6   0   0   4  0.46 0.22
   28 V    -1  -3  -3  -3  -1  -2  -3  -1  -3   2  -1  -1  -1  -2  -4  -3  -1  -3   2   5    1   1   1   1   1   1   0   4   0  11   2   5   1   0   0   0   1   0   8  62  0.63 0.29
   29 A     4  -3  -3  -3   4  -2  -3  -1  -3   0   0  -2  -1  -3  -3   0   2  -4  -3   1   42   0   0   0  10   0   0   2   0   2   9   0   0   0   0   4  17   0   0  12  0.43 0.23
   30 N    -2   2   4  -1  -3  -1   0  -3  -1   0  -3   0  -2  -4  -3   1   3  -4  -3  -1    1  16  29   2   0   1   5   0   1   9   0   4   0   0   0   8  22   0   0   2  0.43 0.23
   31 F    -3  -5  -5  -5  -4  -5  -5  -5  -3   2   2  -5   0   7  -5  -3  -3  -2   1  -1    1   0   0   0   0   0   0   0   0  10  21   0   2  60   0   1   0   0   3   3  1.17 0.37
   32 T    -1   2   1  -2   0   0  -2  -1  -2  -3  -2  -1  -2  -4  -2   3   4  -4  -3  -2    1  14   5   0   2   3   0   5   0   0   3   0   0   0   1  32  34   0   0   1  0.52 0.28
   33 V    -3  -4  -5  -5  -3  -4  -5  -5  -5   4   4  -4   1  -1  -4  -4  -2  -4  -3   3    0   0   0   0   0   0   0   0   0  30  49   0   2   0   0   0   0   0   0  18  0.85 0.30
   34 A     6  -3  -3  -3  -2  -3  -1   0  -4  -2  -3  -3  -3  -4  -3  -1  -2  -4  -4  -2   86   0   0   0   0   0   3   7   0   2   0   0   0   0   0   0   0   0   0   0  1.15 0.42
   35 S    -1  -3  -1  -3   3  -2  -3  -2  -3   0  -2  -3  -1  -3  -3   1   4  -4  -1   4    2   0   1   0   6   0   0   2   0   1   1   0   0   0   0  12  31   0   1  39  0.50 0.26
   36 T    -2  -1   5   1  -3   1  -1  -1  -2  -2  -2   0  -3  -4  -3   2   3  -4  -3  -3    0   1  37   5   0   6   0   3   0   2   3   4   0   0   0  17  20   0   0   0  0.54 0.25
   37 P    -1   3   0   3  -3   0   3  -1   0  -3  -3   0  -2  -3   2   0  -1  -3  -2  -3    3  20   2  16   0   1  24   4   2   1   1   1   0   1  11   9   3   0   0   1  0.39 0.16
   38 R    -2   6   0  -2  -3   0  -1  -3  -2  -2  -2   1   2  -3  -1   1   1  -3  -3  -2    1  51   5   1   0   3   1   1   0   1   2   3   6   0   3  11   9   0   0   2  0.63 0.25
   39 M    -1  -1   1  -2  -2  -1  -2  -1   0  -1  -2  -2   0   2   0   0   1   7   2  -1    3   3   9   1   0   2   1   3   2   3   1   1   3   8   4   9  10  22   9   5  0.45 0.16
   40 F    -2   3  -1  -1  -3  -1  -2   0   0  -2  -2   1  -2   4  -3  -1  -1   3   2  -2    1  18   3   3   0   2   1   9   2   1   1  12   0  27   1   3   3   4   8   1  0.32 0.15
   41 D    -1  -1   1   4  -3   0   0  -2  -2  -2  -3   3  -1   0  -2   1   1  -3  -2  -2    2   1   4  31   0   3   1   1   0   1   2  24   2   5   1   9   9   0   1   2  0.37 0.16
   42 R    -1   3   3   1  -3   1   0  -1  -1  -3  -2   2  -2  -3  -2  -1  -1  -3   0  -3    2  23  21   6   0   5   6   4   0   1   3  19   0   1   1   3   3   0   3   1  0.36 0.15
   43 Q     1  -1   2   2  -3   4   2  -2  -1  -2  -2   0  -2  -1  -2   0  -1  -3  -2  -2   11   1  10  12   0  30  10   2   0   2   4   3   0   4   1   5   2   0   1   2  0.31 0.15
   44 S     0  -1   2   1  -2   0  -1   0  -1  -2  -2   0  -2  -2   1   2   2  -3  -2  -1    7   1  14   8   0   4   1   5   0   1   2   4   0   1   6  23  16   0   1   4  0.23 0.11
   45 G    -1  -2   2  -1  -3  -1  -1   5   0  -3  -3   0  -2  -3  -2   0  -1  -3  -2  -3    2   1  11   2   0   1   5  51   2   1   2   6   0   1   1   8   3   0   1   1  0.57 0.17
   46 E     0  -1   0   1  -3   3   4  -2  -1  -2  -2   0   0  -3  -2   1   1  -3  -2  -2    6   1   3   6   0  16  33   2   0   1   3   2   4   1   1  10   8   0   1   3  0.34 0.15
   47 W    -1   3  -1  -1  -2   1   0  -1  -1  -1  -1   1   0   0  -2  -1   0   6   0  -2    3  21   2   2   0   8   6   3   0   4   4   6   4   5   1   2   6  15   3   1  0.31 0.12
   48 K     0   2   0   0  -2   1   1   0   0  -1  -1   2  -1  -2   0   0   0   0  -2  -1    5  12   5   5   0   8   7   8   1   4   5  19   1   1   3   5   3   1   1   6  0.11 0.05
   49 D    -1  -1   0   4  -3   2   4  -2  -1  -2  -2   0  -2  -3   0   0  -1  -2  -2  -2    2   1   4  25   1   8  31   2   1   1   3   3   1   1   4   7   2   0   1   3  0.43 0.14
   50 G     0   0   1   0  -1   1   1   2  -1  -1  -1   0  -1  -1   1   0   0  -1  -1  -1    6   5   6   6   1   8  10  19   1   3   5   4   1   2   5   7   3   1   3   6  0.10 0.03
   51 E    -2   2  -1   1  -3   2   4  -2   1  -2  -3   2  -2  -3   0  -1   0  -3  -2  -3    1  13   2   5   0   9  34   1   4   3   1  16   0   1   5   1   5   0   0   1  0.44 0.17
   52 A     2  -3  -2  -3  -2  -2  -2  -2  -3  -2  -3  -1  -2  -4   1   0   5  -4  -3   1   24   0   0   0   0   0   0   1   0   0   0   4   0   0   7   2  52   0   0   8  0.67 0.31
   53 L    -2  -2   2   4   2   1   3  -3   1  -3  -1  -1  -2  -3  -3  -1   0   0  -1  -1    0   0  10  26   5   6  26   0   4   0   8   0   0   0   0   2   4   2   2   4  0.40 0.19
   54 F    -4  -2  -5  -6  -5  -4  -5  -5  -3  -4  -3  -5  -3   6  -6  -2  -4  10   4  -4    0   3   0   0   0   0   0   0   0   0   0   0   0  43   0   3   0  40  11   0  2.04 0.51
   55 L    -3  -3  -3  -4   1  -3  -3  -5   7   4   1  -4   0   3  -4  -3  -3  -3   1   0    0   0   0   0   4   0   0   0  32  29  10   0   1  16   0   0   0   0   3   6  0.77 0.31
   56 R    -2   5   3   2  -4   0   0  -2  -2  -4  -3   1  -3  -4   1   0   1  -4  -3  -3    2  37  17  10   0   1   4   1   0   0   2   6   0   0   8   3   8   0   0   0  0.54 0.24
   57 C    -1  -5  -5  -5   7  -4  -5  -4  -5   4   0  -4  -1  -3  -4  -3  -2  -4  -3   4    3   0   0   0  24   0   0   1   0  25   4   0   0   0   0   0   0   0   0  43  0.96 0.34
   58 N     0  -1   1  -3  -2  -1  -1  -3  -3   0  -2  -1  -1  -3  -3   1   2   2  -3   4    4   3   7   0   0   2   4   0   0   3   0   4   0   0   0  12  14   3   0  46  0.35 0.23
   59 I     2  -3  -3  -4  -2  -3  -3  -1  -4   2   2  -3   2   1  -3  -2  -1  -3  -2   3   23   0   0   0   0   0   0   5   0  16  17   0   5   5   0   0   2   0   0  26  0.33 0.18
   60 W    -5  -5  -1  -6  -5  -5  -5  -5   0  -4  -2  -5  -3   6  -6  -3  -4  10   2  -4    0   0   3   0   0   0   0   0   3   0   2   0   0  39   0   1   0  47   6   0  2.19 0.53
   61 R    -2   4   3  -1  -5  -1  -2   4   0  -5  -5   0  -4  -5  -4  -1  -3  -4  -4  -5    0  33  15   3   0   1   0  41   2   0   0   2   0   0   0   2   0   0   0   0  0.84 0.31
   62 E    -1   3   3   0  -4   1   2   0  -2  -4  -4   4  -3  -4  -3  -1  -2  -4  -3  -4    3  16  14   4   0   6  13   6   0   0   0  36   0   0   0   1   0   0   0   0  0.58 0.24
   63 A    -1   0  -3  -3  -3   3  -2  -4  -3  -1   3  -2   1  -2  -1  -2   1  -3  -2   0    4   5   0   0   0  21   0   0   0   0  43   0   2   0   3   1  13   0   1   6  0.39 0.24
   64 A     6   0  -3  -4  -1  -3  -3   1  -3  -1  -3  -2  -3  -4  -3   0  -2  -4   0  -1   76   5   0   0   1   0   0   7   0   3   0   0   0   0   0   2   0   0   4   2  0.90 0.38
   65 E    -2  -2   2   3  -5   0   5  -3  -2  -3  -4   0  -4  -5  -3   1   0  -5  -4  -3    0   1   9  13   0   1  57   0   0   1   0   3   0   0   0  11   5   0   0   1  0.86 0.33
   66 N    -2  -3   4  -1  -3  -2  -3  -3  -1   2  -1  -1   0   2  -3  -1   1   0   0   2    0   0  26   1   0   0   0   0   1  18   0   4   2  14   0   4   8   2   3  18  0.32 0.21
   67 V     3  -3  -4  -4   2  -3  -3  -3  -4   2   1  -3   2  -2  -3  -1   0   2  -2   2   37   0   0   0   4   0   0   0   0  15  13   0   7   0   0   0   3   3   0  17  0.39 0.22
   68 A     2  -1   1  -1  -2  -1   0   2  -1  -2  -1   0  -2  -1  -2   1   0  -3   0   0   25   3   7   1   0   0   6  19   1   1   6   7   0   2   0   8   4   0   4   6  0.16 0.11
   69 E    -1   0   2   1  -4   3   4  -1  -1  -4  -3   1  -1  -4   0   0   0  -4  -3  -3    5   2  14   5   0  18  31   2   0   0   1   8   2   0   4   3   5   0   0   0  0.47 0.21
   70 S    -3  -2   0  -4  -4  -1  -3  -4   0  -3  -2  -1  -3   1  -4   1   0   3   8  -3    0   1   4   0   0   3   0   0   1   0   2   3   0   4   0  12   6   4  58   0  1.08 0.37
   71 L    -1  -3  -4  -4  -1  -3  -4  -3  -4   1   4  -3   2   0  -4  -3  -1  -3   0   2    5   0   0   0   1   0   0   1   0   5  59   0   3   2   0   0   3   0   4  16  0.59 0.24
   72 T     0   4   0  -2  -4   0  -1  -3   3  -3  -4   4  -3  -2  -3   1   1  -4  -2  -3    6  22   2   0   0   2   2   0   8   1   0  35   0   2   0  12   8   0   0   0  0.53 0.25
   73 R    -3   0  -3  -3  -5   0  -2  -4  -3  -5  -5   7  -4  -5   1  -3  -3  -5  -4  -2    0   2   0   0   0   2   0   0   0   0   0  86   0   0   8   0   0   0   0   3  1.48 0.50
   74 G    -2  -5  -1  -4  -5  -4  -4   7  -4  -6  -6  -4  -5  -6  -5  -2  -4  -5  -5  -6    0   0   3   0   0   0   0  96   0   0   0   0   0   0   0   1   0   0   0   0  2.00 0.51
   75 S     1   0  -1   2  -3   0  -1  -2  -2  -3  -3   0   1  -3  -3   4   1  -4  -1  -2   10   5   0  16   0   4   0   1   0   0   0   5   5   0   0  42   7   0   2   2  0.42 0.24
   76 R    -1   3  -2  -3  -3   3  -1  -1  -2  -2   2   2   1  -3   0   0  -1  -3  -3  -2    2  19   0   0   0  16   0   4   0   0  29  12   4   0   5   8   1   0   0   0  0.29 0.20
   77 V     0  -4  -5  -5   0  -4  -4  -5  -5   3   2  -4   1  -2  -4  -3  -1  -4  -3   5    5   0   0   0   1   0   0   0   0  18  17   0   2   0   0   0   1   0   0  56  0.77 0.30
   78 I     0  -3  -3  -4  -3  -3  -3   2  -2   2   0  -3   1   2  -4  -1  -2  -1   5   0    7   0   0   0   0   0   0  16   0  14   9   0   5   9   0   4   1   0  29   5  0.42 0.21
   79 V    -1  -5  -5  -5  -3  -4  -5  -5  -5   5   0  -4  -1  -2  -4  -4  -2  -5  -3   5    3   0   0   0   0   0   0   0   0  35   4   0   0   0   0   0   0   0   0  58  1.06 0.37
   80 T    -1  -2  -1   2  -4   2   5  -3  -2  -2  -4  -1  -2  -4  -3   0   1  -4  -1  -2    4   0   1   9   0   9  51   0   0   3   0   2   1   0   0   7  10   0   2   2  0.67 0.29
   81 G    -1  -5  -3  -4  -5  -4  -4   7  -4  -6  -6  -4  -5  -6  -5  -3  -4  -5  -5  -5    3   0   0   0   0   0   0  97   0   0   0   0   0   0   0   0   0   0   0   0  2.05 0.52
   82 R    -1   6  -1   1  -4   1   1  -3  -2  -4  -4   2  -3  -5  -3   1  -1  -4  -3  -4    3  48   1   8   0   6  10   0   0   0   0  12   0   0   0  10   2   0   0   0  0.76 0.29
   83 L    -2  -4  -5  -5  -3  -4  -5  -5  -5   3   5  -4   2  -1  -5  -4  -3  -4  -3   0    3   0   0   0   0   0   0   0   0  22  68   0   3   1   0   0   0   0   0   3  0.94 0.33
   84 K    -1   3  -1   0  -4   4   1  -1   0  -2  -3   2  -2  -4  -3   1   0  -4  -3  -1    3  17   0   4   0  30   5   5   2   1   0  15   0   0   0   9   5   0   0   4  0.44 0.22
   85 Q    -2  -2   0  -3  -3   2  -2  -3  -2  -1  -1  -2   2   1  -3   1   4  -2   3   0    0   1   5   0   0  10   0   0   0   2   3   0   6   5   0   8  39   0  13   8  0.42 0.25
   86 R    -3   6   0   1  -5  -1   2  -1  -2  -5  -4   0  -3  -3  -4  -1  -3  -4   2  -4    0  56   3   9   0   0  12   6   0   0   0   0   0   0   0   5   0   0   9   0  0.85 0.34
   87 S    -1   1   2  -1  -3   1   1  -1  -1  -3  -3   3   0  -4  -2   2   1  -4  -3  -1    0   6   9   0   0   4   7   3   1   0   0  25   4   0   0  25   9   0   0   6  0.32 0.19
   88 F    -4  -4  -5  -5  -4  -4  -4  -2  -2   0  -3  -4   0   2  -5  -4  -4  10   7  -3    0   0   0   0   0   0   0   3   0   8   0   0   2   5   0   0   0  40  39   0  1.89 0.47
   89 E    -1  -1   1   1  -4   3   4  -3  -2  -2  -3   0   2  -4  -2   0   2  -4  -3  -2    2   0   7   5   0  15  37   0   0   2   0   4   7   0   0   3  14   0   0   3  0.47 0.23
   90 T     0   0   3   5  -3  -1   0   0  -2  -2  -3  -1  -3  -3  -2   0   0  -4  -3  -2    8   7  14  39   0   0   1   6   0   2   1   3   0   0   1   7   6   0   0   2  0.46 0.18
   91 R    -2   3   1   0  -4   5   0  -3  -2  -4  -4   3  -2  -4  -2   1  -2  -4  -3  -3    0  15   6   6   0  33   1   0   0   0   0  26   0   0   1   9   0   0   0   1  0.66 0.28
   92 E    -2  -2   3   4  -4   1   3  -3  -2  -4  -4  -1  -3  -4  -3   2   0  -5  -4  -4    1   0  15  26   0   7  27   0   0   0   0   0   0   0   0  17   6   0   0   0  0.67 0.26
   93 G    -2  -4   1  -1  -5  -1  -2   7  -4  -6  -6  -3  -5  -5  -4  -1  -3  -5  -5  -5    0   0   7   2   0   2   2  83   0   0   0   0   0   0   0   4   0   0   0   0  1.53 0.43
   94 E    -1  -1   1   1  -3   3   2  -2  -2  -1  -2   1  -2  -1  -2   0   0  -3  -2   0    3   1   6   9   0  24  12   2   0   4   0  11   0   3   0   8   7   0   0  11  0.24 0.16
   95 K    -2   3   2   1  -4   0   1  -3  -2  -3  -3   3  -1  -4   1   0   0  -4  -3  -2    0  19  14   9   0   3   7   0   0   0   0  26   2   0   6   4   6   0   0   3  0.41 0.19
   96 R    -2   5   1  -3  -4   1   0  -2   1  -2  -3   3  -2  -2  -3  -2  -1   0  -3   0    0  46   6   0   0   4   3   3   4   2   0  16   0   1   0   0   2   1   0  10  0.61 0.27
   97 T    -2  -3  -2  -3  -3   0  -3  -4  -1  -3  -3  -1  -1   1  -4   2   3   0   6  -2    1   0   1   0   0   5   0   0   0   0   0   3   2   5   0  19  22   1  39   1  0.73 0.33
   98 V     1   0  -2  -2  -2   0  -1  -3  -3   1  -2   1  -1  -3  -2   2   2  -4  -3   2   11   5   0   0   0   4   2   0   0   8   0  10   0   0   0  22  14   0   0  24  0.25 0.18
   99 V     0  -3  -2  -3  -3  -3  -3  -3   1   0   0  -3  -2  -1   1  -1   5  -4   0   1    7   0   0   0   0   0   0   0   3   4  11   0   0   1   8   0  50   0   4  13  0.53 0.28
  100 E    -2   0  -1   1  -4   2   5  -4  -2  -3  -4   0  -3  -4  -3   0   0  -4  -1  -1    0   4   1   5   0   6  58   0   0   1   0   4   0   0   0   7   6   0   2   6  0.75 0.31
  101 V    -3  -5  -5  -5  -3  -4  -5  -5  -5   5   1  -4   0  -2  -4  -4  -2  -4  -3   5    0   0   0   0   0   0   0   0   0  47  11   0   1   0   0   0   0   0   0  41  1.01 0.35
  102 E    -1  -1  -1  -1   0   0   0  -3  -3   2   0  -1   0  -1  -3  -1   1  -3   0   3    0   3   3   4   3   4   9   0   0  17   5   1   1   2   0   5  10   0   2  32  0.18 0.14
  103 V     4  -3  -4  -4   1  -1  -3  -1  -4   1   0  -3  -1  -3  -3  -1  -2  -4  -3   3   51   0   0   0   2   3   0   4   0   6   6   0   0   0   0   0   0   0   0  28  0.56 0.29
  104 D    -2  -1   1   5  -4   2   3  -3  -2  -4  -2   0  -3  -4  -2   0  -1  -4  -3  -2    0   2   4  39   0  12  22   0   0   0   3   5   0   0   1   5   2   0   0   2  0.65 0.24
  105 E    -1   2   3   1  -3   1   1  -1  -1  -3  -2   1  -1  -2  -1   1   1  -3  -2  -2    4  12  18   6   0   5  12   3   0   0   2   6   2   2   1  14  10   0   0   2  0.23 0.12
  106 I    -2  -3  -4  -4  -2  -3  -4  -4  -3   4   0  -3   3   3  -3  -2  -1  -2  -1   3    1   0   0   0   0   1   0   1   0  32   4   0  11  17   0   1   2   0   1  28  0.56 0.23
  107 G    -1   1   2   0  -2   1   0   3  -1  -2  -2   0  -2   0  -1   0  -1  -2  -1  -2    2   8  10   6   1   9   4  32   1   2   3   4   1   6   2   6   2   0   1   2  0.23 0.07
  108 P     0  -1  -1  -1  -2   0   0   2   3  -2  -2   0  -2  -1   3   1   0  -2  -1  -2    5   1   1   2   1   3   5  16  13   1   4   5   1   2  19  14   5   0   1   2  0.27 0.07
  109 S     0  -1   0   1  -1   0   0  -1  -1  -1   0   0   1  -1   0   2   2  -2  -1  -1    2   1   2  11   1   4   4   4   1   2  10   7   5   3   3  20  16   0   1   3  0.10 0.06
  110 L     0   1  -2  -2  -2   0  -1  -2  -2   0   3  -1   3   0  -2  -1  -1  -2  -1   0    8  10   1   3   0   3   2   2   0   1  41   1  13   4   1   5   1   0   1   1  0.20 0.11
  111 R    -1   3  -1   0  -3   5   1  -1  -1  -1  -3   1   0  -4  -2   0   0  -3  -3  -2    3  18   0   3   0  39   8   5   0   4   0   7   2   0   0   6   4   0   0   0  0.47 0.19
  112 Y    -1   1  -1   0  -3  -2  -2  -2  -2   0   1  -1   4   2   0  -1  -2   3   2  -1    5  10   3   5   0   0   0   2   0   5  16   2  21  11   5   2   0   4   7   0  0.17 0.12
  113 A     2  -2  -2  -3   0  -2  -3   1  -3   0   3  -2   0  -1  -1   0  -1  -3  -2  -1   26   2   2   0   2   0   0  11   0   4  41   0   1   2   2   7   0   0   0   0  0.24 0.14
  114 T    -1  -1   0   2  -3   2   3   3  -2  -4  -4   0  -3  -4   1   0   1  -4  -3  -3    0   2   2  11   0   9  25  24   0   0   0   2   0   0   5   6  14   0   0   0  0.40 0.15
  115 A     2  -1   1  -2  -2  -1  -1   2  -1  -3  -3   0  -1  -1   0   3   0   0  -2  -2   23   1   6   0   0   0   3  16   1   0   1   4   2   4   3  34   1   1   0   0  0.32 0.16
  116 K     0   4  -1  -1  -3   1   0   1  -1  -3  -2   3  -2  -3   0  -1  -1  -4  -3  -1    9  30   2   1   0   6   2  14   1   0   3  21   0   0   4   0   2   0   0   5  0.34 0.14
  117 V     0   1   3   0  -1   1   0   1  -1  -2  -2   0  -1   0   0   0  -1  -3  -2   0    6   7  20   2   2   8   7  12   0   0   2   4   2   8   3   9   0   0   0   9  0.12 0.08
  118 N     0   0   3   1  -3   2   0   0   0  -3  -3   0  -2  -4  -2   3   1  -4  -3  -3    6   5  20   7   0  12   3   4   1   0   0   1   0   0   0  33   7   0   0   0  0.40 0.17
  119 K    -1   4   3   0  -4   2   0   1  -1  -4  -4   1  -2  -4  -3   0   0  -4  -3  -3    4  29  18   5   0   9   4  14   0   0   0   9   0   0   0   3   4   0   0   0  0.42 0.16
  120 A     2  -2   1  -1  -2   1   0   1  -2  -1  -2  -1  -1  -3   1   1   1  -3  -1  -1   23   0   9   1   0   8   4  13   0   7   0   0   2   0   7  14  10   0   2   0  0.20 0.10
  121 S     1   0   1   0  -2   3   0   1   0  -3  -2   0   1  -3   1   2   0  -3  -2  -2   13   4   5   3   0  20   2  10   1   0   1   2   5   0   8  19   4   0   1   1  0.23 0.11
  122 R     0   3   1  -1  -3   2   0   1  -1  -3  -3   0   0  -3  -1   1   1  -3  -3  -2    7  28   5   0   0  11   6  13   0   0   0   0   3   0   2  12  11   0   0   2  0.29 0.13
  123 S     0  -1   1   1  -2   2   2   1  -1  -2  -3   0  -2  -3  -1   2   0  -3  -2   0    7   1   6   5   0  14  16  12   0   0   0   3   0   0   1  18   6   0   1   8  0.21 0.10
  124 G    -1   0   2   2  -3   2   1   2   2  -3  -3  -1  -2   0  -1   1  -1  -3  -2  -3    1   6  11  14   0  15   8  19   6   0   0   0   0   6   2  11   2   0   0   0  0.28 0.11
  125 G     0  -1   2   0  -2  -1  -1   3   1  -3  -3  -1   1  -1  -2   2   1  -3  -1  -2    6   1  11   3   0   2   0  26   4   0   0   0   6   2   0  28   9   0   2   0  0.31 0.12
  126 G    -1  -1   0  -1  -3  -1   0   4  -2  -3  -3  -1   0  -2  -3   1   0   1  -3  -1    0   3   4   2   0   2   9  49   0   0   0   0   5   2   0  10   5   2   0   5  0.44 0.12
  127 G     0  -2   2  -1  -3  -1  -2   4   4  -3  -3  -2  -1  -3  -2   1   1  -3  -2  -3    8   0  11   0   0   2   0  42  14   0   0   0   3   0   0  11  10   0   0   0  0.49 0.13
  128 G     0  -2   2  -1  -3  -1   1   5   0  -4  -4  -1  -3  -4  -2   2  -1  -3  -3  -3    0   0  10   0   0   0   9  49   3   0   0   0   0   0   0  28   0   0   0   0  0.62 0.13
  129 G     0  -2   2   4  -3   0   2   2  -1  -4  -4  -1  -3  -4  -2   2  -1  -4  -3  -3    3   0  15  30   0   0  14  20   0   0   0   0   0   0   0  19   0   0   0   0  0.46 0.08
  130 F    -3  -3  -3  -4  -3  -3  -3  -4  -1  -1   1  -3   0   6  -4  -3  -2   1   5  -1    0   0   0   0   0   0   0   0   0   0  12   0   0  61   0   0   0   0  27   0  0.83 0.11

                      K         Lambda
Standard Ungapped    0.1310     0.3145
Standard Gapped      0.0464     0.2670
PSI Ungapped         0.1515     0.3174
PSI Gapped           0.0464     0.2670
