
Last position-specific scoring matrix computed, weighted observed percentages rounded down, information per position, and relative weight of gapless real matches to pseudocounts
           A  R  N  D  C  Q  E  G  H  I  L  K  M  F  P  S  T  W  Y  V   A   R   N   D   C   Q   E   G   H   I   L   K   M   F   P   S   T   W   Y   V
    1 M   -1 -1 -2 -3 -1  0 -2 -3 -2  1  2 -1  5  0 -2 -1 -1 -1 -1  1    0   0   0   0   0   0   0   0   0   0   0   0   0   0   0   0   0   0   0   0  0.00     0.00
    2 P   -1 -2 -2 -1 -3 -1 -1 -2 -2 -3 -3 -1 -2 -4  7 -1 -1 -4 -3 -2    0   0   0   0   0   0   0   0   0   0   0   0   0   0   0   0   0   0   0   0  0.00     0.00
    3 S    1 -1  1  0 -1  0  0  0 -1 -2 -2  0 -1 -2 -1  4  1 -3 -2 -2    0   0   0   0   0   0   0   0   0   0   0   0   0   0   0   0   0   0   0   0  0.00     0.00
    4 R   -1  5  0 -2 -3  1  0 -2  0 -3 -2  2 -1 -3 -2 -1 -1 -3 -2 -2    0   0   0   0   0   0   0   0   0   0   0   0   0   0   0   0   0   0   0   0  0.00     0.00
    5 T    0 -1  0 -1 -1 -1 -1 -2 -2 -1 -1 -1 -1 -2 -1  1  4 -2 -2  0    0   0   0   0   0   0   0   0   0   0   0   0   0   0   0   0   0   0   0   0  0.00     0.00
    6 E   -1  0  0  1 -4  2  5 -2  0 -3 -3  1 -2 -3 -1  0 -1 -3 -2 -2    0   0   0   0   0   0   0   0   0   0   0   0   0   0   0   0   0   0   0   0  0.00     0.00
    7 L   -1 -2 -3 -4 -1 -2 -3 -4 -3  1  4 -2  2  0 -3 -2 -1 -2 -1  1    0   0   0   0   0   0   0   0   0   0   0   0   0   0   0   0   0   0   0   0  0.00     0.00
    8 L   -1 -2 -3 -4 -1 -2 -3 -4 -3  1  4 -2  2  0 -3 -2 -1 -2 -1  1    0   0   0   0   0   0   0   0   0   0   0   0   0   0   0   0   0   0   0   0  0.00     0.00
    9 A    4 -1 -1 -2  0 -1 -1  0 -2 -1 -1 -1 -1 -2 -1  1  0 -2 -2  0    0   0   0   0   0   0   0   0   0   0   0   0   0   0   0   0   0   0   0   0  0.00     0.00
   10 E   -1  0  0  1 -4  2  5 -2  0 -3 -3  1 -2 -3 -1  0 -1 -3 -2 -2    0   0   0   0   0   0   0   0   0   0   0   0   0   0   0   0   0   0   0   0  0.00     0.00
   11 E   -1  0  0  1 -4  2  5 -2  0 -3 -3  1 -2 -3 -1  0 -1 -3 -2 -2    0   0   0   0   0   0   0   0   0   0   0   0   0   0   0   0   0   0   0   0  0.00     0.00
   12 Y   -2 -2 -2 -3 -2 -1 -2 -3  2 -1 -1 -2 -1  3 -3 -2 -2  2  6 -1    0   0   0   0   0   0   0   0   0   0   0   0   0   0   0   0   0   0   0   0  0.00     0.00
   13 L   -1 -2 -3 -4 -1 -2 -3 -4 -3  1  4 -2  2  0 -3 -2 -1 -2 -1  1    0   0   0   0   0   0   0   0   0   0   0   0   0   0   0   0   0   0   0   0  0.00     0.00
   14 R   -1  5  0 -2 -3  1  0 -2  0 -3 -2  2 -1 -3 -2 -1 -1 -3 -2 -2    0   0   0   0   0   0   0   0   0   0   0   0   0   0   0   0   0   0   0   0  0.00     0.00
   15 R   -1  5  0 -2 -3  1  0 -2  0 -3 -2  2 -1 -3 -2 -1 -1 -3 -2 -2    0   0   0   0   0   0   0   0   0   0   0   0   0   0   0   0   0   0   0   0  0.00     0.00
   16 E   -1  0  0  1 -4  2  5 -2  0 -3 -3  1 -2 -3 -1  0 -1 -3 -2 -2    0   0   0   0   0   0   0   0   0   0   0   0   0   0   0   0   0   0   0   0  0.00     0.00
   17 G    0 -2  0 -1 -2 -2 -2  5 -2 -4 -4 -1 -3 -3 -2  0 -2 -2 -3 -3    0   0   0   0   0   0   0   0   0   0   0   0   0   0   0   0   0   0   0   0  0.00     0.00
   18 H   -2  0  1 -1 -3  0  0 -2  7 -3 -3 -1 -2 -1 -2 -1 -2 -2  2 -3    0   0   0   0   0   0   0   0   0   0   0   0   0   0   0   0   0   0   0   0  0.00     0.00
   19 D   -2 -2  1  6 -3  0  1 -1 -1 -3 -4 -1 -3 -3 -1  0 -1 -4 -3 -3    0   0   0   0   0   0   0   0   0   0   0   0   0   0   0   0   0   0   0   0  0.00     0.00
   20 P   -1 -2 -2 -1 -3 -1 -1 -2 -2 -3 -3 -1 -2 -4  7 -1 -1 -4 -3 -2    0   0   0   0   0   0   0   0   0   0   0   0   0   0   0   0   0   0   0   0  0.00     0.00
   21 Q   -1  1  0  0 -3  5  2 -2  0 -3 -2  1  0 -3 -1  0 -1 -2 -1 -2    0   0   0   0   0   0   0   0   0   0   0   0   0   0   0   0   0   0   0   0  0.00     0.00
   22 K   -1  2  0 -1 -3  1  1 -2 -1 -3 -3  5 -1 -3 -1  0 -1 -3 -2 -2    0   0   0   0   0   0   0   0   0   0   0 100   0   0   0   0   0   0   0   0  0.52 0.00
   23 F   -2 -3 -3 -4 -3 -3 -3 -3 -1  0  0 -3  0  7 -4 -3 -2  1  3 -1    0   0   0   0   0   0   0   0   0   0   0   0   0 100   0   0   0   0   0   0  0.74 0.00
   24 R   -1  4 -2 -2 -2  0 -1 -3 -1  2  0  1  0 -1 -3 -2 -1 -3 -2  1    0  50   0   0   0   0   0   0   0  50   0   0   0   0   0   0   0   0   0   0  0.25 0.00
   25 Y   -2 -2 -3 -4 -3 -2 -3 -3  1 -1 -1 -2 -1  5 -3 -2 -2  2  6 -1    0   0   0   0   0   0   0   0   0   0   0   0   0  35   0   0   0   0  65   0  0.77 0.02
   26 V   -1 -2 -2 -3 -2 -2 -2 -3 -1  1  0 -2  0  3 -3 -1  2  0  4  2    0   0   0   0   0   0   0   0   0   0   0   0   0  22   0   0  23   0  27  28  0.28 0.01
   27 H   -2 -1 -1 -3 -3 -1 -2 -3  5 -2 -2 -2 -1  2 -3 -2 -2  1  7 -2    0   0   0   0   0   0   0   0  28   0   0   0   0   0   0   0   0   0  72   0  0.78 0.03
   28 P   -1  0 -1 -2 -3  0 -1 -2 -1 -2 -2  3 -1  3  4 -1 -1 -2  0 -2    0   0   0   0   0   0   0   0   0   0   0  45   0  27  28   0   0   0   0   0  0.46 0.02
   29 D   -2 -2  1  6 -4  0  1 -2 -1 -3 -4 -1 -3 -4 -2  0 -1 -5 -3 -4    0   0   0 100   0   0   0   0   0   0   0   0   0   0   0   0   0   0   0   0  1.02 0.03
   30 G    0 -2  3  0 -3 -1 -2  5 -1 -4 -4 -1 -3 -3 -2  0 -1 -3 -3 -3    0   0  27   0   0   0   0  73   0   0   0   0   0   0   0   0   0   0   0   0  0.78 0.02
   31 T   -1  1  3  0 -2  0  0 -1 -1 -2 -2  3 -1 -3 -1  0  2 -3 -2 -2    0   0  27   0   0   0   0   0   0   0   0  45   0   0   0   0  28   0   0   0  0.34 0.02
   32 P   -1 -2 -2 -1 -2  0  2 -3 -2  0  2 -1  0 -1  4 -1 -1 -3 -2 -1    0   0   0   0   0   0  27   0   0   0  45   0   0   0  28   0   0   0   0   0  0.41 0.01
   33 Y   -2 -2 -2 -1 -3  0  2 -3  1 -2 -1 -1 -1  4 -3 -1 -2  1  6 -2    0   0   0   0   0   0  27   0   0   0   0   0   0  22   0   0   0   0  51   0  0.51 0.02
   34 T    0 -1 -1 -1 -1  0  2 -2 -2  0 -1 -1 -1 -2 -2  0  3 -3 -2  2    0   0   0   0   0   0  23   0   0   0   0   0   0   0   0   0  50   0   0  27  0.24 0.02
   35 D   -1 -2  1  5 -3 -1  1 -2 -1 -3 -3 -1 -2 -3 -2  0  2 -4 -3 -2    0   0   0  73   0   0   0   0   0   0   0   0   0   0   0   0  27   0   0   0  0.66 0.02
   36 A    2  0  2 -1 -2  0  0 -1 -1 -2 -2  2 -1 -3 -1  1  2 -3 -2 -1   28   0  22   0   0   0   0   0   0   0   0  23   0   0   0   0  27   0   0   0  0.24 0.01
   37 D   -1  0  3  3 -3  1  3 -1  0 -3 -3  2 -2 -3 -2  0 -1 -4 -2 -3    0   0  22  28   0   0  23   0   0   0   0  27   0   0   0   0   0   0   0   0  0.46 0.01
   38 G   -1 -2 -1  3 -3 -2 -1  3 -2 -1  1 -2  0  3 -3 -1 -2 -2  0 -1    0   0   0  27   0   0   0  28   0   0  23   0   0  22   0   0   0   0   0   0  0.21 0.01
   39 L   -1 -2 -2 -3 -1 -2 -3 -3 -3  2  3 -2  1  0 -3 -1  2 -2 -1  1    0   0   0   0   0   0   0   0   0  27  50   0   0   0   0   0  23   0   0   0  0.27 0.01
   40 A    1 -1  2  0 -2  0  2 -1 -1  1 -1  0 -1 -2 -2  0  0 -3 -2  0   28   0  22   0   0   0  27   0   0  23   0   0   0   0   0   0   0   0   0   0  0.15 0.01
   41 R   -1  4 -1 -2 -3  0 -1 -2 -1 -3 -3  1 -2 -3  6 -1 -1 -3 -2 -3    0  55   0   0   0   0   0   0   0   0   0   0   0   0  45   0   0   0   0   0  0.95 0.02
   42 I   -1 -3 -3 -3 -1 -3 -3 -4 -3  4  1 -3  1 -1 -3 -2 -1 -3 -1  3    0   0   0   0   0   0   0   0   0  55   0   0   0   0   0   0   0   0   0  45  0.39 0.02
   43 A    2  0  3  0 -2  0  0 -1 -1 -2 -3  2 -2 -3 -1  2  0 -3 -2 -2   28   0  27   0   0   0   0   0   0   0   0  23   0   0   0  22   0   0   0   0  0.28 0.01
   44 R   -1  3  0 -1 -3  1  0 -2  6 -3 -3  3 -2 -2 -2 -1 -1 -3  0 -3    0  28   0   0   0   0   0   0  45   0   0  27   0   0   0   0   0   0   0   0  0.53 0.02
   45 L   -1 -3 -3 -4 -1 -2 -3 -4 -3  2  3 -3  2  0 -3 -2 -1 -2 -1  3    0   0   0   0   0   0   0   0   0   0  55   0   0   0   0   0   0   0   0  45  0.35 0.02
   46 A    2  3 -1 -1 -2  1  0 -1 -1 -3 -2  3 -1 -3 -1  0 -1 -3 -2 -2   28  27   0   0   0   0   0   0   0   0   0  45   0   0   0   0   0   0   0   0  0.36 0.02
   47 V   -1 -3 -3 -3 -1 -3 -3 -4 -4  4  1 -3  1  0 -3 -2 -1 -3 -1  3    0   0   0   0   0   0   0   0   0  72   0   0   0   0   0   0   0   0   0  28  0.40 0.02
   48 P   -1 -2 -2 -2 -3 -2 -1 -2 -2 -3 -3 -1 -3 -4  8 -1 -1 -4 -3 -3    0   0   0   0   0   0   0   0   0   0   0   0   0   0 100   0   0   0   0   0  2.11 0.04
   49 P    0 -2 -1 -1 -2 -1 -1 -2 -2 -2 -3 -1 -2 -3  6  2  2 -3 -3 -2    0   0   0   0   0   0   0   0   0   0   0   0   0   0  55  23  22   0   0   0  1.00 0.02
   50 A    3 -1 -1 -2 -1  0 -1 -1  6 -2 -2 -1 -1 -2 -2  0 -1 -3  0 -1   55   0   0   0   0   0   0   0  45   0   0   0   0   0   0   0   0   0   0   0  0.42 0.02
   51 Y   -2 -2 -3 -4 -2 -2 -3 -3 -1  0  2 -3  1  1 -3 -3 -2  8  4 -1    0   0   0   0   0   0   0   0   0   0  45   0   0   0   0   0   0  27  28   0  0.68 0.02
   52 Q    0 -1  0 -1 -2  3  0 -2 -1 -1 -2  0 -1 -3 -1  1  4 -3 -2 -1    0   0   0   0   0  28   0   0   0   0   0   0   0   0   0   0  72   0   0   0  0.41 0.03
   53 D   -2 -1  4  6 -4  0  1 -1 -1 -3 -4 -1 -3 -4 -2  0 -1 -4 -3 -3    0   0  27  73   0   0   0   0   0   0   0   0   0   0   0   0   0   0   0   0  0.80 0.02
   54 V    0 -3 -3 -3 -1 -2 -3 -3 -3  3  1 -3  1 -1 -3 -2  0 -3 -1  4    0   0   0   0   0   0   0   0   0   0   0   0   0   0   0   0   0   0   0 100  0.41 0.03
   55 Y   -2 -3 -3 -4 -2 -2 -3 -3 -1  2  0 -3  0  1 -3 -2 -1  8  4  2    0   0   0   0   0   0   0   0   0  23   0   0   0   0   0   0   0  27  28  22  0.62 0.02
   56 V    0 -3 -3 -3 -1 -2 -3 -3 -3  3  1 -3  1 -1 -3 -2  0 -3 -1  4    0   0   0   0   0   0   0   0   0   0   0   0   0   0   0   0   0   0   0 100  0.41 0.03
   57 S    2 -2 -1 -2 -1 -1 -1 -1  0 -2 -2 -1 -1  1 -2  2  0  0  5 -1   27   0   0   0   0   0   0   0   0   0   0   0   0   0   0  28   0   0  45   0  0.34 0.02
   58 P   -1  3 -1  0 -4  1  3 -2 -1 -3 -3  1 -2 -3  4 -1 -1 -3 -2 -3    0  27   0   0   0   0  45   0   0   0   0   0   0   0  28   0   0   0   0   0  0.66 0.02
   59 D   -1 -1  1  5 -4  3  3 -2 -1 -3 -3  0 -2 -4 -2  0 -1 -4 -3 -3    0   0   0  55   0  23  22   0   0   0   0   0   0   0   0   0   0   0   0   0  0.65 0.02
   60 A    3 -2 -1 -1 -1 -1 -1 -1 -2 -2 -2 -1 -2 -3  4  2  0 -3 -2 -1   50   0   0   0   0   0   0   0   0   0   0   0   0   0  27  23   0   0   0   0  0.54 0.02
   61 E   -1 -1  3  0 -2  0  2 -2 -1  0  2 -1  0 -1 -2 -1 -1 -3 -2 -1    0   0  27   0   0   0  28   0   0   0  45   0   0   0   0   0   0   0   0   0  0.19 0.01
   62 N    0 -1  3  0 -1  0  0 -1 -1 -2 -3  0 -2 -3 -1  3  2 -3 -2 -2    0   0  28   0   0   0   0   0   0   0   0   0   0   0   0  50  22   0   0   0  0.39 0.02
   63 E   -1  4 -1  0 -4  1  2 -2 -1 -3 -3  1 -2 -3  4 -1 -1 -3 -2 -3    0  45   0   0   0   0  28   0   0   0   0   0   0   0  27   0   0   0   0   0  0.65 0.02
   64 L   -2 -3 -4 -4 -1 -3 -3 -4 -3  3  4 -3  2  0 -3 -3 -1 -2 -1  1    0   0   0   0   0   0   0   0   0  27  73   0   0   0   0   0   0   0   0   0  0.42 0.02
   65 Q   -1  0 -1 -1 -2  4  0 -3 -1  2  0  0  0 -2 -2 -1 -1 -2 -2  1    0   0   0   0   0  55   0   0   0  45   0   0   0   0   0   0   0   0   0   0  0.28 0.02
   66 A    3 -2 -2 -3 -1 -2 -2 -1 -2 -1 -1 -2 -1  4 -2  0 -1 -1  1 -1   55   0   0   0   0   0   0   0   0   0   0   0   0  45   0   0   0   0   0   0  0.31 0.02
   67 F   -1 -3 -3 -4 -1 -3 -3 -4 -3  3  1 -3  1  3 -3 -2 -1 -1  1  3    0   0   0   0   0   0   0   0   0  27   0   0   0  28   0   0   0   0   0  45  0.32 0.01
   68 G    0 -3 -1 -2 -3 -2 -2  6 -2 -4 -4 -2 -3 -3 -2  0 -2 -3 -3 -3    0   0   0   0   0   0   0 100   0   0   0   0   0   0   0   0   0   0   0   0  1.11 0.03
   69 R    0  3 -1 -2 -2  0 -1 -2 -1 -1  1  0  0 -2 -2  1  2 -3 -2 -1    0  28   0   0   0   0   0   0   0   0  23   0   0   0   0  22  27   0   0   0  0.19 0.01
   70 D   -2 -2  1  6 -4  0  1 -2 -1 -3 -4 -1 -3 -4 -2  0 -1 -5 -3 -4    0   0   0 100   0   0   0   0   0   0   0   0   0   0   0   0   0   0   0   0  1.02 0.03
   71 A    2 -1  0 -1 -1  0  0  0 -1 -2 -2  0 -2 -3 -1  4  1 -3 -2 -1   28   0   0   0   0   0   0   0   0   0   0   0   0   0   0  72   0   0   0   0  0.41 0.02
   72 A    2  1 -1 -1 -2  1  0 -1 -1 -2 -2  4 -1 -3 -1  0 -1 -3 -2 -2   28   0   0   0   0   0   0   0   0   0   0  72   0   0   0   0   0   0   0   0  0.38 0.02
   73 G    0 -3 -1 -2 -3 -2 -2  6 -2 -4 -4 -2 -3 -3 -2  0 -2 -3 -3 -3    0   0   0   0   0   0   0 100   0   0   0   0   0   0   0   0   0   0   0   0  1.11 0.03
   74 R   -2  6 -1 -2 -4  1  0 -3  0 -3 -2  2 -2 -3 -2 -1 -1 -3 -2 -3    0 100   0   0   0   0   0   0   0   0   0   0   0   0   0   0   0   0   0   0  0.84 0.03
   75 L   -1  4 -1 -2 -3  0  0 -3 -1 -1  1  3  0 -2 -2 -1 -1 -3 -2 -1    0  45   0   0   0   0   0   0   0   0  28  27   0   0   0   0   0   0   0   0  0.33 0.01
   76 Q   -1  1  0 -1 -3  6  2 -2  0 -3 -3  1 -1 -4 -2  0 -1 -2 -2 -3    0   0   0   0   0 100   0   0   0   0   0   0   0   0   0   0   0   0   0   0  0.83 0.07
   77 Y   -2 -2 -3 -4 -3 -2 -2 -4  2 -2 -1 -2 -1  3 -3 -2 -2  2  8 -2    0   0   0   0   0   0   0   0   0   0   0   0   0   0   0   0   0   0 100   0  1.09 0.07
   78 R   -2  4 -1 -2 -3  0 -1 -3 -1 -2 -1  2 -1  4 -2 -1 -2 -1  1 -2    0  42   0   0   0   0   0   0   0   0   0  24   0  35   0   0   0   0   0   0  0.39 0.03
   79 Y   -2 -2 -3 -4 -3 -2 -2 -4  2 -2 -1 -2 -1  3 -3 -2 -2  2  8 -2    0   0   0   0   0   0   0   0   0   0   0   0   0   0   0   0   0   0 100   0  1.09 0.07
   80 H   -1 -1  3 -1 -2 -1 -1  3  4 -3 -3 -1 -2 -3 -2  0  2 -3 -1 -2    0   0  20   0   0   0   0  35  22   0   0   0   0   0   0   0  24   0   0   0  0.39 0.03
   81 P   -1  1  0  0 -3  1  2 -2 -1 -3 -3  3 -2 -3  3  1  0 -3 -2 -3    0   0   0   0   0   0  17   0   0   0   0  46   0   0  18  19   0   0   0   0  0.47 0.04
   82 D   -2 -2  2  4 -3 -1  0 -2 -1  1  0 -1  3 -2 -2 -1 -1 -3 -2  0    0   0  19  35   0   0   0   0   0  17   0   0  29   0   0   0   0   0   0   0  0.28 0.04
   83 F   -2 -1 -1 -2 -3 -1 -1 -3  7 -2 -2 -2 -1  4 -3 -2 -2 -1  2 -3    0   0   0   0   0   0   0   0  63   0   0   0   0  37   0   0   0   0   0   0  0.77 0.07
   84 V   -1 -1 -3 -3 -2 -2 -2 -3 -3  3  1  1  0 -1 -2 -2 -1 -3 -2  3    0   0   0   0   0   0   0   0   0  34   0  19   0   0   0   0   0   0   0  47  0.26 0.04
   85 Q   -1  1  0 -1 -3  5  1 -2  0 -3 -2  2 -1 -3 -2  0  2 -3 -2 -2    0   0   0   0   0  64   0   0   0   0   0  17   0   0   0   0  19   0   0   0  0.54 0.06
   86 A    1  2  3 -1 -2 -1 -1  2  0 -3 -3  0 -2 -1 -2  0 -1 -1  2 -2   18  15  32   0   0   0   0  17   0   0   0   0   0   0   0   0   0   0  17   0  0.26 0.03
   87 G    2  2  0 -1 -2  0  1  2 -1 -3 -3  0 -2 -3 -2  2  0 -3 -2 -2   23  22   0   0   0   0  10  14   0   0   0   0   0   0   0  31   0   0   0   0  0.29 0.04
   88 A    0 -1  3  4 -3  0  2 -1 -1 -3 -3 -1 -2 -3 -2  0  1 -4 -3 -2   14   0  22  40   0   0  13   0   0   0   0   0   0   0   0   0  10   0   0   0  0.48 0.05
   89 L    1  3 -1 -2 -2  0 -1 -2 -1 -1  1  2  0 -2 -2  1 -1 -3 -2 -1   21  22   0   0   0   0   0   0   0   0  23  23   0   0   0  12   0   0   0   0  0.18 0.04
   90 K    0  2 -1  0 -3  2  3 -2 -1 -3 -3  4 -2 -4 -2  0 -1 -3 -2 -3    9   6   0   0   0  10  35   0   0   0   0  41   0   0   0   0   0   0   0   0  0.50 0.08
   91 K   -2  4 -1 -2 -4  1  0 -2 -1 -4 -3  5 -2 -4 -2 -1 -1 -4 -2 -3    0  24   0   0   0   0   0   0   0   0   0  76   0   0   0   0   0   0   0   0  0.78 0.12
   92 W   -1 -3 -2  2 -3 -2 -2 -3 -1 -1  0 -2 -1  5 -3 -1 -2  5  3 -2    5   0   0  18   0   0   0   0   0   0   6   0   0  40   0   5   0  11  14   0  0.49 0.08
   93 Q   -1  3  0  1 -4  2  4 -2 -1 -3 -3  2 -2 -4 -2  0  0 -3 -2 -3    0  19   0   6   0  11  43   0   0   0   0  11   0   0   0   0   9   0   0   0  0.50 0.07
   94 R   -1  3  0 -2 -3  0 -1 -3 -1  1 -1  3 -1 -2 -2 -1  1 -3 -2  1    0  23   5   0   0   0   0   0   0  18   0  33   0   0   0   0  10   0   0  11  0.23 0.06
   95 L    2 -2 -3 -3 -1 -2 -2 -2 -2  0  2 -2  0  3 -2  0 -1 -2  0  0   38   0   0   0   0   0   0   0   0   0  33   0   0  18   0   5   0   0   0   6  0.23 0.06
   96 T   -1  4 -1 -2 -3  0 -1 -3 -1  1 -1  1 -1 -1 -3 -1  1 -2  2  0    0  43   0   0   0   0   0   0   0  15   0   5   0   0   0   0  16   0  11   9  0.29 0.07
   97 R   -2  4  0  3 -4  1  0  0 -1 -4 -3  3 -2 -4 -2 -1 -1 -4 -3 -3    0  30   0  27   0   5   0   6   0   0   0  32   0   0   0   0   0   0   0   0  0.50 0.07
   98 F   -2 -2 -3 -4 -2 -2 -3 -4  1  1  3 -1  1  3 -3 -2 -1 -1  2  1    0   0   0   0   0   0   0   0   5   0  43   6   0  23   0   0   0   0   5  18  0.29 0.06
   99 A    0  1 -1  0 -2  0 -1 -2  3  2 -1  2 -1 -1 -2 -1 -1 -2  2  0   11  10   0   8   0   0   0   0  14  27   0  21   0   0   0   0   0   0   9   0  0.12 0.05
  100 G   -1  2  3  2 -3  0  1  2 -1 -3 -3  1 -2 -3 -2  0  0 -3 -3 -3    0  15  19  15   0   0   5  21   0   0   0  11   0   0   0   5   8   0   0   0  0.32 0.04
  101 A    1 -2  0 -2  2 -1 -2  0  2  0 -1 -2 -1  0 -2  0  0 -2  2  2   12   0   5   0   6   0   0   6  10   0   1   0   0   5   0  12   0   0  10  32  0.09 0.04
  102 L   -1 -3 -3 -3 -1 -2 -3 -4 -3  4  2 -3  2 -1 -3 -2 -1 -3 -2  3    0   0   0   0   0   0   0   0   0  51  12   0   9   0   0   0   0   0   0  23  0.40 0.07
  103 P   -1  1  0  4 -3  0  0  1 -2 -3 -3  2 -3 -3  4 -1 -1 -4 -3 -3    0  11   0  34   0   0   0  11   0   0   1  18   0   0  23   0   0   0   0   0  0.52 0.06
  104 T    1  2  0  1 -2  1  1 -1 -1 -2 -2  2 -1 -3 -1  1  1 -3 -2 -2   11   9   0  11   0   9   5   0   0   0   1  26   0   0   0  10  17   0   0   0  0.25 0.04
  105 L   -1 -3 -3 -3 -2 -2 -3 -3 -3  4  2 -2  1  0 -3 -2  0 -2 -2  2    1   1   0   1   0   0   1   1   0  62  24   1   0   0   1   1   6   0   0   1  0.38 0.07
  106 K   -1  4  1 -1 -3  1  1 -2  3 -3 -3  2 -2 -3 -2 -1 -1 -3 -1 -3    1  44   9   1   0   0  12   1  10   1   1  17   0   0   1   1   1   0   0   1  0.45 0.06
  107 V    1  2  0 -1  3  0  0 -2 -1 -1 -2  3 -1 -3 -2  0 -1 -3 -2  0   15  14   5   0   9   0   0   0   0   0   1  37   0   0   0   5   0   0   0  12  0.21 0.05
  108 A    2 -2 -1  2 -2  1 -1  1 -2 -2 -2 -1 -1  3 -2  0 -1 -2  0 -2   38   0   0  18   0  10   0  11   0   0   0   0   0  24   0   0   0   0   0   0  0.23 0.06
  109 T   -1 -2 -2 -3 -2 -2 -2 -3  0  2  0 -2  2  1 -3 -1  2  0  5  1    0   0   0   0   0   0   0   0   0  18   0   0  11   0   0   0  22   0  40   8  0.39 0.09
  110 T    0  1  2  1 -2  1  0 -2 -1 -1 -2  0 -1 -2 -2  0  3 -3  0  0    5   9  17   9   0  11   0   0   0   0   0   0   0   0   0   0  31   0   6  11  0.20 0.05
  111 A    1  3 -1  1 -3  0  0 -2 -1 -3 -3  4 -2 -3 -2  0 -1 -3 -2 -2   21  22   0   9   0   0   0   0   0   0   0  48   0   0   0   0   0   0   0   0  0.43 0.08
  112 D   -2 -2  3  5 -3 -1  0 -2 -1 -3 -3 -1  0 -4 -2  0  1 -4 -3 -3    0   0  22  57   0   0   0   0   0   0   0   0   5   0   0   6   9   0   0   0  0.68 0.09
  113 L   -2 -2  1 -2 -2 -2 -1 -3 -2  2  2 -2  1  2 -3 -2 -1  5  0  1    0   0  11   0   0   0   6   0   0  18  34   0   0  16   0   0   0  10   0   5  0.26 0.05
  114 R   -1  2  3  0 -3  1  1 -2 -1 -3 -3  4 -2 -3 -2  0 -1  3 -2 -3    0  11  22   0   0   0  10   0   0   0   0  47   0   0   0   0   0   6   0   0  0.45 0.07
  115 A    1  0  1  0 -2  0  0 -1  2 -1 -1  1  0  1 -1  1  0 -2  0 -1   18   1   5   7   0   1   1   1  10   1   2  16   6  12   1  16   1   0   1   1  0.09 0.03
  116 S    0  1  0 -1 -2  0  1 -1 -1 -3 -3  2 -2 -3  3  3  0 -3 -2 -2    0   5   0   0   0   0  11   0   0   0   0  14   0   0  17  49   0   0   0   0  0.43 0.07
  117 G   -1  0  1  1 -3  0  2  1 -1 -3 -2  2 -2  1 -2  1 -1 -2 -1 -2    0   0  10   5   0   0  15  12   0   0   0  29   0  12   0  15   0   0   0   0  0.21 0.04
  118 L   -1 -2 -1  0 -1 -1  0 -2 -1  1  1 -1  2  0 -2 -1  1 -1  2  1    1   1   1   6   0   1   7   1   0   1  17   1  15   1   1   1  16   0  12  19  0.10 0.03
  119 P   -1  1  2  2 -2  0  1 -1 -1 -2 -1  0  1 -2  2  0  1 -2 -2 -1    2   9  12  19   0   1   7   1   0   1   2   1  11   1  12   7  10   0   1   1  0.21 0.03
  120 P   -1  1 -1 -1 -2  1  0 -2  2 -1 -1  3 -1 -2  2  0 -1 -3 -1  0    0   6   0   0   0   5   0   0   8   0   5  37   0   0  11   9   0   0   0  14  0.23 0.05
  121 R   -1  2  3  1 -2  0  2 -2 -1 -1  0  1 -1 -2 -1  0  0 -2 -2 -1    1  12  21   6   0   1  19   1   0   1  11  11   0   1   1   1   6   0   0   7  0.16 0.03
  122 K   -2  6 -1 -2 -4  0 -1 -3 -1 -3 -2  2 -2  1 -3 -1 -2 -2  2 -3    0  72   0   0   0   0   0   0   0   0   0  11   0   9   0   0   0   0   9   0  0.70 0.10
  123 V   -1  0 -1 -1 -3  6  1 -3 -1 -1 -2  0 -1 -3 -2 -1 -1 -3 -2  1    0   0   0   0   0  78   0   0   0   0   0   0   0   0   0   0   0   0   0  22  0.69 0.13
  124 M   -2  2 -2 -3 -2 -1 -2 -4 -2  3  2  0  3 -1 -3 -2 -1 -3 -2  1    0  22   0   0   0   0   0   0   0  31  26   4  15   0   0   0   0   0   0   0  0.26 0.06
  125 A    4 -2 -2 -2 -1 -1 -1  2 -2 -2 -2 -1 -2 -3 -1  2  0 -3 -2 -1   76   0   0   0   0   0   0  13   0   0   0   0   0   0   0  11   0   0   0   0  0.51 0.09
  126 L   -1 -3 -3 -3 -1 -2 -3 -3 -3  2  2 -2  1 -1 -3 -1  2 -3 -2  4    0   0   0   0   0   0   0   0   0   0  22   0   0   0   0   0  20   0   0  57  0.35 0.07
  127 M    3 -2 -3 -3 -1 -2 -2 -1 -2  1  0 -2  3  3 -2  0 -1 -2  0  0   52   0   0   0   0   0   0   0   0   8   0   0  22  17   0   0   0   0   0   0  0.28 0.08
  128 T   -1 -2 -2 -3 -2 -2 -3 -3 -3  1  3 -2  4 -1 -3 -1  2 -2 -2  1    0   0   0   0   0   0   0   0   0   4  39   0  26   0   0   0  23   0   0   8  0.33 0.06
  129 R   -2  1 -2 -3 -3  1 -2 -3  0 -1  1 -1 -1  1 -3 -2 -2  5  6 -2    0  11   0   0   0  11   0   0   0   0  17   0   0   0   0   0   0   8  52   0  0.59 0.09
  130 L   -2 -3 -3 -4 -2 -2 -3 -4 -3  1  3 -3  4  3 -3 -3 -2 -1  0  0    0   0   0   0   0   0   0   0   0   0  49   0  29  22   0   0   0   0   0   0  0.49 0.08
  131 L   -2 -3 -3 -2 -2 -2  1 -4 -3  4  1 -2  1 -1 -3 -2 -1 -3 -2  2    0   0   0   0   0   0  17   0   0  60  11   0   0   0   0   0   0   0   0  11  0.34 0.07
  132 H   -2  1  0  5 -3 -1  1 -2  3 -3 -3 -1 -3 -3 -2  0  1 -4 -2 -3    0  11   0  60   0   0   0   0  11   0   0   0   0   0   0   0  17   0   0   0  0.63 0.09
  133 V   -1  0  1  1 -2  0  0 -2 -1  0 -1  3  1  0 -2  0 -1 -3 -1  1    0   0   8  11   0   0   0   0   0   0   0  34   9   5   0   9   0   0   0  24  0.13 0.05
  134 A    0 -3 -3 -4 -2 -3 -3 -3 -2  0  3 -3  1  5 -3 -2 -2  0  3  0   11   0   0   0   0   0   0   0   0   0  40   0   0  38   0   0   0   0  11   0  0.43 0.07
  135 R    3  1  1 -2 -2 -1 -1 -1 -1 -2 -2 -1 -1  2 -2  1 -1 -2 -1 -1   52  11  11   0   0   0   0   0   0   0   0   0   0  17   0   8   0   0   0   0  0.24 0.06
  136 F   -2 -3 -4 -4 -2 -3 -3 -4 -3  2  4 -3  3  2 -3 -3 -2 -2 -1  1    0   0   0   0   0   0   0   0   0  17  60   0  11  11   0   0   0   0   0   0  0.46 0.06
  137 R   -2  7 -1 -2 -4  0 -1 -3 -1 -4 -3  2 -2 -4 -3 -1 -2 -4 -2 -3    0 100   0   0   0   0   0   0   0   0   0   0   0   0   0   0   0   0   0   0  1.17 0.14
  138 V    3 -2 -2 -3 -1 -2 -2 -1 -2  0  0 -2  2  1 -2  0  0 -2 -1  2   51   0   0   0   0   0   0   0   0   0   0   0   9   9   0   0   4   0   0  27  0.25 0.07
  139 G    0 -3 -1 -2 -3 -2 -3  6 -3 -5 -4 -2 -3 -4 -3 -1 -2 -3 -4 -4    0   0   0   0   0   0   0 100   0   0   0   0   0   0   0   0   0   0   0   0  1.35 0.12
  140 S   -1  0  5  0 -3  0  0  1  0 -4 -4  3 -2 -4 -2  1 -1 -4 -3 -3    0   0  52   0   0   0   0   9   0   0   0  29   0   0   0  11   0   0   0   0  0.53 0.08
  141 D   -1 -1 -1  2 -4  1  5 -3 -1 -2 -2  0  1 -3 -2 -1 -1 -3 -3  0    0   0   0  11   0   0  72   0   0   0   0   0   9   0   0   0   0   0   0   9  0.62 0.10
  142 I   -1  1 -1 -2 -3  0  0 -2 -2  1 -2  5 -1 -3 -2 -1 -1 -4 -2  0    0   0   0   0   0   0   0   0   0  11   0  78   0   0   0   0   0   0   0  11  0.49 0.10
  143 Y   -1 -2 -1  2 -3 -1  1  2  0 -3 -3 -1 -2  0 -3  0 -2  0  5 -3    0   0   0  19   0   0  15  22   0   0   0   0   0   0   0   4   0   0  40   0  0.43 0.07
  144 A    1 -1 -1  2 -2  0  3 -2 -1 -1  0 -1 -1 -2 -2  0 -1 -3 -2 -1   22   0   0  15   0   0  41   0   0   0  17   0   0   0   0   0   0   0   0   4  0.29 0.06
  145 R   -2  3  0  4 -4  0  0  1 -1 -4 -4  2 -3 -4 -2 -1 -1 -4 -3 -3    0  22   0  45   0   0   0  15   0   0   0  17   0   0   0   0   0   0   0   0  0.53 0.07
  146 Q   -1  0 -1  1 -4  4  5 -3  0 -4 -3  0 -2 -4 -2 -1 -1 -3 -2 -3    0   0   0   0   0  31  69   0   0   0   0   0   0   0   0   0   0   0   0   0  0.86 0.11
  147 H    3 -1  3 -1 -2 -1 -1 -1  3 -2 -2 -1 -2 -3 -2  1  1 -3 -2 -1   48   0  29   0   0   0   0   0  11   0   0   0   0   0   0   0  12   0   0   0  0.36 0.07
  148 K   -2 -1  0  5 -4  0  3 -2 -1 -4 -4  2 -3 -4 -2 -1 -1 -4 -3 -3    0   0   0  61   0   0  17   0   0   0   0  22   0   0   0   0   0   0   0   0  0.77 0.09
  149 T    0 -2 -1 -2 -2 -1 -1 -2 -2 -2 -2 -1 -1 -3 -2  2  6 -3 -2 -1    0   0   0   0   0   0   0   0   0   0   0   0   0   0   0  11  89   0   0   0  0.74 0.12
  150 Y   -1 -3 -3 -4 -2 -3 -3 -4 -1  1  0 -3  0  0 -3 -2 -1 -1  5  4    0   0   0   0   0   0   0   0   0   0   0   0   0   0   0   0   0   0  30  70  0.52 0.10
  151 G    0 -3 -1 -2 -3 -2 -3  6 -3 -5 -4 -2 -3 -4 -3 -1 -2 -3 -4 -4    0   0   0   0   0   0   0 100   0   0   0   0   0   0   0   0   0   0   0   0  1.35 0.12
  152 L   -1 -4 -4 -4  8 -3 -4 -4 -4  1  2 -3  0 -1 -3 -2 -1 -3 -2  1    0   0   0   0  52   0   0   0   0  11  28   0   0   0   0   0   0   0   0   8  0.79 0.09
  153 S   -1 -3 -2 -3  8 -3 -3 -3 -3 -1  1 -3 -1 -2 -3  2 -1 -3 -3 -1    0   0   0   0  60   0   0   0   0   0  17   0   0   0   0  22   0   0   0   0  0.90 0.11
  154 T    0 -1  0 -1 -1 -1 -1 -1 -2 -2 -2 -1 -2 -3 -1  4  4 -3 -2 -1    0   0   0   0   0   0   0   0   0   0   0   0   0   0   0  60  40   0   0   0  0.57 0.10
  155 L   -2 -3 -4 -4 -2 -3 -4 -4 -3  1  5 -3  2  0 -4 -3 -2 -2 -2  0    0   0   0   0   0   0   0   0   0   0 100   0   0   0   0   0   0   0   0   0  0.72 0.10
  156 R   -2  6 -1 -2 -4  1  0 -3 -1 -4 -3  4 -2 -4 -2 -1 -2 -3 -2 -3    0  71   0   0   0   0   0   0   0   0   0  29   0   0   0   0   0   0   0   0  0.87 0.11
  157 Q   -1 -1  2 -2  3  1 -1 -3 -1  0 -1  1 -1 -1 -2 -1 -1 -2  2  2    0   0  17   0   8  11   0   0   0   0   0  11   0   0   0   0   0   0  13  40  0.15 0.06
  158 R   -1  2 -1  0 -4  1  4  0 -1 -4 -3  3 -2 -4 -2 -1 -1 -3 -3 -3    0  11   0   0   0   0  53   8   0   0   0  29   0   0   0   0   0   0   0   0  0.56 0.08
  159 H   -2 -1  3 -1 -4  0 -1 -2  9 -4 -4 -1 -2 -2 -3 -1 -2 -3  1 -4    0   0  21   0   0   0   0   0  79   0   0   0   0   0   0   0   0   0   0   0  1.21 0.14
  160 V    0 -3 -3 -4 -1 -3 -3 -3 -4  4  1 -3  0 -1 -3 -2 -1 -3 -2  4    8   0   0   0   0   0   0   0   0  39   0   0   0   0   0   0   0   0   0  53  0.45 0.08
  161 V   -1  1  0  0 -3  2  3 -2 -1 -1 -2  2 -1 -3 -2  0  1 -3 -2  1    0   4   3   0   0  15  25   0   0   0   0  20   0   0   0   0  13   0   0  20  0.25 0.05
  162 V   -2  0 -3 -3 -2 -2 -3 -4 -3  3  3 -2  1  0 -3 -2  0 -3 -2  2    0   9   0   0   0   0   0   0   0  35  40   0   0   0   0   0   4   0   0  11  0.32 0.05
  163 D   -1  0  0  2 -3  0  1 -2  2 -3 -3  2 -2 -1  1  2  0 -3 -1 -3    0   0   0  16   0   0   9   0  10   0   0  28   0   4   8  25   0   0   0   0  0.30 0.05
  164 G   -1 -2  2  0 -3 -1 -1  2 -2 -4 -4 -1 -3 -4  6 -1 -1 -4 -3 -3    4   0  14   4   0   0   3  16   0   0   0   0   0   0  59   0   0   0   0   0  1.13 0.09
  165 N   -1  1  4  3 -3  1  1  1  1 -4 -4  0 -2 -3 -2  0 -1 -4 -2 -3    0  13  40  17   0   5   6  11   4   0   0   0   0   0   0   4   0   0   0   0  0.44 0.06
  166 T   -1 -1 -1 -1 -2  0  1 -3 -2  1 -1  2 -1 -2 -2  0  3 -3 -2  2    0   0   0   0   0   0  14   0   0   4   0  21   0   0   0   0  33   0   0  29  0.21 0.06
  167 V   -1 -3 -4 -4 -1 -3 -3 -4 -4  4  1 -3  1 -1 -3 -3 -1 -3 -2  4    0   0   0   0   0   0   0   0   0  46   8   0   0   0   0   0   0   0   0  46  0.49 0.08
  168 T   -1 -1 -1 -1 -2  0  2 -3  2  1  0  1  0 -2 -2  0  2 -3 -1  1    0   0   0   0   0   0  19   0   8   9   9  12   0   0   0   0  27   0   0  16  0.14 0.04
  169 F   -2 -3 -4 -4 -2 -3 -4 -4 -2  2  2 -3  1  6 -4 -3 -2  0  1  0    0   0   0   0   0   0   0   0   0  17  28   0   0  54   0   0   0   0   0   0  0.59 0.08
  170 R   -2  1  2  5 -4  0  2 -2  2 -4 -4  1 -3 -4 -2 -1 -1 -4 -2 -3    0  11  11  52   0   0   8   0   9   0   0   9   0   0   0   0   0   0   0   0  0.61 0.07
  171 F   -3 -4 -4 -4 -3 -4 -4 -4 -2 -1  0 -4  0  7 -4 -3 -3  0  2 -1    0   0   0   0   0   0   0   0   0   0   4   0   0  96   0   0   0   0   0   0  1.17 0.14
  172 K   -1 -1 -3 -3 -2 -1 -2 -3 -3  1  3  2  1 -1  1 -2 -1 -3 -2  1    0   0   0   0   0   0   0   0   0   0  52  22   0   0   8   0   0   0   0  17  0.25 0.06
  173 G    0 -3 -1 -2 -3 -2 -3  6 -3 -5 -4 -2 -3 -4 -3 -1 -2 -3 -4 -4    0   0   0   0   0   0   0 100   0   0   0   0   0   0   0   0   0   0   0   0  1.35 0.12
  174 K   -1  2 -1 -1 -4  1  0 -2 -1 -3 -3  6 -2 -4 -2 -1 -1 -4 -3 -3    0   0   0   0   0   0   0   0   0   0   0 100   0   0   0   0   0   0   0   0  0.89 0.13
  175 H   -2 -2  1  6 -4 -1  1 -2  3 -4 -4 -1 -3 -4 -2  1 -1 -5 -2 -4    0   0   0  78   0   0   0   0  11   0   0   0   0   0   0  11   0   0   0   0  0.92 0.11
  176 G    0 -1  0 -1  1 -1 -1  3 -2 -3 -3  2 -2 -3 -2  4  0 -3 -3 -3    0   0   0   0   3   0   0  22   0   0   0  17   0   0   0  57   0   0   0   0  0.42 0.08
  177 V   -1 -2 -3 -3 -2  1 -2 -4 -3  4  1 -2  3 -1 -3 -2 -1 -3 -2  3    0   0   0   0   0  11   0   0   0  56   0   0  13   0   0   0   0   0   0  20  0.38 0.08
  178 S   -1  5 -1 -2 -3  2  0 -2 -1 -1 -2  2 -1 -3 -2  1 -1 -3 -2 -2    0  56   0   0   0   8   0   0   0   9   0   8   0   0   0  20   0   0   0   0  0.48 0.08
  179 Q   -2 -1 -2 -3 -3  2 -1 -3  4 -1  0 -2 -1  3 -3 -2 -2  0  5 -2    0   0   0   0   0  15   0   0  17   0  11   0   0  17   0   0   0   0  39   0  0.52 0.08
  180 H   -2 -1  4  0 -3  0  2 -2  3 -2 -1 -1 -2 -1 -3 -1 -1 -2  3 -1    0   0  43   0   0   0  17   0  11   0   5   0   0   0   0   0   0   0  16   8  0.36 0.07
  181 K   -2  1  2 -1 -3  1  1 -2  1 -2 -2  2 -1  2 -2 -1 -1 -1  2 -2    0   7  20   0   0   9  12   0   4   0   0  19   0  17   0   0   0   0  11   0  0.25 0.05
  182 A    1 -1 -1 -1 -2 -1  1 -2 -2  0 -1  0 -1 -2 -2  0  3 -3 -2  2   11   0   0   0   0   0  16   0   0   0   0   8   0   0   0   0  33   0   0  32  0.20 0.06
  183 T   -1 -2 -2 -2 -2 -2 -1 -3 -3  2  0 -2  0 -2  2 -1  1 -3 -2  3    0   0   0   0   0   0   4   0   0  19   0   0   0   0  11   4  15   0   0  46  0.28 0.06
  184 S    0  1 -1 -1 -2  1  2 -2 -1 -1 -2  0 -1 -3 -2  2  1 -3 -2  1    0  11   0   0   0   5  24   0   0   0   0   0   0   0   0  28   8   0   0  23  0.21 0.05
  185 D   -1 -1  3  3 -3  0  3 -2 -1 -1 -3  0 -2 -3 -2  1 -1 -4 -3 -1    0   0  28  24   0   0  27   0   0   5   0   0   0   0   0   9   0   0   0   8  0.40 0.06
  186 R   -1  3  1  1 -4  0  1 -2 -1 -3 -3  3 -2 -4  3 -1 -1 -4 -3 -3    0  25   9  11   0   0   8   0   0   0   0  31   0   0  16   0   0   0   0   0  0.48 0.06
  187 T   -1  3 -1  1 -3  2  1 -2 -1 -2 -1  0 -1  1  2 -1  1 -2 -1 -2    1  29   0   9   0  13   6   1   0   0   5   0   0  12  11   1  12   0   0   1  0.23 0.04
  188 L   -1 -3 -3 -1 -2 -2 -3 -4 -2  2  3 -3  1  0 -3 -2 -1 -2  2  3    0   0   0   5   0   0   0   0   0   0  36   0   0   0   0   0   0   0  11  48  0.31 0.06
  189 A    1 -3 -3 -3 -2 -2 -3 -2 -1  1  0 -3 -1  5 -3 -1 -2  0  4 -1   24   0   0   0   0   0   0   0   0  11   0   0   0  40   0   0   0   0  24   0  0.47 0.07
  190 A    0  1 -1  1 -3  1  0 -2 -1 -1 -2  4 -2 -2 -2  0 -1 -3  0 -2   11   0   0  11   0   4   0   0   0   8   0  57   0   0   0   4   0   0   5   0  0.30 0.07
  191 N   -1 -1  5  0 -3 -1 -1  2 -1 -4 -4  0 -3 -4  3  0 -1 -4 -3 -3    4   0  54   0   0   0   0  19   0   0   0   5   0   0  17   0   0   0   0   0  0.63 0.08
  192 M   -2 -2 -3 -3 -2  0 -2 -4 -3  3  3 -2  3  0 -3 -2 -1 -2 -2  1    0   0   0   0   0   8   0   0   0  24  53   0  11   0   0   0   0   0   0   5  0.37 0.06
  193 Q    0  0 -1 -1 -3  3  1 -2 -1 -1  1  3  0  1 -2 -1 -1 -2 -1 -1    8   0   0   0   0  26   8   0   0   0  23  28   0   8   0   0   0   0   0   0  0.21 0.05
  194 K   -1  2 -1 -2 -3  2  0 -3  1  0  1  3  3 -2 -2 -1 -1 -3 -2 -1    0  13   0   0   0  12   0   0   4   8  15  29  19   0   0   0   0   0   0   0  0.21 0.05
  195 L    0 -3 -3 -3 -2 -3 -3 -3 -2  0  3 -3  1  5  0 -1  0 -1  1  0    8   0   0   0   0   0   0   0   0   0  40   0   0  39   4   4   5   0   0   0  0.33 0.06
  196 L   -1 -1 -2 -3 -2 -1 -2  0 -2  1  2 -1  4  1  1 -1  0 -2 -1  0    0   4   0   0   0   0   0   8   0   9  19   4  34   5   9   0   9   0   0   0  0.18 0.05
  197 D   -1  1  0  3 -4  1  2 -2 -1 -3 -3  5 -2 -4 -2 -1 -1 -4 -3 -3    0   0   0  20   0   0  12   0   0   0   0  68   0   0   0   0   0   0   0   0  0.61 0.09
  198 L    0  0  1  2 -2  2  2 -2 -1 -1  1  1 -1 -2 -2  1  0 -3 -2 -1    4   0   5  12   0  12  13   0   0   0  22  12   0   0   0  19   0   0   0   0  0.16 0.03
  199 P   -1 -1 -1 -1 -3  0  2 -1 -2 -3 -3  2 -3 -4  6  0 -1 -4 -3 -3    0   0   0   0   0   0  18   4   0   0   0  20   0   0  49   9   0   0   0   0  0.92 0.08
  200 G    0 -2  0  2 -2  0  0  4 -2 -3 -3 -1 -2 -3 -2  2  1 -3 -3 -3    0   0   0  13   0   5   3  46   0   0   0   0   0   0   0  21  13   0   0   0  0.47 0.06
  201 P   -2 -2  0  5 -4 -1  0 -2  1 -4 -4 -1 -3 -4  5  0 -1 -4 -3 -3    0   0   0  55   0   0   0   0   4   0   0   0   0   0  32   9   0   0   0   0  0.91 0.09
  202 W   -2  2 -1  3 -3  0  0 -2 -1 -2  0 -1 -1  2  1 -1 -2  5  0 -2    0  19   0  27   0   5   0   0   0   0  10   0   0  18   8   0   0  11   0   0  0.29 0.05
  203 L   -2 -3 -4 -4 -2 -3 -3 -4 -3  2  4 -3  2  0 -3 -3 -1 -2 -1  1    0   0   0   0   0   0   0   0   0  12  83   0   0   0   0   0   0   0   0   0  0.54 0.08
  204 F   -3 -3 -3 -4 -3 -4 -4 -4 -2 -1  0 -4 -1  7 -4 -3 -3  0  2 -1    0   0   0   0   0   0   0   0   0   0   0   0   0  95   0   0   0   0   0   0  1.12 0.13
  205 Q   -2 -1  2  5  2  3  1 -2  2 -3 -3 -1 -2 -3 -2 -1 -1 -3 -2 -3    0   0   9  47   8  22   0   0   9   0   0   0   0   0   0   0   0   0   0   0  0.54 0.07
  206 T    1  1  0 -1 -2  1  1 -1  0 -2 -2  2 -1 -1 -1  1  1 -1  2 -1   14   9   1   1   0   5   9   2   1   1   2  19   1   1   1   7  12   0  12   1  0.13 0.02
  207 V   -1 -2 -2 -2 -1 -2 -2 -2 -2  2  3 -2  1  0  1 -2 -1 -2 -1  1    2   1   1   1   0   1   1   2   1  12  49   1   1   1   9   2   1   0   1  13  0.22 0.03
  208 D   -1 -1  1  4 -2  0  2 -1 -1 -2 -2  0 -2 -2 -1  1  0 -2 -2 -2    3   2   2  44   1   2  10   3   1   2   3   2   1   1   2  11   7   0   1   2  0.34 0.03
  209 A    1  0  0  0 -1  0  2 -1 -1 -1 -1  0 -1 -1  1  1  0 -1 -1  0   15   3   2   3   1   2  23   4   1   3   5   3   1   2   7  12   3   1   2   9  0.11 0.01
  210 G    0 -1  0  2 -1  0  0  2 -1 -1 -1  0 -1 -1  0  0  0 -1 -1 -1    5   3   3  20   1   3   4  24   1   3   6   4   1   2   3   5   4   1   2   4  0.13 0.01
  211 G    0 -1  0  1 -1  0  0  3 -1 -1 -1  0 -1 -1  0  1  0 -1 -1 -1    5   3   3   9   1   3   4  27   1   3   6   4   1   2   3  13   4   1   2   4  0.12 0.00
  212 G    0 -1  2  1 -1  0  0  2  0 -1 -1  0 -1 -1  0  1  0 -1 -1 -1    4   3  14   8   1   2   4  23   1   3   5   3   1   2   3  13   3   1   2   4  0.13 0.01
  213 E    0  0  0  0 -1  1  3 -1  0 -1  0  1 -1 -1  0  0  0 -1 -1 -1    4   3   3   3   1   2  34   4   1   3  10  11   1   2   3   4   3   1   2   4  0.14 0.01
  214 R    0  2  0 -1 -1  0  0 -1  0 -1  0  1  1  0  0  0  0 -1  0 -1    4  22   3   3   1   2   4   4   1   3   5  14   9   7   3   4   3   1   2   4  0.08 0.01
  215 R    0  2  0  1 -1  1  0 -1  0 -1  0  1  1 -1  0  0  0 -1 -1 -1    4  14   3   8   1  11   4   4   1   3   5  12  12   2   3   4   3   1   2   4  0.07 0.01
  216 R   -1  4  0 -1 -2  0  0 -1  0 -2 -1  1 -1 -2  2  0 -1 -1 -1 -1    4  48   2   2   1   2   3   3   1   2   4   3   1   2  11   3   3   1   1   3  0.30 0.03
  217 I   -1 -1 -1 -1 -1 -1 -1 -1 -1  2  2 -1  1  0 -1 -1  0 -1 -1  1    4   2   2   2   1   2   3   3   1  18  31   3   1   2   2   3   3   1   1  14  0.08 0.01
  218 H   -1  0  3  0 -1  1  0 -1  3 -2 -1  0 -1 -1 -1  1  1 -1 -1 -1    3   2  29   2   1  10   3   3  12   2   4   2   1   2   2   7  10   1   1   3  0.18 0.02
  219 S    0 -1  0  1 -1 -1  0 -1 -1 -1 -2 -1 -1 -2  3  1  3 -2 -2 -1    2   1   1  13   1   1   2   2   1   1   2   2   1   1  14  13  40   0   1   2  0.29 0.04
  220 T    0  1  2  0 -1  0  0  0 -1 -2 -2  0 -1 -2 -1  2  2 -2 -2 -1    5  12  13   1   0   4   1   4   0   1   2   1   0   1   1  31  20   0   1   1  0.23 0.03
  221 E    0  0  0  1 -2  1  1 -1 -1  0 -1  1 -1 -2 -1  1  0 -2 -2  0    1   1   1  12   0   6  12   1   0  13   6  13   0   1   1  20   5   0   1   4  0.10 0.02
  222 L   -1 -2 -3 -3 -1 -2 -2 -3 -2  1  4 -2  1  0 -2 -2 -1 -2 -1  1    1   1   1   1   0   1   1   1   0   1  72   1   0   1   1   1   1   0   1  14  0.35 0.05
  223 N   -2 -1  6  1 -3  0 -1 -1  0 -3 -3 -1 -2 -3 -2  0  0 -3 -2 -3    1   1  83   1   0   1   1   1   0   1   2   1   0   1   1   1   1   0   1   1  0.81 0.09
  224 A    1  1  1  0 -2  2  1 -1 -1 -2 -2  3 -1 -3 -1  0  0 -3 -2 -2   20   5   6   4   0   9   4   1   0   0   1  44   0   0   0   1   4   0   0   1  0.29 0.05
  225 Y   -2 -1 -1 -2 -3  0 -1 -3  6 -2 -2  0 -1  2 -2 -1 -2  0  5 -2    1   0   0   0   0   5   1   1  40   0   1   9   0   8   0   1   0   0  31   1  0.59 0.08
  226 L   -2 -3 -4 -4 -2 -3 -3 -4 -3  2  4 -3  1  0 -3 -3 -1 -2 -2  2    0   0   0   0   0   0   0   0   0  11  71   0   0   0   0   0   0   0   0  17  0.50 0.07
  227 R   -1  2 -1 -1 -3  4  0 -2  0 -3 -2  2 -1 -1 -2  0  0 -1  3 -2    0  15   0   0   0  35   0   0   0   0   0  20   0   0   0   8   4   0  17   0  0.40 0.07
  228 E   -1  0  1  2 -4  1  4 -2 -1 -4 -3  2 -2 -4 -2  1 -1 -4 -3 -3    0   0   9  12   0   0  49   0   0   0   0  22   0   0   0   8   0   0   0   0  0.54 0.07
  229 V    0 -2  1 -2  3  0 -2 -3 -1  0  2 -2  0  0 -3 -1 -1 -1  3  1    9   0  11   0   9   5   0   0   0   0  38   0   0   0   0   0   0   0  17  11  0.16 0.05
  230 I   -2 -2 -3 -4 -2 -2 -3 -4 -3  3  1 -2  7 -1 -3 -2 -1 -2 -2  2    0   0   0   0   0   0   0   0   0  20   0   0  68   0   0   0   0   0   0  13  0.63 0.12
  231 G    0  0  0  1 -3  1  2  2 -1 -3 -3  2 -2 -4  2  0  0 -3 -3 -3    4   0   0  11   0   9  15  22   0   0   0  21   0   0  12   0   5   0   0   0  0.35 0.04
  232 P    0 -2 -1 -1 -3  2 -1  5 -2 -4 -4 -1 -3 -4  2  1 -1 -3 -3 -3    0   0   0   0   0  17   0  60   0   0   0   0   0   0  11  11   0   0   0   0  0.69 0.08
  233 F   -2 -3 -4 -4 -2 -3 -4 -4 -3  1  4 -3  1  5 -4 -3 -2 -1  1  0    0   0   0   0   0   0   0   0   0   0  60   0   0  40   0   0   0   0   0   0  0.59 0.08
  234 T    0  2  0 -2 -2 -1 -1 -2 -2 -2 -2  0 -1 -3 -2  2  5 -3 -2 -1    0  17   0   0   0   0   0   0   0   0   0   0   0   0   0  17  65   0   0   0  0.51 0.09
  235 A    4 -2 -2 -3 -1 -2 -2 -1 -3  2  0 -2  0 -2 -2  0 -1 -3 -2  1   68   0   0   0   0   0   0   0   0  20   9   0   0   0   0   0   0   0   0   4  0.34 0.08
  236 K   -1  2 -1 -1 -4  1  0 -2 -1 -3 -3  6 -2 -4 -2 -1 -1 -4 -3 -3    0   0   0   0   0   0   0   0   0   0   0 100   0   0   0   0   0   0   0   0  0.89 0.13
  237 D   -1 -3 -1  4 -2 -2 -1 -3 -3  1 -1 -2 -1 -2 -3 -2 -1 -4 -2  4    0   0   0  40   0   0   0   0   0   0   0   0   0   0   0   0   0   0   0  60  0.43 0.09
  238 F   -3 -3 -4 -4 -3 -4 -4 -4 -2  0  2 -4  0  7 -4 -3 -3  0  2 -1    0   0   0   0   0   0   0   0   0   0  17   0   0  83   0   0   0   0   0   0  0.95 0.12
  239 R   -2  7 -1 -2 -4  0 -1 -3 -1 -4 -3  2 -2 -4 -3 -1 -2 -4 -2 -3    0 100   0   0   0   0   0   0   0   0   0   0   0   0   0   0   0   0   0   0  1.17 0.14
  240 T   -1 -2 -1 -2 -2 -1 -2 -2 -2 -1 -2 -1 -1 -3 -2  1  6 -3 -2 -1    0   0   0   0   0   0   0   0   0   0   0   0   0   0   0   0 100   0   0   0  0.87 0.14
  241 W   -3 -3 -3 -4 -3 -2 -3 -4  1 -2 -2 -3 -2  4 -4 -3 -2  6  7 -2    0   0   0   0   0   0   0   0   0   0   0   0   0  11   0   0   0  11  78   0  1.24 0.13
  242 G   -1 -2  5  0 -3 -1 -1  4 -1 -4 -4 -1 -3 -4 -3  0 -1 -4 -3 -4    0   0  60   0   0   0   0  40   0   0   0   0   0   0   0   0   0   0   0   0  0.82 0.10
  243 G    4 -2  2 -1 -1 -1 -1  2 -2 -2 -2 -1 -2 -3 -2  1 -1 -3 -2 -1   72   0  17   0   0   0   0  11   0   0   0   0   0   0   0   0   0   0   0   0  0.45 0.09
  244 T    0 -1  2 -1 -2 -1 -1 -1 -1 -3 -3 -1 -2 -1 -2  4  2 -2  3 -2    0   0  11   0   0   0   0   0   0   0   0   0   0   0   0  60  11   0  17   0  0.42 0.09
  245 L   -1 -1 -2 -3 -2 -2 -2 -3 -2  3  2  0  1 -1 -2 -1  1 -2  0  2    0   0   0   0   0   0   0   0   0  32  22  12   0   0   0   0  17   0   4  12  0.19 0.04
  246 L   -1 -2 -1 -2 -2 -2 -2 -3 -2 -1  0 -2 -1  3 -2  0  4 -1  2 -1    0   0   0   0   0   0   0   0   0   0  11   0   0  17   0   0  60   0  11   0  0.40 0.09
  247 A    0 -3 -3 -4 -2 -2 -3 -3 -3  1  3 -3  3  3 -3 -2 -2 -1  0  0   11   0   0   0   0   0   0   0   0   0  57   0  13  19   0   0   0   0   0   0  0.38 0.06
  248 A    1 -1 -1  1 -2  3  0 -2 -1  1 -1 -1 -1 -1 -2 -1  0 -1  3  0   15   0   0  12   0  28   0   0   0  16   4   0   0   0   0   0   8   0  17   0  0.16 0.05
  249 E   -1  0  2  2 -4  3  4 -2  0 -3 -2  1 -2 -3 -2  0 -1 -3 -2 -3    0   0  17   9   0  19  42   0   0   0   4   5   0   0   0   3   0   0   0   0  0.49 0.06
  250 Y    0 -1 -2 -1 -3  3  2 -2 -1  0  0 -1  2  3 -2 -1 -1 -1  2 -1   11   0   0   0   0  22  17   0   0   4   4   0  12  17   0   0   0   0  11   0  0.19 0.05
  251 L   -2 -3 -4 -4 -2 -3 -3 -4 -3  1  4 -3  1  0 -4 -3 -2  7  0  1    0   0   0   0   0   0   0   0   0   9  61   0   0   0   0   0   0  26   0   4  0.75 0.09
  252 A    1  0  0  2 -2 -1  0 -1 -2 -1  0  0 -1 -2  1  1  2 -3 -2 -1   12   5   0  15   0   0   5   1   0   5  10   4   0   0   5   9  28   0   0   1  0.15 0.03
  253 Q   -1  2  3  0  1  2  1 -2  0 -3 -2  3 -2 -3 -2  0 -1 -3 -2 -2    0  15  26   0   5  15   9   0   0   0   4  23   0   0   0   0   0   0   0   0  0.35 0.06
  254 Q   -1  0 -1 -1 -2  2  1 -2 -1  0  1  2  1 -2 -2  0 -1 -3 -2  1    0   0   0   0   0  11  13   0   0   0  17  24   5   0   0   9   0   0   0  21  0.14 0.05
  255 G   -1  3 -1  0 -3  0 -1  2 -1 -2 -1  2 -1 -3 -2  0  2 -3 -2 -2    0  24   0   6   0   0   0  20   0   0   5  21   0   0   0   0  20   0   0   0  0.26 0.05
  256 T    0  0  1  0 -2 -1  0 -2 -2 -2 -2  0  0 -3  2  2  3 -3 -2 -1    4   4   4   4   0   0   5   0   0   0   0   4   4   0   9  22  41   0   0   0  0.32 0.06
  257 E   -1  0  2  1 -3 -1  1 -2 -2  0  0  0 -1 -2  4 -1  0 -3 -2  0    0   4  14   8   0   0  11   0   0   8   9   5   0   0  26   0   5   0   0   9  0.32 0.04
  258 S    2  0  1  0 -2  0  1  1 -1 -3 -3  2 -2 -3 -1  2  0 -3 -2 -2   22   0   9   4   0   0   5   8   0   0   0  23   0   0   0  28   0   0   0   0  0.28 0.05
  259 S    1 -1  2  2 -2  0  1  0 -1 -2 -2 -1 -2  0  3  1 -1 -3 -2 -2   13   0  15  18   0   0   9   5   0   0   1   1   0   6  17  11   1   0   0   1  0.31 0.04
  260 E   -1  1  1  1 -3  1  3 -1 -1  0  0  0 -1 -2 -2 -1 -1 -3 -2  0    0  11   8  10   0   6  29   5   0   9  13   0   0   0   0   0   0   0   0   9  0.15 0.04
  261 R   -1  2  0  0 -3  0  0 -2 -1 -1 -2  2 -2 -3  4  1  1 -3 -2 -1    0  20   5   5   0   0   0   0   0   4   0  19   0   0  21  10  12   0   0   4  0.36 0.05
  262 Q    0 -1 -1 -1 -2  2  1 -2 -2  1  0 -1  0 -2  2  0  1 -3 -2  1    4   0   0   0   0  15  13   0   0  10   4   0   0   0  12   8  10   0   0  22  0.18 0.04
  263 A    2 -2 -2  0 -2 -1 -1 -2 -2  2  0  0 -1 -2  3  0  0 -3 -2  0   32   0   0   5   0   0   0   0   0  28   5   8   0   0  17   0   4   0   0   0  0.23 0.06
  264 K    0  1  1  0  1  1  2 -2 -1 -1 -2  4 -2 -3 -2 -1 -1 -4 -2 -1    5   0   9   4   4   0  14   0   0   4   0  55   0   0   0   0   0   0   0   4  0.35 0.08
  265 K   -1  1 -1 -2 -3  2  0 -3 -1  0 -2  5 -1  0 -2 -1 -1 -3  0  0    0   0   0   0   0   9   0   0   0   8   0  66   0   5   0   0   0   0   5   8  0.39 0.09
  266 V   -1 -2  3 -2 -2 -2 -2 -3 -2  2  2 -2  2 -1 -3 -1 -1 -3 -2  2    0   0  28   0   0   0   0   0   0  15  20   0   9   0   0   0   0   0   0  28  0.24 0.06
  267 L    0 -3 -3 -3 -2 -2 -3 -3 -2  3  3 -2  1  0 -3 -1 -1 -2  1  1    9   0   0   0   0   0   0   0   0  27  43   0   0   0   0   8   0   0   8   5  0.26 0.06
  268 V    2  1 -1 -2 -2  1 -1 -1 -1 -1 -1 -1 -1  1 -2  1  0 -2  1  1   36   9   0   0   0   8   0   0   0   0   0   0   0  10   0  14   0   0   8  15  0.15 0.05
  269 D   -2  3  3  1 -3  1  0 -2  1 -2  0  1 -1 -2 -2  0  0 -3 -2 -2    0  23  27  11   0   4   0   0   5   0  17   4   0   0   0   0   9   0   0   0  0.25 0.05
  270 C    4 -2 -2 -2  5 -1 -1 -1 -2 -2 -2 -1 -1 -2 -1  1  1 -3 -2 -1   58   0   0   0  16   0   1   1   0   0   1   1   0   0   0   9   9   0   0   1  0.41 0.07
  271 V   -2 -2  4 -1 -2 -1 -2 -2 -1  1 -1 -1 -1  2 -2 -1 -1 -2  2  1    1   0  44   0   0   0   1   1   0  17   1   1   0  11   0   1   1   0   9  11  0.26 0.07
  272 K   -2  5  1 -1 -4  1  0 -2 -1 -4 -3  4 -2 -4 -2 -1 -1 -4 -2 -3    0  40   9   0   0   0   0   0   0   0   0  51   0   0   0   0   0   0   0   0  0.69 0.10
  273 F    1 -1 -1  0 -2  3  3 -2 -1 -2 -2  0 -1  1 -2  1  1 -2 -1 -2   17   0   0   0   0  21  27   0   0   0   0   0   0  11   0  10  13   0   0   0  0.28 0.06
  274 V    1 -3 -2 -3 -1 -2 -2 -3 -3  1  0 -2  0 -2 -2 -1  3 -3 -2  4    9   0   0   0   0   0   0   0   0   0   0   0   0   0   0   0  27   0   0  64  0.40 0.10
  275 A    5 -2  1 -2 -1 -1 -1  0 -2 -2 -2 -1 -2 -3 -2  1 -1 -3 -3 -1   91   0   9   0   0   0   0   0   0   0   0   0   0   0   0   0   0   0   0   0  0.63 0.13
  276 D   -2  2 -1  2 -3 -1  0 -3 -2  3  0 -1  0 -2 -3 -2 -1 -3 -2  1    0  19   0  19   0   0   8   0   0  48   0   0   0   0   0   0   0   0   0   4  0.24 0.08
  277 D   -2 -2 -2  1 -2  2 -1 -3 -2  2  3 -1  1 -1 -3 -2 -1 -3 -2  1    0   0   0  11   0  19   0   0   0  22  40   0   0   0   0   0   0   0   0   8  0.23 0.06
  278 L   -1 -4 -4 -4  8 -3 -4 -4 -4  0  2 -3  0 -2 -3 -2 -1 -3 -2  2    0   0   0   0  53   0   0   0   0   0  21   0   0   0   0   0   0   0   0  26  0.85 0.12
  279 G    0 -1  5  0 -3 -1 -1  3 -1 -4 -4  1 -3 -4 -2  0 -1 -4 -3 -3    9   0  53   0   0   0   0  28   0   0   0  10   0   0   0   0   0   0   0   0  0.60 0.09
  280 N   -3 -1  2 -2 -4  0 -1 -3  9 -4 -4 -2 -3 -2 -3 -2 -2 -3  1 -4    0   0  11   0   0   0   0   0  89   0   0   0   0   0   0   0   0   0   0   0  1.47 0.18
  281 T   -1  0 -1 -1 -3  6  0 -2 -1 -3 -3  0 -1 -4 -2  0  4 -3 -2 -2    0   0   0   0   0  62   0   0   0   0   0   0   0   0   0   0  38   0   0   0  0.71 0.14
  282 P   -1  5 -1 -2 -4  0 -1  1 -1 -4 -3  2 -2 -4  4 -1 -2 -4 -3 -3    0  47   0   0   0   0   0  10   0   0   0  14   0   0  28   0   0   0   0   0  0.73 0.09
  283 A    3 -2 -1 -2 -1 -1 -1 -1 -2 -2 -2 -1 -1 -3 -1  3  3 -3 -2 -1   44   0   0   0   0   0   0   0   0   0   0   0   0   0   0  25  31   0   0   0  0.43 0.09
  284 V   -1 -3 -3 -4 -2 -3 -3 -4 -4  3  0 -3  0 -2  3 -2 -1 -4 -2  4    0   0   0   0   0   0   0   0   0  17   0   0   0   0  14   0   0   0   0  69  0.53 0.10
  285 T    0 -2  1 -1 -2 -1 -1 -1 -2 -3 -3 -1 -2 -3  4  3  2 -4 -3 -2    0   0   9   0   0   0   0   0   0   0   0   0   0   0  22  49  20   0   0   0  0.58 0.09
  286 R   -1  3 -1 -1 -3  1  0 -2 -1 -3 -3  5 -2 -3 -2 -1 -1 -3 -2 -3    1  11   0   0   0   0   1   1   0   0   1  81   0   0   0   1   1   0   0   1  0.69 0.11
  287 G    0  2  2 -1 -2  0 -1  3 -1 -3 -3  1 -2 -3 -2  1  1 -3 -2 -2    1  18  11   1   0   0   1  31   0   0   1  11   0   0   0   9  14   0   0   1  0.30 0.04
  288 S    3 -2 -1 -1 -2 -1  1 -1 -2 -2 -2 -1 -1  2  2  2  0 -2 -1 -1   40   0   0   0   0   0  11   0   0   0   0   0   0  16  10  23   0   0   0   0  0.28 0.06
  289 Y   -2  1 -2 -1 -3  2  2 -3  0 -2 -2  0  2  1 -3 -1 -2  0  5 -2    0   6   0   0   0  16  22   0   0   0   0   5  10   0   0   0   0   0  41   0  0.44 0.09
  290 I   -1 -1 -2 -3 -2 -1 -2 -3 -3  3  1  1  3 -1 -2 -1  0 -3 -2  2    0   0   0   0   0   0   0   0   0  32  10  16  14   0   0   5   6   0   0  16  0.19 0.05
  291 C    1 -1 -2 -2  4 -1  0 -2 -2  0  1  0  3 -2 -2  1  0 -3 -2  0   18   0   0   0  12   0  10   0   0   0  10   6  22   0   0  16   0   0   0   6  0.15 0.05
  292 P    0  1  3  0 -2  0  0 -2 -1 -2 -2  1  2 -3  2  1  1 -3 -2 -2    6   6  30   0   0   0   5   0   0   0   0  10  16   0  12   6   9   0   0   0  0.26 0.05
  293 V   -1  1  0 -2 -2  0 -1 -3 -1  0  1  0  2  0 -2 -1  1 -2  2  1    0  10   5   0   0   5   0   0   0   0  22   6  11   0   0   0  18   0  11  12  0.11 0.04
  294 I    0 -2  3 -1 -2  0 -1 -2 -1  2  0 -1  0 -2 -2  0  2 -3 -2  1    5   0  27   0   0   6   0   0   0  27   5   0   0   0   0   0  21   0   0   9  0.18 0.05
  295 F   -1 -2 -2  0 -2 -2 -1 -3 -2  1  3 -1  1  2 -3 -2 -1 -1  1  0    5   0   0   6   0   0   6   0   0   0  55   5   0  12   0   0   0   0   6   5  0.22 0.05
  296 D   -1  1  0  2 -4  3  4 -2 -1 -4 -3  2 -2 -4 -2 -1 -1 -3 -2 -3    0   5   0  12   0  22  51   0   0   0   0  11   0   0   0   0   0   0   0   0  0.64 0.08
  297 R   -1  3 -1 -2 -2  0 -1 -1 -2  1  1  2  2 -2 -2 -1 -1 -3 -2  0    0  29   0   0   0   0   0   6   0  17  12  18  13   0   0   5   0   0   0   0  0.18 0.05
  298 Y   -1 -1 -2 -1 -2  0  1 -3 -1  1 -1  1  1  0 -2 -1  1 -1  4  1    0   0   0   0   0   0  17   0   0  12   0  17   6   0   0   0  11   0  24  13  0.16 0.05
  299 L   -1  1 -1 -1 -3  3  2 -3 -1  1  0  2  0 -2 -2 -1 -1 -3 -2 -1    0   6   0   0   0  29  17   0   0  17  12  18   0   0   0   0   0   0   0   0  0.25 0.05
  300 D   -1 -2  2  5 -3 -1  2 -2 -1 -2  1 -1 -1 -2 -2 -1 -1 -4 -3 -2    5   0  12  47   0   0  13   0   0   0  23   0   0   0   0   0   0   0   0   0  0.42 0.07
  301 G    0  2  2 -1 -3  0  0  1 -1 -2 -1  3 -1 -3 -2  0  0 -3 -2 -2   11  12  12   0   0   0   0  12   0   0   7  40   0   0   0   0   6   0   0   0  0.25 0.05
  302 K   -1  2  2 -1 -3  1  1  0 -1  0 -2  4 -1 -3 -2 -1 -1 -3 -2 -2    0   8  15   0   0   0  12   6   0  12   0  47   0   0   0   0   0   0   0   0  0.30 0.05
  303 V   -1 -1 -2  0  2  0 -1 -3 -2  0  0  1  1  3 -3 -2 -1 -1  0  1    0   0   0   8   6   6   0   0   0   0   6  19   7  27   0   0   0   0   0  21  0.12 0.04
  304 L   -1 -2 -2  0 -2  1  1 -3 -2  1  3 -1  2 -1 -2 -1 -1 -2 -2  0    6   0   0   7   0  12  12   0   0   6  50   0   7   0   0   0   0   0   0   0  0.20 0.04
  305 D   -1  0  0  3 -3  3  1 -2 -1  0 -1  2 -1 -3 -2  0 -1 -3 -2 -1    0   0   0  30   0  26   0   0   0  12   7  18   0   0   0   6   0   0   0   0  0.29 0.05
  306 D   -2  1  1  3 -3  0  3 -2 -1 -1  0  0 -1 -2 -2 -1 -1 -3 -2 -1    0  14   8  28   0   0  28   0   0   0  14   0   0   0   0   0   0   0   0   7  0.30 0.04
  307 Y    1 -2 -3 -3 -2 -2 -2 -3  0  0  2 -2  0  1 -3 -1 -1  0  5  0   22   0   0   0   0   0   0   0   0   0  39   0   0   0   0   0   0   0  40   0  0.38 0.06
  308 E   -1  0  1  3 -3  2  4 -2  2 -3 -3  1 -2 -3 -2  0  0 -3 -2 -3    0   0   7  14   0   8  48   0   7   0   0   7   0   0   0   0   9   0   0   0  0.49 0.05
  309 P    1 -2 -2 -2 -2 -1  0 -2 -2  1 -1 -1 -1 -2  5  0  0 -3 -2  0   22   0   0   0   0   0   8   0   0  21   0   0   0   0  36   7   7   0   0   0  0.53 0.05
  310 R   -2  4  1  2 -3  1  0 -2 -1 -2 -2  2  2 -3 -2 -1 -1 -3 -2 -2    0  40   7  15   0   7   0   0   0   0   0  18  14   0   0   0   0   0   0   0  0.39 0.05
  311 T   -1  2 -1  0 -2 -1 -1 -2 -2  0  1  1  0 -1 -2  0  2 -3 -2  0    0  14   0   7   0   0   0   0   0   0  30  14   0   0   0   9  19   0   0   7  0.12 0.03
  312 E    0 -1  0  3 -3  2  4 -2 -1 -3 -3  0 -2 -4 -2  0  0 -3 -3 -2    8   0   0  20   0   9  55   0   0   0   0   0   0   0   0   0   8   0   0   0  0.56 0.06
  313 R   -2  4 -1 -2 -3  3  0 -3 -1 -2  0  2 -1  0 -2 -1 -1 -2 -1 -2    0  40   0   0   0  23   0   0   0   0  14  15   0   8   0   0   0   0   0   0  0.38 0.05
  314 Q    1  0 -1 -1 -3  4  2 -2 -1 -2 -2  2 -1 -3 -2  1 -1 -3 -2 -1   14   0   0   0   0  40   9   0   0   0   0  21   0   0   0   8   0   0   0   8  0.35 0.05
  315 E   -1  1  1  2 -3  1  2  0 -1 -3 -3  3 -2 -3 -1  1 -1 -3 -2 -3    0   0   8   9   0   0  19   7   0   0   0  43   0   0   0  14   0   0   0   0  0.37 0.05
  316 A    3  0 -1 -2 -2  0 -1 -1 -2  0 -2  3 -1 -3  2  0 -1 -3 -2 -1   46   0   0   0   0   0   0   0   0  11   0  33   0   0  10   0   0   0   0   0  0.27 0.04
  317 E   -1  0 -1  0 -4  2  4  2 -1 -4 -3  2 -2 -4 -2  0 -1 -3 -3 -3    0   0   0   0   0   8  51  25   0   0   0  16   0   0   0   0   0   0   0   0  0.50 0.04
  318 L    1  1 -2 -2 -2 -1 -1 -2 -2  0  2  1  1 -1 -2 -1  1 -2 -2  0   18   9   0   0   0   0   0   0   0   0  44  19   0   0   0   0  10   0   0   0  0.13 0.02
  319 E   -1 -1  0  4 -3  1  4 -2 -1 -3 -3  0 -3 -4  3  0  0 -4 -3 -3    0   0   0  28   0   0  44   0   0   0   0   0   0   0  19   0   9   0   0   0  0.62 0.04
  320 G    1 -2 -1 -2 -2 -1 -2  3 -2 -2 -1 -1 -1 -2  4  0 -1 -3 -2 -2   19   0   0   1   0   0   1  35   0   0  11   1   0   0  28   1   1   0   0   1  0.52 0.02
  321 L   -1  1 -2 -2 -2 -1 -1 -3 -2  1  3  1  1 -1 -2 -2 -1 -2 -1  0    1  10   0   1   0   0   1   1   0  12  51  19   0   0   0   1   1   0   0   1  0.18 0.02
  322 T   -1 -1 -1 -1 -1  0  0 -2 -2  0  0  1  3 -1 -2  0  3 -2 -2  1    1   0   0   1   0   0   9   1   0   0   1  10  19   0   0   1  35   0   0  19  0.15 0.03
  323 R   -1  4  1  1 -3  0  0  2 -1 -3 -2  1  1 -3 -2 -1 -1 -3 -2 -3    0  52  10  12   0   0   0  18   0   0   0   0   9   0   0   0   0   0   0   0  0.39 0.04
  324 S    0  1  0 -1 -2  0 -1  1 -1 -2 -1  1 -1 -2 -1  3  1 -3 -2 -2    0  10   0   0   0   0   0  10   0   0   9   9   0   0   0  62   0   0   0   0  0.28 0.04
  325 E   -2  1  1  5 -4  0  3 -2 -1 -4 -4  0 -3 -4 -2 -1 -1 -4 -3 -3    0  12   0  64   0   0  24   0   0   0   0   0   0   0   0   0   0   0   0   0  0.73 0.04
  326 G    1 -2  0  1 -2 -1  1  5 -2 -3 -3 -1 -3 -3 -2  1 -1 -3 -3 -3   10   0   0  12   0   0  11  56   0   0   0   0   0   0   0  11   0   0   0   0  0.54 0.03
  327 A    2  1 -1 -1 -2  2  0 -1 -1 -3 -2  4 -1 -3 -1  0 -1 -3 -2 -2   24   0   0   0   0  12   0   0   0   0   0  64   0   0   0   0   0   0   0   0  0.40 0.04
  328 L   -1  1 -2 -2 -2 -1 -1 -3 -2  0  2  1  0 -1  4 -1  2 -3 -2 -1    0  10   0   0   0   0   0   0   0   0  36  10   0   0  23   0  21   0   0   0  0.30 0.02
  329 K   -1  2 -1 -1 -3  1  0 -2 -1  0 -2  5 -1 -3 -1 -1 -1 -3 -2 -2    0   0   0   0   0   0   0   0   0  10   0  90   0   0   0   0   0   0   0   0  0.52 0.05
  330 R   -1  5  0 -1 -3  1  0 -2 -1 -3 -3  3 -2 -3 -2  1 -1 -3 -2 -3    0  56   0   0   0   0   0   0   0   0   0  33   0   0   0  11   0   0   0   0  0.58 0.04
  331 M   -1 -1  2 -1 -2 -1 -1 -2 -1  0  1 -1  3  2 -2  0  0 -2  0  0    1   1  22   1   0   0   1   1   0   1  12   1  25  12   1  11   1   0   0  11  0.10 0.02
  332 L   -1 -3 -4 -4 -1 -2 -3 -4 -3  2  4 -3  2  0 -3 -3 -1 -2 -1  2    0   0   0   0   0   0   0   0   0   0  79   0   0   0   0   0   0   0   0  21  0.45 0.03
  333 E   -1  0  2  1 -3  2  5 -2  0 -3 -3  0 -2 -3 -1  0  1 -3 -2 -2    0   0  11   0   0  11  67   0   0   0   0   0   0   0   0   0  10   0   0   0  0.57 0.04
  334 S    0 -1 -1 -1 -2 -1 -1 -1 -2 -1  1  1  0 -2  3  3  0 -3 -2 -1    0   0   0   0   0   0   0   0   0   0  26  12   0   0  14  48   0   0   0   0  0.24 0.03
  335 E   -1  1  0  0 -4  3  4 -2  0 -3 -3  3 -2 -4 -1  0 -1 -3 -2 -3    0   0   0   0   0  25  40   0   0   0   0  35   0   0   0   0   0   0   0   0  0.54 0.03
  336 R   -1  4  0  0 -3  1  2 -2  0 -2 -2  3 -1 -2 -1  0 -1 -2 -2 -2    1  43   1   1   0   1  16   1   0   1   2  27   0   1   1   1   1   0   1   1  0.39 0.01
  337 T    0  2  0 -1 -2  0  0 -1 -1 -1 -2  2 -1 -2 -1  1  3 -2 -1 -1    1  15   1   1   0   1   1   1   0   1   2  27   0   1   1   1  43   0   1   1  0.25 0.01
  338 L    1 -2 -1  1 -1 -1 -1 -1 -2  0  2 -1  1 -1 -1  0 -1 -2 -1  0   27   1   1  16   0   1   1   1   0   1  43   1   0   1   1   1   1   0   1   1  0.10 0.01
  339 R   -1  5 -1 -2 -3  0 -1 -3 -1  0 -1  1 -1 -2 -2 -1 -1 -3 -2  1    0  68   0   0   0   0   0   0   0   0   0   0   0   0   0   0   0   0   0  32  0.41 0.02
  340 Q   -1  0  0  2 -3  5  1 -2  0 -3 -2  0 -1 -1 -2 -1 -1 -1  3 -2    0   0   0  18   0  62   0   0   0   0   0   0   0   0   0   0   0   0  21   0  0.45 0.03
  341 R   -1  5  0 -1 -4  1  2 -2  0 -3 -3  3 -2 -3 -2 -1 -1 -3 -2 -3    0  62   0   0   0   0  18   0   0   0   0  21   0   0   0   0   0   0   0   0  0.58 0.02
  342 G    0 -2  3  0 -3 -1 -2  5 -1 -4 -4 -1 -3 -3 -2  0 -1 -3 -3 -3    0   0  31   0   0   0   0  69   0   0   0   0   0   0   0   0   0   0   0   0  0.73 0.01
  343 R   -1  4  0 -1 -3  1  0 -2 -1 -3 -3  4 -1 -3 -2  0 -1 -3 -2 -3    0  37   0   0   0   0   0   0   0   0   0  63   0   0   0   0   0   0   0   0  0.55 0.01
  344 A    2 -2 -1 -2 -1 -1 -1 -1 -2  0  2 -1  0 -1 -2  1  2 -2 -2  0   37   0   0   0   0   0   0   0   0   0  31   0   0   0   0   0  31   0   0   0  0.18 0.01
  345 L   -2 -3 -4 -4 -1 -3 -3 -4 -3  3  4 -3  2  0 -3 -3 -1 -2 -1  2    0   0   0   0   0   0   0   0   0  31  69   0   0   0   0   0   0   0   0   0  0.40 0.01
  346 K   -1  2  0 -1 -3  1  1 -2 -1 -3 -3  5 -1 -3 -1  0 -1 -3 -2 -2    0   0   0   0   0   0   0   0   0   0   0 100   0   0   0   0   0   0   0   0  0.52 0.00

                      K         Lambda
Standard Ungapped    0.1357     0.3199
Standard Gapped      0.0398     0.2670
PSI Ungapped         0.1299     0.3171
PSI Gapped           0.0398     0.2670
