
Last position-specific scoring matrix computed, weighted observed percentages rounded down, information per position, and relative weight of gapless real matches to pseudocounts
            A   R   N   D   C   Q   E   G   H   I   L   K   M   F   P   S   T   W   Y   V   A   R   N   D   C   Q   E   G   H   I   L   K   M   F   P   S   T   W   Y   V
    1 G     1  -4  -2  -3  -4  -3  -3   7  -3  -5  -5  -3  -4  -4  -3  -1  -3  -4  -4  -4    9   0   0   0   0   0   0  91   0   0   0   0   0   0   0   0   0   0   0   0  1.45 0.21
    2 R    -3   7  -2  -3  -5   0  -2  -4  -2  -5  -4   2  -3  -5  -4  -2  -3  -5  -4  -4    0  91   0   0   0   2   0   0   0   0   0   7   0   0   0   0   0   0   0   0  1.67 0.33
    3 K    -1   3  -1  -2  -4   0  -1   4  -2  -3  -4   2  -3  -4  -3  -1  -1  -4  -3  -1    0  20   1   0   0   2   3  45   0   0   0  17   0   0   0   2   3   0   0   6  0.58 0.17
    4 K    -3   3  -2  -3  -5   0  -1  -4  -2  -4  -4   7  -3  -5  -2  -2  -2  -5  -4  -2    0  17   0   0   0   0   0   0   0   0   0  79   0   0   1   0   0   0   0   3  1.25 0.31
    5 I    -2  -1  -4  -4  -2  -2  -4  -5  -4   5   1  -3   2  -2  -4  -2   0  -4  -3   3    0   5   0   0   0   1   0   0   0  49   6   0   4   0   0   1   5   0   0  28  0.62 0.19
    6 Q    -1   0  -1   0  -4   3   4  -3  -2  -4  -4   3  -3  -4  -1   0  -1  -4  -3  -2    4   1   1   3   0  14  42   0   0   0   0  22   0   0   2   6   1   0   0   4  0.59 0.18
    7 I    -3  -4  -5  -5  -3  -4  -4  -5  -4   5   3  -4   3  -1  -4  -4  -2  -4  -3   1    0   0   0   0   0   0   0   0   0  56  31   0  10   0   0   0   0   0   0   3  0.88 0.23
    8 S     0   2  -1  -2  -4   2   1  -3  -2  -3  -3   5  -2  -4  -2   1  -1  -4  -3   0    4   8   0   0   0  10  10   0   0   0   0  46   0   0   0  13   1   0   0   8  0.52 0.18
    9 R    -3   6  -2  -3  -4  -1  -2  -4  -2  -3   0   3   0   1   0  -2  -3  -3   1  -3    0  54   0   0   0   0   0   0   0   0  10  17   3   8   4   0   0   0   5   0  0.74 0.22
   10 I    -3  -5  -5  -5  -3  -5  -5  -6  -5   7   1  -5   2  -2  -5  -4  -3  -4  -3   1    0   0   0   0   0   0   0   0   0  89   5   0   4   0   0   0   0   0   0   2  1.37 0.32
   11 L     0  -1  -1   1  -4   1   5  -2  -2  -4  -3   0  -2  -4   0   0   0  -4  -3  -3    8   0   0   7   0   6  54   1   0   0   1   3   1   0   4   7   7   0   0   0  0.63 0.20
   12 D    -3  -2   7   4  -5  -2  -1  -2  -2  -5  -5  -1  -4  -5  -4  -1  -2  -6  -4  -5    0   0  68  25   0   0   2   0   0   0   0   3   0   0   0   2   0   0   0   0  1.37 0.32
   13 Q     1   1  -1   2  -3   1   2  -2  -2  -2  -3   3  -1  -4   1   1   0  -4  -3  -2   11   4   1  11   0   4  11   0   0   1   1  30   1   0   5  12   7   0   0   1  0.31 0.12
   14 R    -1   2   1  -2  -2   0  -1  -2   0   1  -2   0  -1  -3  -2   2   3  -4  -2   0    2  16   8   0   0   2   0   0   2  11   1   6   1   0   0  23  25   0   0   5  0.29 0.14
   15 N    -1   1   5  -1  -3  -1  -1  -1   1  -4  -4   1  -3  -2  -1   3   0  -4  -3  -2    3   7  35   0   0   1   0   1   3   0   0   7   0   2   3  31   5   0   0   2  0.51 0.19
   16 R    -3   7  -2  -4  -5  -1  -2  -4  -2  -5  -2   2  -3  -5  -4  -3  -3  -5  -4  -4    0  89   0   0   0   0   0   0   0   0   4   8   0   0   0   0   0   0   0   0  1.66 0.36
   17 Q     0   1  -2  -2  -4   7   0  -3   2  -2  -4   1  -2  -4  -3  -1  -2  -4  -2  -2   10   4   0   0   0  63   0   0   5   3   0   9   0   0   0   2   1   0   1   1  0.93 0.28
   18 V     0  -3  -2  -4  -2  -3  -3  -4  -4   1  -1  -3  -1  -3  -3   0   2  -4  -3   5    4   0   1   0   0   0   0   0   0   3   2   0   0   0   0   7  18   0   0  64  0.68 0.24
   19 T    -2  -2  -2  -3  -3  -3  -3  -3  -4  -3  -3  -3  -3   0  -3   2   7  -4  -3  -2    0   1   0   0   0   0   0   0   0   0   0   0   0   4   0  11  84   0   0   0  1.27 0.35
   20 F    -4  -5  -5  -6  -4  -5  -5  -5  -3  -2   0  -5  -2   8  -6  -4  -4  -1   3  -3    0   0   0   0   0   0   0   0   0   0   6   0   0  86   0   0   0   0   8   0  1.86 0.37
   21 T     1   0   0  -2   3  -1  -2  -2  -2  -1  -3   1  -1  -3  -2   4   1  -4  -2  -1    8   4   4   0   6   0   0   0   0   5   0   8   1   0   0  51   9   0   1   2  0.45 0.20
   22 K    -3   1  -1  -3  -5   1  -1  -4  -3  -5  -4   7   0  -5  -3  -2  -3  -5  -4  -4    0   2   2   0   0   3   0   0   0   0   0  89   3   0   0   0   0   0   0   0  1.44 0.38
   23 R    -4   8  -3  -4  -6  -1  -2  -5  -2  -5  -5   0  -4  -5  -4  -3  -3  -5  -4  -5    0 100   0   0   0   0   0   0   0   0   0   0   0   0   0   0   0   0   0   0  2.10 0.45
   24 K    -3   6  -1  -3  -5   0  -1  -4  -2  -4  -2   4  -3  -1  -3  -2  -3  -4  -3  -4    0  56   2   0   0   2   2   0   0   0   3  33   0   3   0   0   0   0   0   0  1.06 0.29
   25 F     1   0   4   0  -3   1   0   0   0  -3  -3   1  -2  -1   0   1   0  -4  -2  -3   16   2  30   2   0   6   3   5   2   0   2  12   1   3   4   8   4   0   0   0  0.30 0.13
   26 G    -2  -3  -2  -3  -4  -4  -4   7  -4  -5  -5  -3  -5  -5  -4  -1   0  -5  -5  -5    0   1   0   0   0   0   0  89   0   0   0   0   0   0   0   4   6   0   0   0  1.66 0.36
   27 L    -3  -4  -5  -5  -3  -4  -4  -5  -4   4   5  -4   3   1  -4  -4  -3  -3  -2   0    0   0   0   0   0   0   0   0   0  24  63   0   6   4   0   0   0   0   0   2  0.87 0.25
   28 M    -3  -2  -4  -4  -3  -3  -4  -4  -3   2   3  -2   4   4  -4  -3  -1  -2   2   0    0   1   0   0   0   0   0   0   0  13  30   3  15  25   0   0   4   0   8   1  0.54 0.19
   29 K    -3   0  -1  -2  -5  -1   0  -4  -3  -5  -5   7  -4  -5  -3  -1  -3  -5  -4  -4    0   0   2   1   0   0   5   0   0   0   0  89   0   0   0   3   0   0   0   0  1.45 0.39
   30 K    -3   0  -2  -3  -5  -1  -1  -4  -3  -5  -5   7  -4  -6  -3  -2  -3  -5  -4  -5    0   0   0   0   0   0   0   0   0   0   0 100   0   0   0   0   0   0   0   0  1.83 0.45
   31 A     6  -3  -4  -4  -2  -3  -3  -1  -4  -3   0  -3  -2  -1  -3  -1  -1  -4  -3  -1   85   0   0   0   0   0   0   1   0   0   8   0   0   2   0   0   2   0   0   2  1.03 0.33
   32 Y    -2   2   1  -2  -4   0  -1  -3   5  -3  -2   1  -1   0  -3   1  -1  -2   4  -3    0  13   9   1   0   4   2   0  19   0   2   9   2   3   0  13   2   0  22   0  0.45 0.18
   33 E    -3  -2  -2  -1  -6   2   7  -4  -2  -6  -5  -1  -4  -6  -3  -2  -3  -5  -4  -5    0   0   0   0   0   6  94   0   0   0   0   0   0   0   0   0   0   0   0   0  1.78 0.44
   34 L    -3  -4  -5  -6  -3  -4  -5  -6  -5   2   6  -4   0   1  -5  -4  -3  -3  -3  -1    0   0   0   0   0   0   0   0   0   8  88   0   0   4   0   0   0   0   0   0  1.17 0.31
   35 S     2  -3  -2  -2   4  -2  -2  -2  -3  -3  -4  -2  -3  -4  -3   5   1  -4  -3  -1   14   0   0   0   9   0   0   1   0   0   0   0   0   0   0  63   8   0   0   4  0.82 0.29
   36 V    -2  -4  -3  -4  -2  -3  -4  -4  -4   3   0  -3  -1  -2  -4  -2   3  -4  -3   4    0   0   0   0   0   0   0   0   0  20   6   0   0   0   0   0  27   0   0  47  0.71 0.25
   37 L    -4  -4  -6  -6  -3  -4  -5  -6  -5   0   6  -5   0  -1  -5  -5  -3  -4  -3  -1    0   0   0   0   0   0   0   0   0   0 100   0   0   0   0   0   0   0   0   0  1.45 0.37
   38 C    -2  -6  -5  -6  11  -5  -6  -5  -5  -4  -4  -5  -4  -5  -5  -1   0  -5  -5  -3    2   0   0   0  88   0   0   0   0   0   0   0   0   0   0   3   7   0   0   0  2.75 0.51
   39 D    -3  -3   0   6  -5  -1   1   3  -3  -5  -5  -2  -5  -5  -3  -2  -3  -5  -5  -5    0   0   3  64   0   2   5  26   0   0   0   0   0   0   0   0   0   0   0   0  1.25 0.31
   40 C     4  -3  -1  -3   2  -2  -3  -2  -3   2  -2  -2  -2  -3  -3   1   0  -4  -3   2   50   0   3   0   6   0   0   0   0  13   0   0   0   0   0   8   5   0   0  16  0.48 0.20
   41 E    -2   0   0   3  -4   3   4  -3   0  -4  -4   2  -3  -5  -3   1  -1  -4  -3  -4    0   2   1  18   0  13  41   0   2   0   0  11   0   0   0   9   3   0   0   0  0.69 0.21
   42 I     1  -4  -4  -4  -2  -4  -4  -4  -4   4   0  -4  -1  -2  -4  -3  -1  -4  -3   5   15   0   0   0   0   0   0   0   0  24   4   0   0   0   0   0   3   0   0  55  0.73 0.24
   43 A     4  -3  -3  -3   6  -3  -3   2  -3  -2  -1  -3  -1  -3  -3   1  -2  -4  -3  -1   40   0   0   0  21   0   0  18   0   0   7   0   1   0   0   8   0   0   0   4  0.61 0.22
   44 L     1  -3  -4  -4  -2  -3  -4  -4  -4   2   4  -3   1   0  -4  -3  -2  -3  -2   3   14   0   0   0   0   0   0   0   0  10  46   0   2   3   0   0   0   0   0  26  0.53 0.19
   45 I    -2  -4  -5  -5  -3  -4  -4  -5  -5   5   2  -4   1  -1  -4  -4  -1  -4  -3   3    0   0   0   0   0   0   0   0   0  55  17   0   3   2   0   0   2   0   0  21  0.83 0.24
   46 I    -1  -4  -4  -5   2  -4  -4  -5  -4   5   0  -4   2  -2  -4  -3  -2  -4   1   4    4   0   0   0   4   0   0   0   0  42   1   0   7   0   0   0   0   0   5  36  0.73 0.23
   47 F    -2  -2  -4  -5  -4  -4  -4  -4  -2   0  -1  -4  -1   7  -5  -2  -1  -1   5   1    3   2   0   0   0   0   0   0   0   5   3   0   0  53   0   2   3   0  19  10  0.95 0.26
   48 N     0  -3   1   0  -3  -2  -2   2  -3  -4  -5  -2  -4  -4  -3   6  -1  -5  -4  -4    4   0   6   4   0   0   0  14   0   0   0   0   0   0   0  72   0   0   0   0  0.94 0.32
   49 S     0   0   1  -1  -2  -1   0  -1   0  -4  -4  -1  -3  -4   5   3   0  -4  -3  -3    6   4   7   1   1   1   6   3   3   0   0   1   0   0  32  30   3   0   0   0  0.67 0.20
   50 A     0   1   1   1  -3   0  -1  -1  -1  -3  -3   1  -2   0  -2   2   3  -3   1  -2    5  10   8   8   0   1   0   2   1   0   0  11   0   6   0  17  24   0   6   1  0.24 0.13
   51 N    -1  -2   3   0  -4  -1  -1   6  -1  -3  -5  -1  -4  -5  -3  -1  -3  -4  -4  -4    3   1  15   4   0   1   5  64   1   2   0   3   0   0   0   1   0   0   0   0  0.96 0.25
   52 R     0   3   0  -1  -4   0   0  -3   0  -4  -2   5  -2  -4  -1   0   0  -4  -3  -3    7  14   4   3   0   0   4   0   3   0   4  49   0   0   2   4   4   0   0   0  0.53 0.20
   53 L    -1  -3  -2  -4   0  -3  -4  -4  -4   1   4  -3   2   1   0  -3  -1  -3  -1   1    4   0   2   0   2   0   0   0   0   5  57   0   5   5   5   0   3   0   2  12  0.50 0.18
   54 F    -2  -3  -3  -2  -4  -1  -3  -4   4  -1  -2  -1  -2   4   0  -1  -1  -1   6  -2    1   0   0   3   0   2   0   0  14   3   0   4   0  18   6   4   3   0  39   2  0.73 0.24
   55 Q    -1  -2  -1   2  -3   1   4  -3   1  -2  -2   0  -2  -4  -2   1   1  -4  -3   1    1   0   2  11   0   6  38   0   3   1   1   3   0   0   0   9  11   0   0  13  0.41 0.17
   56 Y    -2  -4  -4  -5  -1  -4  -4  -4  -2  -2  -1  -4  -2   6  -2   0  -2   6   5  -1    2   0   0   0   1   0   0   0   0   0   2   0   0  43   2   8   2  11  25   4  1.00 0.27
   57 A     2  -3  -2  -3   5  -2  -2   1  -3  -1  -2  -2  -2  -3   2   2  -1   5  -2  -2   17   0   0   0  17   0   1   9   0   6   2   0   0   0  11  25   2  10   0   0  0.50 0.19
   58 S    -1  -2   0  -2  -1   0  -1  -1   3  -4  -4  -1  -3  -4   2   5   2  -4  -3  -3    0   0   3   0   1   3   2   3   8   0   0   2   0   0  12  54  12   0   0   0  0.65 0.25
   59 T    -1  -1   0  -2  -3  -1   0   0  -3  -3  -4  -1  -3  -4   4   4   2  -4  -3  -1    2   2   3   0   0   1   6   7   0   0   0   1   0   0  22  38  15   0   0   3  0.57 0.20
   60 D    -1   0   2   2   1   0   0   1  -2  -4  -4   2  -3  -4  -1   3   0  -4  -3  -3    0   4   9  15   4   3   4  13   0   0   0  17   0   0   1  27   2   0   0   0  0.36 0.15
   61 M    -1  -3  -4  -5  -3  -3  -4  -4  -4   2   2  -3   6  -1  -2  -3  -1  -3  -1   3    2   0   0   0   0   0   0   0   0   9  17   0  35   1   2   0   3   0   2  28  0.67 0.23
   62 D    -1   2   0   2  -4   2   3  -2   1  -2  -2   2  -2  -3   0   0  -1  -4  -2  -2    3  10   3  11   0  10  25   1   3   2   2  14   0   0   4   7   1   0   1   2  0.33 0.12
   63 R     0   2   1   2  -3   1   2  -1  -1  -3  -3   3  -2  -4   1   1  -1  -4  -3  -2    7  12   8  12   0   5  15   3   0   0   0  21   0   0   6   8   1   0   0   1  0.33 0.11
   64 V    -2  -3  -3  -4  -2  -3  -3  -4  -4   4   2  -3   2  -2   0  -2   2  -4  -2   3    0   0   0   0   0   0   0   0   0  29  15   0   7   0   4   0  17   0   0  28  0.49 0.18
   65 L     1  -3  -4  -4  -2  -3  -4  -4  -3   4   3  -3   2   1  -3  -2  -2  -3  -1   2   12   0   0   0   0   0   0   0   0  33  27   0   5   4   0   0   0   0   2  16  0.44 0.15
   66 L     0   0   0   3  -3   0   3  -2  -2  -2  -1  -1  -1  -3  -2   1   1  -4  -2  -2    7   4   1  23   0   3  27   1   0   1   6   1   1   0   0  15   8   0   1   0  0.37 0.15
   67 K    -1   5  -2  -2  -4   2   1  -3   2  -4  -2   3  -2  -4  -3  -2  -2  -4  -3  -3    3  47   0   0   0   7   7   1   5   0   3  25   0   0   0   0   0   0   0   1  0.76 0.23
   68 Y    -4  -3  -4  -5  -4   1  -3  -5   1  -3  -2  -3  -2   5  -5  -3  -3   0   8  -3    0   1   0   0   0   7   0   0   2   0   0   0   0  27   0   1   0   0  60   0  1.50 0.35
   69 T    -1   1   1  -1  -3   3   2  -1   1  -1   0   1   2  -3  -2   1   0  -3  -2  -2    2   7   6   2   0  22  12   4   3   2   8   6   7   0   0  10   5   0   1   1  0.20 0.11
   70 E     0   2   1   0  -3   2   2  -1   0  -2  -1   3  -2  -3  -2   0   0  -4  -3  -2    6  12   7   5   0   9  17   3   1   3   5  23   0   0   0   3   7   0   0   0  0.26 0.11
   71 Y     0  -1   1  -2   2  -2  -1  -3   2   0   1  -1   1   1  -3  -1  -1   0   3   0   10   2   9   1   7   0   2   0   8   2  23   4   3   7   0   1   2   1  12   6  0.13 0.09
   72 S     0  -1   2   0   0   0  -1  -1   1  -2  -2   1   0  -3   1   3   1  -4  -2  -1    2   0   9   3   3   4   2   3   5   0   1   8   3   0   7  31  11   0   0   7  0.24 0.13
   73 E     0   1   0   2  -3   0   2   0  -1  -1  -2   0   0  -2   1   0   0  -3   0  -1   11   8   5  13   0   0  19   6   0   2   0   4   4   1   6   4   4   0   5   6  0.14 0.07
   74 P     0   1   0   1  -2   0   1   0  -2  -2  -1   0  -1  -3   3   1   1  -3  -2  -1    8   8   3   7   0   5  10   5   0   0   6   3   2   0  16  13  11   0   0   3  0.21 0.08
   75 H    -1   1  -1   1   2   1   3  -2   5  -3  -1   0  -2  -2  -1  -1  -1  -3   0  -3    4   8   0  10   6   4  21   3  23   0   6   3   0   1   2   4   1   0   4   0  0.35 0.15
   76 E    -1   4   1   1  -2   1   2  -2   1  -2  -2   1  -2   0  -2  -1   0  -3  -1  -2    2  29   6   7   1   8  16   1   3   2   3   4   0   6   1   3   5   0   1   2  0.28 0.13
   77 S     0   1   2   0   0   1   2  -2   0  -2  -2   0  -1  -3  -2   1   2   2  -2  -1    5   7  14   2   2   7  13   0   2   2   2   4   1   0   0  12  18   4   0   4  0.21 0.12
   78 R     0   2  -2   0  -2   0   1  -3  -1   0   1   3  -1  -2  -2   0   1  -3   0   0    6  12   0   4   1   1   8   0   1   5  17  23   0   0   0   4  10   0   3   4  0.15 0.11
   79 T    -1   1   2   0  -3   0   1  -1  -2  -1   0   2   0  -3  -1   1   2  -4  -3  -1    3   6  12   3   0   1   8   3   0   5  10  22   2   0   2   8  15   0   0   2  0.16 0.11
   80 N     0   0   4   0  -3   1   0  -1   2  -3  -2   0   2  -2   2   1  -1  -4  -2  -3    5   3  27   2   0   8   6   2   5   0   2   4  10   2   9  13   2   0   1   0  0.31 0.16
   81 T     1   0  -1   1  -2   0   0  -2   1  -1  -1   0   1  -1   1   0   1   1  -1   1   11   4   2   9   0   3   4   2   6   0   4   4   6   2   7   8   8   2   1  18  0.07 0.07
   82 D    -2  -1   2   4  -4   1   3  -3  -2  -4  -2   1  -3  -4  -2   0  -1  -5  -4  -4    1   2  10  32   0   5  26   0   0   0   4   9   0   0   1   6   4   0   0   0  0.60 0.21
   83 I    -1   0  -1  -3  -1   2  -2  -3  -2   2   2  -2  -1  -1  -3   1   1  -2   2   0    4   4   2   0   1  12   0   0   0  13  21   0   0   0   0  15   9   0  12   7  0.18 0.14
   84 L     0   1  -2  -2  -3   1   2  -1   1   0   1  -1   1   1  -3  -1  -2   2   1  -1    7   9   0   0   0   9  15   5   4   4  22   0   4   7   0   5   0   3   5   1  0.13 0.11
   85 E     0  -1  -1   2  -4   3   4  -1   0  -4  -2   0  -3  -4   1  -1   1  -4  -3  -3    6   2   0  13   0  17  32   3   1   0   3   2   0   0   6   2  13   0   0   0  0.47 0.19
   86 T    -1  -2   0   2  -3   0   0  -3  -1  -2  -2   1  -2   3  -3   1   1  -2   3  -2    2   0   5  12   0   2   5   0   0   1   2  14   0  20   0  10  11   0  15   0  0.29 0.15
   87 L    -2  -1  -1  -3  -3   2  -1  -4   0   2   4  -2   0  -2  -4  -2   0  -3  -2   1    0   2   3   0   0  13   4   0   2  13  50   0   0   0   0   2   4   0   0   8  0.39 0.18
   88 K    -1   4   1  -2  -4   3   1  -3   2  -4  -3   3   0  -4  -3   1  -2   1  -2  -3    3  29   9   0   0  14   5   0   6   0   0  21   3   0   0   9   0   2   0   0  0.53 0.19
   89 R    -2   3  -1  -2  -4   3   2  -3   2  -1  -1   3  -2  -3  -3  -1  -2  -4  -2  -1    0  21   0   0   0  21  11   0   5   3   8  24   0   0   0   3   0   0   0   3  0.45 0.17
   90 R    -1   4   0  -1  -4   4   2  -3  -1  -4  -3   4  -2  -4  -2  -1  -2  -4  -3  -3    5  25   3   0   0  22  11   0   0   0   0  35   0   0   0   0   0   0   0   0  0.66 0.18
   91 G     1  -2  -1  -1  -2  -2  -2   5  -2  -4  -4  -1  -3  -3  -2   1  -1  -3  -3  -3   10   0   0   0   0   0   0  75   0   0   0   0   0   0   0  15   0   0   0   0  0.80 0.04
   92 I    -1  -3  -3  -3  -1  -3  -3  -4  -3   3   2  -3   1   0  -3  -2  -1  -3  -1   3    0   0   0   0   0   0   0   0   0  38  13   0   0   0   0   0   0   0   0  50  0.35 0.01
   93 G     0  -2   0  -1  -3  -2  -2   6  -2  -4  -4  -2  -3  -3  -2   0  -2  -3  -3  -3    0   0   0   0   0   0   0 100   0   0   0   0   0   0   0   0   0   0   0   0  1.04 0.00

                      K         Lambda
Standard Ungapped    0.1369     0.3229
Standard Gapped      0.0445     0.2670
PSI Ungapped         0.1453     0.3164
PSI Gapped           0.0445     0.2670
