
Last position-specific scoring matrix computed, weighted observed percentages rounded down, information per position, and relative weight of gapless real matches to pseudocounts
            A   R   N   D   C   Q   E   G   H   I   L   K   M   F   P   S   T   W   Y   V   A   R   N   D   C   Q   E   G   H   I   L   K   M   F   P   S   T   W   Y   V
    1 M    -1  -1  -2  -3  -1   0  -2  -3  -1   1   2  -1   5   0  -2  -1  -1  -1  -1   1    0   0   0   0   0   0   0   0   0   0   0   0   0   0   0   0   0   0   0   0  0.00     0.00
    2 K    -1   2   0  -1  -3   1   1  -1  -1  -3  -2   4  -1  -3  -1   0  -1  -3  -2  -2    0   0   0   0   0   0   0   0   0   0   0   0   0   0   0   0   0   0   0   0  0.00     0.00
    3 H    -2   0   1  -1  -3   0   0  -2   8  -3  -3  -1  -2  -1  -2  -1  -2  -2   2  -3    0   0   0   0   0   0   0   0 100   0   0   0   0   0   0   0   0   0   0   0  0.87 0.00
    4 H     0  -1   1  -1  -2   0   0  -1   6  -3  -3   0  -2  -2  -1   3   0  -3   0  -2    0   0   0   0   0   0   0   0  50   0   0   0   0   0   0  50   0   0   0   0  0.44 0.00
    5 H    -2   0   0  -1  -3   0   0  -2   8  -3  -3  -1  -2  -1  -2  -1  -2  -3   2  -3    0   0   0   0   0   0   0   0 100   0   0   0   0   0   0   0   0   0   0   0  0.95 0.02
    6 H    -2   0   0  -1  -3   3   0  -2   6  -1   1   0   0  -1  -2  -1  -1  -2   0  -2    0   0   0   0   0  25   0   0  49   0  26   0   0   0   0   0   0   0   0   0  0.39 0.02
    7 H    -1  -2  -1  -2   5  -1  -2  -3   4   0  -1  -2  -1   0  -2  -1   1  -1   3   1    0   0   0   0  20   0   0   0  20   0   0   0   0   0   0   0  19   0  20  21  0.26 0.02
    8 P    -1  -2  -2  -2  -3  -2  -1  -2  -2  -3  -3  -1  -3  -4   7   0  -1  -4  -3  -3    0   0   0   0   0   0   0   0   0   0   0   0   0   0  90  10   0   0   0   0  1.89 0.07
    9 M    -1  -2  -2  -2  -2  -1  -2   1  -1   0   1  -2   4   2  -2  -1  -1   0   2   1    1   1   1   1   0   1   1  15   0   1   1   1  35  16   1   1   1   0  11  13  0.15 0.02
   10 V     0  -2  -2  -3  -1  -2  -2  -2  -2   2   2  -2   1  -1  -2  -1   1  -2  -1   3    9   1   0   1   0   0   1   1   0   1  30   1   0   0   1   1  11   0   0  43  0.19 0.03
   11 P    -1  -3  -2  -2  -3  -2  -2  -3  -3  -3  -3  -2  -3  -4   8   0  -1  -4  -3  -3    0   0   0   0   0   0   0   0   0   0   0   0   0   0  89   7   0   0   0   0  1.99 0.14
   12 S     1   0   0  -1  -1  -1  -1  -1  -2  -2  -1  -1  -1  -2   2   3   2  -3  -2  -1    7   5   0   0   0   0   1   1   0   0   9   1   0   0   9  47  17   0   0   1  0.30 0.07
   13 Y    -2  -2  -2  -2  -3  -1   1  -3   3  -1  -1  -2   1   2  -1  -2   0   0   6   0    1   0   0   0   0   0  10   1   8   0   1   0   4   3   3   1   5   0  53   7  0.57 0.12
   14 D     0  -1   1   4   1   2   3   0  -1  -3  -4  -1  -3  -4   0   0  -1  -4  -3  -3    8   0   5  35   4  11  24   5   0   0   0   0   0   0   4   3   0   0   0   0  0.50 0.10
   15 S     1  -2   1  -1  -2  -1   0   1  -2  -2  -1  -1  -2  -2   1   3   0   4  -2  -2   11   0   5   0   0   0   4  10   0   0   9   0   0   0   7  43   4   7   0   0  0.31 0.10
   16 F    -1   0  -2  -3  -2  -2  -2  -3  -2   1   1  -1   3   3  -3  -2   0   3   2   0    5   7   0   0   0   0   0   0   0   6  16   5  15  21   0   0   9   5   8   3  0.23 0.07
   17 D     0   1   1   2  -3  -1   1   2  -1  -1  -2   0   0  -2  -2   0  -1  -3  -1  -1    9   8   8  18   0   0   9  22   0   5   0   3   4   0   0   3   3   0   3   5  0.18 0.05
   18 S     1   2  -1   0  -2  -1   0  -1   2  -2  -1   0  -1  -2   0   3   0  -3  -2   0   15  14   0   5   0   0   3   0   7   0   6   0   0   0   4  35   4   0   0   7  0.20 0.08
   19 E    -1   0   0   1  -3   4   2  -2   1  -3  -2   1  -2  -3  -2   2   0  -3  -2  -3    0   0   3   6   0  38  16   0   2   0   4   5   0   0   0  20   6   0   0   0  0.46 0.13
   20 D    -1  -2   1   3  -3   0  -1   2  -2  -3  -1  -1  -1  -3   3   0   1   1  -3  -2    0   0   9  21   0   3   0  21   0   0   7   0   2   0  19   2  13   3   0   0  0.38 0.09
   21 Y    -1  -2   0  -1   4  -2  -2   1   1  -1  -2   0  -2   1  -3   1  -1   2   5  -2    0   0   5   4  12   0   0  11   2   4   0   7   0   5   0  13   0   2  33   0  0.32 0.10
   22 P    -1  -2  -2  -2   1  -1  -2   0  -3  -3  -4  -2  -3  -4   6   3  -1  -4  -3  -3    0   0   0   0   4   2   0   6   0   0   0   0   0   0  52  33   0   0   0   0  1.12 0.18
   23 A     1   0   0  -2   1   0  -1   1   0   0  -1   0  -1   1   0   1   1  -2  -1  -1   18   4   2   0   4   6   0  11   3  11   0   4   0   9   3  15   8   0   0   0  0.08 0.04
   24 A     2  -2   1   0  -2   0  -1  -1  -2  -2   0  -1  -1   1   3   2   0  -2  -1  -1   21   0   7   6   0   5   0   0   0   0  10   0   0   9  14  20   6   0   0   0  0.21 0.07
   25 L    -1  -2   1  -2   0   0  -2  -3  -2   0   2  -2   1   1   1   1  -1  -2  -1   1    0   0   9   0   2   4   0   0   0   0  38   0   2   8   6  19   0   0   0  11  0.17 0.09
   26 P    -1  -2  -1   1   3  -1   0  -2  -2  -1  -1  -1   0  -2   5   1   0  -3   0  -1    0   0   0  13   9   0   4   0   0   4   5   2   3   0  30  18   2   0   6   4  0.45 0.10
   27 N     1   0   2  -1  -2   0  -1   0   2  -2   0   0  -1  -1   3   2  -1  -3  -2  -2   11   4  12   0   0   2   0   4   7   0  11   4   2   3  18  22   0   0   0   0  0.25 0.07
   28 H     0   1   1   1  -3   0   2  -2   4  -2  -1   0   0  -2   1   0   0  -3  -1  -1    8   7   7   9   0   0  21   0  17   0   4   2   4   0   6   4   6   0   0   5  0.21 0.06
   29 K     0   0  -1   0  -3   3   3  -1  -1  -2  -2   2   0  -3  -2   0   1  -3  -2  -1    6   0   0   0   0  22  32   2   0   0   1  14   3   0   0   0  12   0   0   7  0.36 0.10
   30 P    -1  -2  -1   2  -3   0   1   0  -2  -1  -3  -1  -2  -2   5   0   1  -3   1  -2    0   0   0  15   0   3   9   6   0   4   1   0   0   0  34   7  12   0   7   0  0.56 0.10
   31 K     0   0  -1   0  -2   1   0  -2  -1  -1   0   2   0  -2  -1   1   1  -2  -1  -1    9   0   0   4   0   4   6   1   0   0  13  25   3   0   2  14  15   0   2   0  0.14 0.06
   32 G     1   0  -1  -2  -2   0  -1   2  -2  -1  -1   0   1  -1   0   1   1  -3  -2  -1   13   5   0   0   0   3   0  20   0   3   0   7  10   4   4  15  14   0   0   0  0.16 0.06
   33 T    -1   0  -1   0  -2  -1   1   0   1  -1  -1   1  -1  -1  -2   1   2  -2   2  -1    0   4   0   6   0   0   9   9   4   4   4   9   0   0   0  14  26   0  10   2  0.14 0.06
   34 F    -1   0   0  -1  -2  -1  -1  -3  -2   1   1   1   1   2   1  -1   0  -2   0   0    0   5   4   3   0   0   3   0   0   9  20  13   3  18   6   4   9   0   0   0  0.09 0.05
   35 K     0   1   1   1  -3   1   0   1   1  -2  -3   3  -2  -3   1   1   0  -3  -2  -1    2   3   7   7   0   5   3   9   6   0   0  29   0   0   7  13   3   0   0   6  0.22 0.06
   36 D    -1   1   0   3  -3   1   1  -2   2   0  -2   1  -2  -3   0   1  -1  -3  -2  -1    0   8   0  30   0   6   5   0   7   8   2   7   0   0   5  17   0   0   0   3  0.26 0.07
   37 Y     0  -1   1  -2  -2  -1  -1   1   1   0  -2   1  -1   1   1   0   0  -1   4  -1    4   0   9   0   0   0   0  12   4   7   1  14   0   3   8   6   4   0  23   4  0.16 0.06
   38 V     1  -1  -1  -1  -1   0   0  -2  -2   1   1   0   1  -1   1   0   1  -2  -2   1   11   3   0   2   0   3   6   1   0   8  11   3   7   0   8  10   9   0   0  16  0.09 0.03
   39 R     0   1   0  -1  -2   2   0  -1  -1  -1   0   1  -1  -1  -1   1   1  -2  -1   0    7   8   4   1   0  16   5   4   0   1  11   7   0   3   1  17   7   0   0   7  0.10 0.03
   40 D    -1  -1   2   3  -3   2   2  -2   0  -3  -3   1  -2  -3   1   0  -1  -3  -2  -2    4   1  13  26   0  10  19   1   2   1   1   8   0   1   8   4   1   0   0   1  0.38 0.06
   41 R     0   3  -1   0  -2   1   1  -2  -1   0  -2   1  -1  -2  -2   2  -1  -3  -2   0    6  32   0   5   0   6   7   1   0   8   1   3   0   0   0  21   0   0   0   8  0.24 0.07
   42 A     1  -2   0  -2   1  -1  -1  -1  -2  -3  -3  -1  -2  -3   4   3   1  -4  -3  -1   16   0   3   0   3   0   3   2   0   0   0   0   0   0  29  35   7   0   0   3  0.59 0.12
   43 D    -1  -1  -1   4   3   2   2  -2   0  -3  -3   0   1  -3  -1  -1   0  -4  -3  -3    3   0   0  34  11  12  19   0   2   0   0   6   6   0   2   0   4   0   0   0  0.46 0.11
   44 L     0  -1   0  -2  -2  -1  -1   1  -2  -1   1   0   1  -2   1   2   0  -3  -2   0    7   3   3   0   0   0   0  10   0   0  22   5   7   0   7  31   0   0   0   5  0.15 0.07
   45 N    -1   0   1   1  -3   1   2  -2  -1  -2  -3   1  -2  -3   4   1   0  -4  -3  -1    3   3   6  10   0   8  19   0   0   0   0  10   0   0  20  11   3   0   0   6  0.40 0.07
   46 K     0  -1  -1  -1   1   1  -1  -2  -2  -1   1   0  -1  -2   3   1   2  -3  -2   0    8   0   2   2   4  10   0   0   0   0  17   7   0   0  15   9  21   0   0   4  0.21 0.07
   47 D    -1   0   0   3  -3   0   1   0  -1  -2  -2  -1  -2  -2  -2   2   1   2   1  -1    0   4   0  29   0   3   9   7   0   0   3   0   0   0   0  20   8   4   7   7  0.25 0.08
   48 K     0  -1   0   0  -3   3   2   2   1  -3  -3   1  -2  -1  -2   1   1  -3  -2  -3    2   0   0   4   0  22  16  16   5   0   0   9   0   3   0  15   8   0   0   0  0.30 0.08
   49 P    -1  -1  -1   0  -3  -2   0  -3   1   1  -1  -2   0  -1   6  -1  -2  -3  -2  -1    3   3   3   5   0   0   4   0   5  12   7   0   3   4  50   2   0   0   0   0  0.80 0.12
   50 V     1   0   1  -1  -2  -1   0  -2  -1   0   0   0   0  -1   1   0   0  -2   1   0   14   5   9   0   0   0   9   0   0   2  16   7   0   1   6   8   3   0   6  12  0.05 0.03
   51 I     0  -2  -1  -2  -2  -1  -1   1  -2   1   1   0   2  -1   2   0  -1   2  -2   0    8   0   2   0   0   0   3  10   0  19  13   5  10   0  12  12   0   4   0   0  0.13 0.05
   52 P     0  -2  -1  -1  -3   0   0   0  -2  -3  -2   0  -2  -4   5   1   0  -4  -3  -2    7   0   0   0   0   4   8   8   0   0   3   5   0   0  42  17   6   0   0   0  0.73 0.11
   53 A     0  -1   1   1  -2   0  -1   0   2   0  -1  -1   0  -1   1   0   1  -3  -1   0   12   0   6   8   0   6   0   9   7  10   2   3   4   4   6   4  11   0   0   6  0.06 0.03
   54 A     1   0   0  -1   2   0   0   2   0  -2  -2   0  -1  -1  -2   1   0  -2   0  -1   20   4   3   0   7   6   3  15   2   0   0   6   0   4   0  17   5   0   3   4  0.14 0.04
   55 A     0   1  -1   0  -2   1   1  -2   2   0   0   2  -1  -2   0   1   0  -3  -1   0    5   4   0   5   0   4   7   1   9   9   9  20   0   0   3  11   3   0   0   7  0.08 0.03
   56 L     0   1  -1  -2   1   0  -1  -1  -1   0   1   1   0  -1   0   0   0  -2  -2   0    6  11   1   1   5   4   1   3   0   4  21  17   0   1   3   9   6   0   0   7  0.06 0.03
   57 A     1   0   0   1  -2   0   0  -1   3  -1   0   0  -1  -2   0   0   0  -2  -1  -1   17   5   4  10   0   1   4   1  15   6  11   7   0   1   5   7   3   0   0   3  0.09 0.03
   58 G     1  -1   0  -1  -2  -1  -1   4  -2  -3  -2   1  -2  -3   0   2  -1  -3  -3  -2   12   2   5   0   0   0   0  39   0   0   3  11   0   0   4  21   0   0   0   0  0.38 0.07
   59 Y    -1   2   1   1  -3   1   1   0   0  -3  -2   0  -2   0   2   1   0  -2   1  -2    2  15   6   9   0   5   7   8   2   0   0   0   0   5   9  19   2   0   9   0  0.19 0.04
   60 T    -1   1   1  -1   1   0   0   1  -2   0  -2   1  -1  -3   2   0   2  -3  -2  -1    0  10   6   0   4   5   3  16   0   9   0   9   0   0  12   3  22   0   0   0  0.19 0.05
   61 G     1   0   0  -1  -3  -1  -1   4   0  -3  -3   0  -2  -3  -1   1  -1  -3  -3  -3   12   5   5   0   0   0   2  51   2   0   0   8   0   0   2  11   0   0   0   0  0.52 0.08
   62 S     0   3   0   1  -2   0  -1   1  -1  -3  -1   0  -2  -3  -2   2   1  -3  -2  -2    0  24   2   9   0   3   0  14   0   0   6   2   0   0   0  33   6   0   0   0  0.28 0.07
   63 G    -1   1   0  -1   3   1  -1   4  -2  -3  -3   1  -2  -3  -2   0  -1  -3  -3  -3    0  11   5   0   9   9   0  45   0   0   0  13   0   0   0   6   0   0   0   0  0.46 0.07
   64 P    -1   1  -1  -1  -2   3   0  -2  -1  -3  -3   2  -2  -3   3   1   2  -3  -2  -2    2   9   0   0   0  23   0   0   0   0   0  18   0   0  16  15  15   0   0   0  0.41 0.07
   65 I    -1  -3  -3  -3  -2  -3  -3  -3  -3   4   2  -3   1  -1  -3  -1   0  -3  -2   2    0   0   0   0   0   0   0   0   0  51  28   0   0   0   0   6   4   0   0   7  0.40 0.08
   66 Q    -2   3  -1  -2  -3   4   0  -2   5  -3  -3   0  -1  -2  -2  -1  -1  -2   2  -3    1  19   0   0   0  40   1   1  21   0   1   0   0   0   0   1   4   0   9   1  0.57 0.11
   67 L    -2  -3  -4  -5  -2  -3  -4  -5  -4   1   5  -3   1  -1  -4  -3  -2  -3  -2   0    0   0   0   0   0   0   0   0   0   0 100   0   0   0   0   0   0   0   0   0  0.97 0.17
   68 W    -4  -4  -5  -6  -4  -3  -4  -4  -3  -4  -3  -4  -3   2  -5  -4  -4  11   3  -4    0   0   0   0   0   0   0   0   0   0   0   0   0   8   0   0   0  82  11   0  2.86 0.27
   69 Q    -2   0  -1   2  -4   6   4  -3   2  -4  -3   0  -2  -4  -2  -1  -2  -3  -2  -3    0   0   0  11   0  55  29   0   5   0   0   0   0   0   0   0   0   0   0   0  0.87 0.16
   70 F    -3  -4  -4  -5  -4  -4  -4  -4  -2  -1  -1  -4  -1   7  -5  -3  -3   0   4  -2    0   0   0   0   0   0   0   0   0   0   0   0   0  85   0   0   0   0  15   0  1.45 0.20
   71 L    -2  -3  -4  -4  -2  -3  -4  -4  -4   3   4  -3   1   0  -4  -3  -2  -3  -2   2    0   0   0   0   0   0   0   0   0  16  72   0   0   0   0   0   0   0   0  13  0.65 0.12
   72 L    -2   2  -3  -3  -2   0  -2  -4   1   0   3   0   1   0  -3  -2  -2  -2   1   0    0  16   0   0   0   3   0   0   5   0  56   4   0   3   0   0   0   0   8   5  0.31 0.09
   73 E     0  -1  -1   3  -4   2   4  -1   0  -4  -3   0  -3  -4  -2  -1  -2  -4  -3  -3   11   0   0  19   0  13  50   4   2   0   0   2   0   0   0   0   0   0   0   0  0.62 0.11
   74 L    -2  -3  -4  -4  -2  -3  -3  -4  -4   2   5  -3   1  -1  -4  -1  -2  -3  -2   0    0   0   0   0   0   0   0   0   0  10  83   0   0   0   0   8   0   0   0   0  0.67 0.13
   75 L    -2  -3  -4  -5  -2  -3  -4  -5  -4   1   5  -3   1  -1  -4  -3  -2  -3  -2   0    0   0   0   0   0   0   0   0   0   0 100   0   0   0   0   0   0   0   0   0  0.97 0.17
   76 T     0   1   0   1   1   2  -1  -2   1  -1   1  -1   0  -2  -2   1   1  -2  -1  -1    7   8   3   8   5  13   0   0   4   4  18   0   0   0   0  14  13   0   2   0  0.09 0.04
   77 D    -2   0   2   5  -4   0   1  -2   1  -4  -4   1  -3  -4  -2   1  -1  -4  -3  -3    0   6   9  53   0   3   5   0   4   0   0   7   0   0   0  14   0   0   0   0  0.67 0.11
   78 K    -1   1  -1  -1  -1   0   0   1  -2  -3  -3   2  -2  -4   5   1   0  -4  -3  -3    1   9   0   0   2   3   4  14   0   0   0  15   0   0  31  17   2   0   0   0  0.56 0.08
   79 S     1   1   1   2  -3   1   2  -1  -1  -3  -3   0  -2  -3  -2   2   0  -3  -2  -2   11   7   8  17   0   7  22   1   0   0   0   3   0   0   0  18   4   0   0   1  0.32 0.06
   80 S    -1   0   4  -1   5  -1  -1  -2   1  -2  -1  -2   3   0  -3  -1  -1  -2   3  -2    2   4  29   0  17   0   5   0   4   0   0   0  17   3   0   1   1   0  17   0  0.37 0.11
   81 Q     1   1   0  -1  -2   2   2   0  -1  -2  -3   1  -1  -3   2   1   0  -3  -2  -1   17   9   5   0   0  12  15   6   0   0   0   5   1   0  13  14   2   0   0   3  0.27 0.05
   82 S     0   0   2   2   1   0   0   1   3  -3  -3   0  -2  -3  -1   2   0  -3  -2  -3    3   5   9  12   5   0   6  11  14   0   0   6   0   0   2  24   3   0   0   0  0.25 0.06
   83 F    -1  -3  -3  -4   7  -3  -3  -1  -2   0   1  -3   0   3  -3  -1  -2  -1   2   0    4   0   0   0  33   0   0   5   0   2  14   0   2  21   0   5   0   0   9   6  0.50 0.10
   84 I    -2  -4  -4  -4  -2  -4  -4  -5  -4   6   1  -4   1  -1  -4  -3  -2  -4  -2   2    0   0   0   0   0   0   0   0   0  88   0   0   4   0   0   0   0   0   0   9  0.93 0.17
   85 S     1   2  -1  -1   1   1   1  -2  -1  -3  -2   2  -2  -2  -2   1   0   5  -1  -2   17  17   0   0   4   7   6   0   0   0   0  18   0   0   0  14   7  11   0   0  0.31 0.07
   86 W    -4  -4  -5  -6  -4  -4  -5  -4  -4  -4  -3  -5  -3  -1  -5  -5  -4  12   1  -5    0   0   0   0   0   0   0   0   0   0   0   0   0   0   0   0   0 100   0   0  3.67 0.33
   87 T    -1  -2  -1  -1   1   1   3  -3  -2   0  -1  -1  -1  -3  -2   0   3  -3  -2   2    0   0   0   0   3   4  32   0   0   2   2   0   0   0   0   0  36   0   0  20  0.35 0.11
   88 G    -1   0   1   2  -3   1   0   4  -2  -4  -4   2  -3  -4  -2   0  -1  -3  -3  -3    0   3   5  17   0   7   4  38   0   0   0  19   0   0   0   7   0   0   0   0  0.46 0.08
   89 D    -1   2   1   3  -3   0   3   1  -1  -3  -3   0  -3  -4   0   0   1  -4  -3  -3    0  15   8  22   0   1  23  15   0   0   0   0   0   0   4   1  10   0   0   0  0.38 0.07
   90 G     0  -1   1   0  -3   1   1   2   0  -1  -2   1  -2  -2  -2   1   1  -3   0  -1    2   0  11   3   0   5  14  19   2   7   0  13   0   0   0  10   8   0   4   2  0.17 0.04
   91 W    -1  -1  -2  -3  -3  -2  -3   5  -2  -3  -2   0   0   3  -3  -2  -2   5  -1  -3    0   4   0   0   0   0   0  58   0   0   0   7   5  17   0   0   0   9   0   0  0.70 0.12
   92 E    -2  -1  -2  -1  -3   3   4  -3  -2   2  -1  -1  -1  -3  -2  -1  -1  -3  -2   1    0   0   0   0   0  17  44   0   0  26   0   0   0   0   0   0   3   0   0  10  0.43 0.11
   93 F    -4  -4  -4  -5  -4  -5  -5  -4  -3  -1  -1  -4  -1   8  -5  -4  -3   0   2  -2    0   0   0   0   0   0   0   0   0   0   0   0   0 100   0   0   0   0   0   0  1.69 0.23
   94 K    -1   3  -1  -2  -3   1   0  -2  -2  -1  -3   5  -2  -3  -2   1  -1  -4  -2   0    0  18   0   0   0   4   0   0   0   3   0  57   0   0   0  11   0   0   0   8  0.54 0.12
   95 L    -1  -3  -3  -3  -2  -2  -3  -3  -3   2   3  -2   2   1  -3   1  -1  -2  -1   1    0   0   0   0   0   0   0   0   0  20  42   0   6   8   0  17   0   0   0   7  0.31 0.08
   96 S     0  -1  -1  -2   1  -1   0  -3  -2   1   1   2   0  -2  -2   0   1  -3  -2   2    3   0   2   0   4   0   8   0   0   7  12  22   0   0   0   5  12   0   0  26  0.12 0.05
   97 D    -2   0   2   5  -4   0   1  -2   3  -4  -4   1  -3  -4  -2   0  -2  -4  -2  -4    0   4   7  56   0   4   5   0  11   0   0  12   0   0   0   3   0   0   0   0  0.73 0.12
   98 P     0  -1  -2  -2  -3  -1  -1  -2  -2  -3  -3   2  -3  -4   6   2  -1  -4  -3  -3    6   0   0   0   0   0   0   0   0   0   0  17   0   0  49  29   0   0   0   0  1.02 0.14
   99 D    -1  -1   1   4  -4   0   4  -2  -1  -3  -2   1  -2  -4  -2  -1  -1  -4  -3  -2    5   0   7  27   0   0  42   0   0   0   3  12   0   0   0   0   0   0   0   2  0.56 0.10
  100 E     2   0  -1   0  -3   1   4   1  -1  -2  -1   0  -2  -3  -2   0  -1  -3  -3  -2   28   4   0   0   0   2  40  10   0   0   9   4   0   0   0   0   3   0   0   0  0.32 0.09
  101 V    -1  -3  -4  -4  -2  -3  -3  -4  -4   2   3  -3   0  -1  -3  -3  -1  -3  -2   5    0   0   0   0   0   0   0   0   0   0  35   0   0   0   0   0   0   0   0  65  0.64 0.13
  102 A     5  -2  -2  -3  -1  -2  -2  -1  -3  -2  -3  -2  -2  -3  -2   1  -1  -4  -3  -1   91   0   0   0   0   0   0   0   0   0   0   0   0   0   0   9   0   0   0   0  0.86 0.17
  103 R    -2   5  -1  -2  -4   2   1  -3   2  -4  -3   3  -2  -4  -3  -1  -2  -4  -2  -3    0  60   0   0   0  12   5   0   7   0   0  17   0   0   0   0   0   0   0   0  0.83 0.14
  104 R    -2   4  -3  -3  -3  -1  -2  -4  -2   0   3   0   2  -1  -3  -2  -2  -2   0  -1    0  33   0   0   0   0   0   0   0   0  56   3   5   0   0   0   0   0   3   0  0.48 0.12
  105 W    -4  -4  -5  -6  -4  -4  -5  -4  -4  -4  -3  -5  -3  -1  -5  -5  -4  12   1  -5    0   0   0   0   0   0   0   0   0   0   0   0   0   0   0   0   0 100   0   0  3.67 0.33
  106 G    -1  -3  -2  -2  -4  -3  -3   7  -3  -5  -5  -3  -4  -4  -3  -1  -3  -4  -4  -4    0   0   0   0   0   0   0 100   0   0   0   0   0   0   0   0   0   0   0   0  1.61 0.19
  107 K    -1   1   1  -1  -3   3   2  -3  -1   1  -1   2   0  -3  -2  -1  -1  -3  -2  -1    0   6   7   0   0  21  18   0   0  17   5  22   2   0   0   0   0   0   0   1  0.27 0.08
  108 R    -2   5  -1  -2  -4   3   0  -3   4  -4  -3   2  -2  -4  -3  -1  -2  -3  -2  -3    0  56   0   0   0  20   1   0  13   0   0   9   0   0   0   0   0   0   0   0  0.84 0.14
  109 K    -2   1  -1  -2  -4   0   0  -3  -2  -4  -4   7  -3  -4  -2  -1  -2  -4  -3  -4    0   0   0   0   0   0   0   0   0   0   0 100   0   0   0   0   0   0   0   0  1.23 0.21
  110 N    -2   0   6   0   1  -1  -1  -2  -1  -4  -4   1  -3  -4  -3   1  -1  -4  -3  -3    1   4  71   0   4   0   0   0   0   0   0   8   0   0   0  11   0   0   0   0  0.88 0.16
  111 K    -2   4   2  -1  -4   0   0  -2   1  -4  -3   4  -2  -4  -2  -1  -2  -4  -2  -3    0  37  12   0   0   0   0   0   3   0   0  47   0   0   0   0   0   0   0   0  0.75 0.13
  112 P    -1  -1  -2   0  -3  -1  -1  -3  -2  -3  -2   2  -2  -4   6   1   1  -4  -3  -2    0   0   0   5   0   0   0   0   0   0   3  17   0   0  53  11   9   0   0   2  1.00 0.13
  113 K     1   1   3   1  -3   1   0   0  -1  -3  -3   2  -2  -3   0   1   0  -4  -2  -2   13   8  29   9   0   7   0   4   0   0   0  14   0   0   3   7   6   0   0   0  0.31 0.06
  114 M    -2  -3  -4  -5  -3  -2  -4  -4  -3   0   1  -3   9  -1  -4  -3  -2  -3  -2  -1    0   0   0   0   0   0   0   0   0   0   0   0 100   0   0   0   0   0   0   0  1.69 0.28
  115 N    -2  -2   6   0  -3  -1  -1  -2  -1  -3  -3  -1  -3  -4  -3   0   4  -4  -3  -3    0   0  61   2   0   0   0   0   0   0   0   0   0   0   0   0  37   0   0   0  0.92 0.17
  116 Y    -3  -3  -4  -5  -4  -3  -3  -5   0  -3  -2  -3  -2   2  -4  -3  -3   1   9  -3    0   0   0   0   0   0   0   0   0   0   0   0   0   0   0   0   0   0 100   0  1.94 0.26
  117 E    -2  -1   0   5  -4   3   4  -3  -1  -4  -4   0  -3  -4  -2  -1  -2  -4  -3  -4    0   0   0  38   0  17  45   0   0   0   0   0   0   0   0   0   0   0   0   0  0.89 0.14
  118 K    -2   1  -1  -2  -4   0   0  -3  -2  -4  -3   6  -2  -4  -2  -1   1  -4  -3  -3    0   0   0   0   0   0   0   0   0   0   0  91   0   0   0   0   9   0   0   0  1.03 0.19
  119 L    -2  -3  -4  -4  -2  -2  -4  -4  -3   1   4  -3   6  -1  -4  -3  -2  -3  -2   0    0   0   0   0   0   0   0   0   0   0  68   0  32   0   0   0   0   0   0   0  0.82 0.15
  120 S     2  -2  -1  -1  -2  -1  -1   1  -2  -3  -3  -1  -2  -3  -2   5   0  -4  -3  -2   17   0   0   0   0   0   0   9   0   0   0   0   0   0   0  74   0   0   0   0  0.70 0.15
  121 R    -3   7  -2  -3  -5   0  -1  -4  -1  -4  -3   1  -3  -4  -3  -2  -2  -4  -3  -4    0 100   0   0   0   0   0   0   0   0   0   0   0   0   0   0   0   0   0   0  1.53 0.22
  122 G     5  -2  -2  -2  -2  -2  -2   2  -2  -3  -3  -2  -2  -3  -2   2  -1  -3  -3  -1   74   0   0   0   0   0   0  13   0   0   0   0   0   0   0  13   0   0   0   0  0.66 0.14
  123 L    -2  -3  -4  -5  -2  -3  -4  -5  -4   1   5  -3   3   0  -4  -3  -2  -3  -2   0    0   0   0   0   0   0   0   0   0   5  88   0   8   0   0   0   0   0   0   0  0.82 0.14
  124 R    -3   7  -2  -3  -5   0  -1  -4  -1  -4  -3   1  -3  -4  -3  -2  -2  -4  -3  -4    0 100   0   0   0   0   0   0   0   0   0   0   0   0   0   0   0   0   0   0  1.53 0.22
  125 Y    -3  -2   3  -2  -4   1  -2  -3   3  -3  -3  -2  -2   1  -4  -2  -2   0   7  -3    0   0  17   0   0   8   0   0   7   0   0   0   0   0   0   0   0   0  68   0  1.08 0.18
  126 Y    -3  -3  -4  -5  -4  -3  -3  -5   0  -3  -2  -3  -2   2  -4  -3  -3   1   9  -3    0   0   0   0   0   0   0   0   0   0   0   0   0   0   0   0   0   0 100   0  1.94 0.26
  127 Y    -1  -3  -3  -4  -3  -3  -3   1   0  -3  -2  -3  -2   1  -4  -2  -3   1   8  -2    6   0   0   0   0   0   0  11   0   0   0   0   0   0   0   0   0   0  83   0  1.34 0.21
  128 D    -2   2   1   4  -4   2   1  -2  -1  -3  -3   4  -2  -4  -2  -1  -1  -4  -3  -3    0  13   4  29   0   9   5   0   0   0   0  38   0   0   0   0   0   0   0   2  0.55 0.10
  129 K    -1   3  -1  -2  -3   0  -1  -1  -2  -2  -1   4  -1  -3  -2   0   2  -3  -2  -1    0  20   0   0   0   0   0   4   0   0   7  44   0   0   0   2  20   0   0   3  0.40 0.10
  130 N    -1   0   4   1  -3  -1   0   4  -1  -4  -4  -1  -3  -4  -3   0  -1  -4  -3  -4    0   4  36   7   0   0   8  43   0   0   0   0   0   0   0   1   0   0   0   0  0.70 0.11
  131 I    -2  -3  -3  -3  -2  -2   1  -4  -3   6   0  -3   1  -1  -3  -3  -2  -4  -2   1    0   0   0   0   0   0  17   0   0  78   0   0   4   0   0   0   0   0   0   2  0.67 0.15
  132 I    -2  -3  -4  -4  -2  -3  -4  -4  -3   4   3  -3   4  -1  -3  -3  -1  -3  -2   2    0   0   0   0   0   0   0   0   0  43  28   0  20   0   0   0   0   0   0   9  0.56 0.11
  133 H     0   3  -1  -1   0   1   1  -2   3  -1  -2   2  -1  -3  -2   0   1  -3  -1  -2    9  19   0   0   2   8  12   0  13   4   2  14   0   0   0   3  13   0   0   0  0.25 0.06
  134 K    -2   3  -1  -2  -4   0   0  -3  -2  -4  -4   6  -2  -4  -2  -1  -2  -4  -3  -3    0  12   0   0   0   0   0   0   0   0   0  88   0   0   0   0   0   0   0   0  1.06 0.18
  135 T    -1  -3  -3  -3  -2  -2   0  -3  -3   2   0  -2   0  -2   0  -1   2  -4  -2   4    0   0   0   0   0   0   7   0   0   7   0   0   0   0   5   4  16   0   0  61  0.40 0.11
  136 A     0   1   0   2  -3   1   2  -1   3  -2  -3   2  -2  -3   1   0  -1  -3  -2  -2    9   7   3  16   0   6  12   4  11   3   0  15   0   0   7   6   0   0   0   0  0.26 0.05
  137 G     0  -2  -1  -1  -2  -2  -2   5  -2  -3  -3  -1  -2  -3  -2   0  -1  -2  -2  -3    2   1   1   1   0   1   1  72   0   1   2   4   0   1   1   6   1   0   1   1  0.81 0.09
  138 K    -2   4  -1  -1  -4   4   1  -3  -1  -4  -3   4  -2  -4  -2  -1  -2  -3  -2  -3    0  26   0   0   0  26   8   0   0   0   0  39   0   0   0   0   0   0   0   0  0.71 0.13
  139 R    -2   6  -1  -2  -4   0  -1  -3  -1  -4  -3   4  -2  -4  -3  -2  -2  -4  -3  -3    0  71   0   0   0   0   0   0   0   0   0  29   0   0   0   0   0   0   0   0  1.11 0.17
  140 Y    -2  -3  -3  -4  -3  -3  -3  -4   1   0   3  -3   0   3  -4  -3  -2   0   5  -1    0   0   0   0   0   0   0   0   3   0  53   0   0  13   0   0   0   0  30   0  0.65 0.12
  141 V     1  -3  -2  -3   1  -2  -2  -3  -3   1   0  -2   0  -2  -2  -1   3  -3  -2   4   14   0   0   0   3   0   0   0   0   0   7   0   0   0   0   0  25   0   0  50  0.37 0.11
  142 Y    -3  -3  -3  -4  -4  -3  -3  -4   0  -3  -2  -3  -2   3  -4  -3  -3   1   8  -2    0   0   0   0   0   0   0   0   0   0   0   0   0   7   0   0   0   0  93   0  1.77 0.24
  143 R    -2   4  -1  -2  -4   4   0  -3  -1  -4  -3   4  -2  -4  -2  -1  -2  -3  -3  -3    0  23   0   0   0  34   0   0   0   0   0  43   0   0   0   0   0   0   0   0  0.79 0.14
  144 F    -4  -4  -4  -5  -4  -5  -5  -4  -3  -1  -1  -4  -1   8  -5  -4  -3   0   2  -2    0   0   0   0   0   0   0   0   0   0   0   0   0 100   0   0   0   0   0   0  1.69 0.23
  145 V    -1  -2   0   1   0  -1  -1   2  -2   0   0   0   1  -2  -2   1  -1  -3  -2   2    1   0   5  13   3   0   0  18   0   0   9   6   5   0   0  12   0   0   0  26  0.10 0.05
  146 S    -1   0  -1   0   5   0   1   1   2  -3  -2   2  -2   0  -2   1  -1  -2  -1  -2    1   4   0   4  18   0  12  10   7   0   1  23   0   6   0  13   0   0   0   0  0.24 0.06
  147 D     0   0   3   3  -3   0   1  -2  -1  -2  -2   0   0  -1  -2   0   1  -3   0  -2   11   4  22  27   0   0   9   0   0   0   0   2   6   3   0   2   8   0   3   2  0.28 0.07
  148 L     0  -2  -3  -3  -2  -2  -2  -3  -3   0   1  -1   0   1   5  -1  -1  -3  -2   1    6   0   0   0   0   0   0   0   0   5  23   5   2   7  34   4   0   0   0  13  0.49 0.08
  149 Q    -1   0  -1   1  -3   2   1  -1   3  -1   1   1   0  -2   1  -1   0  -3  -1  -1    0   0   0   9   0  14  10   3  10   0  25  13   0   0   6   0   6   0   0   0  0.16 0.05
  150 S     0  -1   1   1  -2   1   1   2  -1   0  -1   0  -1  -2  -2   0   0  -3  -1   0    7   0   8   7   0   9  10  24   0   8   3   5   0   0   0   8   3   0   2   6  0.15 0.03
  151 L    -2   2  -3  -2  -2  -2  -2  -3  -2   2   4  -1   2  -1  -3  -2  -2  -2  -2   0    0  16   0   2   0   0   0   0   0  11  59   0   5   0   0   0   0   0   0   3  0.37 0.08
  152 L    -1  -2  -2  -3  -2  -2  -2  -1  -3   2   2  -2   2   1   0   0  -1  -2  -1   2    2   0   0   0   0   0   0   7   0  11  27   0  11   7   5  11   0   0   0  20  0.16 0.04
  153 G     0  -2   2  -1  -2  -1  -1   4  -2  -1  -3  -1  -2  -3  -2   2  -1  -3  -3  -1    5   0  16   0   0   0   3  43   0   3   0   0   0   0   0  22   0   0   0   8  0.43 0.07
  154 Y    -1  -3  -3  -3  -3  -2  -3   1   1   1   0  -3  -1   3  -3  -2  -2   5   5  -1    3   0   0   0   0   0   0  12   2  12   6   0   0  11   0   0   0   9  44   0  0.52 0.08
  155 T     0   1   0   2  -2   0   0  -2   0  -1   0   1  -1  -2  -2   1   2  -3  -2  -1    7  13   0  15   0   0   3   0   4   4  16  10   0   0   0   7  22   0   0   0  0.12 0.03
  156 P     1  -2  -1   2  -3   0   2   1  -2  -3  -3  -1  -2  -3   4   0   1  -3  -3  -2   12   0   0  16   0   0  22  12   0   0   0   0   0   0  25   0  13   0   0   0  0.47 0.05
  157 E    -1   1   1   3  -3   1   3  -2  -1  -3  -3   2  -2  -3  -2   0   0  -4  -3  -3    5   7   5  26   0   0  35   0   0   0   0  17   0   0   0   0   5   0   0   0  0.46 0.05
  158 E    -1   3  -1   2  -4   1   5  -2  -1  -4  -3   2  -2  -4  -2  -1  -1  -3  -3  -3    0  21   0  10   0   0  60   0   0   0   0   9   0   0   0   0   0   0   0   0  0.66 0.08
  159 L    -2  -2  -3  -3  -2  -2   0  -4   0   2   4  -2   1   0  -3  -2  -1  -2  -1   1    0   0   0   0   0   0   9   0   3  11  66   0   0   0   0   0   0   0   0  11  0.35 0.05
  160 H    -1  -1   2  -1  -3   0   1   1   4  -2  -2  -1  -2   2  -2   1  -1  -2   0  -2    0   0  12   0   0   0  15  12  19   0   0   0   0  20   0  19   0   0   0   3  0.21 0.04
  161 A     1   0  -1  -1  -2   0   1  -2   3  -2  -2  -1  -1   1  -2   1   0  -1   3  -2   20   5   0   0   0   0  15   0  15   0   0   0   0   6   0  13   6   0  20   0  0.23 0.04
  162 M     0  -1  -1  -2  -2  -1   0  -2  -2   0   2  -1   3  -1   1   1   0  -3  -2   0    3   0   0   0   0   0   9   0   0   3  26   3  17   0   8  24   0   0   0   6  0.14 0.03
  163 L     0  -1  -1  -1  -2   3   2  -2  -1   0   1   0   0  -1  -2   0  -1  -2   0   1   10   0   0   0   0  34  14   0   0   0  18   0   0   0   0   4   0   0   4  16  0.19 0.04
  164 D     0  -2   0   1   3  -1  -1   2  -1  -2  -2  -1  -2  -1  -2   1   1  -1   3  -2    0   0   0  13   9   0   0  26   0   0   0   0   0   0   0  19  14   0  19   0  0.25 0.02
  165 V     1  -1  -2  -2  -1   2  -1   0  -2   1   1  -1   0  -2  -2  -1  -1  -3  -2   3   14   0   0   0   0  19   0  10   0   0  10   0   0   0   0   0   0   0   0  47  0.14 0.02
  166 K     1   1  -1   0  -3   4   2  -2   0  -3  -2   2  -1  -3   1   0  -1  -3  -2  -2   14   0   0   0   0  46  19   0   0   0   0  15   0   0   6   0   0   0   0   0  0.45 0.03
  167 P    -1  -3  -3  -2  -3  -2  -2  -3  -3   0   1  -2  -1  -2   7  -1  -1  -3  -3  -1    0   0   0   0   0   0   0   0   0   6  19   0   0   0  75   0   0   0   0   0  1.40 0.05
  168 D    -2   0   1   6  -4   0   2  -2  -1  -3  -4  -1  -3  -4   3  -1  -1  -4  -3  -3    0   6   0  74   0   0   6   0   0   0   0   0   0   0  14   0   0   0   0   0  0.83 0.05
  169 A     0   0   0   1  -3   4   2  -2   0  -2  -2   1  -1  -3  -1   0   1  -3  -2  -2    9   0   0   6   0  43  19   0   0   0   0   6   0   0   0   0  18   0   0   0  0.39 0.03
  170 D    -1   0   0   3  -4   3   3  -2   0  -3  -3   1  -2  -3  -1   0  -1  -3  -2  -3    0   0   0  30   0  26  36   0   0   0   0   8   0   0   0   0   0   0   0   0  0.56 0.02
  171 E    -1  -1   1   5  -4   1   4  -2  -1  -3  -3   0  -3  -3  -1   0  -1  -4  -3  -3    0   0   0  53   0   0  47   0   0   0   0   0   0   0   0   0   0   0   0   0  0.69 0.00

                      K         Lambda
Standard Ungapped    0.1358     0.3169
Standard Gapped      0.0400     0.2670
PSI Ungapped         0.1306     0.3176
PSI Gapped           0.0400     0.2670
