
Last position-specific scoring matrix computed, weighted observed percentages rounded down, information per position, and relative weight of gapless real matches to pseudocounts
            A   R   N   D   C   Q   E   G   H   I   L   K   M   F   P   S   T   W   Y   V   A   R   N   D   C   Q   E   G   H   I   L   K   M   F   P   S   T   W   Y   V
    1 G     2  -3  -1  -2  -3  -2  -3   6  -3  -4  -4  -2  -3  -4  -3  -1  -2  -3  -4  -3   21   0   0   0   0   0   0  79   0   0   0   0   0   0   0   0   0   0   0   0  1.08 0.14
    2 H     3   1  -1  -2  -2  -1   0  -2   6  -2  -3  -1  -2  -2  -2   0  -1  -3   1  -1   42   8   0   0   0   0   5   0  29   0   0   0   0   0   0   6   0   0   5   5  0.47 0.16
    3 M    -1   0  -3  -3  -2   2  -2  -2  -3   2   2  -2   3  -2   1  -1   0  -3  -2   2    4   5   0   0   0  13   0   2   0  11  20   0  12   0   7   2   5   0   0  21  0.21 0.12
    4 N    -1   2   3   1  -4   1   1  -2  -1  -4  -4   2  -3  -4  -3   2   0  -4  -3  -3    3  12  22   7   0   7  10   1   0   0   0  17   0   0   0  15   6   0   0   0  0.44 0.18
    5 V     1  -1   2   3  -3  -1   2  -2  -1  -3  -4   0  -3  -4  -3   2   0  -5  -3   0   15   2  13  19   0   1  14   1   1   0   0   4   0   0   0  18   5   0   0   7  0.37 0.20
    6 K    -3   6  -1  -4  -2   3  -2  -2  -2  -5  -4   4  -4  -4  -1  -2  -3  -5  -2  -5    1  45   2   0   1  13   0   3   1   0   1  30   0   1   2   1   1   0   1   0  1.11 0.42
    7 R    -3   8  -4  -5  -7  -1  -2  -6  -4  -6  -6   3  -5  -6  -3  -3  -4  -6  -5  -6    2  77   0   0   0   2   1   0   0   0   0  17   0   0   1   1   0   0   0   0  2.00 0.63
    8 R     0   2   0   0  -3   0   1  -2  -1  -1   0   2   2  -3  -2   1   0  -4  -3  -1    8  12   4   5   0   4   8   1   1   4   9  14   8   0   0  14   5   0   0   4  0.15 0.13
    9 T     2  -1   3  -2  -1   0  -1  -3   0  -1  -2   1  -1  -1  -3   1   2  -4  -2   0   19   2  17   0   1   3   2   0   2   2   3  11   2   3   0  12  16   0   1   5  0.27 0.20
   10 H     3  -1  -3  -5  -6  -3  -4  -5  10  -6  -6  -2  -5  -5  -6  -3  -2  -6  -3  -6   21   4   1   0   0   0   0   0  69   0   0   2   0   0   0   1   3   0   0   0  2.32 0.71
   11 N    -3   0   6  -2  -3  -3  -3  -2  -3   1  -4   0  -1  -5  -3   2   1  -6  -5  -1    1   4  50   0   1   0   0   2   0   8   1   6   1   0   1  13   8   0   0   4  0.93 0.42
   12 V     2  -1  -2   0  -2  -1   2  -3  -2   1   1  -1   3  -2  -2  -1  -2  -1  -1   0   19   2   0   5   1   2  19   0   1   9  15   2  10   1   1   4   1   1   1   7  0.20 0.18
   13 L     1   4  -2  -4  -3  -2  -3  -4  -3   2   1  -1   2  -3  -4   0   0  -4  -1   1   16  24   2   0   0   0   0   0   0  14  14   2   5   0   0   6   5   0   2  10  0.35 0.24
   14 E    -5  -4  -5  -3  -8  -2   8  -6  -4  -8  -7  -3  -6  -8  -5  -4  -5  -7  -6  -7    0   0   0   0   0   0 100   0   0   0   0   0   0   0   0   0   0   0   0   0  2.72 0.88
   15 R    -5   8  -4  -5  -7   1  -3  -6  -4  -7  -6   4  -5  -7  -6  -4  -5  -7  -6  -6    0  72   0   0   0   4   0   0   0   0   0  23   0   0   0   0   0   0   0   0  2.11 0.70
   16 Q    -2   5   2  -1  -5   4   0  -4   1  -4  -3   3  -2  -5  -4  -2  -2   0  -4  -2    3  35  10   3   0  17   4   0   3   0   3  15   1   0   0   1   2   2   0   2  0.75 0.36
   17 R    -6   8  -5  -6  -8  -3  -4  -7  -4  -7  -6  -2  -6  -6  -6  -5  -5  -6   1  -7    0  95   0   0   0   0   0   0   0   0   0   0   0   0   0   0   0   0   5   0  2.74 0.85
   18 R    -4   7  -4  -5  -6  -1  -4  -6  -4  -4  -1  -1   4  -6  -6  -4  -1  -6  -5  -1    1  73   0   0   0   2   0   0   0   1   6   1   9   0   0   0   4   0   0   5  1.73 0.63
   19 N     0   1   1   2  -2   2   2  -2   2  -2  -3   2  -3  -1  -3   0  -1  -4  -2  -3    7   7   8  13   1  11  16   2   5   3   1  14   0   4   0   5   2   0   1   1  0.30 0.20
   20 E    -2   2   2   0  -1   2   1  -1   2  -4  -4   4  -4  -5  -4   0  -1  -5  -4  -4    2  13  11   4   2   9  10   3   6   1   1  30   0   0   0   6   2   0   0   1  0.54 0.30
   21 L    -4  -5  -3  -6  -4  -4  -6  -6  -6   5   4  -5   5  -1  -6  -5  -4  -5  -4   2    0   0   1   0   0   1   0   0   0  34  38   0  13   2   0   0   0   0   0  10  1.13 0.46
   22 K    -2   2   7  -3  -6  -3  -4  -4  -1  -7  -7   2  -5  -7  -5   0  -1  -7  -5  -6    2   9  63   0   0   0   0   0   1   0   0  13   0   0   0   8   4   0   0   0  1.59 0.63
   23 R    -1   0   0   3  -2   2   4  -2   1  -4  -1  -1  -1  -4  -3   1   0  -5  -3  -2    5   4   4  16   1   8  28   2   3   0   6   3   1   0   0  10   5   0   1   2  0.40 0.25
   24 S     2   3  -3  -4   4  -1  -2   0   1  -3   0   2   0  -2  -3   0  -3   0   0  -3   22  18   0   0  11   2   0   7   3   0   9  11   2   1   0   7   0   1   3   0  0.37 0.26
   25 F    -5  -6  -6  -7  -5  -6  -6  -7  -5   3   2  -6   3   7  -6  -6  -5  -3   3  -2    0   0   0   0   0   0   0   0   0  15  19   0   8  49   0   0   0   0   8   1  1.45 0.53
   26 F     1   0   0   2  -2   0   2  -2  -1  -2  -1   1   1  -1  -3   0   0  -4   0  -1   11   4   5  12   0   4  18   1   1   1   7  10   4   3   0   8   5   0   3   3  0.18 0.15
   27 A     2   1  -1   0  -3   1   2  -1  -2   0  -2   1   0  -3  -3   1   1  -4  -3  -1   22   7   2   4   0   6  17   3   0   5   2   7   2   1   0   9   8   0   0   5  0.22 0.18
   28 L    -5  -6  -7  -8  -5  -6  -7  -8  -7  -1   7  -6  -2  -3  -7  -6  -5  -6  -5  -2    0   0   0   0   0   0   0   0   0   2  97   0   0   0   0   0   0   0   0   2  2.08 0.73
   29 R    -2   6  -2  -4  -6   3  -3  -1  -1  -5  -4   4  -1  -5  -4   0  -4  -5  -3  -5    2  44   1   0   0  12   0   6   1   0   1  24   2   0   0   6   0   0   1   0  1.07 0.47
   30 D     0   2   0   3  -4   2   1  -1  -1  -3  -3   1  -1  -4  -3   2   0  -4  -1  -3    8  10   3  17   0   8   9   4   1   1   1  10   2   0   0  17   7   0   2   1  0.30 0.21
   31 Q    -1  -2  -3  -4   2   0  -2  -5   2   2   4  -2   2  -2  -4  -1   0  -4  -2   1    4   1   1   0   4   5   2   0   6  10  43   1   5   0   0   4   4   0   1   8  0.45 0.27
   32 I    -3  -5  -5  -6   0  -5  -5  -6  -6   4   3  -5   3  -2  -5  -4  -1  -5  -4   5    0   0   0   0   2   0   0   0   0  27  22   0   7   1   0   0   4   0   0  37  1.00 0.42
   33 P    -3  -5  -5  -3  -6  -3  -5  -5  -5  -6  -3  -4  -5  -6   8  -1  -4  -6  -6  -5    1   0   0   1   0   1   0   0   0   0   3   0   0   0  86   4   0   0   0   0  2.63 0.81
   34 E     0  -1   2   0   1   0   1   0   0  -2   0   0  -1  -1   0   1   1  -1  -2  -2    4   2  10   5   3   4  13   9   2   2   9   5   1   2   4   9  13   1   0   1  0.10 0.09
   35 L     0  -2  -2  -2   3   0  -1   0   0   1   2  -1   0   0   0   0  -1   1   0   1    7   1   2   2   9   4   3   8   3   7  22   3   2   4   4   5   2   2   2  10  0.07 0.06
   36 E     0   0   1   0  -2   0   0   1  -1  -1  -2  -1  -1  -1   3   1   0  -2   1  -1    9   6   8   4   0   4   4   9   1   3   4   3   1   2  15  12   4   0   6   5  0.15 0.08
   37 N     0   0   3   1  -3   1   0  -1   2  -1  -2   0  -1  -2   2   0  -1  -3   0  -2    6   5  18   9   0   6   5   5   5   4   2   5   1   1  11   8   3   0   4   1  0.21 0.13
   38 N     0  -1   3   3   3  -1   0  -1  -1  -1  -3   0  -3  -3   0   1   0  -4  -3  -2    6   3  18  17   8   2   5   4   1   4   2   5   0   1   4  14   5   0   0   3  0.28 0.18
   39 E    -1   1   0  -1  -4   2   1   0  -1  -3  -3   3  -1  -4   0   1   2  -4  -2  -2    4   8   4   2   0  12   7   6   1   1   2  18   1   0   4  10  17   0   1   1  0.30 0.21
   40 K    -4   5  -4  -4  -6   0  -2  -5  -2  -3  -4   7  -5  -6  -3  -4  -4  -6  -5  -4    0  25   0   0   0   2   1   0   1   1   1  65   0   0   1   0   0   0   0   1  1.65 0.63
   41 A     0   0  -1  -3  -3  -1  -3  -1   0   0   3  -2   3  -2   0  -1   1   1  -1   0    8   5   3   1   0   2   1   5   3   3  36   1   8   0   4   2  10   2   1   6  0.24 0.20
   42 P    -1  -4   2   4  -5  -3   0  -2  -2  -5  -5  -3  -5  -6   2   4   1  -6  -5  -5    4   0   7  29   0   0   4   2   1   0   0   0   0   0  10  32  10   0   0   0  0.83 0.42
   43 K    -4   1  -2  -4  -6   0  -3  -5  -1  -2  -4   7  -5  -6  -5  -2   1  -7  -5  -3    0   6   1   0   0   4   0   0   1   2   1  73   0   0   0   1   8   0   0   1  1.58 0.64
   44 V     4  -4  -1  -4  -3  -3  -4   0  -2   1   1  -3  -1  -3  -1   0  -1  -2  -1   2   36   0   3   0   0   0   0   6   1   9  11   0   0   0   3   8   1   0   2  19  0.42 0.28
   45 V     0  -2  -1   1  -4   0   3  -1  -2  -2  -3  -2   0  -4  -3   3   1  -5  -4   0    7   1   1   8   0   2  22   4   0   2   2   1   3   0   0  28   9   0   0   8  0.40 0.29
   46 I    -4  -5  -5  -5  -4  -3  -5  -6   0   6   0  -3   2  -2  -5  -4   3  -5  -4   2    0   0   0   0   0   1   0   0   3  48   8   1   6   1   0   0  18   0   0  13  1.02 0.45
   47 L    -5  -6  -7  -7  -5  -6  -6  -7  -6   1   6  -6  -1  -2  -6  -6  -5  -5  -4   2    0   0   0   0   0   0   0   0   0   5  82   0   0   1   0   0   0   0   0  12  1.66 0.61
   48 K    -1   4   0   2  -5   2   1   0  -1  -4  -3   1  -2  -5  -3   0   0  -5  -4  -2    3  25   4  12   0  10  11   9   1   0   3   9   1   0   0   7   5   0   0   2  0.41 0.25
   49 K    -1   1   0   2  -4   0   2   0  -1  -2   0   2   2  -2  -3   0  -2  -4  -3  -3    4   8   4  14   0   4  14   6   1   1  11  16   8   2   0   7   1   0   0   0  0.25 0.20
   50 A     6  -5  -5  -5  -4  -4  -4  -3  -5   0  -4  -4  -4  -5  -4   0   2  -6  -5   0   71   0   0   0   0   0   0   1   0   5   0   0   0   0   0   5  12   0   0   6  1.31 0.58
   51 T     0  -1  -4  -5   0  -2  -4  -5  -2   5   0  -1   0  -1  -5  -2   1  -5  -3   3    6   3   0   0   2   2   0   0   1  39   5   4   1   2   0   1  10   0   1  21  0.63 0.33
   52 A    -2   1   2   3  -3   2   3  -3  -3  -3  -3   1  -2  -5  -3   1  -1  -5  -4  -3    3   7  12  17   1   7  23   0   0   2   2  10   1   0   0  11   3   0   0   1  0.49 0.28
   53 Y    -6  -4  -6  -7  -2  -3  -4  -7   5  -4  -4  -6   0   1  -7  -5  -6  -2   9  -4    0   0   0   0   1   1   1   0  13   1   1   0   2   4   0   1   0   0  73   1  2.48 0.83
   54 I    -4  -6  -7  -7  -2  -6  -6  -7  -6   7   1  -6   2  -2  -6  -6  -3  -6  -5   2    1   0   0   0   1   0   0   0   0  68  13   0   5   1   0   0   1   0   0  11  1.60 0.58
   55 L    -2   2   2  -1  -3   3   1  -2   2  -2  -2   4  -2  -3  -1  -1  -1   1  -3  -3    3  10   9   3   0  12   7   2   5   2   4  29   1   1   3   4   3   2   0   0  0.39 0.25
   56 S     0   0  -1   1  -2   1   2  -1   2  -3  -3   1  -1   1  -3   2   0  -1   2  -3    9   3   1   6   1   7  18   3   5   1   1   9   2   6   0  16   4   1   7   1  0.25 0.20
   57 V    -4  -6  -7  -7  -5  -4  -6  -7  -6  -1   6  -6   2  -3  -6  -6  -3  -5  -5  -2    1   0   0   0   0   1   0   0   0   1  88   0   5   0   0   0   1   0   0   2  1.80 0.66
   58 Q    -2   2  -2  -2  -5   6   2  -3   1  -4  -3   2   0  -5  -4  -1   0  -5  -3  -4    2  11   1   1   0  41  13   1   3   1   2   9   2   0   0   2   7   0   1   1  0.87 0.44
   59 A     0   2   0   1  -2   3   2  -1   0  -2  -2   1  -2  -4  -3   1  -1  -4  -1  -2    9  13   3  10   1  14  15   4   2   2   3   8   1   0   0   9   1   0   2   2  0.27 0.19
   60 E    -1   1  -1   1   0   4   3  -3  -1  -2  -1   2   0  -4  -3   0   0  -4  -3  -1    4   5   3   6   2  22  18   0   1   2   7  14   3   0   0   5   5   0   0   4  0.36 0.24
   61 E     0  -1   1   0  -1   0   2  -3  -3   1   1  -1  -1  -3  -2  -2   0  -4  -3   2    6   3   7   5   1   4  19   1   0  10  16   4   0   0   2   0   4   0   0  17  0.17 0.17
   62 Q    -2   1  -1   0  -5   5   2  -2   3  -3  -2   3  -3  -2  -3  -1  -2  -1  -2  -3    3   6   3   5   0  28  15   2   6   1   4  16   0   2   0   4   2   1   1   1  0.52 0.31
   63 K    -1   3   0  -1  -3   2   2  -3  -2  -3  -3   3   0  -1  -1   0  -1  -4  -3  -2    3  18   3   2   1   9  16   1   0   1   2  24   2   3   2   7   3   0   0   3  0.42 0.26
   64 L    -1  -3  -3  -1  -1  -1  -4  -5  -2  -1   5  -2   4  -1  -5  -2  -3  -1   1  -1    5   1   1   4   1   3   0   0   1   2  55   2  10   1   0   2   1   1   6   3  0.68 0.37
   65 I     0   0  -1   0  -3   2   3  -2  -1   0   1   1  -1  -3  -3   1   0  -4  -3  -1    8   5   2   3   0   8  22   2   1   5  14   7   1   0   0  14   5   0   0   4  0.20 0.18
   66 S     1   0  -1   0  -4   3   2  -1   1  -3  -1  -1   3  -3  -2   1   0  -4  -2  -1   10   6   2   5   0  14  17   4   4   0   5   1  10   0   1  11   6   0   1   4  0.24 0.21
   67 E    -2   1  -1   1  -3   3   5  -3  -1  -3  -1   2  -3  -5  -4  -1  -2  -5  -3  -3    1   6   1   8   1  17  37   1   1   1   7  11   0   0   0   4   1   0   1   1  0.66 0.36
   68 E    -1   2   2  -2  -4   1   0  -3  -1   1  -1   4  -1  -3  -3  -1  -1  -2   0  -1    4  13  13   1   0   5   5   1   1   9   6  29   1   0   0   3   2   1   3   3  0.34 0.25
   69 D    -1   2   0   2  -5   3   3  -2  -1  -3  -2   2  -2  -3  -2  -1  -2  -4  -2  -3    3  11   4  11   0  12  25   3   1   1   4  16   1   1   1   3   2   0   1   1  0.44 0.27
   70 L    -1   2  -1  -1  -4   3   2  -2   0  -3  -1   3  -1  -4  -1   0   1  -4  -3  -3    5  14   2   3   0  14  14   2   2   1   7  17   1   0   3   6   8   0   0   0  0.33 0.23
   71 L    -2  -3  -3  -5   1  -1  -1  -2  -5   1   5  -3   2  -2  -3  -3  -1  -4  -4   0    2   1   1   0   3   4   4   4   0   5  61   1   4   1   1   1   4   0   0   5  0.69 0.37
   72 R    -1   4   0  -1  -4   3   1  -1  -1  -4  -2   3  -2  -2  -2   1  -1  -1  -2  -4    3  22   3   2   0  13   9   5   1   0   4  21   1   1   1   9   3   1   1   0  0.42 0.27
   73 K     0   3   1   0   2   1   0  -1   0  -2  -1   1   0  -1  -2   1  -1  -1  -1  -2    7  19   6   4   5   5   7   3   1   1   7  11   3   3   1  11   2   1   2   2  0.15 0.14
   74 R     0   4   0   0  -4   3   3  -3  -2  -2  -2   2  -2  -1  -2  -1  -1  -4  -3  -2    7  22   4   3   0  12  19   1   0   2   3  12   1   3   2   2   2   0   0   3  0.39 0.25
   75 R    -1   2   3  -1  -2   2   1  -3   1   1  -1   1   2  -2  -2   0  -1  -4  -3  -1    3  12  17   2   1  13   7   0   3  10   7   7   7   1   1   5   3   0   0   2  0.22 0.20
   76 E    -2   3   1   1  -5   3   4  -1  -1  -3  -4   1  -2  -5  -1   0  -2  -5  -4  -4    2  14   6   6   0  17  27   5   1   2   1   8   1   0   2   5   2   0   0   0  0.51 0.30
   77 Q    -1   0  -2  -1  -4   4   3  -3   3  -1  -2   2  -2  -1  -3   1  -1  -4  -3  -1    3   4   0   2   0  20  21   1   8   4   4  12   0   3   0  11   3   0   0   5  0.36 0.24
   78 L    -3  -1   0  -5  -1  -4  -3  -5  -2   0   5  -1   1  -2  -5  -2   0  -4  -3   0    0   4   6   0   1   0   1   0   1   3  65   4   2   0   0   2   5   0   0   6  0.75 0.36
   79 K    -2   2   0  -1   0   3   0  -4  -1   0   0   4  -2  -3  -3  -2   0  -1  -1  -1    1   8   5   3   2  13   3   0   1   6  12  33   0   0   0   1   6   1   2   4  0.35 0.24
   80 H     0   3  -2   0  -4   3   1  -3   3  -4  -1   2  -2  -1  -1   0  -1  -4  -2  -3    8  18   0   5   0  17   7   0   9   0   6  14   0   3   2   8   2   0   0   0  0.36 0.22
   81 K    -2   3   1  -1  -4   3   2  -1  -2  -3  -1   2   1  -4  -1  -1  -1  -4  -2  -3    0  21   7   1   0  16  16   4   0   1   6  14   4   0   2   2   4   0   1   0  0.40 0.23
   82 L    -2  -3  -4  -4  -3  -3  -4  -3  -4   4   4   0   1  -2  -4  -3  -1  -4  -3   2    2   0   0   0   0   0   0   1   0  24  46   8   2   0   0   0   4   0   0  11  0.61 0.28
   83 E     1  -1   2   1  -4   3   4  -3  -2  -4  -4   0  -3  -5  -3   2  -1  -5  -4  -4    9   2   9   5   0  14  35   0   0   0   0   4   0   0   0  20   3   0   0   0  0.62 0.29
   84 Q     1  -1  -1   0  -4   4   3  -2   3  -4  -3   1  -3  -1  -1   1  -2  -4   0  -3   12   0   2   4   0  24  21   2   7   0   2   7   0   2   2  11   0   0   3   0  0.42 0.23
   85 L    -3  -4  -2  -5  -3  -4  -4  -3  -1   0   5  -3   0   0  -5  -3  -3  -3   0   1    1   0   3   0   0   0   0   2   2   0  77   1   0   2   0   1   0   0   3   7  0.89 0.35
   86 G     0   4  -1   0  -3   2   1   0  -2  -4  -3   2  -2  -4  -3   2  -1  -4  -3  -2    5  28   0   4   0  10   6   6   0   0   0  17   0   0   0  21   0   0   0   3  0.44 0.20
   87 G     0  -3  -1  -2  -3  -3  -3   6  -3  -4  -4  -2  -3  -4  -3   1   1  -4  -4  -2    5   0   0   0   0   0   0  70   0   0   0   0   0   0   0  10  12   0   0   3  0.97 0.21
   88 C    -1  -4  -4  -5  10  -4  -5  -3  -4  -2  -2  -4  -2  -3  -4  -2  -2  -3  -3  -2    0   0   0   0 100   0   0   0   0   0   0   0   0   0   0   0   0   0   0   0  2.01 0.18

                      K         Lambda
Standard Ungapped    0.1328     0.3168
Standard Gapped      0.0429     0.2670
PSI Ungapped         0.1402     0.3178
PSI Gapped           0.0429     0.2670
