
Last position-specific scoring matrix computed, weighted observed percentages rounded down, information per position, and relative weight of gapless real matches to pseudocounts
            A   R   N   D   C   Q   E   G   H   I   L   K   M   F   P   S   T   W   Y   V   A   R   N   D   C   Q   E   G   H   I   L   K   M   F   P   S   T   W   Y   V
    1 M    -1  -1  -2  -3  -1   0  -2  -3  -1   1   2  -1   5   0  -2  -1  -1  -1  -1   1    0   0   0   0   0   0   0   0   0   0   0   0   0   0   0   0   0   0   0   0  0.00     0.00
    2 R    -1   5   0  -2  -3   1   0  -2   0  -3  -2   2  -1  -3  -2  -1  -1  -3  -2  -2    0   0   0   0   0   0   0   0   0   0   0   0   0   0   0   0   0   0   0   0  0.00     0.00
    3 G     0  -2   0  -1  -3  -2  -2   6  -2  -4  -4  -2  -3  -3  -2   0  -2  -3  -3  -3    0   0   0   0   0   0   0 100   0   0   0   0   0   0   0   0   0   0   0   0  1.04 0.00
    4 S     3  -1   0  -1  -1   0  -1   0  -1  -2  -2   0  -1  -2  -1   3   1  -3  -2  -1   50   0   0   0   0   0   0   0   0   0   0   0   0   0   0  50   0   0   0   0  0.35 0.00
    5 H    -2   0   1  -1  -3   0   0  -2   8  -3  -3  -1  -2  -1  -2  -1  -2  -2   2  -3    0   0   0   0   0   0   0   0 100   0   0   0   0   0   0   0   0   0   0   0  0.87 0.01
    6 H    -1   0   0   0  -3   1   3  -2   7  -3  -3   0  -2  -2  -2  -1  -2  -3   1  -3    0   0   0   0   0   0  29   0  71   0   0   0   0   0   0   0   0   0   0   0  0.66 0.01
    7 H     0   0   0  -1  -2   3   1  -1   6  -3  -3   0  -1  -2  -2   2   0  -2   0  -3    0   0   0   0   0  29   0   0  42   0   0   0   0   0   0  29   0   0   0   0  0.42 0.01
    8 H    -1  -1  -1  -2  -2  -1  -1  -3   6   2   1  -1   3  -1  -3  -2  -1  -2   0   1    0   0   0   0   0   0   0   0  42  29   0   0  29   0   0   0   0   0   0   0  0.26 0.01
    9 H    -2  -2  -1  -2  -3  -1  -2  -3   6  -1  -1  -2  -1   5  -3  -2  -2   0   3  -2    0   0   0   0   0   0   0   0  42   0   0   0   0  58   0   0   0   0   0   0  0.52 0.01
   10 H    -2   0   3  -1  -3   0   0  -2   8  -4  -3  -1  -2  -2  -2  -1  -1  -3   1  -3    0   0  20   0   0   0   0   0  80   0   0   0   0   0   0   0   0   0   0   0  0.79 0.03
   11 T     1  -2  -1  -2  -1  -1  -2  -2   0   0   1  -1   0   1  -2   0   2   0   4   0   20   0   0   0   0   0   0   0   0   0  20   0   0   0   0   0  31   0  29   0  0.20 0.01
   12 D    -1  -2   0   4  -3   0   2  -2  -1   0  -2  -1  -1  -3  -2  -1  -1  -4  -2   1    0   0   0  51   0   0  20   0   0   0   0   0   0   0   0   0   0   0   0  29  0.39 0.01
   13 P    -1  -2  -2  -2  -3  -2  -2  -3  -3  -2   0  -1  -1  -3   7  -1  -1  -3  -3  -2    0   0   0   0   0   0   0   0   0   0  17   0   0   0  83   0   0   0   0   0  1.56 0.03
   14 H    -2  -1  -1  -2  -3  -1  -1  -3   6  -1   0  -2  -1   1  -3  -2  -2   0   5  -2    0   0   0   0   0   0   0   0  46   0  17   0   0   0   0   0   0   0  37   0  0.53 0.03
   15 A     3  -1   0  -1  -1   0   2  -1  -1  -2  -2   0  -1  -3  -1   2   1  -3  -2  -1   40   0   0   0   0   0  18   0   0   0   0   0   0   0   0  31  11   0   0   0  0.31 0.03
   16 S     1  -1   0   2  -2   2   0  -1   3  -3  -3   0  -2  -3   2   2   0  -3  -1  -2    9   0   0  16   0  17   0   0  11   0   0   0   0   0  11  35   0   0   0   0  0.33 0.03
   17 S    -1  -2  -2  -2   4  -1   0  -3  -2   0   3  -2   1  -1  -3  -1   1  -2  -2   0    0   0   0   0  14   0  10   0   0   0  60   0   0   0   0   6  10   0   0   0  0.25 0.04
   18 V    -1  -3  -3  -2  -3  -2  -2  -3  -3   0   0  -2  -1   1   6  -2  -1  -3  -1   0    0   0   0   0   0   0   0   0   0  10  13   0   0  12  58   0   0   0   0   6  0.97 0.05
   19 P     1  -2  -2  -1  -3  -1   1  -2  -2  -3  -3  -1  -2  -4   7   1  -1  -4  -3  -2   12   0   0   0   0   0  10   0   0   0   0   0   0   0  64  14   0   0   0   0  1.20 0.06
   20 L    -2  -2  -3  -3  -2  -2  -3  -4  -3   1   4  -2   2   0  -3  -2   1  -2  -1   0    0   0   0   0   0   0   0   0   0   0  86   0   0   0   0   0  14   0   0   0  0.45 0.06
   21 E    -1  -1   0   4  -3   2   3  -2  -1   0  -2   0  -2  -3  -1   1  -1  -3  -2  -1    1   0   0  31   0  12  29   1   0  11   1   0   0   0   0  13   0   0   0   0  0.36 0.04
   22 W    -2  -3  -3  -4  -2  -2  -3  -3  -2  -2   0  -3   1   2  -3  -3  -2  10   3  -2    1   0   0   0   0   0   0   1   0   0   7   0   7  11   0   1   0  58  11   0  1.42 0.10
   23 P     0  -2  -2  -2  -3   1  -1   0  -2  -3  -3  -1  -3  -4   7  -1  -2  -4  -3  -3    8   0   0   0   0   8   0   9   0   0   0   0   0   0  71   0   0   0   0   0  1.42 0.12
   24 L     1  -2  -2  -1  -2  -1   1  -2  -2   0   2  -1   0  -1   1  -1  -1  -2  -2   1   25   0   0   0   0   0  18   0   0   0  37   0   0   0   8   0   0   0   0   9  0.17 0.05
   25 S    -1   0  -1  -2  -3   2  -1  -2  -2  -3  -3   1  -2  -4   6   0  -1  -3  -3  -3    0   5   0   0   0  16   0   0   0   0   0   9   0   0  58   8   0   0   0   0  1.11 0.10
   26 S     1   1   0  -1  -2   0   2   1  -1  -3  -3   0  -2  -3  -1   3   1  -3  -2  -2   12   8   0   0   0   0  18   7   0   0   0   0   0   0   0  45  10   0   0   0  0.34 0.07
   27 Q     1  -1  -1  -1  -2   3   2  -2   3  -3  -3   0  -2  -3   3   0   1  -3  -1  -2   19   0   0   0   0  21  16   0  13   0   0   0   0   0  16   0  15   0   0   0  0.38 0.07
   28 S     1   1   0   2  -2  -1  -1   3  -1  -3  -3  -1  -2   0  -2   1  -1  -2   0  -2   17  10   0  15   0   0   0  31   0   0   0   0   0   5   0  16   0   0   6   0  0.28 0.05
   29 G     0  -2   0   1  -2  -1   0   4  -2  -3  -3  -1  -3  -3   3   1  -1  -3  -3  -3    1   0   0   9   0   0   6  49   0   0   1   0   0   0  14  17   0   0   0   1  0.55 0.07
   30 S     0  -1   1  -1  -2   2  -1   3  -1  -3  -3  -1  -2  -3   4   0  -1  -3  -2  -2    8   0   7   0   0  18   1  25   0   0   1   0   0   0  28   8   0   0   0   1  0.53 0.06
   31 Y    -2  -2  -2  -3   1  -2  -2  -3  -1  -2  -1   0  -2   0   5  -1   0  -1   5  -2    0   0   0   0   5   0   0   0   0   0   6   8   0   0  38   0   8   0  36   0  0.76 0.11
   32 E    -1  -1  -1   0  -3   2   3  -2   4  -2  -1   0  -1  -1   1  -1  -1  -1   3  -2    1   1   1   1   0   9  38   1  15   1   6   1   0   1   8   1   1   0  14   1  0.36 0.07
   33 L    -2  -3  -4  -4  -2  -3  -4  -4  -4   1   5  -3   1   0  -4  -3  -2  -3  -2   2    0   0   0   0   0   0   0   0   0   0  85   0   0   0   0   0   0   0   0  15  0.68 0.14
   34 R    -1   4   0  -1  -3   2   1  -2  -1   0  -2   2  -1  -3  -2   0  -1  -3  -2   0    0  34   5   0   0  13  12   0   0   9   0  11   0   0   0   5   0   0   0  12  0.30 0.07
   35 I    -2  -4  -4  -4  -2  -4  -4  -5  -4   6   1  -4   0  -1  -4  -3  -2  -4  -2   2    0   0   0   0   0   0   0   0   0 100   0   0   0   0   0   0   0   0   0   0  0.97 0.20
   36 E    -1  -2  -2  -1  -2  -1   2  -3  -2   2   1  -1   0  -2  -2  -1   1  -3  -2   2    0   0   0   0   0   0  26   0   0  14  16   0   0   0   0   0  15   0   0  29  0.22 0.08
   37 V    -1  -1  -1   0  -3   0   5  -3  -1  -1  -2  -1  -2  -3  -2  -1  -1  -3  -2   2    0   0   0   0   0   0  68   0   0   0   0   0   0   0   0   0   0   0   0  29  0.62 0.15
   38 Q    -2   0  -1  -1  -4   7   2  -3  -1  -4  -3   0  -2  -4  -2  -1  -2  -3  -3  -3    0   0   0   0   0  92   8   0   0   0   0   0   0   0   0   0   0   0   0   0  1.24 0.23
   39 P    -2  -3  -3  -3  -4  -2  -2  -3  -3  -4  -4  -2  -4  -5   8  -2  -2  -5  -4  -4    0   0   0   0   0   0   0   0   0   0   0   0   0   0 100   0   0   0   0   0  2.49 0.24
   40 K    -1   2  -1  -1  -3   0   1  -2  -2  -2  -3   5  -2  -4  -2  -1   0  -4  -3  -1    0   5   0   0   0   0   6   0   0   0   0  73   0   0   0   0   8   0   0   8  0.60 0.14
   41 P     0   0  -1  -1  -3   5   2  -2  -1  -3  -3   0  -1  -4   1   1   2  -3  -2  -2    5   0   0   0   0  51   8   0   0   0   0   0   0   0   7  15  16   0   0   0  0.53 0.13
   42 H    -2   5   1  -2  -4   1  -1  -1   5  -4  -3   2  -2  -3  -3  -1  -2  -3  -1  -3    0  51   8   0   0   6   0   5  22   0   0   8   0   0   0   0   0   0   0   0  0.65 0.13
   43 H    -2  -2  -2  -3  -3  -2  -2  -4   5   1   0  -3   5   5  -4  -2  -2  -1   1  -1    0   0   0   0   0   0   0   0  29   8   0   0  27  37   0   0   0   0   0   0  0.63 0.15
   44 R    -2   7  -1  -3  -5   0  -1  -3  -1  -4  -3   1  -2  -4  -3  -2  -2  -4  -3  -4    0 100   0   0   0   0   0   0   0   0   0   0   0   0   0   0   0   0   0   0  1.38 0.22
   45 A     2  -3  -3  -4  -3  -3  -3  -3  -2  -1  -1  -3  -1   7  -3  -2  -2   0   2  -1   29   0   0   0   0   0   0   0   0   0   0   0   0  71   0   0   0   0   0   0  0.85 0.17
   46 H    -2   6  -1  -2  -4   0  -1  -3   5  -4  -3   1  -2  -3  -3  -2  -2  -4  -1  -4    0  78   0   0   0   0   0   0  22   0   0   0   0   0   0   0   0   0   0   0  1.09 0.19
   47 Y    -3  -3  -3  -4  -4  -3  -3  -4   1  -3  -2  -3  -2   2  -4  -3  -3   1   9  -2    0   0   0   0   0   0   0   0   0   0   0   0   0   0   0   0   0   0 100   0  1.75 0.26
   48 E    -1   0  -1  -1  -3   1   3   0  -1  -1  -1   3  -1  -3  -2  -1  -1  -3  -2   1    0   0   0   0   0   5  32   7   0   0   6  27   0   0   0   0   0   0   0  22  0.25 0.09
   49 T    -1  -3  -2  -3   9  -3  -3  -3  -3  -2  -2  -3  -2  -3  -3   1   3  -3  -3  -2    0   0   0   0  64   0   0   0   0   0   0   0   0   0   0   8  29   0   0   0  1.25 0.19
   50 E    -2  -1  -1   1  -5   1   6  -3  -1  -4  -4   0  -3  -4  -2  -1  -2  -4  -3  -4    0   0   0   0   0   0 100   0   0   0   0   0   0   0   0   0   0   0   0   0  1.26 0.22
   51 G    -1  -3  -1  -2  -3  -3  -3   7  -3  -5  -5  -2  -4  -4  -3  -1  -3  -3  -4  -4    0   0   0   0   0   0   0 100   0   0   0   0   0   0   0   0   0   0   0   0  1.50 0.19
   52 S     0  -2   0  -1  -2  -1  -1  -1  -2  -3  -3  -1  -2  -3   1   5   2  -4  -3  -2    0   0   0   0   0   0   0   0   0   0   0   0   0   0   5  79  16   0   0   0  0.70 0.17
   53 R     2   4  -1  -2  -3   0  -1  -2   6  -3  -3   0  -2  -3  -2  -1   0  -3  -1  -2   29  34   0   0   0   0   0   0  31   0   0   0   0   0   0   0   5   0   0   0  0.54 0.13
   54 G    -1  -3  -1  -2  -3  -3  -3   7  -3  -5  -5  -2  -4  -4  -3  -1  -3  -3  -4  -4    0   0   0   0   0   0   0 100   0   0   0   0   0   0   0   0   0   0   0   0  1.50 0.19
   55 A     2  -2  -1  -1  -2  -1  -1   3  -2  -3  -2  -1  -2  -3  -2   4   0  -3  -3  -2   22   0   0   0   0   0   0  23   0   0   5   0   0   0   0  49   0   0   0   0  0.44 0.11
   56 V    -1  -3  -4  -4  -2  -3  -3  -4  -4   4   3  -3   1  -1   0  -3  -1  -3  -2   3    0   0   0   0   0   0   0   0   0  35  31   0   0   0   5   0   0   0   0  29  0.44 0.09
   57 K    -1   0  -1  -2  -3   0  -1   0  -2  -3  -3   3  -2  -4   4   1   3  -4  -3  -2    0   0   0   0   0   0   0   5   0   0   0  36   0   0  23   8  27   0   0   0  0.53 0.11
   58 A     2   0  -1   2  -2   0   2   3  -2  -3  -3  -1  -2  -3  -2   1  -1  -3  -3  -2   27   8   0  18   0   0  15  23   0   0   0   0   0   0   0   8   0   0   0   0  0.34 0.07
   59 P     3   0  -1  -1  -2  -1   1  -1   1  -2  -2  -1  -2  -3   1   2   2  -3  -2  -1   38   6   0   0   0   0   8   0   5   0   0   0   0   0   7  22  13   0   0   0  0.30 0.08
   60 T     1  -2   1  -1  -2  -1  -1  -1  -2  -2  -3  -1  -2  -3   2   3   3  -3  -2  -2   13   0   5   0   0   0   0   0   0   0   0   0   0   0  13  39  30   0   0   0  0.47 0.11
   61 G     0   1   0  -1  -3   1   0   3  -1  -3  -3   3  -2  -3  -2   2  -1  -3  -3  -3    0   6   0   0   0   6   5  30   0   0   0  29   0   0   0  23   0   0   0   0  0.40 0.09
   62 G     0  -1  -1  -2  -2  -1  -1   3  -2  -3  -3   1  -2  -3  -2   1   4  -3  -3  -2    0   0   0   0   0   0   0  32   0   0   0  13   0   0   0  13  42   0   0   0  0.46 0.11
   63 H    -3  -2  -2  -3  -3  -2  -2  -4   6  -1   1  -2  -1   4  -4  -2  -2  -1   4  -2    0   0   0   0   0   0   0   0  38   0  15   0   0  28   0   0   0   0  20   0  0.71 0.14
   64 P    -2  -3  -3  -3  -4  -2  -2  -3  -3  -4  -4  -2  -4  -5   8  -2  -2  -5  -4  -4    0   0   0   0   0   0   0   0   0   0   0   0   0   0 100   0   0   0   0   0  2.49 0.24
   65 V     1  -1  -1  -1  -2   2   1  -2  -2   0  -1  -1  -1  -3  -2   1   4  -3  -2   1   10   0   0   0   0  13  13   0   0   3   0   0   0   0   0   3  42   0   0  15  0.29 0.09
   66 V    -1  -3  -4  -4  -2  -3  -3  -4  -4   4   0  -3   0  -1  -3  -3  -1  -4  -2   5    0   0   0   0   0   0   0   0   0  35   0   0   0   0   0   0   0   0   0  65  0.66 0.14
   67 Q    -1   2  -1  -1  -4   3   3  -2  -1  -3  -3   4  -2  -4  -2  -1   0  -3  -2  -3    0   6   0   0   0  13  23   0   0   0   0  49   0   0   0   0   8   0   0   0  0.56 0.12
   68 L    -2  -3  -4  -4  -2  -3  -4  -4  -4   4   3  -3   1   0  -3  -3  -1  -3  -2   2    0   0   0   0   0   0   0   0   0  40  46   0   0   0   0   0   0   0   0  14  0.53 0.10
   69 H    -2   0   1  -2   7  -2   0  -3   3   0   0  -2  -1   0  -3  -1  -2  -3  -1  -1    0   5  12   0  39   0   6   0  13   5  14   0   0   5   0   0   0   0   0   0  0.48 0.11
   70 G    -2  -2   5   1  -3  -1  -1   4   2  -4  -4  -1  -3  -4  -3   0  -1  -4  -3  -4    0   0  55   5   0   0   0  34   6   0   0   0   0   0   0   0   0   0   0   0  0.79 0.14
   71 Y    -3  -3  -3  -4   5  -2  -3  -4   3  -2  -2  -3  -2   2  -4  -3  -3   1   8  -2    0   0   0   0  15   0   0   0   6   0   0   0   0   0   0   0   0   0  78   0  1.29 0.21
   72 M    -1   0   1   0  -2   0   0   0  -1   0   0   0   1  -1  -1   0   0  -2  -1   1    2   7  13   7   0   6   5   6   0   1   5   1   7   1   1   6   7   0   1  23  0.05 0.02
   73 E     0  -1  -1  -1  -2   0   2   4  -1  -2  -1  -1  -1  -2  -1   0  -1  -2  -2  -2    7   1   1   1   0   1  23  45   0   1  10   1   0   1   1   2   1   0   1   1  0.37 0.06
   74 N    -1  -1   2   2  -2  -1   1  -2  -1   0   0  -1   1  -2   3   0  -1  -3  -2  -1    1   1  17  17   0   1   8   1   0   6  12   1   9   1  20   4   1   0   0   1  0.27 0.05
   75 K     2   0  -1  -1  -2   0   2   2  -1  -3  -3   2  -2  -3   1   1  -1  -3  -2  -2   22   5   0   0   0   0  19  21   0   0   0  16   0   0   5   8   0   0   0   0  0.28 0.06
   76 P    -2   2  -2  -1  -4   0   2  -3  -2  -4  -3   2  -3  -4   6  -1  -2  -4  -3  -3    0  15   0   0   0   0  15   0   0   0   0  13   0   0  56   0   0   0   0   0  1.18 0.14
   77 L     0  -3  -3  -3  -2  -2  -3  -1   2   3   2  -3   0  -1  -3  -2  -1  -3  -1   3    7   0   0   0   0   0   0   5   8  19  18   0   0   0   0   0   0   0   0  43  0.28 0.08
   78 G    -1   0   0  -1  -2   1   1   0  -2   1  -1   0  -1  -2  -2   0   1  -3  -2   1    0   6   4   0   0   5  14   7   0  21   0   7   0   0   0   8  17   0   0  12  0.10 0.05
   79 L    -1  -3  -3  -4  -2  -3  -3  -4   2   3   2  -3   1  -1  -3  -2  -1  -3  -1   3    0   0   0   0   0   0   0   0   8  20  29   0   0   0   0   0   0   0   0  43  0.41 0.10
   80 Q    -1   1  -1   1  -3   5   1  -2  -1  -2  -2   0  -1  -3  -2   0   1  -3  -2   0    0   5   0   9   0  49   7   0   0   0   0   0   0   0   0   6  10   0   0  13  0.43 0.12
   81 I     0  -3  -3  -4   2  -2  -3  -3  -3   2   3  -3   2  -1  -3  -2  -1  -3  -2   2   10   0   0   0   5   0   0   0   0  12  43   0   9   0   0   0   0   0   0  21  0.33 0.07
   82 F    -1  -2  -1   0   3  -2  -1  -2  -2   0   0  -2   0   4  -2   1  -1  -1   0   1    1   1   1   8  10   1   1   1   0   1   7   1   0  29   1  15   1   0   1  18  0.15 0.05
   83 I    -1  -2  -2  -3   3  -2  -2  -3  -3   3   2  -2   1  -1  -2  -1   1  -2  -1   2    1   1   1   1   8   1   1   1   0  23  23   1   0   0   1   1  10   0   0  27  0.24 0.05
   84 G    -1   0  -1  -2  -2  -1  -2   3   2   0  -1  -1  -1  -2  -2  -1   0   3  -1   2    1   8   1   1   0   1   1  29   9   1   1   1   0   0   1   1   7   6   0  31  0.20 0.06
   85 T    -1   0   1  -2  -2  -1  -1  -2  -2  -1  -2   1  -1  -2  -2   0   4   5  -2   1    0   5   6   0   0   0   0   0   0   0   0  14   0   0   0   4  47  10   0  13  0.37 0.11
   86 A     1  -1   0   4  -2   0   0  -1   2  -3  -3   1  -2  -3  -2   1   1  -4  -2  -2   22   0   0  35   0   0   0   0   7   0   0  15   0   0   0   8  13   0   0   0  0.36 0.09
   87 D    -2  -2   2   5  -3  -1   0  -2  -2  -4  -4  -1  -3  -4   4   1  -1  -5  -3  -3    0   0  13  53   0   0   0   0   0   0   0   0   0   0  21  13   0   0   0   0  0.82 0.13
   88 E    -1   1  -1   2  -3   0   2   2  -1  -3  -3  -1  -3  -3   4  -1  -1  -3  -3  -3    1   8   0  18   0   0  20  20   0   1   1   1   0   0  27   1   1   0   0   1  0.53 0.07
   89 R    -2   4  -1   1  -3   0   0  -2   3  -3  -3   2  -2  -3   4  -1  -1  -3  -2  -3    1  38   0   8   0   0   1   1  12   1   1  13   0   0  21   1   1   0   0   1  0.54 0.09
   90 I    -1   0   2  -1  -2  -1  -1   0   1   1   0  -1   0   1  -2  -1  -1  -1   1   1    1   6  15   1   0   1   1   8   6   7   8   1   0   9   1   1   1   0   8  24  0.05 0.03
   91 L    -1  -1  -1  -1   3  -1  -1  -2  -2   1   2  -1   0  -1   3  -1  -1  -1  -1   1    3   2   2   2   9   2   2   3   1  12  26   2   1   1  15   3   2   1   1  11  0.15 0.02
   92 K    -2   4  -1   1  -4   0  -1  -3   6  -4  -3   2  -2  -2  -3  -1  -2   5   0  -3    0  36   0   8   0   0   0   0  30   0   0  13   0   0   0   0   0  10   0   0  0.63 0.12
   93 P     1  -2  -2  -2  -3   1  -1  -2  -2  -2   0  -1  -2  -3   7  -1  -2  -4  -3  -2   12   0   0   0   0   8   0   0   0   0  13   0   0   0  64   0   0   0   0   0  1.21 0.14
   94 H    -3  -1   0  -2  -4  -1  -1  -3   9  -4  -4  -2  -3  -2  -3  -2  -3  -3   1  -4    0   0   0   0   0   0   0   0  96   0   0   0   0   0   0   0   0   0   0   0  1.80 0.25
   95 A     3   1  -1   1  -2  -1   0   1  -2  -3  -3  -1  -2  -3   3   1  -1  -3  -2  -2   42  10   0   8   0   0   7  12   0   0   0   0   0   0  14   6   0   0   0   0  0.32 0.07
   96 F    -1  -1  -1  -2  -1  -1  -1  -2   2   0   1  -1   0   4  -1  -1  -1   0   1   1    3   2   2   2   1   1   2   3   9   2  22   2   1  30   2   2   2   0   1  12  0.15 0.04
   97 Y    -1  -1  -1  -2  -2  -1  -1  -2   3  -1  -1  -1  -1   1  -1  -1  -1   5   5   1    3   2   2   2   1   1   2   3  11   2   3   2   1   1   2   2   2   8  37  14  0.36 0.06
   98 Q    -1   0  -1  -1  -2   3   0   1   1  -1   0   0  -1  -2   2  -1  -1  -2  -1   0    2   2   1   2   1  30   2  14   4   2  11   2   1   1  11   2   2   0   1  10  0.17 0.04
   99 V     1   1  -1  -1  -1  -1  -1  -1  -1   1   0   0   0  -1  -1   0   0  -1  -1   2   21   8   2   2   1   2   3   3   1   2   4   8   1   2   2   3   2   1   1  33  0.07 0.03
  100 H    -2  -1   0  -2   2   1  -1  -2   8  -3  -3  -1  -2  -2  -2  -1  -2  -3   0  -3    1   1   1   1   7   8   1   1  73   1   1   1   0   1   1   1   1   0   0   1  1.08 0.17
  101 R     0   3   1  -1   2   0   0   0  -1  -2  -2   0  -2   1  -2   2   0  -2  -1  -2    1  29   6   1   7   1   6   6   0   1   1   1   0   8   1  29   1   0   0   1  0.22 0.07
  102 I    -1  -2  -3  -3  -2   0  -2  -3  -3   3   3  -1   1  -1  -3  -2  -1  -2  -2   1    1   0   0   0   0   7   1   1   0  30  45   6   0   0   0   1   0   0   0   7  0.30 0.07
  103 T    -1  -2   1  -2  -2  -1  -2  -2   1   1  -1  -2  -1  -2  -2   0   3  -3  -1   3    1   0   8   0   0   0   1   1   6   0   1   0   0   0   0   1  34   0   0  45  0.29 0.10
  104 G    -1  -3  -1  -2  -3  -2  -3   6  -2  -3  -3  -2   1  -3  -3  -1  -2  -3  -3  -3    1   0   0   0   0   0   1  85   0   0   1   0   8   0   0   1   0   0   0   1  1.07 0.14
  105 K    -1   2   1  -1  -3   0   0   0  -1  -3  -3   5  -2  -2  -2  -1  -1  -2   1  -3    1   7   6   0   0   0   1   8   0   0   1  67   0   0   0   1   0   0   7   1  0.51 0.12
  106 T    -1  -2   1   3   2   0   0  -2  -1   0  -1  -1   0  -2  -2   1   3  -2   1  -1    1   0   7  21   5   4   1   1   0   8   1   0   5   0   0   7  31   0   7   1  0.20 0.06
  107 V    -1  -3  -3  -3   5  -2  -1  -3  -3   2   0  -2   0  -2  -2  -1   0  -3  -2   3    1   0   0   0  21   0   7   1   0  14   1   0   0   0   0   1   7   0   0  46  0.37 0.09
  108 T     1   0   0  -1  -1  -1  -1   1   2  -1  -2  -1  -1  -2  -1   1   2  -2  -1   0   16   6   4   1   0   1   1  12   8   1   1   1   0   1   1  13  28   0   0   6  0.18 0.05
  109 T     1  -1  -1   0  -1  -1   0  -1  -1  -1  -2  -1  -1  -2   3   0   3  -2  -2  -1   15   1   1   7   0   1   8   2   1   1   2   1   1   1  18   2  37   0   1   1  0.33 0.06
  110 T     1  -1  -1  -1   2  -1  -1   2  -2  -1  -1   1  -1  -2  -1   1   1  -2  -2   0   18   1   1   1   7   1   1  19   0   1   8  11   0   1   1   9  14   0   0   6  0.13 0.03
  111 S     0   0   0   1  -2   0   0   0  -1  -2  -2   2  -2   0   3   2   0  -2  -1  -2    1   1   1  11   0   1   1   6   0   1   1  23   0   6  14  29   1   0   0   1  0.26 0.06
  112 Y    -1   0  -1  -1  -3   1   2  -2   2  -2  -1   2   2  -1   2  -1  -1  -1   3  -2    1   1   1   1   0   5  15   1   7   1   1  22  11   1  12   1   1   0  17   1  0.25 0.06
  113 E    -1  -1  -1   2  -3   0   4  -2  -1  -2  -2   0  -2  -2  -1   0   1  -2   1  -1    1   1   1  14   0   1  48   1   0   1   1   1   0   1   1   1  11   0   8   7  0.37 0.08
  114 K     2   0  -1   1  -1  -1  -1  -1  -2   1   0   0   2  -2  -1   0  -1  -2  -2   0   33   7   1  13   0   1   1   1   0  16   1   7  13   1   1   1   1   0   0   1  0.11 0.05
  115 I    -1  -2  -2   0   2   1   0  -2  -2   2   0  -1   0   1  -2  -1  -1  -2  -1   2    1   1   1   9   7  11   6   1   0  27   1   1   0   8   1   1   1   0   0  22  0.11 0.05
  116 V     0  -2  -2  -2  -1  -1   1  -2  -2   1   1  -1   0   2  -2  -1  -1  -2  -1   3    9   1   1   1   0   1  15   1   0   5  13   1   0  11   1   1   1   0   0  37  0.12 0.05
  117 G     0  -1   1  -1   4  -1   0   3   3  -2  -2  -1  -2  -2  -2   1  -1  -2  -1  -2    5   1   7   1  14   1   9  27  12   1   1   1   0   1   1  16   1   0   0   1  0.27 0.05
  118 N    -1  -1   4   0  -2  -1  -1   0   2  -2  -1   0  -1  -2   1   1   1  -3  -2  -1    1   1  37   1   0   0   1   5   6   1   9   9   0   0   6  11   7   0   0   6  0.23 0.06
  119 T    -1  -2   1   1   3  -1  -1  -2  -2  -1   1  -2   0   0  -2   1   3  -3  -1  -1    0   0  10  10   8   0   0   0   0   0  23   0   0   6   0   8  34   0   0   0  0.20 0.08
  120 K    -1   1  -1  -1  -3   1  -1   4  -2  -3  -3   3  -2  -3  -2  -1  -2  -3  -3  -3    1   6   0   0   0   7   0  47   0   0   1  36   0   0   0   0   0   0   0   0  0.57 0.10
  121 V    -1  -2   0  -3   2  -2  -2  -3  -3   3   1   1   0  -1  -3  -2  -1  -3  -2   3    0   0   6   0   5   0   0   0   0  31   5  13   0   0   0   0   0   0   0  39  0.28 0.09
  122 L    -2  -2  -3  -3   4  -2  -3  -4  -2   2   3   0   1   0  -3  -1  -1  -2   1   0    0   0   0   0  15   0   0   0   0  12  52   8   0   0   0   5   0   0   8   0  0.33 0.09
  123 E    -2   1  -1   0  -4   4   4   0   6  -4  -3   0  -2  -3  -2  -1  -2  -3  -1  -3    0   5   0   0   0  26  34   6  29   0   0   0   0   0   0   0   0   0   0   0  0.65 0.13
  124 I    -1  -2  -2   0  -2  -2  -2  -3  -3   3   0   0   1  -1  -2  -2   0  -3  -2   3    0   0   0   8   0   0   0   0   0  24   0   8   5   0   0   0   6   0   0  46  0.25 0.08
  125 P    -1   2  -1  -1  -2   1   0   0  -1  -2  -2   1  -2  -3   3   0   3  -3  -2  -2    0  18   0   0   0   7   6   7   0   0   0   8   0   0  18   0  34   0   0   0  0.37 0.08
  126 L    -1  -1  -2  -3   2  -2  -2  -3  -2   1   3   0   1   0  -2  -2  -1  -2  -1   1    1   1   1   1   7   1   1   1   0   6  61  10   0   1   1   1   1   0   1   5  0.28 0.07
  127 E    -1   0   0   0  -2   0   0  -2  -1   0   1   1   0   0   1  -1  -1  -2  -1   1    1   6   6   7   0   6   8   1   0   1  22  10   0   4   9   1   1   0   1  15  0.07 0.02
  128 P    -1  -1  -2  -2  -3  -1   0  -2  -2  -3  -3   3  -2   1   6  -1  -1  -3  -2  -3    1   0   0   0   0   0   4   1   0   0   1  29   0   8  52   1   1   0   0   1  0.98 0.12
  129 K    -1   0   0   0  -3   3   4  -2   3  -3  -3   3  -2  -3  -2   0   0  -3  -2  -3    0   0   0   0   0  13  38   0  10   0   0  24   0   0   0   7   4   0   0   0  0.47 0.09
  130 N     0   1   4   0  -2   0   1  -1  -1  -2  -1   1   1  -3  -2   0   0  -3  -2  -1   11   6  41   0   0   0   8   0   0   0   4   9   8   0   0   5   3   0   0   5  0.28 0.08
  131 N    -2   2   5   0  -3   0   1   0  -1  -2  -1   0   2   0  -3   0  -1  -3  -2  -2    0  14  45   0   0   0  10   5   0   0   3   0  12   5   0   5   0   0   0   0  0.35 0.10
  132 M    -1   1  -2  -2  -3   2   0  -3  -2   0   1   0   6  -2   2  -2  -1  -3  -2   0    4   8   0   0   0  13   3   0   0   0   6   5  45   0  10   0   0   0   0   5  0.35 0.12
  133 R     0   4   1  -1  -3   0   1  -2  -1  -3  -2   2   0  -3  -2   0   1  -3  -2  -2   10  40   5   0   0   0  13   0   0   0   0   8   3   0   0   4  16   0   0   0  0.37 0.09
  134 A     2   0   0  -1  -2  -1   0   0   2   0   0   0   0  -1  -2   0  -1  -2  -1   0   29   4   6   0   0   0   6   4  10   8  13   6   4   0   0   1   0   0   0   8  0.07 0.04
  135 T     1  -2   0  -1  -1  -1  -1   1  -2   1  -1  -1   2  -2  -2   2   1  -3  -2   0   19   0   5   0   0   0   0  14   0  12   1   0  11   0   0  20  14   0   0   1  0.15 0.05
  136 I    -1  -2  -3  -3   2  -2  -1  -3  -3   3   1  -1   1   2  -3  -2  -1  -2   0   2    1   0   0   0   6   0   4   1   0  42   6   4   4  16   0   1   0   0   0  13  0.25 0.07
  137 D     0   0   1   4  -2   2   1  -1  -1  -3  -3   0  -2  -3  -1   1  -1  -3  -2  -2    5   6   6  39   0  17   5   1   0   1   2   1   0   1   1  12   1   0   1   1  0.39 0.07
  138 C     0  -2   3  -1   8  -1  -2  -2  -2  -2  -1   0  -1  -2  -2  -1  -1  -2  -2  -1    5   1  21   1  46   1   1   1   0   1   8   8   0   1   1   1   1   0   1   1  0.61 0.10
  139 A     3  -2  -2  -2   1  -1  -2  -1  -2   1   1  -2   0  -1  -2   0   0  -2  -2   1   43   1   1   1   4   0   1   1   0   4  23   1   0   0   1   1   6   0   0  13  0.19 0.06
  140 G    -1  -1  -1  -1  -3   0   0   5  -1  -3  -3   2  -2  -2  -2  -1  -2  -2   0  -3    1   1   1   1   0   4   7  57   0   1   1  18   0   0   1   1   1   0   6   1  0.55 0.09
  141 I    -1   1  -2  -2  -2  -1  -2  -3  -2   4   1   1   0  -1  -2  -2  -1  -2   0   1    1  10   1   1   0   1   1   1   0  48  11  18   0   1   1   1   1   0   4   1  0.20 0.07
  142 L    -1   0  -2  -2  -2   4   0  -3  -1   1   3  -1   1  -1  -2  -1  -1  -2  -2   0    1   6   1   1   0  32   1   1   0   7  44   1   0   1   1   1   1   0   0   1  0.28 0.09
  143 K     0   2  -1   0   4   1   2  -2  -1  -2  -2   3  -2  -3  -2  -1  -1  -3  -2  -1    6  10   0   6  15   4  16   0   0   0   0  36   0   0   0   0   0   0   0   4  0.33 0.08
  144 L    -1  -2  -2  -2  -2  -1  -1  -3  -2   1   3  -2   2  -1  -2  -1   1  -2  -1   2    4   0   0   0   0   0   7   1   0   0  49   1   8   0   0   1  11   0   0  16  0.24 0.07
  145 R    -1   5   1  -1  -3   1   1   0  -1  -3  -3   2  -2  -3  -2   0  -1  -3  -2  -3    0  59   6   0   0   4   9   6   0   0   0   5   0   0   0   8   0   0   0   0  0.59 0.11
  146 N    -2   0   5   1  -3   1   0   1   3  -4  -4   2  -2  -3  -2   0  -1  -4  -2  -3    0   3  44   8   0   5   0   9  11   0   0  15   0   0   0   3   0   0   0   0  0.49 0.10
  147 A     2   1   1  -1  -2   0  -1   1  -1  -3  -3   2  -2  -3  -2   2   1  -3  -2  -2   18   5   6   0   0   3   0   9   0   0   0  18   0   0   0  27  12   0   0   0  0.27 0.06
  148 D    -2   0   1   4  -4   1   3  -2  -1  -3  -1  -1  -2  -3   2  -1  -1  -4  -3  -3    0   3   4  41   0   8  24   0   0   0   8   0   0   0  12   0   0   0   0   0  0.56 0.10
  149 I    -1   0  -3  -3  -2  -2  -3  -4  -3   4   2  -2   1   1  -3  -2   0  -3  -1   2    3   9   0   0   0   0   0   0   0  43  15   0   0   6   0   0   4   0   0  20  0.29 0.08
  150 E    -1   0   1   1  -4   3   5  -3  -1  -4  -3   0  -2  -4  -2  -1  -1  -4  -3  -3    4   3   6   5   0  17  64   0   0   0   0   0   0   0   0   0   0   0   0   0  0.75 0.14
  151 L     1   1  -2  -1  -2  -1   2  -2  -2   0   2  -1   0  -1  -2   0  -1  -2   0   0   15  11   0   0   0   0  19   0   0   0  36   0   0   0   0   9   0   0   4   6  0.13 0.06
  152 R    -1   4  -1  -1  -3   2   1  -1  -1  -2   0   1  -1  -3   1  -1   0  -3  -2  -2    5  46   0   0   0  10  12   3   0   0  11   0   0   0   6   0   6   0   0   0  0.37 0.09
  153 K    -1   2  -1   0  -3   1   1  -3   2   0   0   3   1  -2  -2  -1  -1  -3  -2   0    0  13   0   6   0   7   7   0   8   6   9  32   6   0   0   0   0   0   0   5  0.21 0.06
  154 G     0   2   0  -1  -3   1   0   4  -2   0  -2   0  -2  -3  -2  -1  -2  -3  -3  -2    4  21   5   0   0   8   6  42   0  10   3   0   0   0   0   0   0   0   0   0  0.36 0.08
  155 E    -2  -1   1   1  -4   2   5  -3  -1   0  -2   0  -2  -3  -2  -1  -1  -4  -3  -2    0   0   8   5   0   5  67   0   0  11   3   0   0   0   0   0   0   0   0   0  0.61 0.13
  156 T     1   1  -1   0  -2   1  -1  -1  -1   0  -1   0  -1  -2  -2   0   3  -2   0   0   12  10   0   5   0   9   0   4   0  12   5   6   0   0   0   0  33   0   5   0  0.13 0.06
  157 D    -1  -2   0   4  -4   0   3   3  -2  -4  -4  -1  -3  -4   0  -1  -2  -4  -3  -4    0   0   0  35   0   0  33  27   0   0   0   0   0   0   5   0   0   0   0   0  0.65 0.11
  158 I     1   0  -2  -3  -2  -2  -2  -1  -3   3   1   0   0   0  -3   0  -1  -3  -1   1   13   8   0   0   0   0   0   4   0  41  12   5   0   5   0   6   0   0   0   5  0.14 0.06
  159 G    -1  -1  -1   2  -3   0   2   2  -1  -1  -2   2  -2  -3  -2  -1  -1   3  -2  -2    0   0   0  17   0   0  22  22   0  10   0  20   0   0   0   0   0   6   0   0  0.28 0.07
  160 R     1   4  -1  -2  -3   1   0  -2  -1  -3  -2   3  -2  -2   1  -1  -1  -2   1  -2   17  41   0   0   0   4   4   0   0   0   0  20   0   0   5   0   0   0   6   0  0.40 0.09
  161 K    -1   1  -1   0  -3   2   0  -1  -1   0   0   4  -1  -2  -2  -1  -1  -2   0  -1    0   4   0   7   0  13   0   5   0   8   9  46   0   0   0   0   0   0   5   0  0.24 0.08
  162 N     0  -1   4   1  -2   0   1  -1   2  -2  -1   0  -1  -2  -2   1   0  -3  -2  -1   10   0  35   8   0   0   8   0   6   0  10   4   0   0   0  12   0   0   0   6  0.23 0.06
  163 T     0   1   2  -1  -2  -1   0  -2  -1  -1   0  -1  -1  -2  -2   2   3  -3  -2  -1    5   8  13   0   0   0   5   0   0   0  12   0   0   0   0  19  37   0   0   0  0.26 0.08
  164 R     0   3  -1   1  -3   1   2  -1  -1  -1  -2   1  -1  -3  -2  -1  -1  -3  -2   0   12  29   0   9   0   8  17   5   0   3   0   9   0   0   0   0   0   0   0   9  0.25 0.06
  165 V     0  -3  -4  -4  -2  -3  -3  -4  -4   2   1  -3   0  -2  -3  -2  -1  -4  -2   5    6   0   0   0   0   0   0   0   0   0   8   0   0   0   0   0   0   0   0  86  0.64 0.16
  166 R    -2   7  -1  -3  -5   0  -1  -3  -1  -4  -3   1  -2  -4  -3  -2  -2  -4  -3  -4    0 100   0   0   0   0   0   0   0   0   0   0   0   0   0   0   0   0   0   0  1.38 0.22
  167 L    -2  -3  -4  -4  -2  -3  -4  -5  -4   2   5  -3   1   0  -4  -3  -2  -2  -2   0    0   0   0   0   0   0   0   0   0  10  90   0   0   0   0   0   0   0   0   0  0.76 0.15
  168 V    -1   1  -3  -4   7  -2  -3  -3  -3   0  -1   0   3  -2  -3  -2  -1  -3  -2   2    0  11   0   0  43   0   0   0   0   0   0   5  13   0   0   0   0   0   0  29  0.66 0.14
  169 F    -3  -4  -4  -5  -3  -4  -4  -4  -2  -1  -1  -4  -1   8  -5  -3  -3   0   3  -2    0   0   0   0   0   0   0   0   0   0   0   0   0  92   0   0   0   0   8   0  1.39 0.21
  170 R    -1   3  -1  -1  -3   4   1  -2  -1  -3  -3   1  -2  -3  -2   1   2  -3  -2  -2    0  29   0   0   0  35   8   0   0   0   0   0   0   0   0   7  22   0   0   0  0.51 0.12
  171 V     4  -3  -3  -3  -1  -2  -2  -1  -3   0  -1  -2  -1  -2  -2   0  -1  -3  -2   3   60   0   0   0   0   0   0   0   0   0   0   0   0   0   0   0   0   0   0  40  0.47 0.14
  172 H    -2  -2   1  -2  -3  -2  -2  -3   5  -2  -2  -2  -1   5  -3   1   0   4   3  -2    0   0   6   0   0   0   0   0  22   0   0   0   0  35   0  15   5   6   9   0  0.48 0.11
  173 I    -2  -2  -3  -4   2  -2  -3  -4  -2   3   2  -1   1   0  -3  -2  -1  -2   2   2    0   0   0   0   5   0   0   0   0  32  29   8   0   0   0   0   0   0  10  16  0.29 0.07
  174 P    -1   3   0  -2  -3  -1  -1  -3  -2   0  -2   0  -2  -3   5  -1   2  -4  -3  -2    0  26   6   0   0   0   0   0   0   8   0   0   0   0  40   0  20   0   0   0  0.74 0.12
  175 E     0   0   0   4  -3   2   2   1  -1  -2  -3   0  -2  -3  -2  -1  -1  -4  -3  -1    7   6   0  37   0  15  14  12   0   0   0   0   0   0   0   0   0   0   0   8  0.40 0.08
  176 S     0  -1  -1   1  -3   0  -1   2  -2  -3  -3   0  -3  -4   4   3   0  -4  -3  -3    0   0   0   8   0   5   0  18   0   0   0   6   0   0  28  35   0   0   0   0  0.57 0.10
  177 S    -1  -1   4   2  -3   0   0   2  -1  -3  -3  -1  -2  -3  -2   2   1  -4  -3  -3    0   0  31  13   0   5   0  16   0   0   0   0   0   0   0  25  10   0   0   0  0.43 0.09
  178 G    -1  -3  -1  -2  -3  -2  -3   6  -3  -4  -4  -2  -3   0  -3   0  -2  -3  -3  -4    0   0   0   0   0   0   0  87   0   0   0   0   0   5   0   8   0   0   0   0  1.15 0.16
  179 R     1   4   0  -2  -3   1   0  -2  -1  -3  -1   3  -1  -3  -2   1  -1  -3  -2  -2   13  36   4   0   0   5   0   0   0   0   6  22   0   0   0  13   0   0   0   0  0.37 0.09
  180 I    -1   1  -2  -2   2  -1  -2  -3  -2   0  -1  -1   1  -1   0   0   2   4   1   1    0  13   0   0   6   0   0   0   0   7   0   0   5   0   5   7  27   8   5  17  0.20 0.07
  181 V    -2   1  -3  -1  -2  -2  -2  -4  -3   1   3  -2   1  -1   2  -2  -1  -3  -2   2    0  10   0   5   0   0   0   0   0   0  51   0   0   0  14   0   0   0   0  19  0.32 0.09
  182 S     0   1  -1   0  -2   1   1  -2  -2  -1   0   0  -1  -2   3   2   1  -3  -2  -1    9  10   0   3   0   5  10   0   0   5  14   0   0   0  15  22   6   0   0   0  0.19 0.05
  183 L    -2  -3  -3   0  -2  -2  -2  -4  -3   0   3  -2   2  -1   4  -2  -2  -3  -2   0    0   0   0   8   0   0   0   0   0   0  58   0   5   0  25   0   0   0   0   5  0.52 0.11
  184 Q     0  -1  -1   0  -3   4   0  -2  -1  -2  -2   1  -2  -3   5   0  -1  -3  -3   0    8   0   0   5   0  32   0   0   0   0   0   7   0   0  30   5   0   0   0  13  0.56 0.11
  185 T     0  -3  -3  -3  -2  -2  -3  -3  -3   3   0  -2   0  -2   1  -1   1  -3  -2   4    5   0   0   0   0   0   0   0   0  15   0   0   0   0   8   0  13   0   0  59  0.41 0.11
  186 A     1  -2  -2  -3  -1  -2  -2  -2  -3   2   2  -2   0  -1   3   1  -1  -3  -2   1   22   0   0   0   0   0   0   0   0  16  27   0   0   0  14  13   0   0   0   8  0.24 0.06
  187 S     0  -2   0   2  -2  -1  -1  -1  -2  -3  -4  -1  -3  -3  -2   5   0  -4  -3  -3    0   0   0  13   0   0   0   0   0   0   0   0   0   0   0  87   0   0   0   0  0.78 0.18
  188 N     1  -1   3   2  -2   2   1  -1   1  -1  -2   0  -2  -3  -2   1   0  -3  -2  -1   13   0  21  15   0  13  10   0   5   4   0   0   0   0   0  14   0   0   0   5  0.26 0.06
  189 P     0  -3  -3  -3  -3  -2  -2  -3  -3   1  -3  -2  -2  -4   7  -2  -2  -4  -4  -2    8   0   0   0   0   0   0   0   0  13   0   0   0   0  79   0   0   0   0   0  1.72 0.19
  190 I    -2  -4  -4  -4  -2  -3  -4  -4  -3   5   1  -3   0   0  -4  -3  -2  -2   2   2    0   0   0   0   0   0   0   0   0  78   0   0   0   0   0   0   0   0  13   9  0.68 0.15
  191 E    -2  -1   1   3  -3   0   2  -2   4  -2  -1  -1  -1   2  -2  -1  -1  -1   2  -2    1   0   8  20   0   0  23   1  16   0   7   0   0  11   0   1   0   0  11   1  0.29 0.07
  192 C    -1  -2   2   4   6  -1   0  -2  -2  -3  -3  -1  -2  -3  -2   1  -1  -3  -3  -2    1   0  14  37  29   0   1   1   0   0   1   0   0   0   0  13   0   0   0   1  0.61 0.11
  193 S     0   2   1  -1  -2   0   0  -1  -1  -3  -3   3  -2  -3  -1   3   1  -3  -2  -2    1  15   6   0   0   0   1   1   0   0   1  29   0   0   0  39   7   0   0   1  0.36 0.09
  194 Q     1   1  -1  -2  -3   4   0  -2  -1  -3  -3   4  -2  -2  -2  -1  -1  -2   1  -2   19   5   0   0   0  29   0   0   0   0   0  39   0   0   0   0   0   0   8   0  0.44 0.11
  195 R     0   3  -1  -2  -2  -1  -1   0  -2  -3  -3   0  -2  -3   4   3   0  -4  -3  -3    5  22   0   0   0   0   0   8   0   0   0   0   0   0  26  39   0   0   0   0  0.56 0.11
  196 S     1  -1   2  -1  -2  -1  -1  -1  -2  -3  -3   0  -2  -3   4   2   2  -4  -2  -2   14   0  13   0   0   0   0   0   0   0   0   8   0   0  21  28  15   0   0   0  0.45 0.09
  197 A     2  -1   3  -1  -2   1  -1   3  -1  -3  -3  -1  -2  -3  -2   1   0  -3  -3  -2   35   0  21   0   0   8   0  22   0   0   0   0   0   0   0   8   6   0   0   0  0.36 0.08
  198 H     2  -1  -1  -1  -1   2   0  -1   2  -2  -2  -1  -1  -3  -1   2   3  -3  -2  -1   23   0   0   0   0  16   0   0   7   0   1   0   0   0   0  21  29   0   0   0  0.31 0.08
  199 E     0  -1   2   0  -2   0   3   1  -1  -3  -3   0  -2  -3  -2   3   0  -3  -2  -2    6   0  13   0   0   0  37   8   0   0   1   0   0   0   0  32   0   0   0   0  0.40 0.09
  200 L    -2  -2   2  -1  -3  -1   3  -3  -2   0   3  -1   0  -1  -3  -2  -1  -3  -2   0    0   0  16   0   0   0  29   0   0   0  49   0   0   0   0   0   0   0   0   6  0.29 0.10
  201 P    -1  -1  -2  -2  -2  -1  -2  -3  -2   0   3   1   0  -1   4  -2  -1  -2  -2  -1    1   1   1   1   0   1   1   1   0   1  46  14   0   1  29   1   1   0   0   1  0.46 0.08
  202 M    -1   3  -1  -2  -3   1   1  -3   1   1   0   2   1  -2  -2  -1   0  -3  -2  -1    0  29   0   0   0   5   6   0   4  13   7  21   7   0   0   0   8   0   0   0  0.25 0.07
  203 V    -2  -4  -4  -4  -2  -3  -4  -4  -4   5   1  -3   0  -1  -3  -3  -1  -3  -2   4    0   0   0   0   0   0   0   0   0  69   0   0   0   0   0   0   0   0   0  31  0.71 0.15
  204 E    -1   1  -1  -1   4   0   2  -2  -2  -1   0   0  -1  -2  -2   2   1  -3  -2   0    0  13   0   0  15   0  22   0   0   0  13   0   0   0   0  21   8   0   0   8  0.21 0.07
  205 R    -1   5  -1  -2  -4   0  -1  -3  -1  -3  -2   3   2  -3   1  -1  -2  -3  -2  -2    5  59   0   0   0   0   0   0   0   0   0  17  13   0   6   0   0   0   0   0  0.65 0.14
  206 Q    -1  -1  -1   1  -2   2  -1  -1  -1   0   1   0   4  -1  -3  -2  -1  -2   1   0    0   0   0  13   0  13   0   6   0   5  16   6  26   0   0   0   0   0   9   5  0.15 0.08
  207 D    -1   1   3   4   3  -1   0  -1  -1  -3  -3  -1  -3  -3  -2   2   0  -4  -3  -3    0  13  21  29   8   0   0   0   0   0   0   0   0   0   0  30   0   0   0   0  0.46 0.10
  208 T     0   2  -1  -2  -2   0  -1  -2  -2  -1  -1   3  -1  -3   1   1   2  -3  -2  -1    3  12   0   0   0   0   0   0   0   4   6  39   0   0   5   8  23   0   0   0  0.29 0.08
  209 D     1  -1   2   1   2   0   2  -1   2  -3  -3  -1  -2  -3   1   1   1  -3  -2  -2   16   0  16  10   8   0  15   0   6   0   0   0   0   0   8   5  16   0   0   0  0.26 0.06
  210 S     2  -2  -1  -1  -2  -1  -1   2  -2  -3  -3  -1  -2  -2  -2   3   1  -3   0  -2   29   0   0   0   0   0   0  13   0   0   0   0   0   0   0  45   8   0   5   0  0.40 0.10
  211 C     0  -3  -2  -3   7  -3  -3   4  -3  -3  -3  -3  -3  -3  -3  -1  -2  -3  -1  -2    8   0   0   0  38   0   0  51   0   0   0   0   0   0   0   0   0   0   3   0  0.95 0.15
  212 L     0   0   0  -1  -2  -1  -1   1  -2  -2  -1  -1  -1  -2   3   3   1  -3  -2  -2    1   6   1   1   0   1   1   9   0   1   8   1   0   0  17  44   9   0   0   1  0.34 0.07
  213 V     0  -3  -4  -4   6  -3  -3  -3  -4   1   0  -3  -1  -2  -3  -2  -1  -4  -2   4    8   0   0   0  27   0   0   0   0   0   0   0   0   0   0   0   0   0   0  65  0.68 0.15
  214 Y    -1   2   2  -1  -2   1   0  -2  -1  -1   0   1   1  -1  -2   0   2  -2   1  -1    0  15  12   0   0   6   5   0   0   3   9  12   8   0   0   0  23   0   7   0  0.16 0.06
  215 G    -1  -3  -1  -2  -3  -3  -3   7  -3  -5  -5  -2  -4  -4  -3  -1  -3  -3  -4  -4    0   0   0   0   0   0   0 100   0   0   0   0   0   0   0   0   0   0   0   0  1.50 0.19
  216 G    -1  -3   1  -2  -3  -2   0   6  -2  -5  -4  -2  -3  -4  -3  -1  -2  -3  -4  -4    0   0   8   0   0   0   6  86   0   0   0   0   0   0   0   0   0   0   0   0  1.15 0.16
  217 Q    -2  -1   0   5  -4   2   4  -2   1  -4  -4   1  -3  -4  -2  -1  -2  -4  -3  -3    0   0   0  43   0   7  39   0   4   0   0   7   0   0   0   0   0   0   0   0  0.76 0.13
  218 Q    -2   0  -1   1  -5   2   6  -3  -1  -4  -4   1  -3  -4  -2  -1  -2  -4  -3  -3    0   3   0   0   0   7  87   0   0   0   0   3   0   0   0   0   0   0   0   0  1.04 0.18
  219 M    -1  -3  -4  -4  -2  -3  -3  -4  -3   3   2  -3   3  -1  -3  -3  -1  -3  -2   3    0   0   0   0   0   0   0   0   0  32  22   0  17   0   0   0   0   0   0  28  0.46 0.10
  220 I    -2  -3  -3  -4  -3  -3  -3  -4  -1   2   0  -3  -1   4  -4  -3  -2   0   6   2    0   0   0   0   0   0   0   0   0  22   0   0   0  18   0   0   0   0  44  15  0.65 0.13
  221 L    -2  -3  -4  -4  -2  -3  -4  -4  -3   2   5  -3   3   0  -4  -3  -2  -2  -2   1    0   0   0   0   0   0   0   0   0   5  83   0   8   0   0   0   0   0   0   4  0.68 0.13
  222 T    -2  -3  -3  -3  -2  -2  -3  -4  -3   1   4  -3   1  -1  -3  -1   2  -3  -2   0    0   0   0   0   0   0   0   0   0   6  71   0   0   0   0   3  19   0   0   0  0.48 0.12
  223 G    -1  -4  -3  -4   9  -3  -4   3  -4  -2  -2  -3  -2  -3  -4  -2  -2  -3  -3   0    0   0   0   0  64   0   0  29   0   0   0   0   0   0   0   0   0   0   0   8  1.25 0.19
  224 Q    -2  -1   0   5  -4   1   2  -2   2  -4  -4   0  -3  -4  -2   1  -1  -4  -3  -3    0   0   0  56   0   7  16   0   7   0   0   6   0   0   0   9   0   0   0   0  0.71 0.12
  225 N    -2   1   4  -1  -4   0   0  -2  -1  -4  -4   5  -2  -4  -2  -1  -1  -4  -3  -3    0   0  29   0   0   0   0   0   0   0   0  71   0   0   0   0   0   0   0   0  0.78 0.17
  226 F    -1  -3  -4  -4  -2  -3  -3  -4  -3   2   0  -3   0   4  -3  -3  -1  -2   0   4    0   0   0   0   0   0   0   0   0   8   0   0   0  29   0   0   0   0   0  64  0.57 0.14
  227 T     0  -1  -1  -2  -3   5   0  -2  -1  -2   1   0   0  -2  -2   0   0  -3  -2  -2    8   0   0   0   0  56   0   0   0   0  22   0   0   0   0   8   7   0   0   0  0.45 0.14
  228 S    -1   1  -1  -1  -4   2   0  -2  -2  -4  -3   5  -2  -4   2   0  -1  -4  -3  -3    0   0   0   0   0   7   0   0   0   0   0  78   0   0   9   7   0   0   0   0  0.75 0.16
  229 E    -2  -1   0   5  -4   0   4   0  -1  -4  -4   1  -3  -4  -2  -1  -2  -4  -3  -4    0   0   0  48   0   0  38   6   0   0   0   8   0   0   0   0   0   0   0   0  0.78 0.13
  230 S    -1  -2   2   6  -3  -1   0  -2  -2  -4  -4  -1  -3  -4  -2   2   0  -5  -3  -3    0   0   8  64   0   0   0   0   0   0   0   0   0   0   0  22   6   0   0   0  0.81 0.14
  231 K    -1   0  -1   0  -3   2   4  -2  -1   0  -2   3  -2  -3  -2   0  -1  -3  -2  -2    0   0   0   0   0  13  36   0   0  10   0  36   0   0   0   5   0   0   0   0  0.46 0.11
  232 V     0  -3  -4  -4  -2  -3  -3  -4  -4   3   1  -3   0  -1  -3  -2  -1  -3  -2   5    5   0   0   0   0   0   0   0   0  17   5   0   0   0   0   0   0   0   0  73  0.57 0.13
  233 V    -2   4  -2  -3  -3   1  -1  -3  -2   2  -1   0  -1  -2  -3  -2  -1  -3   1   2    0  45   0   0   0   5   0   0   0  14   0   0   0   0   0   0   0   0   5  30  0.38 0.11
  234 F    -3  -4  -4  -5  -3  -4  -4  -4  -2   0   0  -4  -1   7  -5  -3  -3   0   2   0    0   0   0   0   0   0   0   0   0   5   0   0   0  90   0   0   0   0   0   5  1.23 0.20
  235 T    -2  -2  -2  -3  -2   0  -2  -3   0   0   0  -2  -1   3  -3  -2   1   4   5   0    0   0   0   0   0   7   0   0   0   5   5   0   0  18   0   0  12   6  37   7  0.46 0.10
  236 E     0   0  -1   0  -3   1   5   0  -1  -3  -3   0  -2  -3  -2  -1  -1  -3  -2  -3    7   6   0   1   0   0  74   6   0   1   1   1   0   0   1   1   1   0   0   1  0.68 0.13
  237 K    -1   1   1   1  -2   1   3  -1  -1  -2  -2   2  -2  -2   1   0   1  -2  -2  -2    2   6   7   6   0   1  28   2   0   1   2  24   0   1   6   1   9   0   1   1  0.28 0.05
  238 T     0  -1   0   3  -2   0   2   2  -1  -2  -2  -1  -2  -2  -1   0   0  -2  -2  -1    8   1   1  26   0   1  16  22   0   1   2   1   0   1   1   1   8   0   1   8  0.24 0.04
  239 T     0   0   0   0  -2   1   3  -1  -1  -2  -2   1  -1  -2   3   1   1  -2  -1  -1    3   2   1   2   1   5  28   2   1   2   3  10   1   1  18   9   8   0   1   2  0.31 0.04
  240 D    -1  -1   3   5  -2   0   1  -1  -1  -2  -3  -1  -2  -2  -1   0  -1  -3  -2  -2    2   1  19  56   1   1   2   2   1   1   2   2   1   1   1   2   2   0   1   2  0.60 0.08
  241 G     0  -2   0   1  -2  -1  -1   5  -2  -3  -3  -1  -2  -3  -2   0  -1  -2  -2  -2    2   1   1  12   0   1   1  63   1   1   2   1   1   1   1   7   1   0   1   1  0.63 0.08
  242 Q    -1   2   0   0  -2   2   3  -2   2  -2  -2   1  -1  -2  -1  -1  -1   3  -1  -2    2  18   1   2   1   8  32   2   7   2   3   6   1   1   2   2   2   6   1   2  0.29 0.05
  243 Q     0  -1   2   1  -2   1   1   1   3  -2  -1  -1  -1  -2   0   0   0  -2  -1  -2    6   1  18   6   0   7   9  14  12   1   6   1   0   1   5   1   9   0   1   1  0.17 0.04
  244 I     0  -1  -1  -1  -1   1  -1   1  -1   1   0   0   0  -2  -1   1   1  -2  -1   1    7   1   1   1   0  10   1  12   0  14   2   6   4   1   1  13   9   0   1  19  0.07 0.03
  245 W    -4  -4  -5  -6  -4  -3  -4  -4  -4  -4  -3  -4  -3   1  -5  -4  -4  12   1  -4    0   0   0   0   0   0   0   0   0   0   0   0   0   5   0   0   0  95   0   0  3.21 0.31
  246 E    -2  -1  -1   0  -4   2   5  -1  -1  -4  -3   1  -2   0  -2  -1  -2  -3  -2  -3    0   0   0   0   0  11  70   5   0   0   0   6   0   8   0   0   0   0   0   0  0.70 0.14
  247 M     3  -2  -1   0  -2  -1   0   2  -2  -1  -1  -1   2  -2  -2   1  -1  -3  -2   0   48   0   0   5   0   0   5  18   0   0   0   0  13   0   0   6   0   0   0   4  0.30 0.09
  248 E    -2   3   1  -1  -3   0   3  -3  -1  -2  -2   1  -2   3  -3  -1  -1  -1   2  -2    0  21   8   0   0   0  29   0   0   0   0   6   0  25   0   4   0   0   8   0  0.33 0.09
  249 A     4  -2  -2  -2  -2  -2  -2   4  -3  -3  -3  -2  -2  -3  -2   0  -1  -3  -3  -2   61   0   0   0   0   0   0  39   0   0   0   0   0   0   0   0   0   0   0   0  0.69 0.14
  250 T    -1  -1   0   4  -3   0   2  -2  -1  -3  -3   2  -3  -4   1   1   1  -4  -3  -3    0   0   0  39   0   0  14   0   0   0   0  19   0   0   5  12  11   0   0   0  0.48 0.09
  251 V    -1  -3  -3  -4  -2  -3  -3  -3  -2   1   0  -3   0   6  -3  -2   1  -1   1   1    6   0   0   0   0   0   0   0   0  11   0   0   0  60   0   0  12   0   0  11  0.59 0.13
  252 D     0  -1   1   3  -2   1   1  -1  -1  -2  -3  -1  -2  -3  -2   3   0  -4  -3  -2    6   0   5  25   0   8   8   0   0   4   0   0   0   0   0  44   0   0   0   0  0.41 0.10
  253 K     0   2  -1  -2  -2   3   0  -1  -1  -1  -2   1   1  -3  -2   1   3  -3  -2   0    6  12   0   0   0  21   0   3   0   0   0   7   6   0   0   8  31   0   0   5  0.25 0.08
  254 D    -2  -2   0   6  -4  -1   2  -2   1  -4  -2  -1  -3  -4  -2  -1  -2  -5  -3  -4    0   0   0  79   0   0  11   0   5   0   5   0   0   0   0   0   0   0   0   0  1.05 0.17
  255 K    -1  -2  -3  -3  -2   0  -2  -4  -3   1   1   1   0  -2  -3  -2  -1  -3  -2   4    0   0   0   0   0   5   0   0   0   0  13  16   0   0   0   0   0   0   0  66  0.38 0.12
  256 S    -2  -2  -1  -2   4  -1  -1  -3   8  -3  -2  -2  -2   2  -3   1  -2  -2   1  -3    0   0   0   0  11   0   0   0  58   0   0   0   0  15   0  12   0   0   0   0  0.82 0.16
  257 Q    -2   4   1  -1  -3   2   0  -2   4  -3  -3   3  -2  -3  -2  -1  -1  -3  -1  -3    0  40   5   0   0  11   0   0  14   0   0  26   0   0   0   0   0   0   0   0  0.56 0.10
  258 P    -2   0  -1  -1  -4   6   1  -1  -1  -4  -3   0  -2  -4   3  -1  -2  -3  -3  -3    0   0   0   0   0  78   5   4   0   0   0   0   0   0  13   0   0   0   0   0  0.98 0.20
  259 N    -1  -2   2  -2  -2  -2  -2  -1  -1   1  -1  -2   1   2  -3  -1  -1  -1   4   1    4   0  20   0   0   0   0   5   0  10   0   0   8  13   0   0   0   0  24  16  0.23 0.08
  260 M     4  -2  -2  -2  -1  -1  -1  -1   3  -2  -2  -1   1  -3  -2   1   0  -3  -2  -1   71   0   0   0   0   0   0   0  11   0   0   0   7   0   0   7   5   0   0   0  0.49 0.13
  261 L    -2  -4  -4  -4  -2  -3  -4  -5  -4   5   3  -3   1  -1  -4  -3  -2  -3  -2   2    0   0   0   0   0   0   0   0   0  76  24   0   0   0   0   0   0   0   0   0  0.71 0.15
  262 F     0  -3  -3  -4  -2  -3  -3  -3  -3   2   0  -3   0   1  -3  -2   0  -3  -1   5    8   0   0   0   0   0   0   0   0   6   0   0   0   7   0   0   5   0   0  74  0.50 0.13
  263 V    -2  -3  -4  -4   3  -3  -4  -4  -3   0   2  -4   0   6  -4  -3  -2  -1   1   2    0   0   0   0   8   0   0   0   0   0  19   0   0  53   0   0   0   0   0  20  0.61 0.12
  264 E    -2   4  -1  -1  -4   2   2  -3  -1  -3  -3   4  -2  -4  -2  -1   0  -3  -2  -3    0  33   0   0   0   8  17   0   0   0   0  38   0   0   0   0   5   0   0   0  0.59 0.11
  265 I    -1  -2  -1  -2  -2  -2  -2  -3  -3   2  -1  -2  -1  -2  -2   0   5  -3  -2   2    0   0   0   0   0   0   0   0   0  13   0   0   0   0   0   0  71   0   0  15  0.60 0.15
  266 P    -2  -3  -3  -3  -4  -2  -2  -3  -3  -4  -4  -2  -4  -5   8  -2  -2  -5  -4  -4    0   0   0   0   0   0   0   0   0   0   0   0   0   0 100   0   0   0   0   0  2.49 0.24
  267 E    -2   1  -2  -2  -4  -1   1  -3  -2  -4  -4   1  -3  -4   7  -1  -2  -4  -3  -3    0   8   0   0   0   0  11   0   0   0   0  13   0   0  68   0   0   0   0   0  1.44 0.16
  268 Y    -3  -3  -3  -4  -4  -3  -3  -4   1  -2  -2  -3  -2   4  -4  -3  -3   1   8  -2    0   0   0   0   0   0   0   0   0   0   0   0   0  13   0   0   0   0  87   0  1.50 0.23
  269 R    -1   4  -1  -2  -4   0   0  -2   6  -4  -3   2  -2  -3  -2   0  -2  -3  -1  -3    5  36   0   0   0   0   5   0  32   0   0  17   0   0   0   5   0   0   0   0  0.61 0.12
  270 N    -2  -1   4   5   1   0   1  -2  -1  -3  -4   1  -3  -4  -2   0   0  -4  -3  -3    0   0  30  43   5   0   6   0   0   0   0  11   0   0   0   0   5   0   0   0  0.63 0.11
  271 K    -1   1  -1  -2  -2   2   0  -3  -2   0   0   2   1  -2   2  -1   0  -3  -2   1    0   6   0   0   0  18   0   0   0   3  10  19   7   0  13   0   8   0   0  15  0.21 0.06
  272 H    -1   2   2   1  -3   1   2  -2   4  -3  -3   2  -2  -3  -2   1  -1  -3  -1  -3    4  11  13   8   0   5  13   0  18   0   0  16   0   0   0  12   0   0   0   0  0.35 0.07
  273 I    -2  -4  -4  -4  -2  -3  -4  -4  -4   5   2  -3   1  -1  -3  -3  -1  -3  -2   3    0   0   0   0   0   0   0   0   0  67  17   0   0   0   0   0   0   0   0  17  0.62 0.13
  274 R    -1   1   0   2  -2   1   1  -2  -2  -2  -2   0  -2  -3  -2   1   4  -3  -2  -1    0  13   0  17   0   5   7   0   0   0   0   0   0   0   0  10  43   0   0   5  0.35 0.10
  275 T     0   3  -1  -1  -3   2   2  -2   2  -2  -1   2  -1  -3  -2   0   0  -3  -2  -2    9  28   0   0   0   8  15   0   6   0   6  13   0   0   0   7   7   0   0   0  0.29 0.06
  276 P    -1  -3  -2  -2  -3  -2   0  -3  -3  -4  -4  -2  -3  -4   7   0  -2  -4  -4  -3    4   0   0   0   0   0   8   0   0   0   0   0   0   0  80   8   0   0   0   0  1.78 0.19
  277 V     2  -3  -3  -4  -1  -3  -3  -3  -4   1   0  -3   0  -2  -3  -2  -1  -4  -2   5   22   0   0   0   0   0   0   0   0   0   0   0   0   0   0   0   0   0   0  78  0.57 0.15
  278 K    -1   1   2  -1   2   3   0  -2  -1  -3  -3   1  -2  -3  -2   2   3  -3  -2  -2    0   5  16   0   5  20   0   0   0   0   0   7   0   0   0  19  27   0   0   0  0.34 0.09
  279 V    -1  -4  -4  -4  -2  -3  -3  -4  -4   2   0  -3   0  -2  -3  -3  -1  -4  -2   6    0   0   0   0   0   0   0   0   0   0   0   0   0   0   0   0   0   0   0 100  0.87 0.19
  280 N    -2   1   2  -1  -3  -1   1   0   1  -2  -2  -1  -2   4  -3   0  -1  -1   3  -2    0  12  15   0   0   0  13   6   4   0   0   0   0  29   0   9   0   0  13   0  0.26 0.08
  281 F    -2  -3  -4  -4  -2  -3  -3  -4  -3   2   2  -3   3   3  -3  -3  -1  -2   0   3    0   0   0   0   0   0   0   0   0  14  24   0  12  22   0   0   0   0   0  28  0.39 0.08
  282 Y    -2  -1  -2  -1  -4   4   2  -3   0  -3  -2   1  -1   3  -3  -1  -2   0   5  -2    0   0   0   0   0  34  14   0   0   0   0   8   0  15   0   0   0   0  29   0  0.52 0.13
  283 V    -2  -3  -4  -4  -2  -3  -4  -4  -4   1   4  -3   1   0  -3  -3  -2  -3  -2   2    0   0   0   0   0   0   0   0   0   0  76   0   0   0   0   0   0   0   0  24  0.62 0.13
  284 I    -1   0  -1  -1   3   2   0  -2  -1   1   0   0   0  -1  -1   0   0  -2  -1   1    2   7   1   2  11  23   2   2   1  16   3   2   1   1   1   7   2   0   1  16  0.11 0.04
  285 N    -1   4   3   0  -2   0   0  -1   0  -2  -2   1  -1  -2  -1   1   1  -2  -1  -2    2  36  23   2   1   1   2   2   1   1   3   2   1   1   1  10   8   0   1   2  0.30 0.06
  286 G     0  -1   1   1  -1  -1   0   2  -1  -2  -2  -1  -1  -2  -1   2   2  -2  -2  -1    2   1   8   9   1   1   2  24   1   1   3   2   1   1   1  22  17   0   1   2  0.22 0.04
  287 K    -1   3   0   4  -4   0   0  -2  -1  -4  -3   3  -3  -4  -2  -1  -1  -4  -3  -3    6  18   0  43   0   0   0   0   0   0   0  33   0   0   0   0   0   0   0   0  0.60 0.12
  288 R    -2   6  -1  -2  -4   0   1   3  -1  -4  -3   1  -2  -4  -3  -1  -2  -3  -3  -3    0  67   0   0   0   0   8  25   0   0   0   0   0   0   0   0   0   0   0   0  0.79 0.15
  289 K     1   3  -1  -1  -3   1   1  -2  -1  -1  -2   4  -1  -3  -2  -1  -1  -3  -2  -1   13  14   0   0   0   6   5   0   0   5   0  51   0   0   0   0   0   0   0   5  0.39 0.10
  290 R    -1   4  -1  -2   1   0  -1  -2  -1  -3  -1   2  -2  -3  -2   2   1  -3  -2  -2    0  45   0   0   5   0   0   0   0   0   5   9   0   0   0  27   8   0   0   0  0.44 0.11
  291 S     0  -2   0  -1  -2  -1  -1  -1   2  -3  -3  -1  -2   1  -2   5   0  -3  -1  -3    0   0   0   0   0   0   0   0   6   0   0   0   0   8   0  86   0   0   0   0  0.69 0.18
  292 Q     0   0  -1   3  -4   3   3  -2  -1  -3  -3   0  -2  -4   3  -1  -1  -4  -3  -3    8   5   0  22   0  17  29   0   0   0   0   0   0   0  19   0   0   0   0   0  0.58 0.10
  293 P     0  -2  -2  -2  -2  -2  -2   1  -2  -2  -3  -2  -2  -2   6   2   0  -3   1  -1    8   0   0   0   0   0   0  10   0   0   0   0   0   0  44  20   5   0   7   6  0.74 0.11
  294 Q    -2   0  -2  -2   1   3   0  -3  -1  -1   2   3   2  -2  -2  -1  -1  -3  -2  -1    0   0   0   0   5  29   0   0   0   0  27  29  11   0   0   0   0   0   0   0  0.31 0.11
  295 H    -1   1  -1   0  -4   2   1  -3   3  -4  -3  -1  -3  -4   6   0  -2  -4  -2  -3    0   8   0   6   0  16   5   0  10   0   0   0   0   0  50   5   0   0   0   0  0.99 0.13
  296 F    -3  -4  -4  -5  -3  -4  -4  -4  -2  -1  -1  -4  -1   8  -5  -3  -3   0   3  -2    0   0   0   0   0   0   0   0   0   0   0   0   0  95   0   0   0   0   5   0  1.43 0.21
  297 T    -1   2  -1  -2  -2   1   0  -3  -2  -1   0   0  -1  -2  -2   0   4  -3  -2   0    0  19   0   0   0   5   8   0   0   0  13   0   0   0   0   0  50   0   0   5  0.33 0.11
  298 Y    -3  -3  -3  -4  -4  -3  -3  -4   1  -2  -2  -3  -2   3  -4  -3  -3   1   8  -2    0   0   0   0   0   0   0   0   0   0   0   0   0   5   0   0   0   0  95   0  1.64 0.24
  299 H    -2  -2  -2  -3  -2  -2  -2  -3   2  -1   2   0   1   1  -3  -2   1   0   5  -1    0   0   0   0   0   0   0   0   7   0  33   8   5   0   0   0  11   0  37   0  0.39 0.11
  300 P    -2  -3  -3  -3  -4  -2  -2  -3  -3  -4  -4  -2  -4  -5   8  -2  -2  -5  -4  -4    0   0   0   0   0   0   0   0   0   0   0   0   0   0 100   0   0   0   0   0  2.49 0.24
  301 V     1  -2  -3  -3  -1  -2  -2  -3  -3   2   2  -2   1  -1  -2  -1  -1  -3  -1   3   16   0   0   0   0   0   0   0   0   0  37   0   0   0   0   0   0   0   0  48  0.26 0.02

                      K         Lambda
Standard Ungapped    0.1327     0.3167
Standard Gapped      0.0395     0.2670
PSI Ungapped         0.1289     0.3177
PSI Gapped           0.0395     0.2670
