
Last position-specific scoring matrix computed, weighted observed percentages rounded down, information per position, and relative weight of gapless real matches to pseudocounts
           A  R  N  D  C  Q  E  G  H  I  L  K  M  F  P  S  T  W  Y  V   A   R   N   D   C   Q   E   G   H   I   L   K   M   F   P   S   T   W   Y   V
    1 M   -2 -3 -4 -5 -3 -2 -3 -4 -3  0  1 -3  9 -1 -4 -3 -2 -3 -2 -1    0   0   0   0   0   0   0   0   0   0   0   0 100   0   0   0   0   0   0   0  1.48 0.25
    2 A    3 -3 -2 -3 -2 -2 -2 -2 -3 -2 -3 -2 -2 -4 -2  0  6 -4 -3  0   33   0   0   0   0   0   0   0   0   0   0   0   0   0   0   2  62   0   0   4  0.86 0.26
    3 L   -4 -4 -5 -6 -4 -4 -5 -6 -4  2  3 -2  8 -2 -5 -4 -3 -4 -1  1    0   0   0   0   0   0   0   0   0   9  23   3  54   0   0   0   0   0   2   8  1.41 0.48
    4 T   -3 -2  5 -3 -4 -3 -4 -4 -4  0 -4 -3 -4 -5 -4 -1  6 -6 -5 -3    0   1  26   0   0   0   0   0   0   7   0   0   0   0   0   1  65   0   0   0  1.39 0.52
    5 K   -4  3 -3 -4 -6 -2 -2 -5 -4 -6 -6  7 -4 -6 -4 -3 -4 -6 -5 -5    0  17   0   0   0   0   0   0   0   0   0  83   0   0   0   0   0   0   0   0  1.93 0.61
    6 A    3 -3  0 -3 -3  0 -1 -2 -3 -2 -3 -1 -1 -4 -2  4  2 -5 -4 -2   30   0   3   0   0   5   2   1   0   2   0   2   2   0   1  39  10   0   0   2  0.60 0.32
    7 E   -3 -3 -2  4 -6  2  6 -4 -1 -4 -5  0 -5 -3 -4 -3 -3 -5 -2 -5    1   0   0  27   0   9  55   0   1   1   0   5   0   1   0   0   0   0   1   0  1.26 0.47
    8 M   -4 -5 -6 -6 -4 -5 -5 -6 -5  2  5 -5  3  1 -5 -5 -4 -4 -3 -1    0   0   0   0   0   0   0   0   0  12  73   0   8   6   0   0   0   0   0   1  1.23 0.43
    9 S    2 -4 -4 -4  0 -4 -4 -4 -4  5 -1 -3  0 -1 -4  0 -1 -4 -1  3   22   0   0   0   2   0   0   0   0  43   0   1   1   2   0   8   2   0   2  17  0.67 0.32
   10 E    1 -2  0  3 -4  1  5 -3 -1 -4 -4  0 -4 -3 -3  1 -1 -5 -4 -3   14   0   3  18   0   5  41   0   1   0   1   4   0   1   0  10   2   0   0   1  0.69 0.32
   11 Y    2  2  0 -2 -3  1  0 -2  1 -1  0  1  1 -1 -3  0  0 -3 -1 -1   21  14   5   1   0   5   5   1   4   4   9  10   6   3   0   6   3   0   2   3  0.12 0.12
   12 L   -3 -5 -5 -6 -3 -4 -5 -6 -5  4  4 -5  1 -2 -5 -4 -3 -4 -3  4    0   0   0   0   0   0   0   0   0  25  45   0   3   0   0   0   0   0   0  28  0.99 0.37
   13 F    4 -3 -2 -4  1 -3 -3 -3  0 -1 -3 -2 -2  3 -3  1  0 -3  2 -1   46   0   2   0   3   0   0   0   2   2   0   1   1  14   0  13   6   0   7   4  0.54 0.30
   14 D    1  1  0  3 -4  3  4 -2 -1 -4 -3  1 -2 -4 -3  1 -1 -4 -3 -3   10   8   3  15   0  14  28   1   1   0   1   7   1   0   0   8   2   0   1   1  0.48 0.24
   15 K   -1  2  1  0 -5  3  2 -2  1 -4 -4  4  0 -4 -3 -1 -1 -4 -2 -4    4   9   6   5   0  12  14   1   4   0   0  38   2   0   0   1   2   0   1   0  0.58 0.28
   16 L    1 -3 -2 -3  0 -1 -2 -1  0  0  1 -2  0 -2  3  0  1 -3 -1  2   16   0   0   0   2   3   1   3   2   5  18   0   1   1  15   5  11   0   2  15  0.23 0.16
   17 G   -2 -2  2  1 -5  1  1  4  5 -5 -5  0 -4 -5 -4 -1 -2 -5 -2 -5    1   0  11   7   0   8   7  39  15   0   0   7   0   0   0   4   1   0   1   0  0.72 0.30
   18 L   -3 -4 -5 -5 -3 -4 -5 -5 -5  2  5 -4  0  2 -5 -3 -2 -3 -1  0    1   0   0   0   0   0   0   0   0  12  68   0   1   9   0   1   2   0   2   4  0.97 0.36
   19 S   -1 -2  3 -1 -3 -1  0 -2  0 -4 -3 -1 -3 -2  0  4  3 -4  0 -2    2   1  15   2   0   1   4   1   2   0   1   2   0   1   5  38  20   0   3   2  0.51 0.30
   20 K    0  3  0 -3 -5  2 -1 -4  0 -3 -3  6 -3 -5 -1 -1 -2 -5 -2 -2    8  14   4   0   0   7   1   0   2   1   2  52   0   0   2   2   1   0   1   2  0.79 0.35
   21 R    1  4  1 -2 -4  1 -1 -3 -2 -3 -3  4 -3 -5 -2 -1  0 -5 -4 -2   13  25   7   1   0   5   1   0   0   1   1  34   0   0   1   2   6   0   0   2  0.60 0.29
   22 D   -1 -3 -1  5 -5  3  4 -4  0 -2 -1 -2 -1 -4 -3 -1 -2 -5 -2 -1    3   0   1  34   0  13  27   0   2   2   6   0   1   0   0   3   1   0   2   4  0.68 0.32
   23 A    4 -4 -3 -4  2 -3 -3 -2 -4  1 -2 -3 -2 -4 -3  2  0 -5 -4  3   41   0   0   0   5   0   0   1   0   9   0   0   0   0   0  15   4   0   0  25  0.62 0.32
   24 K    1  1 -1  1 -4  0  4 -1 -2 -5 -4  4 -4 -5 -3 -1 -1 -5 -3 -4   15   5   1   6   0   1  37   3   0   0   0  26   0   0   0   3   2   0   1   0  0.65 0.31
   25 E    1  1  1  2 -1  0  3 -2 -1 -3 -1  1 -2 -2 -2 -1  0 -4 -1 -2   17   9   6  12   1   3  22   0   1   0   8   9   0   1   1   2   4   0   2   1  0.24 0.16
   26 L    3 -3 -4 -4 -1 -3 -3 -2 -4  2  1 -3  3  1 -3  0 -1 -3 -2  2   31   0   0   0   1   0   0   1   0  15  15   0   9   7   0   5   3   0   0  13  0.39 0.23
   27 V   -3 -5 -5 -6 -3 -5 -5 -6 -5  3  2 -5  1 -1 -5 -4 -2 -5 -3  6    1   0   0   0   0   0   0   0   0  12  14   0   2   2   0   0   1   0   0  68  1.18 0.43
   28 E   -2 -1  3  3 -5  0  4 -3 -1 -5 -5  3 -4 -5 -3  0 -1 -5 -4 -4    3   0  14  19   0   2  32   1   1   0   0  20   0   0   0   4   4   0   0   0  0.72 0.32
   29 L    3 -2  0 -1 -2 -1  1 -2 -2 -1  0 -1  0 -2 -3  2  2  0 -3 -1   29   1   5   3   0   2   9   1   0   2   8   1   3   1   0  15  17   1   0   2  0.25 0.19
   30 F   -2 -4 -5 -5 -3 -2 -4 -5 -4  3  0 -4  3  5 -5 -4 -1 -3  0  3    1   0   0   0   0   2   0   0   0  19   5   0   8  33   0   0   4   0   2  25  0.80 0.33
   31 F   -3 -4 -5 -5 -4  0 -1 -5 -4  1  4 -4 -1  5 -5 -4 -2 -3  0  0    1   0   0   0   0   4   4   0   0   8  42   0   0  33   0   0   2   0   1   3  0.81 0.34
   32 E   -1 -2  0  4 -5  0  5 -2 -3 -5 -4  0 -4 -3 -3  0 -1 -5 -4 -4    5   0   2  29   0   1  42   1   0   0   2   6   0   1   0   7   3   0   0   0  0.86 0.36
   33 E    0 -1  0 -1  0  1  3 -2  2  0 -1 -1 -1 -1 -3  0  0 -3  0  0    9   1   4   1   3   7  31   1   6   5   3   2   1   3   0   6   7   0   3   8  0.23 0.17
   34 I   -3 -5 -5 -6 -4 -4 -5 -6 -5  6  1 -5  5 -1 -5 -4 -2 -5 -3  3    0   0   0   0   0   0   0   0   0  48  10   0  19   2   0   0   2   0   0  19  1.11 0.41
   35 R    0  2 -1 -2  2  0 -1 -2 -2  1 -1  0  0 -3 -3  2  2 -4 -3  0    7  15   1   0   5   5   4   2   0   9   4   4   2   0   0  16  18   0   0   8  0.19 0.16
   36 R    0  0  1  3 -3  1  3  0  0 -2 -1  0 -2 -3 -3  1  0 -4 -3 -2    5   3   8  18   0   8  20   7   2   2   6   3   0   0   0  10   5   0   0   2  0.27 0.16
   37 A    4 -3 -1 -3  2 -1  0 -2 -3 -2 -3 -2 -3 -2 -3  3  1 -4 -2 -1   48   1   2   0   4   2   5   0   0   1   0   0   0   2   0  21  10   0   1   3  0.61 0.31
   38 L   -3 -5 -6 -6 -4 -5 -5 -6 -5  1  6 -5  2 -2 -5 -5 -2 -4 -4  1    2   0   0   0   0   0   0   0   0   7  80   0   3   0   0   0   1   0   0   7  1.29 0.45
   39 E    3 -1 -1 -2 -1  0  3 -3 -1 -2 -3  2 -3 -4 -3  1 -2 -4 -3  0   27   1   2   0   2   3  24   0   1   2   1  17   0   0   0  12   0   0   0   8  0.42 0.26
   40 N   -1  3  2  1 -4  1  1 -1  1 -4 -3  3 -3 -4 -3  1 -1 -4 -3 -3    4  17  10   6   0   6   6   3   4   0   1  23   0   0   0  14   3   0   0   0  0.42 0.22
   41 G   -1 -4  1 -4 -5 -1 -2  7 -2 -6 -6 -2 -5 -6 -5 -2 -4 -5 -6 -4    3   0   5   0   0   2   3  82   1   0   0   2   0   0   0   1   0   0   0   1  1.65 0.51
   42 E   -3 -2  1  4 -6  3  5 -2  1 -5 -5  1 -4 -5 -4 -2 -3 -5 -4 -4    0   1   5  25   0  13  39   2   4   0   0   8   0   0   0   1   0   0   0   0  0.92 0.37
   43 Q   -1  4  0  1 -4  2  1 -1 -1 -3 -4  3 -2 -4 -1  1  0 -4 -3 -2    3  28   3   6   0   9   7   3   1   0   0  16   1   0   2  13   6   0   0   2  0.43 0.22
   44 V   -3 -5 -6 -6 -4 -5 -5 -6 -6  4  0 -5 -2 -3 -5 -5 -3 -5 -4  6    0   0   0   0   0   0   0   0   0  25   7   0   0   0   0   0   0   0   0  68  1.41 0.49
   45 K   -2  0  0 -1 -5  2  4 -3 -2 -2 -4  4 -3 -5 -3 -1  1 -5 -4 -3    1   4   4   0   0  10  31   1   0   3   0  33   0   0   0   2   9   0   0   1  0.69 0.33
   46 L   -4 -5 -6 -6 -4 -5 -5 -6 -5  5  5 -5 -1  0 -5 -5 -3 -4 -3  1    0   0   0   0   0   0   0   0   0  32  60   0   0   4   0   0   0   0   0   5  1.17 0.42
   47 S   -1  4 -2 -3 -4 -2 -2 -2 -3  1 -3  0 -3 -4 -1  3  1 -5 -4  1    3  30   0   0   0   0   0   2   0   9   0   4   0   0   3  31   8   0   0  11  0.51 0.30
   48 G   -2 -4  1 -2 -3 -4 -4  7 -4 -6 -6 -2 -5 -6 -5  1 -4 -5 -6 -6    0   0   7   2   1   0   0  78   0   0   0   2   0   0   0   9   0   0   0   0  1.61 0.50
   49 F   -6 -6 -6 -7 -6 -7 -7 -7 -5 -1 -1 -7 -3  9 -7 -6 -5 -2  0 -4    0   0   0   0   0   0   0   0   0   2   3   0   0  95   0   0   0   0   0   0  2.68 0.72
   50 G   -1 -5 -3 -4 -5 -5 -5  7 -5 -6 -3 -4 -5 -2 -5 -3 -2 -5 -6 -6    3   0   0   0   0   0   0  90   0   0   3   0   0   2   0   0   2   0   0   0  1.95 0.57
   51 N    0 -3  4 -2 -3 -2 -3 -2 -3 -2 -4  0 -3 -4 -3  4  3 -5 -4  0    6   0  25   0   0   0   0   1   0   2   0   4   0   0   0  35  21   0   0   7  0.71 0.36
   52 F   -3 -6 -6 -7 -6 -6 -6 -6 -5 -2 -1 -6 -3  9 -7 -6 -5 -2  0 -2    2   0   0   0   0   0   0   0   0   2   3   0   0  91   0   0   0   0   0   2  2.47 0.68
   53 D   -1 -2 -1  1 -4  2  4 -1 -1 -3 -3  1 -2 -4 -3  3  0 -4 -2 -2    1   0   0   7   0  10  29   3   1   1   1   7   1   0   0  29   5   0   1   4  0.49 0.28
   54 L   -1 -1 -4 -5 -2 -2 -4 -5 -4  1  3 -3  0 -2 -2 -2 -1 -4 -3  4    2   5   0   0   0   2   0   0   0   6  37   1   0   0   2   2   3   0   0  40  0.63 0.30
   55 R   -2  6  1 -3 -5  0 -2 -3  5 -4 -4  3 -3 -5 -4 -1 -2 -5 -3 -1    2  44   6   0   0   2   0   1  16   0   0  17   0   0   0   4   2   0   0   6  0.91 0.37
   56 D   -1  0  0  3 -3  1  2 -3  3 -3 -3  1 -3 -1 -3  0  0 -3  3 -2    5   3   3  18   0   5  17   0  10   0   1  10   0   1   0   5   5   0  13   3  0.35 0.20
   57 K   -3  7 -3 -4 -6  0 -2 -5 -3 -6 -5  5 -4 -6 -4 -3 -2 -6 -5 -5    1  57   0   0   0   3   0   0   0   0   0  37   0   0   0   1   1   0   0   0  1.60 0.54
   58 N    3 -1  2  0 -3  1 -1  0 -2 -4 -4  2 -3 -4  3  1 -1 -5 -4 -3   26   2  12   3   0   6   2   6   0   0   0  16   0   1  16   9   2   0   0   0  0.43 0.23
   59 Q    4 -2 -3 -3 -3  1  2  0 -3 -4 -4 -2 -3 -5  4  1 -2 -5 -4 -3   41   1   0   0   0   8  14   5   0   0   0   1   0   0  22   8   0   0   0   0  0.73 0.31
   60 R   -4  8 -3 -5 -6 -2 -3 -4 -3 -6 -5  1 -4 -6 -5 -2 -3 -6 -5 -6    0  90   0   0   0   0   0   1   0   0   0   6   0   0   0   2   1   0   0   0  2.14 0.60
   61 P   -2 -2 -2 -3 -2  0  1 -4 -3  1 -1  1 -1 -3  4 -1  2 -4 -2  2    1   0   1   0   0   5   9   0   0  11   3  12   1   0  22   1  15   0   1  16  0.39 0.21
   62 G    0 -5 -3 -4 -5 -5 -5  7 -5 -6 -6 -4 -5 -6 -5 -3 -4 -5 -6 -6    8   0   0   0   0   0   0  92   0   0   0   0   0   0   0   0   0   0   0   0  2.09 0.55
   63 R   -4  7 -3 -4 -6 -2 -3 -5  0  0 -4  1 -1 -2 -5 -4 -4 -5 -4 -2    0  80   0   0   0   0   0   0   2   6   0   5   1   2   0   0   0   0   0   3  1.69 0.52
   64 N   -5 -2  8 -2 -6 -3 -3 -4 -3 -6 -6 -3 -5 -6 -5 -2 -3 -7 -5 -2    0   2  92   0   0   0   0   0   0   0   0   1   0   0   0   2   0   0   0   4  2.29 0.65
   65 P   -4 -5 -5 -5 -6 -5 -4 -6 -5 -2 -6 -4 -5  0  8 -4 -4 -7 -5 -5    0   0   0   0   0   0   0   0   0   3   0   0   0   4  93   0   0   0   0   0  2.83 0.69
   66 K   -2  3 -2 -3 -5  3 -1 -1  2 -5 -4  6 -3 -5 -4 -1 -3 -5 -4 -5    2  13   0   0   0  16   0   5   4   0   1  55   0   0   0   3   0   0   0   0  1.02 0.39
   67 T   -3 -4 -1 -4 -4 -4 -4 -4 -5 -4 -4 -2 -4 -5 -4  0  7 -6 -5 -3    0   0   2   0   0   0   0   0   0   0   0   1   0   0   0   6  90   0   0   0  1.89 0.61
   68 G   -2 -2 -2 -1 -5 -2 -4  7 -4 -6 -6  0 -5 -6 -5 -2 -4 -5 -5 -6    1   2   1   3   0   2   0  83   0   0   0   7   0   0   0   2   0   0   0   0  1.66 0.47
   69 E    0 -2 -2  1 -5  0  6 -4 -3 -3 -5  2 -4 -5 -3 -1 -2 -5 -4 -2   10   0   1   5   0   2  63   0   0   1   0  11   0   0   0   4   1   0   0   3  1.02 0.39
   70 D    0  0 -1  0 -3  1  3 -3 -1 -2 -3  2 -2 -4  3  1  1 -4 -1 -1    6   2   1   4   0   4  25   0   1   2   0  12   0   0  14  10  12   0   2   4  0.36 0.18
   71 I   -2 -5 -5 -5 -3 -4 -5 -5 -5  5  0 -5  2 -2 -5 -4 -2 -5  0  5    2   0   0   0   0   0   0   0   0  37   4   0   4   1   0   0   0   0   3  49  1.07 0.37
   72 P   -1 -1  0  1 -4  1  2 -3  1 -1 -2  2 -1 -2  4  0  0 -4 -2 -3    5   2   3   7   0   7  13   0   4   4   3  15   2   2  24   4   5   0   1   0  0.39 0.17
   73 I   -3 -3 -5 -5 -3 -5 -5 -6 -5  6  2 -5 -1 -2 -5 -4 -1 -5 -4  3    0   1   0   0   0   0   0   0   0  60  14   0   0   0   0   0   3   0   0  22  1.17 0.39
   74 T    1 -2 -1  1 -4 -1  2 -3 -2 -4 -3  0 -3 -5  5  1  1 -5 -4 -3   11   0   1  10   0   1  15   1   0   0   2   6   0   0  31  14   7   0   0   0  0.64 0.25
   75 A    5 -3 -3  0 -3 -1  2  0 -3 -4 -4 -2 -3 -5  3  1 -2 -5 -4 -3   52   0   0   5   0   2  14   7   0   0   0   1   0   0  13   7   0   0   0   0  0.71 0.32
   76 R   -1  5 -2 -3 -5 -1 -2 -2  1 -5 -4  5 -3 -4 -3  1  1 -5 -1 -4    4  35   0   0   0   0   0   3   3   0   0  37   0   0   0   9   8   0   2   0  0.85 0.34
   77 R   -3  5  1 -3  0  0 -2 -4  2 -4 -4  3 -3 -1 -4 -1 -1  2  3 -2    0  34   7   0   2   2   0   0   5   0   0  21   0   2   0   5   4   3  13   4  0.60 0.27
   78 V   -1 -4 -1 -5 -3 -1 -4 -2 -2  2 -2 -1 -2 -3 -4 -2  0 -5 -2  6    2   0   3   0   0   2   0   4   1   7   0   4   0   0   0   1   4   0   1  70  0.90 0.36
   79 V   -1 -5 -5 -5 -4 -4 -4 -5 -5 -1  0 -4  2 -2  6 -3 -3 -5 -4  4    4   0   0   0   0   0   0   0   0   1   9   0   5   2  49   0   0   0   0  31  1.27 0.40
   80 T    1  1 -2 -3 -3 -2 -2 -2  4 -2 -2  1 -2  1 -3  0  3 -3  1  1   11   9   0   0   0   0   0   2  15   0   2  12   0   7   0   5  23   0   4  10  0.30 0.20
   81 F   -5 -6 -6 -7 -5 -6 -6 -6 -4 -1 -3 -6 -3  9 -7 -6 -5 -2  0 -1    0   0   0   0   0   0   0   0   0   2   0   0   0  95   0   0   0   0   0   3  2.57 0.63
   82 R   -3  4 -2 -3 -5  0 -2 -4  1 -2 -4  6 -3 -5 -3  0  0 -5 -4 -1    0  24   0   0   0   1   0   0   4   2   0  52   0   0   0   6   7   0   0   4  0.93 0.36
   83 P    4 -4 -4 -4 -4 -3 -3 -3 -4 -4 -4 -3 -4 -2  6 -1  0 -5 -4 -1   38   0   0   0   0   0   0   0   0   0   0   0   0   2  45   4   6   0   0   5  1.25 0.40
   84 G   -1 -4 -3 -3 -4 -4 -4  6 -4 -6 -6 -4 -5 -5 -4  3 -1 -5 -5 -5    4   0   0   0   0   0   0  71   0   0   0   0   0   0   0  23   2   0   0   0  1.47 0.44
   85 Q   -1  0  1 -2 -5  4  0 -3  1 -5 -4  6 -3 -5 -3  1 -2 -5 -3 -4    3   1   5   0   0  19   4   1   3   0   1  52   0   0   0   9   1   0   0   0  0.90 0.35
   86 K    1  0  0  0 -2  0  2  0 -2 -1 -1  3 -1 -3 -2 -1  0 -4 -3 -1   11   3   3   3   1   3  19   6   0   4   7  27   1   1   0   2   4   0   0   5  0.21 0.14
   87 L   -4 -5 -6 -6 -4 -4 -5 -6 -5  1  6 -5  3  2 -5 -5 -4 -4 -3 -1    0   0   0   0   0   0   0   0   0   5  79   0   9   8   0   0   0   0   0   0  1.29 0.41
   88 K   -4  5 -3 -4 -6 -1 -2 -4 -3 -6 -5  7 -4 -6 -4 -3 -3 -6 -4 -5    0  30   0   0   0   0   0   0   0   0   0  70   0   0   0   0   0   0   0   0  1.68 0.50
   89 S    1 -1  0  4 -3  2  4 -3 -2 -4 -4  0 -3 -5 -3  1 -1 -5 -4 -4   14   2   4  25   0   8  32   0   0   0   0   4   0   0   0  10   2   0   0   0  0.63 0.25
   90 R    3  5 -3 -3 -4  0 -2 -3 -3 -2  0  2 -1 -4 -4 -1 -2 -4 -4 -2   26  46   0   0   0   3   0   0   0   2   8  10   1   0   0   1   0   0   0   1  0.73 0.30
   91 V   -1 -5 -5 -5  1 -4 -5 -5 -5  4  1 -4 -1 -3 -5 -4 -2 -5 -3  5    5   0   0   0   3   0   0   0   0  22  11   0   0   0   0   0   0   0   0  59  0.99 0.33
   92 E   -1 -1  5  2 -5  0  3 -3 -2 -5 -3  1 -4 -5 -3 -1 -2 -5 -4 -4    5   2  41  11   0   1  23   0   0   0   3  11   0   0   0   2   0   0   0   0  0.77 0.29
   93 N    0  0  2  0 -3  1  2  2 -1 -3 -2  1 -2 -4 -2  1  0 -4 -3 -3    8   4  13   4   0   5  13  22   0   0   3  12   0   0   0   9   6   0   0   0  0.28 0.12
   94 A    2 -1 -1 -1 -2 -1 -1  3 -2 -2 -1 -1 -2 -3  0  2  0 -3 -2 -1   22   2   1   2   0   1   2  24   0   1   7   1   0   0   4  24   3   0   1   5  0.28 0.12
   95 S    0  0  1 -1 -3  0  0 -1  3 -1 -1  2  0 -3 -1  1  1 -3 -1 -1   10   1   9   1   0   0   6   1  11   6   3  22   2   0   1  10  11   0   1   4  0.16 0.10
   96 P    0  0 -1 -2 -3  0 -1  2 -2 -2 -3  1 -1 -3  4  1 -1 -3  1 -1    5   5   1   0   0   5   1  21   0   1   0  11   1   0  26  14   0   0   7   4  0.43 0.12
   97 K    0  0  0  1 -3  0  2 -2 -2  0 -1  3 -2 -3  0  1  0 -4 -3 -1    9   1   2  10   0   2  14   0   0   7   4  33   0   0   4   9   3   0   0   3  0.24 0.10
   98 D   -1  0  2  4 -3  0  2  0 -1 -4 -4  0 -3 -4 -1  2 -1 -4 -3 -3    1   6  11  37   0   3  14   6   0   0   0   2   0   0   1  18   2   0   0   0  0.50 0.12
   99 E   -2 -1  0  4 -4  3  5 -2 -1 -4 -4  1 -3 -4 -2 -1 -1 -4 -3 -3    0   0   0  28   0  13  53   0   0   0   0   7   0   0   0   0   0   0   0   0  0.75 0.10

                      K         Lambda
Standard Ungapped    0.1348     0.3147
Standard Gapped      0.0558     0.2670
PSI Ungapped         0.1825     0.3172
PSI Gapped           0.0558     0.2670
