
Last position-specific scoring matrix computed, weighted observed percentages rounded down, information per position, and relative weight of gapless real matches to pseudocounts
            A   R   N   D   C   Q   E   G   H   I   L   K   M   F   P   S   T   W   Y   V   A   R   N   D   C   Q   E   G   H   I   L   K   M   F   P   S   T   W   Y   V
    1 G     2  -2  -1  -2  -2  -2  -2   5  -2  -3  -3  -1  -2  -3  -2   0  -1  -3  -3  -2   35   0   0   0   0   0   0  65   0   0   0   0   0   0   0   0   0   0   0   0  0.65 0.01
    2 S     1  -1   0  -1  -1   0   0  -1  -1  -3  -3   0  -2  -3  -1   5   1  -3  -2  -2    0   0   0   0   0   0   0   0   0   0   0   0   0   0   0 100   0   0   0   0  0.57 0.05
    3 H    -2  -1   3  -1  -3   2   0  -2   5  -2  -2  -1  -1   3  -3  -1  -1  -2   1  -3    0   0  26   0   0  17   0   0  34   0   0   0   0  23   0   0   0   0   0   0  0.39 0.04
    4 M     1  -1  -1  -2  -1   0  -1  -1  -2  -1   0   1   3  -2  -1   0   3  -2  -2   0   19   1   0   1   0   0   1   1   0   1   1  12  26   0   1   1  35   0   0   1  0.19 0.04
    5 Q    -1   2   0  -1  -2   3   2  -2  -1  -2  -2   0  -1  -3  -1   1   3  -3  -2  -1    1  14   0   0   0  19  15   1   0   0   1   1   0   0   0   6  40   0   0   1  0.32 0.06
    6 S     1   4  -1  -1  -2   0   1  -2  -1  -3  -2   1  -2  -3  -2   2   0  -3  -2  -2   10  46   0   0   0   0  13   1   0   0   1   0   0   0   0  20   6   0   0   0  0.40 0.07
    7 K    -1   3  -1  -1  -3   1   1   1  -1  -3  -3   3  -2  -3   1   0   1  -3  -2  -3    0  29   0   0   0   7  12  12   0   0   0  22   0   0   7   0  12   0   0   0  0.37 0.06
    8 V    -1  -3  -4  -4  -2  -3  -4  -4  -4   4   1  -3   0   2  -3  -3  -1  -3  -1   4    0   0   0   0   0   0   0   0   0  45   0   0   0  11   0   0   0   0   0  44  0.52 0.10
    9 V    -1  -2   0  -2  -2   0  -2  -3   3   3   0  -2   1   0  -3  -1   2  -2   1   2    0   0   3   0   0   5   0   0  14  27   0   0   5   5   0   0  24   0   4  14  0.20 0.08
   10 P     1  -2  -3  -2  -3  -2  -2  -3  -3  -3  -4   1  -3  -4   7  -1   0  -4  -4  -3   12   0   0   0   0   0   0   0   0   0   0   9   0   0  73   0   7   0   0   0  1.56 0.18
   11 I    -2  -4  -4  -4  -2  -4  -4  -5  -4   6   2  -4   1  -1  -4  -3  -2  -3  -2   2    0   0   0   0   0   0   0   0   0  75  22   0   0   0   0   0   0   0   0   3  0.78 0.18
   12 A     2  -2   0   0  -2  -1   0   1  -2   1  -2  -1  -1  -2  -2   2   0  -3  -2   0   26   0   3   4   0   0   8   8   0  15   0   0   0   0   0  28   3   0   0   5  0.19 0.08
   13 S     1  -2   0   4  -2   0   0   0  -2  -3  -3  -1   1  -3  -2   3   0  -4  -3  -2   14   0   0  29   0   4   0   3   0   0   0   0   8   0   0  41   0   0   0   0  0.42 0.13
   14 L    -2  -3  -4  -5  -2  -3  -4  -5  -4   2   5  -3   1   0  -4  -3  -2  -3  -2   1    0   0   0   0   0   0   0   0   0   8  83   0   0   0   0   0   0   0   0   8  0.74 0.16
   15 T    -1  -1   4   0  -2   1   1  -2   1  -2  -3  -1  -2  -3  -2   2   2  -4  -2   0    0   0  27   0   0   8   8   0   5   0   0   0   0   0   0  26  18   0   0   8  0.35 0.11
   16 P    -2  -2  -2  -2  -3  -1   1  -3   3  -3  -3  -2  -3  -4   7  -1  -1  -4  -2  -3    1   0   0   0   0   0   9   1  12   0   1   0   0   0  68   1   5   0   0   0  1.46 0.18
   17 Y    -2  -2   2  -2  -3  -2   0   0   0  -2   0  -2  -1   2  -4  -2  -2   0   7  -2    0   0  13   0   0   0   8   8   0   0  12   0   0   4   0   0   0   0  55   0  0.64 0.17
   18 Q    -2  -1  -1   1  -3   5   2  -1  -1  -2  -2   0   3  -3  -2  -1  -1  -3  -2   0    0   0   0   8   0  52  12   4   0   0   0   0  13   0   0   3   0   0   0   8  0.52 0.16
   19 S     1  -2   2   1  -2  -1  -1   3  -2   0  -1  -1   1  -2   0   1  -1  -3  -3  -1   13   0  15   8   0   0   0  24   0   8   4   0   8   0   3  17   0   0   0   0  0.21 0.07
   20 K    -1   2   4   0  -3   0   1   0  -1  -3  -3   3  -2  -3  -2   0   1  -4  -3  -1    0  11  27   0   0   0   8   8   0   0   0  26   0   0   0   3  12   0   0   4  0.34 0.10
   21 W    -3  -4  -5  -5  -3  -3  -4  -4  -4  -1   1  -4  -1   2  -5  -4  -3  11   1   1    0   0   0   0   0   0   0   0   0   0  13   0   0   8   0   0   0  63   0  16  1.86 0.25
   22 T     0   0   2  -1  -2   0   1  -2  -2  -1  -2   2  -2  -3  -2   0   3   2  -2  -1   10   4  11   0   0   0   8   0   0   3   0  17   0   0   0   0  38   4   0   3  0.27 0.10
   23 I    -2  -4  -4  -4  -2  -3  -4  -4  -4   5   1  -3   0  -1  -4  -2  -1  -3  -2   3    0   0   0   0   0   0   0   0   0  70   8   0   0   0   0   4   0   0   0  18  0.67 0.16
   24 C    -2   2  -1  -2   3   0  -1  -3   2   2   0   3  -1  -2  -2  -1   0  -3  -2  -1    0  16   0   0   8   0   0   0   8  21   8  31   0   0   0   0   8   0   0   0  0.22 0.10
   25 A     3  -3  -2  -3  -2  -2  -2   3  -3  -1  -2  -2  -2  -3  -2   0  -1  -3  -3   2   47   0   0   0   0   0   0  30   0   0   0   0   0   0   0   0   0   0   0  23  0.46 0.13
   26 R    -2   6  -2  -3  -4   0  -2  -4  -2   1  -2   1   2  -3  -3  -2  -2  -4  -3   1    0  70   0   0   0   0   0   0   0   9   0   0   8   0   0   0   0   0   0  12  0.76 0.18
   27 V    -1  -4  -4  -4  -2  -3  -4  -4  -4   4   0  -3   0  -2  -3  -3  -1  -4  -2   5    0   0   0   0   0   0   0   0   0  24   0   0   0   0   0   0   0   0   0  76  0.78 0.18
   28 T     0  -2  -1  -2  -2  -2  -2  -2  -3   1   1  -2  -1  -2  -2   2   5  -3  -2   0    4   0   0   0   0   0   0   0   0  13  12   0   0   0   0  13  58   0   0   0  0.46 0.15
   29 N     0   1   3   2  -3   0  -1   2   3  -3  -3  -1  -2  -3  -2   1  -1  -3   0  -3    9   8  22  12   0   2   0  21  12   0   0   0   0   0   0   9   0   0   4   0  0.33 0.08
   30 K    -2   1  -1  -2  -4   0  -1  -3  -2   0  -3   6  -2  -4  -2  -1  -2  -4  -3   0    0   0   0   0   0   0   0   0   0   8   0  84   0   0   0   0   0   0   0   8  0.80 0.21
   31 S     1  -2  -1  -1  -2  -1   1   3  -2  -3  -3  -1  -2  -3  -2   4   2  -3  -3  -2    6   0   0   0   0   0   8  23   0   0   0   0   0   0   0  50  13   0   0   0  0.48 0.13
   32 Q    -1   1   1   4  -4   2   3  -1  -1  -3  -3   1  -2  -4  -2  -1  -1  -4  -3  -1    5   8   3  33   0  10  20   3   0   0   0  12   0   0   0   0   0   0   0   5  0.42 0.09
   33 I    -2  -3  -4  -4  -2  -3  -4  -4  -4   4   2  -3   2  -1  -3  -3  -1  -3  -2   3    0   0   0   0   0   0   0   0   0  50  21   0   5   0   0   0   0   0   0  24  0.56 0.13
   34 R    -2   6  -1  -2  -4   0  -1  -3  -1  -4  -3   4  -2  -4  -3  -2  -2  -4  -3  -4    0  64   0   0   0   0   0   0   0   0   0  36   0   0   0   0   0   0   0   0  1.04 0.20
   35 T    -1   1   1  -2  -2   0  -2   1   2  -2  -3  -1  -2  -2  -2   0   4  -2   2  -2    0   8   7   0   0   3   0  13   6   0   0   0   0   0   0   0  50   0  12   0  0.38 0.14
   36 W    -3  -4  -4  -5  -3  -3  -4  -4  -1  -1  -1  -4  -2   5  -5  -3  -3   8   5  -2    0   0   0   0   0   0   0   0   0   4   0   0   0  36   0   0   0  31  29   0  1.38 0.21
   37 S    -1  -1   1  -1  -3   0   1   1   3  -4  -3   2  -3  -3   4   2  -1  -4  -2  -3    0   0  10   0   0   0   8  12  11   0   0  17   0   0  21  22   0   0   0   0  0.44 0.10
   38 N     0   2   6   0  -4   0  -1  -2  -1  -4  -4   2  -3  -4  -3   0  -1  -4  -3  -3    8  16  60   0   0   0   0   0   0   0   0  16   0   0   0   0   0   0   0   0  0.74 0.17
   39 S     1   1  -1   1  -2   1  -1  -2  -2   0  -2   1  -1  -3   4   1  -1  -3  -3  -1   21   8   0   8   0   8   0   0   0  13   0   8   0   0  22  13   0   0   0   0  0.31 0.08
   40 R    -1   4   2   1  -3   0  -1   2  -1  -4  -3   1  -2  -3  -2  -1   0  -3  -3  -3    0  41  16   8   0   0   0  21   0   0   0   6   0   0   0   0   4   0   0   0  0.47 0.11
   41 G     0   1  -1  -2  -3  -1  -2   5  -2  -3  -3   0   0  -3  -2   2   0  -3  -3  -3    0   8   0   0   0   0   0  52   0   0   0   8   5   0   0  20   4   0   0   0  0.55 0.11
   42 E    -1  -1   0   3  -3   1   5  -2  -1  -3  -3   0  -2  -3  -1   1  -1  -3  -2  -2    1   1   1  17   0   5  53   1   0   1   1   1   0   1   1  13   1   0   1   1  0.56 0.11
   43 G    -1   2  -1  -2  -3  -1  -2   5  -2  -3  -3   0  -2  -3  -2  -1  -2  -3  -3  -3    1  14   1   1   0   1   1  68   0   1   1   5   0   1   1   1   1   0   1   1  0.76 0.12
   44 K    -2   2  -1  -2   3   0  -1  -3  -1  -3  -3   5  -2  -2  -2  -1  -1  -2   3  -3    0   8   0   0   9   0   0   0   0   0   0  68   0   0   0   0   3   0  13   0  0.66 0.18
   45 L    -1  -3  -3  -4  -2  -2  -3  -4  -2   1   2  -3   3   2  -3  -2   1  -2   2   2    0   0   0   0   0   0   0   0   0   4  30   0  12   8   0   0  13   0   8  24  0.30 0.09
   46 F    -3  -3  -4  -4  -3  -3  -4  -4  -3   2   0   0  -1   7  -4  -3  -3  -1   1  -1    0   0   0   0   0   0   0   0   0  20   0   8   0  72   0   0   0   0   0   0  0.94 0.20
   47 S     0   1   4   0  -3   0   1  -1  -1  -4  -4  -1  -3  -4  -2   4   0  -4  -3  -3    0   8  24   0   0   0  12   0   0   0   0   0   0   0   0  55   0   0   0   0  0.57 0.16
   48 L    -2  -3  -4  -4  -2  -3  -4  -4  -3   2   2  -3   2   5  -4  -3  -2  -1   1   2    0   0   0   0   0   0   0   0   0  13  25   0   6  40   0   0   0   0   0  16  0.52 0.12
   49 E    -2  -1   1   4  -3   0   4  -2  -1  -3  -3  -1  -3  -4  -2   0   3  -4  -3  -3    0   0   8  25   0   0  42   0   0   0   0   0   0   0   0   0  25   0   0   0  0.63 0.15
   50 L    -2  -3  -4  -4  -2  -3  -4  -4  -4   4   3  -3   2   1  -4  -3  -2  -3  -1   2    0   0   0   0   0   0   0   0   0  37  44   0   2   4   0   0   0   0   0  12  0.53 0.12
   51 V     1   1  -2  -3  -2  -1  -2  -2  -2   1   2  -1   2  -1  -2  -1   2  -3  -2   1   20  13   0   0   0   0   0   0   0   4  22   0  11   0   0   0  17   0   0  13  0.17 0.08
   52 D    -3  -3   0   7  -5  -2   0  -3  -2  -5  -5  -2  -4  -5  -3  -1  -2  -6  -4  -5    0   0   0 100   0   0   0   0   0   0   0   0   0   0   0   0   0   0   0   0  1.65 0.26
   53 E     1  -1   0   2  -3   1   3  -2  -1  -3  -3   1  -2  -3  -2   3   0  -4  -3  -1    8   0   0  11   0   3  29   0   0   0   0   8   0   0   0  33   4   0   0   3  0.38 0.10
   54 S     0  -2   1   0  -2  -1   0   2  -2  -3  -3  -1  -3  -3   3   4   1  -4  -3  -3    0   0   8   3   0   0   5  14   0   0   0   0   0   0  13  48   8   0   0   0  0.46 0.12
   55 G     1  -3   0  -2  -3  -3  -3   6  -3  -4  -4  -2  -3  -4  -3  -1  -2  -4  -4  -4   12   0   5   0   0   0   0  83   0   0   0   0   0   0   0   0   0   0   0   0  1.18 0.19
   56 E     0  -1  -1   1  -3   2   4  -2   3  -3  -2   0   1  -3  -2   1   1  -3  -2  -2    4   0   0   8   0   9  38   0  13   0   0   0   8   0   0   8  12   0   0   0  0.40 0.11
   57 I    -2  -4  -4  -4  -2  -3  -4  -4  -4   5   0  -3   0  -1  -3  -3   1  -4  -2   3    0   0   0   0   0   0   0   0   0  67   0   0   0   0   0   0   8   0   0  25  0.69 0.17
   58 R    -2   5   2  -2  -4   2  -1  -2  -1  -4  -3   1  -2  -4  -3   1   1  -4  -3  -3    0  59  13   0   0   9   0   0   0   0   0   0   0   0   0  12   8   0   0   0  0.68 0.16
   59 A     3  -3  -3  -3   3  -2  -2  -2  -2   0  -1  -2   2  -1  -2  -1  -1  -2   1   2   47   0   0   0   8   0   0   0   0   0   0   0   8   0   0   0   0   0   8  28  0.35 0.13
   60 T     0  -2  -1  -2  -2   0  -2  -2  -3   1  -2  -2  -1  -3  -2   1   5  -3  -3  -1    8   0   0   0   0   3   0   0   0  12   0   0   0   0   0   5  72   0   0   0  0.64 0.18
   61 A     2  -2  -2  -3   4  -2  -2   0  -3   0   1  -2   3  -2  -2   1  -1  -3  -2   0   26   0   0   0  14   0   0   6   0   0  20   0  17   0   0  13   0   0   0   4  0.25 0.10
   62 F    -4  -4  -5  -5  -4  -4  -4  -4  -3  -2  -2  -4  -2   6  -5  -4  -4  10   2  -3    0   0   0   0   0   0   0   0   0   0   0   0   0  56   0   0   0  44   0   0  1.88 0.26
   63 N    -2  -1   6   2  -4  -1   0   1  -1  -4  -4   0  -3  -4  -3   0  -1  -5  -3  -4    0   0  72   8   0   0   5   8   0   0   0   6   0   0   0   0   0   0   0   0  0.94 0.19
   64 E     2  -2   3   4  -3   0   3  -2  -1  -3  -4  -1  -3  -4  -2   0  -1  -4  -3  -3   23   0  18  33   0   0  26   0   0   0   0   0   0   0   0   0   0   0   0   0  0.56 0.13
   65 Q     1  -1  -1   1  -2   2   1  -2  -1   0   1  -1   0   0  -2   0   0  -2   1   0   16   0   0   8   0  17  10   0   0   0  26   0   0   4   0   3   4   0   5   7  0.11 0.06
   66 V     3  -3  -3  -3   5  -2  -3  -2  -3   2   0  -2  -1  -2  -2  -1  -1  -3  -2   3   40   0   0   0  15   0   0   0   0  13   3   0   0   0   0   0   0   0   0  29  0.39 0.12
   67 D    -2   1   1   4  -4   0   2  -2  -1  -4  -4   1  -3  -4   2  -1   0  -4  -3  -3    0  10   8  38   0   0  17   0   0   0   0  11   0   0  12   0   4   0   0   0  0.56 0.11
   68 K     0   1  -1  -1  -3   1   1  -2  -1  -2   0   3  -1  -3  -2   2   0  -3  -2  -2    3   6   0   0   0   6  12   0   0   0  16  32   0   0   0  21   4   0   0   0  0.25 0.09
   69 F    -2  -3  -3  -3  -2  -3  -3  -3  -2  -1   1  -3   0   6  -3  -2  -2   6   2  -1    1   1   1   1   0   1   1   1   0   1  18   1   0  56   1   1   1  12   1   1  0.73 0.13
   70 F    -1  -2   0  -2  -2  -1  -1  -2   2  -2  -1  -2  -1   4  -2   1  -1   0   5  -2    1   1   5   1   0   1   5   1   5   1   1   1   0  22   1  14   1   0  38   1  0.46 0.10
   71 P    -1  -1   0   4  -3   0   1  -1  -1  -3  -3   1  -2  -3   3   1   0  -3  -2  -2    1   1   1  34   0   1   8   4   0   1   1  13   0   1  16  10   5   0   1   1  0.42 0.07
   72 L    -1   0   0   1  -2   0  -1  -2  -1   1   1   0   1  -1  -2   1   1  -3  -2   0    1   6   5   9   0   6   0   1   0   8  21   3   4   0   0  21   9   0   0   6  0.08 0.04
   73 I    -2  -3  -3  -3  -2  -3  -3  -3  -3   3   2  -3   1   3  -3  -2  -1  -2   0   2    1   0   0   0   0   0   0   1   0  33  20   0   0  22   0   1   3   0   0  16  0.35 0.09
   74 E    -1   3  -1  -1  -3   2   3  -2  -1  -2  -2   2  -1  -3  -2  -1   1  -3  -2   0    1  20   0   0   0  14  28   1   0   0   1  14   0   0   0   1   9   0   0  10  0.34 0.09
   75 V    -1  -3  -1  -2  -2  -1   1  -4  -3   1   1  -2   1  -2  -3  -2  -1  -4  -2   4    0   0   4   0   0   2  16   0   0   0   8   0   3   0   0   0   0   0   0  66  0.41 0.15
   76 N    -1  -3   3   0  -4  -2   0   6  -2  -5  -5  -2  -4  -4  -3  -1  -2  -4  -4  -4    0   0  19   3   0   0   8  70   0   0   0   0   0   0   0   0   0   0   0   0  0.97 0.17
   77 K    -1   1   1   2  -3   1   2  -2  -1  -2   1   3  -1  -3  -2   0  -1  -3  -2  -2    0   3   6  16   0   4  13   0   0   0  20  31   0   0   0   7   0   0   0   0  0.25 0.08
   78 V    -1  -3  -3  -4   4  -3  -3  -4  -4   2   1  -3   0  -2  -3   0  -1  -3  -2   4    0   0   0   0  13   0   0   0   0   4  11   0   0   0   0   8   0   0   0  64  0.51 0.15
   79 Y    -2  -2  -3  -3  -3  -2  -3   0   0  -1   1  -2  -1   2  -3  -2  -2   0   7   1    1   0   0   0   0   0   1   8   0   0  13   0   0   3   0   1   0   0  57  13  0.65 0.15
   80 Y    -2  -2  -3  -4  -2  -2  -3  -4  -1   1   3  -3   0   1  -3  -2  -2   0   6   0    1   0   0   0   0   0   1   1   0   5  40   0   0   0   0   1   0   0  45   3  0.60 0.14
   81 F    -2  -2  -3  -3  -2  -2  -3  -3  -3   4   2   0   1   2  -3  -2  -1  -2  -1   2    1   0   0   0   0   0   1   1   0  43  21   8   0  15   0   1   0   0   0   8  0.31 0.09
   82 S     0  -1   0  -1  -2   3   2  -1  -1  -3  -3   0  -2  -3  -2   4   1  -3  -2  -2    1   0   0   0   0  20  13   1   0   0   1   0   0   0   0  57   3   0   0   1  0.52 0.14
   83 K    -1   4   1   2  -3   0   0   2  -1  -3  -3   3  -2  -3  -2  -1  -1  -3  -2  -3    1  29   5  12   0   0   1  21   0   0   1  27   0   0   0   1   0   0   0   1  0.41 0.09
   84 G     0  -2  -1   1   2  -2  -2   4  -1  -3  -3   0  -2  -2   0  -1  -2  -2   2  -3    5   0   0   8   7   0   1  49   0   0   1   8   0   0   5   1   0   0  12   1  0.45 0.10
   85 T     1   0   1  -1  -2   1   1  -1  -1  -2  -1   0  -1  -3  -1   3   2  -3  -2  -2   10   4   8   0   0   8   9   1   0   0   6   5   0   0   0  35  12   0   0   1  0.24 0.07
   86 L    -2  -3  -4  -4  -2  -3  -4  -4  -4   3   3  -3   1  -1  -3  -3  -1  -3  -2   3    0   0   0   0   0   0   0   0   0  21  43   0   0   0   0   0   0   0   0  36  0.54 0.12
   87 K    -2   3   0  -1  -4   2   1  -3  -1  -4  -3   5  -2  -4  -2  -1  -2  -4  -3  -3    0  14   3   0   0   9   8   0   0   0   0  66   0   0   0   0   0   0   0   0  0.74 0.17
   88 I    -2   1  -1  -2  -3   1  -2  -3  -2   3   0  -1  -1  -2   5  -2  -1  -4  -3   0    0  13   4   0   0   8   0   0   0  30   5   0   0   0  34   0   2   0   0   3  0.53 0.12
   89 A     4  -2  -2  -2  -2  -1   2  -1  -2  -1   0   0  -1  -3  -2   0  -1  -3  -2   0   63   0   0   0   0   0  16   0   0   0  12   5   0   0   0   0   0   0   0   4  0.38 0.14
   90 N    -2   2   4   1  -4   2   2  -2  -1  -4  -4   1  -2  -3  -2  -1  -1   4  -2  -3    0  12  37   8   0  14  13   0   0   0   0   8   0   0   0   0   0   8   0   0  0.54 0.12
   91 K     1   1  -1  -2  -3   0   1  -2  -2  -1  -3   5  -2  -4   2  -1  -1  -4  -3  -2   16   4   0   0   0   0   5   0   0   4   0  59   0   0  12   0   0   0   0   0  0.54 0.15
   92 Q    -2   3   2  -1  -4   5   0  -3  -1  -3  -3   2  -2   1  -3  -1  -2  -3  -2  -3    0  17  11   0   0  52   0   0   0   0   0  12   0   8   0   0   0   0   0   0  0.64 0.17
   93 F     0  -3  -3  -3  -3  -3  -3  -3  -1   0  -1  -3   1   6   2   0  -2   0   4  -1    8   0   0   0   0   0   0   0   0   4   0   0   4  47  12   8   0   0  17   0  0.58 0.14
   94 T    -1   2   3   0  -3   0  -1  -2  -1  -3  -3   2  -2  -3   1   2   2  -4  -3  -2    0  16  23   4   0   0   0   0   0   0   0  17   0   0   8  17  16   0   0   0  0.37 0.10
   95 A     1   1   3  -1  -2   0  -1  -1   3  -2  -2   1  -2  -3   0   1   1  -3  -1  -2   21   8  21   0   0   0   0   1  11   0   1   9   0   0   4   9  12   0   0   1  0.24 0.07
   96 V    -1   0  -3  -3  -2  -2  -3  -3  -3   1   2  -2   0  -1  -3  -1   2   4  -1   3    0   8   0   0   0   0   0   0   0   0  32   0   0   0   0   0  21   8   0  30  0.33 0.11
   97 K    -1   2   2   2  -3   1   0   0   1  -1  -3   2  -2  -3   3  -1   0  -4  -2  -2    0  11  13  12   0   9   0   8   3   8   0  15   0   0  16   0   4   0   0   0  0.28 0.07
   98 N    -2  -1   6   2  -3  -1  -1  -2   4  -4  -4  -1  -3  -4  -3   2  -1  -4  -2  -4    0   0  52   8   0   0   0   0  16   0   0   0   0   0   0  25   0   0   0   0  0.75 0.17
   99 D    -1  -1   3   5  -3  -1   1  -2  -1  -3  -4   1  -3  -4   0   0   1  -4  -3  -3    3   0  21  43   0   0   9   0   0   0   0   8   0   0   4   0  12   0   0   0  0.58 0.12
  100 Y    -2  -3  -3  -4   3  -3  -3  -4   0  -1   0  -3   3   1  -4  -3  -2   4   7   0    0   0   0   0   8   0   0   0   0   0   8   0  12   0   0   0   0   6  58   8  0.87 0.19
  101 E    -2  -1  -1   0  -4   1   6  -3  -1  -4  -4   2  -3  -4  -2  -1   0  -4  -3  -3    0   0   0   0   0   0  79   0   0   0   0  13   0   0   0   0   8   0   0   0  0.96 0.20
  102 M    -2  -3  -4  -4  -2  -3  -4  -4  -3   4   3  -3   4  -1  -4  -3  -2  -3  -2   1    0   0   0   0   0   0   0   0   0  37  41   0  22   0   0   0   0   0   0   0  0.61 0.15
  103 T    -1  -2   0  -2   4  -2  -2  -3   0  -1   1  -2   1  -1  -2   1   4  -3  -2  -1    0   0   4   0  12   0   0   0   3   0  16   0   6   3   0   8  48   0   0   0  0.37 0.13
  104 F    -2  -3  -3  -4  -2  -3  -3  -4   2   0   4  -3   1   3  -4  -1  -2  -2   0  -1    0   0   0   0   0   0   0   0   8   0  63   0   0  21   0   8   0   0   0   0  0.49 0.14
  105 N    -2   1   4   3  -3   0   3  -2  -1  -3  -3   0  -3  -4  -2   0   2  -4  -3  -3    0   8  33  17   0   0  22   0   0   0   0   0   0   0   0   3  16   0   0   0  0.51 0.12
  106 N    -1   1   4   0  -3   0   1   1  -1  -3  -3   0  -2  -3  -2   2   1  -4  -3  -3    0  12  31   0   0   0   9   9   0   0   0   0   0   0   0  28  12   0   0   0  0.41 0.11
  107 E     0  -1   3   3  -3   0   3  -1   3  -3  -1  -1  -2  -3  -2  -1  -1  -4  -2  -2   10   0  21  16   0   0  24   3  13   0  11   0   0   0   0   0   3   0   0   0  0.31 0.09
  108 T     0  -2  -1  -2  -2  -1  -2  -2  -2   1  -2  -1  -2  -3  -2   4   4  -4  -2  -1    3   0   0   0   0   0   0   0   0  12   0   0   0   0   0  45  39   0   0   0  0.51 0.16
  109 S    -1   1  -1  -1  -2  -1   1  -2  -2   1  -1   1   1  -2  -2   1   2  -3  -2   2    0   8   0   0   0   0  13   0   0   8   0   8   5   0   0  13  22   0   0  23  0.17 0.08
  110 V    -1  -4  -4  -4  -2  -3  -4  -4  -4   4   0  -3   0  -1  -4  -3  -1  -4  -2   5    0   0   0   0   0   0   0   0   0  40   0   0   0   0   0   0   0   0   0  60  0.74 0.17
  111 M    -1   0  -1   0  -3   1   3  -3  -2   2  -1   2   0  -2  -2  -1  -1  -3  -2   1    0   3   0   3   0   6  27   0   0  21   2  24   4   0   0   0   0   0   0  10  0.24 0.09
  112 P     0  -1  -2  -2  -3   0   1  -3  -2  -1   0   1  -1  -3   5  -1  -1  -4  -3   1    8   0   0   0   0   3  13   0   0   0  13  12   0   0  35   0   0   0   0  16  0.51 0.10
  113 C     1  -3  -3  -3   8  -2   1   2  -3  -2  -1  -2  -2  -3  -3  -1  -2  -3  -3  -2   16   0   0   0  47   0  12  16   0   0   8   0   0   0   0   0   0   0   0   0  0.76 0.16
  114 E    -1   0  -1   1  -3   0   4   0  -1  -3  -3   1  -2  -1   1   1  -1  -3  -2  -3    0   4   0   8   0   0  40   8   0   0   0  12   0   4   6  18   0   0   0   0  0.38 0.10
  115 D    -1  -1   2   4  -3   2   2   0  -1  -3  -3   0  -2  -3  -2   1  -1  -3  -3  -3    1   0  11  35   0  16  12   4   0   0   1   0   0   0   0  16   0   0   0   0  0.48 0.10
  116 D    -1  -1  -1   3  -3   1   3  -1  -1  -1   1  -1  -1  -1  -2   0  -1  -2   1  -2    3   0   0  23   0   4  29   3   0   0  22   0   0   0   0   5   0   0   8   0  0.25 0.08
  117 H     0  -1   1   0  -2   0   1   1   1  -1  -1   0  -1  -1  -2   0   0   2   1  -1    5   0   8   3   0   2  13  14   6   5   8   8   0   0   0   8   7   4   8   0  0.10 0.03
  118 H     1   0   1   2  -2   0   1  -2   4  -3  -2  -1   0  -1   0   2   0  -3  -1  -2   15   4   4  12   0   0   8   0  21   0   0   0   5   3   3  21   3   0   0   0  0.25 0.08
  119 L     0  -3  -4  -4  -2  -3  -3  -4  -3   3   3  -3   1   0  -3  -2  -1  -3  -2   2    8   0   0   0   0   0   0   0   0  24  45   0   0   3   0   0   0   0   0  20  0.42 0.10
  120 P    -2  -4  -3  -3  -4  -3  -2  -4  -4  -4  -4  -2  -4  -5   8  -2  -2  -5  -4  -4    0   0   0   0   0   0   0   0   0   0   0   0   0   0 100   0   0   0   0   0  2.58 0.29
  121 T    -1   2  -1  -1  -3   1   3  -3  -1  -2  -2   4   2  -3  -2   0   1  -3  -2  -1    0   9   0   0   0   3  25   0   0   0   0  40   9   0   0   2   8   0   0   3  0.41 0.12
  122 V    -1  -2  -2  -2  -2   1   1  -3   0   2   2  -1   0   1  -3  -1   0  -2   0   1    3   0   0   0   0  10  13   0   3  15  26   0   0   8   0   0  10   0   3  10  0.13 0.06
  123 Q    -1   2   1  -1  -3   3   0  -2   2   0  -2   2  -1  -3  -2   1  -1  -3  -2  -2    0  15   9   0   0  25   0   0   7  12   0  20   0   0   0  13   0   0   0   0  0.32 0.10
  124 F    -2   0   1   1   0  -1   0  -3   3  -2   0  -2  -1   5  -3  -2  -2  -1   3  -2    0   5   8   8   2   0   8   0  12   0   8   0   0  34   0   0   0   0  14   0  0.35 0.10
  125 D    -2   2   3   3  -3   0   1  -2   2  -3  -3   1  -3  -4  -2   0   1  -4  -2  -3    0  12  23  26   0   0  10   0   6   0   0   8   0   0   0   6   8   0   0   0  0.44 0.09
  126 F    -3   0  -4  -4  -3  -3  -3  -4  -1  -1   1  -3  -1   6  -4  -3  -3   0   5  -2    0   8   0   0   0   0   0   0   0   0  11   0   0  59   0   0   0   0  21   0  0.89 0.18
  127 T    -1   2  -2  -3  -2  -2  -2  -3  -2   2   0  -1   0  -1  -2  -1   1  -2   2   3    1  15   0   0   0   0   1   1   0  12   1   0   0   0   0   1  10   0  13  43  0.25 0.10
  128 G     0  -1   0  -1  -2   0  -1   0  -2  -3  -3   2  -2  -3   4   2   2  -3  -2  -2    1   0   3   0   0   3   1   6   0   0   1  20   0   0  21  26  15   0   0   1  0.41 0.09
  129 I    -2   1  -3  -3  -2  -2  -3  -4  -3   4   3  -2   1  -1  -3  -2  -1  -3  -2   1    1  12   0   0   0   0   1   1   0  51  30   0   0   0   0   1   0   0   0   1  0.40 0.11
  130 D     1  -2   0   2  -2   0   1   3  -1  -3  -3  -1  -2  -3  -2   2  -1  -3  -3  -2   12   0   3  14   0   4   7  30   0   0   1   0   0   0   0  24   0   0   0   1  0.36 0.08
  131 D    -1  -2   2   5  -4   1   4  -2  -1  -4  -2  -1  -3  -4  -2  -1  -2  -4  -3  -3    4   0   8  43   0   3  37   0   0   0   4   0   0   0   0   0   0   0   0   0  0.72 0.14
  132 L    -2  -3  -4  -4  -2  -3  -4  -5  -4   4   4  -3   1  -1  -4  -3  -2  -3  -2   2    0   0   0   0   0   0   0   0   0  45  48   0   0   0   0   0   0   0   0   7  0.63 0.14
  133 E     0  -1  -1   2  -3   1   3   3   2  -4  -4   0  -3  -4  -2   0  -2  -3  -2  -3    8   0   0  12   0   4  27  33   8   0   0   4   0   0   0   3   0   0   0   0  0.44 0.10
  134 N    -1  -1   3   3  -3   1   2   1   3  -4  -4  -1  -3  -2  -2   1  -1  -3   1  -3    0   0  19  18   0   4  16  12  13   0   0   0   0   0   0  10   0   0   9   0  0.37 0.09
  135 K     0   1  -2  -3  -2   0  -1  -3   1   0   1   0   5  -1  -2   1   0  -2   0   1    6   7   0   0   0   4   0   0   4   0   8   8  32   0   0  13   2   0   4  12  0.17 0.10
  136 S     1   1   1  -1   1   0   2  -1  -1  -2   0   0  -1  -3   3   1  -1  -3  -2  -2   12   8   8   0   4   3  22   3   0   0  13   0   0   0  14  12   0   0   0   0  0.22 0.07
  137 K    -1   0   4   1  -3   1   1   0  -1  -2  -3   2  -2  -3   1   0  -1  -4  -3  -1    0   0  34   5   0   5  12   8   0   0   0  16   0   0   8   0   0   0   0   9  0.33 0.09
  138 D    -1   0   3   2  -3   0   1   3  -1  -3  -3   1  -3  -3  -2   0  -1  -3  -3  -3    1   4  24  16   0   0   8  30   0   0   1  13   0   0   0   1   0   0   0   0  0.43 0.09
  139 S     1   2  -1   0   2   1   0  -1  -1  -2  -1   0   1  -2  -1   2   1  -2  -2  -1   13  14   1   3   7   4   7   1   0   1   1   1   9   0   1  26  11   0   0   1  0.18 0.06
  140 L    -1  -2  -1  -3  -2  -2  -3  -3  -3   4   2  -2   2  -1  -3  -2   1  -3  -2   2    4   0   5   0   0   0   0   1   0  42  23   0   5   0   0   1  11   0   0   6  0.27 0.08
  141 V     0  -3  -3  -4   4  -3  -3  -3  -4   3   1  -3   0  -1  -3  -2   0  -3  -2   3    8   0   0   0  12   0   0   0   0  30  10   0   0   0   0   0   3   0   0  37  0.41 0.11
  142 D    -2  -2   3   6  -4  -1   0  -2  -2  -4  -4  -2  -3  -4  -2  -1   2  -5  -4  -3    0   0  13  71   0   0   0   0   0   0   0   0   0   0   0   0  16   0   0   0  1.02 0.19
  143 I    -1  -3  -4  -4  -2  -3  -3  -4  -4   3   1  -3   0   1  -3  -3   0  -3  -1   5    0   0   0   0   0   0   0   0   0  11   6   0   0   8   0   0   3   0   0  72  0.59 0.16
  144 I    -2  -3  -4  -3  -2  -2   0  -4  -3   4   3  -3   2  -1  -3  -3  -2  -3  -2   1    0   0   0   0   0   0   8   0   0  51  33   0   8   0   0   0   0   0   0   0  0.50 0.13
  145 G     1  -3  -2  -2  -3  -3  -3   6  -3  -3  -4  -2  -3  -4  -3  -1  -2  -4  -4  -1   13   0   0   0   0   0   0  79   0   0   0   0   0   0   0   0   0   0   0   8  1.04 0.18
  146 I     1  -3  -3  -3  -2  -2   0  -3  -3   3   2  -2   1  -1  -3  -2  -1  -3  -2   3   13   0   0   0   0   0   8   0   0  28  16   0   4   0   0   0   0   0   0  31  0.29 0.09
  147 C    -1  -4  -4  -4   5  -3  -4  -4  -4   2   2  -3   0  -2  -3  -3  -1  -3  -2   5    0   0   0   0  16   0   0   0   0   4  15   0   0   0   0   0   0   0   0  65  0.62 0.16
  148 K    -1   1  -1  -1  -2   2   1  -2  -1   0  -1   2  -1  -3  -2   1   2  -3  -2   0    0   5   0   0   0  16   8   0   0   8   4  24   0   0   0  13  16   0   0   4  0.23 0.08
  149 S     0  -1   1  -1  -2  -1   0  -2  -1  -3  -3   2  -2   2  -2   4   1  -3  -1  -2    0   0   8   0   0   0   3   0   0   0   0  20   0  12   0  52   4   0   0   0  0.39 0.14
  150 Y     1  -3  -3  -4  -2  -3  -3  -3  -3   2   0  -3   2  -1  -3  -2  -1  -3   1   4   13   0   0   0   0   0   0   0   0  10   0   0   8   0   0   0   0   0   8  61  0.45 0.14
  151 E    -1  -2   3   2  -3  -1   1   3  -1  -3  -1  -1  -2  -3  -2   1  -1  -4  -3  -3    0   0  18  13   0   0  13  32   0   0   8   0   0   0   0  17   0   0   0   0  0.38 0.09
  152 D    -2   1  -1   3  -4   0   3  -3  -2  -4  -4  -1  -3  -4   6  -1  -2  -4  -3  -3    0  12   0  18   0   0  27   0   0   0   0   0   0   0  43   0   0   0   0   0  0.99 0.16
  153 A     1  -2  -2  -2   1  -2  -2  -2   0   1   0  -2  -1  -2   4   0   1  -3  -2   2   12   0   0   0   3   0   0   0   4  12   3   0   0   0  21   8  14   0   0  22  0.30 0.08
  154 T     0   0  -1  -2  -2   2   0  -2  -2   0  -1   2   1   0  -2   0   2  -3  -2   1    6   0   0   0   0  19   0   0   0   2   3  21   5   4   0   4  20   0   0  16  0.17 0.08
  155 K    -1   2  -1  -1  -3   1   3  -2  -1  -3  -3   1  -2  -2   0   1   1  -2   2  -2    3  14   0   0   0   3  29   0   0   0   0  10   0   0   3  16   9   0  13   0  0.31 0.09
  156 I    -2  -3  -3  -4  -2  -3  -3  -4  -3   4   1  -3   0   5  -4   0  -2  -1   1   1    0   0   0   0   0   0   0   0   0  37   4   0   0  41   0  12   0   0   0   6  0.51 0.14
  157 T    -1   1  -1  -1  -2   0   1  -2  -1  -1  -1   1   0  -2  -1   0   4  -2  -2   0    2  10   1   1   0   1   9   1   0   1   2  13   3   1   1   1  45   0   1   7  0.26 0.08
  158 V     0   1  -1  -1  -2   1   0  -2  -1  -1  -1   2   1  -2  -1   1   2  -3  -2   0    4   9   0   1   0   8   1   1   0   3   4  21   6   0   1  17  16   0   0   9  0.15 0.05
  159 R    -2   5  -1  -2  -3   0   0  -2  -1  -3  -3   4  -2  -3  -2  -1  -1  -3  -2  -3    1  50   1   1   0   1   1   1   0   1   1  38   0   0   1   1   1   0   0   1  0.73 0.14
  160 S     2  -1   2  -1  -2   0   1  -1  -1  -1  -2   1  -2  -3  -2   2   1  -3  -2  -1   27   0  11   0   0   0  12   0   0   4   0  14   0   0   0  25   6   0   0   0  0.26 0.08
  161 N    -2  -1   4   4  -3  -1   0  -1  -1  -2  -3  -1  -2  -3  -2   0   1  -3  -3  -2    1   1  34  38   0   1   1   1   0   4   1   1   0   0   1   3  12   0   0   1  0.56 0.11
  162 N    -1   2   3  -1  -3  -1  -2   4  -1  -4  -3  -1  -3  -4  -3   1  -1  -4  -3  -3    0  17  22   0   0   0   0  44   0   0   3   0   0   0   0  14   0   0   0   0  0.57 0.13
  163 R    -1   4  -1  -1  -3   0   2  -3  -1  -3  -2   2   1  -3  -2   1   2  -3  -2  -2    0  33   0   0   0   0  21   0   0   0   0  16   6   0   0   8  16   0   0   0  0.42 0.11
  164 E    -1  -1  -1   2  -3   0   3  -1  -1   0  -2   2   0  -3  -2   0   1  -3  -2  -1    3   0   0  12   0   0  31   3   0   8   0  17   5   0   0   4  16   0   0   0  0.27 0.09
  165 V    -1  -3  -2  -3  -2  -3  -3   3  -3   1   1  -3   0   3  -3  -1   1  -2   0   1    0   0   0   0   0   0   0  29   0   9  13   0   0  23   0   0  12   0   0  15  0.26 0.09
  166 A     0   0  -1   1  -2   3   0  -2   0  -1  -2   1  -2  -3   2   2   0  -3  -2  -2    6   3   0   8   0  19   0   0   3   8   0  12   0   0  12  27   4   0   0   0  0.27 0.08
  167 K    -2   3  -1  -2  -3   0  -1  -3  -1  -2  -1   4  -1  -2  -2  -1  -2  -2   2   0    0  20   0   0   0   0   0   0   0   0   8  52   0   0   0   0   0   0  12   8  0.47 0.14
  168 R    -2   6  -2  -3   4   0  -1  -3  -2  -4  -3   3  -2  -4  -3  -2  -2  -4  -3  -3    0  71   0   0  13   0   0   0   0   0   0  16   0   0   0   0   0   0   0   0  1.00 0.20
  169 N    -1  -2   3   3  -3   0   2  -2  -1  -2  -3  -1  -3  -3  -2   2   0   5  -2  -3    0   0  17  20   0   0  21   0   0   3   0   0   0   0   0  25   3  12   0   0  0.49 0.12
  170 I    -2  -3  -4  -4  -2  -3  -4  -4  -4   5   1  -3   3   2  -4  -3  -1  -3  -1   3    0   0   0   0   0   0   0   0   0  53   8   0  11   8   0   0   0   0   0  19  0.53 0.13
  171 Y    -1   1   1  -1  -3   2   2  -2   4   0  -2   1  -1  -2  -2  -1   1  -3   1  -1    0   8   8   0   0  11  16   0  14   8   0   9   0   0   0   0  16   0   6   3  0.22 0.08
  172 L    -2  -3  -4  -4  -2  -3  -4  -5  -4   4   4  -3   1  -1  -4  -3  -2  -3  -2   2    0   0   0   0   0   0   0   0   0  31  57   0   0   0   0   0   0   0   0  12  0.60 0.13
  173 M     1   1  -2  -2  -2  -1  -1  -1  -2   1  -1   1   2   0  -2  -1   0  -2   1   1   21   8   0   0   0   0   0   4   0  11   0  14  10   5   0   0   8   0   8  11  0.08 0.06
  174 D    -3  -3   0   7  -5  -2   0  -3  -2  -5  -5  -2  -4  -5  -3  -1  -2  -6  -4  -5    0   0   0 100   0   0   0   0   0   0   0   0   0   0   0   0   0   0   0   0  1.65 0.26
  175 T    -1  -1  -1   2  -3   1   4   1  -2  -2  -1  -1   3  -3  -2  -1   0  -3  -3  -2    0   0   0  15   0   3  38  12   0   0   3   0  20   0   0   2   6   0   0   0  0.36 0.12
  176 S     0  -2  -1  -2  -2  -1  -1  -2  -2  -2  -3  -1  -2  -3  -2   4   5  -4  -3  -2    0   0   0   0   0   0   0   0   0   0   0   0   0   0   0  53  47   0   0   0  0.74 0.20
  177 G     0  -1   0  -1  -3   0   1   5  -2  -4  -4   0  -3  -4  -2   1  -1  -3  -3  -3    0   3   3   0   0   5  13  55   0   0   0   3   0   0   0  16   0   0   0   0  0.60 0.11
  178 K     1   2  -1  -1  -2   0   0  -1  -1  -2  -2   2  -1   1   1   1  -1  -2   1  -2   16  17   1   1   0   1   1   1   0   1   2  26   0  10   6  10   1   0   5   1  0.18 0.05
  179 V     1  -2  -1  -1  -2  -1   0  -1  -2  -1   0  -1  -1  -2  -2   4   2  -3  -2   1   12   0   0   0   0   0   4   0   0   0  12   0   0   0   0  50  10   0   0  12  0.29 0.10
  180 V     0  -3  -4  -4  -2  -3  -3  -3  -3   3   0  -3   1   2  -3  -2  -1  -2  -1   4    9   0   0   0   0   0   0   0   0  24   0   0   4  15   0   0   0   0   0  48  0.41 0.11
  181 T     0   3  -1  -1  -3   1   2  -2  -1  -2  -2   0  -2  -3  -2   1   2  -3  -2  -1    9  31   0   0   0   3  21   0   0   0   0   0   0   0   0  11  18   0   0   6  0.32 0.09
  182 A     0  -3  -3  -4  -2  -2  -3  -3  -3   2   2  -3   3  -1  -3  -2   0  -3  -2   4    7   0   0   0   0   0   0   0   0   4  16   0  15   0   0   0   5   0   0  54  0.40 0.11
  183 T    -1  -2  -1  -2  -2  -2  -2   0  -3  -2  -2  -2  -2  -3  -2   2   6  -4  -3  -1    0   0   0   0   0   0   0   5   0   0   0   0   0   0   0  10  85   0   0   0  0.84 0.19
  184 L    -2  -3  -4  -4   4  -3  -4  -4  -3   1   4  -3   3   1  -4  -3  -2  -2  -2   0    0   0   0   0  15   0   0   0   0   0  68   0  13   5   0   0   0   0   0   0  0.62 0.13
  185 W    -4  -4  -5  -6  -4  -4  -5  -4  -4  -4  -3  -5  -3  -1  -5  -4  -4  12   1  -5    0   0   0   0   0   0   0   0   0   0   0   0   0   0   0   0   0 100   0   0  3.53 0.35
  186 G    -1  -2   3   4  -4  -2  -1   4  -2  -4  -4  -2  -4  -4  -3  -1  -2  -4  -4  -4    0   0  20  32   0   0   0  47   0   0   0   0   0   0   0   0   0   0   0   0  0.79 0.13
  187 E    -2  -1   4   4  -4   1   3  -2  -1  -4  -4   0  -3  -4  -2   0  -1  -4  -3  -4    0   0  33  35   0   5  20   0   0   0   0   4   0   0   0   3   0   0   0   0  0.68 0.12
  188 D    -2  -2  -1   3  -3   1   3  -3  -1  -2   1  -1  -1   2  -2  -1  -1  -2  -1  -2    0   0   0  24   0   5  31   0   0   0  19   0   0  16   0   0   4   0   0   0  0.32 0.09
  189 A     4  -2  -2  -2   5  -2  -2  -1  -2  -2  -2  -2  -2  -3  -2   2   2  -3  -3  -1   52   0   0   0  16   0   0   0   0   0   0   0   0   0   0  15  18   0   0   0  0.49 0.12
  190 D    -1  -1   2   3  -2  -1   0  -2  -2   2   0   0  -1  -2  -2  -1   1  -3  -2   0    1   0  13  21   0   0   6   1   0  24   6   6   0   0   0   1  15   0   0   4  0.16 0.06
  191 K     0   2   0   0  -2   1   0   0  -1  -1   0   2  -1  -2  -2   0   0  -3  -2  -1   12  15   4   6   0   4   5   7   0   0  15  21   0   0   0   1   7   0   0   1  0.12 0.04
  192 F    -2  -3  -3  -3   3  -3  -2  -4  -3   2   1  -3   0   4  -3  -2  -1   3   0   1    0   0   0   0  10   0   3   0   0  24  15   0   0  27   0   0   4   5   0  12  0.34 0.08
  193 D     1  -2   2   5  -3  -1   0   1  -2  -4  -4   1  -3  -4  -2   0  -1  -4  -3  -3   15   0  10  49   0   0   0  14   0   0   0   9   0   0   0   4   0   0   0   0  0.55 0.11
  194 G     0  -2  -1   1  -2  -2  -2   2  -2   1   0  -2   2  -1  -2   1  -1  -2   0   1    6   0   0   9   0   0   0  18   0   9   5   0  15   0   0  16   0   0   5  17  0.11 0.06
  195 S     0  -2   1   1  -3   0  -1   2   1  -3  -3  -1  -2  -2   3   1  -1  -2   1  -3    8   0   9  10   0   3   0  19   4   0   0   0   0   0  19  18   0   0   9   0  0.36 0.07
  196 R    -1   4   0  -1  -3   1   1  -1   1  -1  -1   1  -1  -1  -2   0  -1  -3  -2   1    0  35   3   0   0   3   9   3   5   0   3   9   0   3   0   7   0   0   0  20  0.22 0.07
  197 Q     0  -1   0  -1  -3   3   2   3   2  -3  -3   0  -2   0  -2   0  -2  -3  -2  -3    4   0   3   0   0  26  19  33   6   0   0   0   0   6   0   3   0   0   0   0  0.41 0.10
  198 P    -1  -2  -1   2  -3  -1  -1  -2  -2  -3  -3   1  -3  -4   6   1   2  -4  -3  -3    0   0   0  18   0   0   0   0   0   0   0   9   0   0  44   9  20   0   0   0  0.87 0.13
  199 V    -1  -3  -4  -4  -2  -3  -3  -4  -3   3   0  -3   0  -1  -3  -3  -1  -3   2   5    0   0   0   0   0   0   0   0   0  23   0   0   0   0   0   0   0   0   9  68  0.60 0.14
  200 L    -1  -3  -4  -4  -2  -3  -4  -4  -4   4   2  -3   1  -1  -3  -3  -1  -3  -2   3    5   0   0   0   0   0   0   0   0  52  24   0   2   0   0   0   0   0   0  17  0.49 0.11
  201 A     4   2  -2  -3  -2  -1  -2  -1  -2  -2  -1  -1  -1   2  -2   0  -1  -2  -1  -1   64  18   0   0   0   0   0   0   0   0   4   0   0  15   0   0   0   0   0   0  0.41 0.13
  202 I     0  -3  -4  -4  -2  -3  -3  -3  -3   4   1  -3   0   3  -3  -2  -1  -2  -1   3   10   0   0   0   0   0   0   0   0  41   8   0   0  17   0   0   0   0   0  24  0.38 0.09
  203 K    -1   3  -1  -1  -3   0   0  -2  -1  -4  -3   5  -2  -4  -2   2  -1  -4  -3  -3    0  14   0   0   0   0   0   0   0   0   0  63   0   0   0  23   0   0   0   0  0.65 0.15
  204 G     1  -2  -1   2  -3   0  -1   5  -2  -4  -4  -2  -3  -4  -2   1  -1  -3  -3  -3   13   0   0  15   0   5   0  58   0   0   0   0   0   0   0  10   0   0   0   0  0.68 0.11
  205 A     2  -3  -3  -3  -1  -2  -2   1  -3   2   1  -2   0  -2  -2  -1   0  -3  -2   3   26   0   0   0   0   0   0  13   0   9  15   0   0   0   0   0   4   0   0  33  0.21 0.07
  206 R    -2   5   1  -2  -4   0  -1  -3  -1   0  -2   3  -2  -3  -3  -1  -2  -4  -3  -2    0  56   9   0   0   0   0   0   0   9   0  26   0   0   0   0   0   0   0   0  0.68 0.14
  207 V    -1  -3  -3  -3  -2  -2   0  -4  -3   3   1  -2   0  -1   1  -2  -1  -3  -2   4    0   0   0   0   0   0   9   0   0  25   5   0   0   0   9   0   0   0   0  52  0.40 0.11
  208 S     0   1   3   1  -3  -1  -1   3  -1  -3  -4  -1  -3  -3  -2   3   0  -4  -3  -3    0   9  18   9   0   0   0  27   0   0   0   0   0   0   0  32   5   0   0   0  0.41 0.09
  209 D    -1  -1   0   5  -4   0   3  -2  -1  -4  -4   2  -3  -2  -2   0  -1  -3   1  -3    3   0   0  49   0   0  19   0   0   0   0  15   0   0   0   5   0   0   9   0  0.60 0.12
  210 F    -3  -4  -4  -5  -4  -4  -4  -4  -2  -1  -1  -4  -1   8  -5  -3  -3   0   4  -2    0   0   0   0   0   0   0   0   0   0   0   0   0  91   0   0   0   0   9   0  1.42 0.22
  211 G    -1  -1   4   1  -3   3  -1   4  -1  -4  -4  -1  -3  -4  -2   0  -1  -4  -3  -4    0   0  31   5   0  20   0  38   0   0   0   0   0   0   0   6   0   0   0   0  0.59 0.12
  212 G    -1  -3   1  -2   3  -2  -3   6  -3  -4  -4  -2  -3  -4  -3   0  -2  -3  -4  -4    0   0   5   0   9   0   0  77   0   0   0   0   0   0   0   9   0   0   0   0  1.02 0.15
  213 R    -1   3  -2  -3   2  -1  -1  -1  -1  -1   0   2   2   1  -3  -1  -1  -1   3   0    0  20   0   0   6   0   0   4   0   0   4  23  10   5   0   0   0   0  16  13  0.18 0.07
  214 S     0   1   0  -1  -2   0  -1  -2  -2  -2  -2   0   1  -3  -2   4   2  -3  -2  -2    0  10   0   0   0   4   0   0   0   0   0   4   6   0   0  57  19   0   0   0  0.43 0.12
  215 L     1  -3  -3  -3  -1  -2  -3  -3  -3   2   3  -2   1  -1  -3  -1  -1  -3  -2   2   16   0   0   0   0   0   0   0   0  10  52   0   0   0   0   4   0   0   0  17  0.32 0.08
  216 S     1  -2   2  -1  -2  -1  -1   2  -2  -3  -2  -1  -2  -3  -2   4   2  -3  -3  -2    6   0  10   0   0   0   0  17   0   0   4   0   0   0   0  53  10   0   0   0  0.40 0.10
  217 V    -1  -2  -1  -2  -2  -2  -2  -3  -3   0  -1  -2   2  -2  -2   1   5  -3  -2   2    0   0   0   0   0   0   0   0   0   0   0   0  10   0   0  10  58   0   0  22  0.47 0.13
  218 L    -1  -3   1  -2  -2  -2  -3   1  -3   3   2  -2   0  -1  -3  -2   0  -3  -2   2    0   0  10   0   0   0   0  15   0  34  24   0   0   0   0   0   6   0   0  10  0.21 0.07
  219 S     0  -2  -1  -2  -2  -2  -2   2  -1  -1  -2  -2  -2   2  -2   3   1  -2   2  -2    0   0   0   0   0   0   0  19   0   6   0   0   0  16   0  45   5   0   9   0  0.30 0.10
  220 S     1   2   2  -1  -2   1  -1   1  -1  -3  -3   1  -2  -3  -2   3   0  -3  -2  -2    8  11  10   0   0   6   0  10   0   0   0  10   0   0   0  45   0   0   0   0  0.34 0.08
  221 S     0  -1   0  -1  -2  -1  -1   0  -2  -2  -3   0  -2  -3  -2   4   4  -3  -2  -2    0   0   0   0   0   0   0   4   0   0   0   6   0   0   0  43  46   0   0   0  0.54 0.13
  222 T    -1   3   1  -1  -2   2   0  -2  -1   0  -2   1  -1  -3  -2   0   3  -3  -2  -1    0  20   7   0   0  17   0   0   0  10   0   6   0   0   0   4  35   0   0   0  0.31 0.09
  223 I    -2  -3  -4  -4  -2  -3  -4  -4  -4   4   2  -3   2   0  -3  -3  -1  -3  -1   3    0   0   0   0   0   0   0   0   0  55  19   0   5   4   0   0   0   0   0  18  0.51 0.10
  224 I    -1  -3  -2   0  -2  -2  -2  -3  -3   3   0  -2   2   2  -3   0   2  -2  -1   2    0   0   0   6   0   0   0   0   0  31   0   0  10  14   0   5  20   0   0  14  0.22 0.07
  225 A     0  -3  -3  -3  -2  -2  -3  -3  -3   3   1  -2   0  -1   2  -1   1  -3  -2   3    4   0   0   0   0   0   0   0   0  34  10   0   0   0  10   5  10   0   0  26  0.29 0.07
  226 N    -2  -2   7   2  -3  -1   0  -2  -1  -3  -4  -1  -3  -4  -3   0  -1  -5  -3   0    0   0  78   8   0   0   4   0   0   0   0   0   0   0   0   0   0   0   0  10  0.90 0.17
  227 P    -2  -3  -3  -3  -4  -2  -2  -3  -3  -4  -4  -2  -4  -5   8  -2  -2  -5  -4  -4    0   0   0   0   0   0   0   0   0   0   0   0   0   0 100   0   0   0   0   0  2.48 0.23
  228 D    -2  -2   1   6  -4   0   4  -2  -1  -4  -4  -1  -4  -4  -2  -1  -2  -5  -4  -4    0   0   4  63   0   0  34   0   0   0   0   0   0   0   0   0   0   0   0   0  1.01 0.15
  229 I    -1  -3  -2  -3  -2  -2  -2  -3  -3   3   1  -2   0   2  -3   2   1  -2  -1   1    0   0   0   0   0   0   0   0   0  42  10   0   0  14   0  23  11   0   0   0  0.25 0.09
  230 P     0  -3  -2   1  -3   0  -1  -3  -3  -3  -3  -2  -3  -4   7   0  -2  -4  -3  -2    8   0   0  10   0   5   0   0   0   0   0   0   0   0  68   5   0   0   0   4  1.37 0.15
  231 E    -1  -1  -1   2  -4   1   5   2  -1  -4  -4   0  -3  -4  -2  -1  -2  -4  -3  -4    0   0   0   6   0   0  74  20   0   0   0   0   0   0   0   0   0   0   0   0  0.83 0.15
  232 A     5  -2  -2  -3  -1  -2  -2  -1  -3  -1  -2  -2  -1  -3  -2   1  -1  -3  -2   2   76   0   0   0   0   0   0   0   0   0   0   0   0   0   0   5   0   0   0  19  0.54 0.14
  233 Y    -1   2   2  -1  -3   0   1  -2   4  -3  -3   1  -2   1  -2   1   0  -2   3  -3    0  14  16   0   0   0  11   0  16   0   0   9   0   5   0  10   4   0  15   0  0.29 0.07
  234 K     0   1  -1  -1  -3   1   3  -2  -1   1  -1   3  -1  -3  -2   0  -1  -3  -2  -1    5   4   0   0   0   4  24   0   0  16   5  39   0   0   0   4   0   0   0   0  0.28 0.08
  235 L    -2  -3  -4  -5  -2  -3  -4  -5  -4   1   5  -3   1   0  -4  -3  -2  -2  -2   0    0   0   0   0   0   0   0   0   0   0 100   0   0   0   0   0   0   0   0   0  0.82 0.14
  236 R     0   5  -1  -2  -3   0  -1  -2  -1  -3  -3   3  -2  -1  -2  -1  -1  -2   2  -3    8  51   0   0   0   0   0   0   0   0   0  27   0   0   0   0   0   0  14   0  0.56 0.08
  237 G     1  -1   1   2  -2   2   0   4  -1  -3  -3  -1  -2  -3  -2   1   1  -3  -3  -2    9   0   5  14   0  15   0  36   0   0   0   0   0   0   0   9  12   0   0   0  0.37 0.05
  238 W    -4  -4  -5  -6  -4  -3  -4  -4  -4  -4  -3  -4  -3   0  -5  -4  -4  12   1  -4    0   0   0   0   0   0   0   0   0   0   0   0   0   0   0   0   0 100   0   0  3.22 0.22
  239 F    -3  -3  -3  -4  -3  -3  -3  -4   0  -2  -1  -3  -1   6  -4  -3  -3   1   7  -2    0   0   0   0   0   0   0   0   0   0   0   0   0  40   0   0   0   0  60   0  1.11 0.12
  240 D    -2  -2   0   6  -3  -1   2  -2  -2  -2  -3  -1   0  -3  -2  -1   1  -4  -3  -1    0   0   0  65   0   0  10   0   0   0   0   0   5   0   0   0  11   0   0   8  0.66 0.09
  241 A     1   1   1  -1  -2   0  -1   0  -1  -2  -3   0  -2  -2  -2   3   2  -3   0  -2   11  10   6   0   0   0   0   7   0   0   0   4   0   0   0  41  16   0   4   0  0.28 0.05
  242 E    -1  -1  -1   0  -4   2   5   1  -1  -4  -3   1  -2  -4  -2   0   0  -3  -3  -3    0   0   0   0   0   7  62  16   0   0   0   7   0   0   0   0   8   0   0   0  0.56 0.08
  243 G     0  -3  -1  -2  -3  -2  -3   6  -3  -5  -4  -2  -3  -4  -3  -1  -2  -3  -4  -4    0   0   0   0   0   0   0 100   0   0   0   0   0   0   0   0   0   0   0   0  1.34 0.10
  244 Q    -1   3  -1  -1  -4   3   0   2   1  -3  -3   3  -2  -3  -2  -1  -1  -3  -2  -3    0  27   0   0   0  19   0  17   5   0   0  33   0   0   0   0   0   0   0   0  0.45 0.05
  245 A     3  -2  -1  -2  -1  -1  -1   3  -2  -1  -1  -1  -1  -2  -2   1   0  -3  -2   0   42   0   0   0   0   0   0  28   0   0   7   0   0   0   0  15   0   0   0   7  0.29 0.02
  246 L    -1  -2  -3  -4  -1  -2  -3  -4  -3   2   3  -3   2   0  -3  -2  -1  -2  -1   3    0   0   0   0   0   0   0   0   0   0  60   0   0   0   0   0   0   0   0  40  0.35 0.01

                      K         Lambda
Standard Ungapped    0.1315     0.3154
Standard Gapped      0.0434     0.2670
PSI Ungapped         0.1418     0.3176
PSI Gapped           0.0434     0.2670
