
Last position-specific scoring matrix computed, weighted observed percentages rounded down, information per position, and relative weight of gapless real matches to pseudocounts
            A   R   N   D   C   Q   E   G   H   I   L   K   M   F   P   S   T   W   Y   V   A   R   N   D   C   Q   E   G   H   I   L   K   M   F   P   S   T   W   Y   V
    1 P    -1  -2  -2  -2  -3  -1  -1  -2  -2  -3  -3  -1  -3  -4   8  -1  -1  -4  -3  -3    0   0   0   0   0   0   0   0   0   0   0   0   0   0 100   0   0   0   0   0  2.05 0.00
    2 K    -1   3   0  -1  -3   3   1  -2   0  -3  -3   4  -1  -3  -1   0  -1  -3  -2  -3    0  11   0   0   0  31   0   0   0   0   0  59   0   0   0   0   0   0   0   0  0.49 0.01
    3 K     1   2   0  -1  -2   0   0   1  -1  -3  -2   3  -2  -3   2   1   1  -3  -2  -2   12   9   0   0   0   0   0  11   0   0   0  39   0   0   9  11   9   0   0   0  0.27 0.00
    4 K    -1   3  -1  -2  -2   0   0  -3  -1   0   1   3   0  -2  -2  -1  -1  -3  -2   0    0  23   0   0   0   0   0   0   0   0  27  41   0   0   0   0   0   0   0  10  0.21 0.00
    5 N    -2  -1   5   3  -3   0   2  -1   0  -4  -4   0  -3  -3  -2   0   0  -4  -3  -3    0   0  64  22   0   0  14   0   0   0   0   0   0   0   0   0   0   0   0   0  0.61 0.01
    6 L    -2  -2  -4  -4  -1  -2  -3  -4  -3   2   4  -3   3   0  -3  -3  -1  -2  -1   1    0   0   0   0   0   0   0   0   0   8  81   0  11   0   0   0   0   0   0   0  0.42 0.01
    7 D    -2  -1   1   5  -4   1   4  -2  -1  -3  -4   0  -3  -4  -2   0  -1  -4  -3  -3    0   0   0  59   0   0  41   0   0   0   0   0   0   0   0   0   0   0   0   0  0.74 0.01
    8 A     2  -1  -1  -1  -1  -1  -1  -1  -2   0   0  -1   0  -2  -1   2   2  -3  -2   0   31   0   0   0   0   0   0   0   0   0   8   0   0   0   0  29  21   0   0  11  0.21 0.00
    9 S     0   0   0   1  -2   1   4  -2  -1  -3  -3   0  -2  -3  -1   2   1  -3  -2  -2    0   0   0   0   0   0  60   0   0   0   0   0   0   0   0  31   9   0   0   0  0.46 0.01
   10 I    -1  -3  -3   0  -1  -3  -3  -4  -3   4   1  -3   1   0  -3  -2  -1  -3  -2   3    0   0   0   8   0   0   0   0   0  81   0   0   0   0   0   0   0   0   0  11  0.32 0.01
   11 T     0  -1   0  -1  -1   0   0  -2  -2  -1  -1  -1  -1  -2  -1   1   5  -3  -2   0    0   0   0   0   0   0   8   0   0   0   0   0   0   0   0   0  92   0   0   0  0.46 0.01
   12 S     1   0   3   0  -2   0   1  -1  -1  -3  -3   1  -2  -3  -1   3   1  -3  -2  -2    9   0  21   0   0   0  13   0   0   0   0  11   0   0   0  39   6   0   0   0  0.30 0.00
   13 I    -2  -3  -4  -4  -1  -3  -3  -4  -4   4   2  -3   1   0  -3  -3  -1  -3  -1   3    0   0   0   0   0   0   0   0   0  87  13   0   0   0   0   0   0   0   0   0  0.40 0.01
   14 I    -2  -3  -4  -4  -1  -3  -3  -4  -4   4   2  -3   1   0  -3  -3  -1  -3  -1   3    0   0   0   0   0   0   0   0   0  87  13   0   0   0   0   0   0   0   0   0  0.40 0.01
   15 H    -2   0   0  -1  -3   0   0  -2   8  -4  -3   0  -2  -2  -2  -1  -2  -3   2  -3    0   0   0   0   0   0   0   0  91   0   0   9   0   0   0   0   0   0   0   0  0.85 0.02
   16 E    -1   0   0   1  -4   3   5  -2   0  -3  -3   1  -2  -4  -1   0  -1  -3  -2  -3    0   0   0   0   0  18  82   0   0   0   0   0   0   0   0   0   0   0   0   0  0.70 0.01
   17 I    -1  -3  -3  -3  -1  -3  -3  -4  -3   4   2  -3   2   0  -3  -2  -1  -3  -1   3    0   0   0   0   0   0   0   0   0  82   0   0  11   0   0   0   0   0   0   7  0.38 0.01
   18 G     0  -3  -1  -2  -3  -2  -2   6  -2  -4  -4  -2  -3  -3  -2   0  -2  -3  -3  -3    0   0   0   0   0   0   0 100   0   0   0   0   0   0   0   0   0   0   0   0  1.08 0.01
   19 V     0  -3  -3  -3  -1  -3  -3  -4  -3   3   1  -3   1  -1  -3  -2   0  -3  -1   4    0   0   0   0   0   0   0   0   0  13   0   0   0   0   0   0   0   0   0  87  0.37 0.01
   20 P    -1  -2  -2  -2  -3  -2  -1  -2  -2  -3  -3  -1  -3  -4   8  -1  -1  -4  -3  -3    0   0   0   0   0   0   0   0   0   0   0   0   0   0 100   0   0   0   0   0  2.09 0.02
   21 A     4  -2  -2  -2  -1  -1  -1   0  -2  -2  -2  -1  -1  -2  -1   1   0  -3  -2   0  100   0   0   0   0   0   0   0   0   0   0   0   0   0   0   0   0   0   0   0  0.44 0.01
   22 H    -2   0   0  -1  -3   0   0  -2   8  -4  -3  -1  -2  -1  -2  -1  -2  -3   2  -4    0   0   0   0   0   0   0   0 100   0   0   0   0   0   0   0   0   0   0   0  0.97 0.02
   23 I    -2  -3  -4  -3  -1  -3  -4  -4  -4   5   2  -3   1   0  -3  -3  -1  -3  -2   3    0   0   0   0   0   0   0   0   0 100   0   0   0   0   0   0   0   0   0   0  0.43 0.01
   24 K    -1   2   0  -1  -3   1   1  -2  -1  -3  -3   5  -2  -3  -1   0  -1  -3  -2  -3    0   0   0   0   0   0   0   0   0   0   0 100   0   0   0   0   0   0   0   0  0.56 0.01
   25 G     0  -3  -1  -2  -3  -2  -2   6  -2  -4  -4  -2  -3  -3  -2   0  -2  -3  -3  -3    0   0   0   0   0   0   0 100   0   0   0   0   0   0   0   0   0   0   0   0  1.08 0.01
   26 Y    -2  -2  -2  -3  -3  -2  -2  -3   2  -2  -1  -2  -1   3  -3  -2  -2   2   7  -1    0   0   0   0   0   0   0   0   0   0   0   0   0   0   0   0   0   0 100   0  0.95 0.02
   27 L    -1  -1  -2  -3  -2   1  -1  -3  -2   1   3  -1   4   0  -2   0  -1  -2  -1   0    0   0   0   0   0  11   0   0   0   0  33   0  47   0   0   9   0   0   0   0  0.23 0.01
   28 Y    -2  -2  -2  -3  -3  -2  -2  -3   2  -2  -1  -2  -1   3  -3  -2  -2   2   7  -1    0   0   0   0   0   0   0   0   0   0   0   0   0   0   0   0   0   0 100   0  0.95 0.02
   29 L    -2  -2  -4  -4  -1  -2  -3  -4  -3   2   4  -3   2   0  -3  -3  -1  -2  -1   1    0   0   0   0   0   0   0   0   0   0 100   0   0   0   0   0   0   0   0   0  0.49 0.01
   30 R    -2   6  -1  -2  -4   1   0  -3   0  -3  -2   2  -2  -3  -2  -1  -1  -3  -2  -3    0 100   0   0   0   0   0   0   0   0   0   0   0   0   0   0   0   0   0   0  0.80 0.02
   31 E    -1   0   0   1  -3   2   5  -2   0  -3  -3   1  -2  -3  -1   0   1  -3  -2  -2    0   0   0   0   0   0  87   0   0   0   0   0   0   0   0   0  13   0   0   0  0.63 0.01
   32 A     4  -2  -2  -2  -1  -1  -1   0  -2  -2  -2  -1  -1  -2  -1   1   0  -3  -2   0  100   0   0   0   0   0   0   0   0   0   0   0   0   0   0   0   0   0   0   0  0.44 0.01
   33 I    -1  -3  -3  -3  -1  -3  -3  -4  -3   4   2  -3   2   0  -3  -3  -1  -3  -1   3    0   0   0   0   0   0   0   0   0  92   0   0   8   0   0   0   0   0   0   0  0.40 0.01
   34 S     0  -1   1  -1  -2   1   0  -2  -1  -1   1   0   0  -2  -2   2   2  -3  -2  -1    0   0   8   0   0   9   0   0   0   0  24   8   0   0   0  24  27   0   0   0  0.15 0.00
   35 M    -1  -1  -2  -2  -2   0   1  -3  -2   1   2  -1   6   0  -3  -1  -1  -2  -1   0    0   0   0   0   0   0  13   0   0   0   0   0  87   0   0   0   0   0   0   0  0.33 0.02
   36 V     0  -3  -3  -3  -1  -2  -2  -3  -3   2   1  -2   1  -1  -2  -1   1  -3  -1   4    0   0   0   0   0   0   0   0   0   0   0   0   0   0   0   0  13   0   0  87  0.31 0.01
   37 Y    -1  -2  -3  -3  -2  -2  -3  -4   0   2   0  -2   0   3  -3  -2  -1   1   5   2    0   0   0   0   0   0   0   0   0  19   0   0   0   9   0   0   0   0  44  28  0.37 0.01
   38 N    -2  -1   5   3  -3   0   1  -1   0  -2  -1  -1  -1  -3  -2   0  -1  -4  -2  -2    0   0  51  27   0   0   9   0   0   0  13   0   0   0   0   0   0   0   0   0  0.42 0.01
   39 D    -2  -1   4   5  -3   0   1  -1   0  -3  -4  -1  -3  -4  -2   0  -1  -4  -3  -3    0   0  36  64   0   0   0   0   0   0   0   0   0   0   0   0   0   0   0   0  0.74 0.01
   40 I    -1  -3  -3  -3  -1  -2  -3  -4  -3   3   1  -2   3   0  -3  -2  -1  -3  -1   3    0   0   0   0   0   0   0   0   0  41   0   0  20   0   0   0   0   0   0  39  0.32 0.01
   41 E    -1   0   0   3  -3   2   5  -2   0  -3  -3   0  -2  -3  -1   1  -1  -3  -2  -3    0   0   0  13   0   0  76   0   0   0   0   0   0   0   0  11   0   0   0   0  0.62 0.01
   42 L    -2  -2  -4  -4  -2  -3  -3  -4  -3   1   4  -3   2   2  -3  -3  -1  -1   0   1    0   0   0   0   0   0   0   0   0   0  87   0   0  13   0   0   0   0   0   0  0.43 0.01
   43 L    -2  -2  -4  -4  -1  -2  -3  -4  -3   2   4  -3   2   0  -3  -3  -1  -2  -1   1    0   0   0   0   0   0   0   0   0   0 100   0   0   0   0   0   0   0   0   0  0.49 0.01
   44 G     0  -2   0  -1  -2  -1  -2   5  -2  -4  -4  -1  -3  -3  -2   2  -1  -3  -3  -3    0   0   0   0   0   0   0  72   0   0   0   0   0   0   0  28   0   0   0   0  0.73 0.01
   45 S     3  -1   0  -1  -1   1   0   0  -1  -2  -2   0  -1  -3  -1   3   1  -3  -2  -1   46   0   0   0   0  13   0   0   0   0   0   0   0   0   0  40   0   0   0   0  0.32 0.01
   46 I    -1  -3  -3  -3  -1  -3  -3  -4  -3   4   1  -3   1  -1  -3  -2   0  -3  -1   4    0   0   0   0   0   0   0   0   0  44   0   0   0   0   0   0   0   0   0  56  0.37 0.01
   47 T     0  -1   0  -1  -1  -1  -1  -2  -2  -1  -1  -1  -1  -2  -1   1   5  -3  -2   0    0   0   0   0   0   0   0   0   0   0   0   0   0   0   0   0 100   0   0   0  0.52 0.02
   48 K    -1   2   0  -1  -3   1   1  -2  -1  -3  -3   5  -2  -3  -1   0  -1  -3  -2  -3    0   0   0   0   0   0   0   0   0   0   0 100   0   0   0   0   0   0   0   0  0.56 0.01
   49 V    -1  -1  -2   0  -2   0   3  -3  -2   1   0  -1   0  -2  -2  -1  -1  -3  -2   2    0   0   0   0   0   0  46   0   0   9   0   0   0   0   0   0   0   0   0  44  0.23 0.01
   50 L    -2  -2  -4  -4  -1  -2  -3  -4  -3   2   4  -3   2   0  -3  -3  -1  -2  -1   1    0   0   0   0   0   0   0   0   0   0 100   0   0   0   0   0   0   0   0   0  0.49 0.01
   51 Y    -2  -2  -2  -3  -3  -2  -2  -3   2  -2  -1  -2  -1   3  -3  -2  -2   2   7  -1    0   0   0   0   0   0   0   0   0   0   0   0   0   0   0   0   0   0 100   0  0.95 0.02
   52 P    -1  -2  -2  -2  -3  -2  -1  -2  -2  -3  -3  -1  -3  -4   8  -1  -1  -4  -3  -3    0   0   0   0   0   0   0   0   0   0   0   0   0   0 100   0   0   0   0   0  2.09 0.02
   53 D     0  -1   0   4  -2   0   2  -1  -1  -2  -1   0  -1  -3  -1   2   0  -3  -2  -2    0   0   0  31   0   0  22   0   0   0  11   0   0   0   0  36   0   0   0   0  0.33 0.01
   54 I    -2  -3  -4  -3  -1  -3  -4  -4  -4   5   2  -3   1   0  -3  -3  -1  -3  -2   3    0   0   0   0   0   0   0   0   0 100   0   0   0   0   0   0   0   0   0   0  0.43 0.01
   55 A     4  -2  -2  -2  -1  -1  -1   0  -2  -2  -2  -1  -1  -2  -1   1   0  -3  -2   0  100   0   0   0   0   0   0   0   0   0   0   0   0   0   0   0   0   0   0   0  0.44 0.01
   56 K    -1   3   0  -1  -3   1   1  -2  -1  -3  -3   5  -2  -3  -1   0  -1  -3  -2  -3    0  11   0   0   0   0   0   0   0   0   0  89   0   0   0   0   0   0   0   0  0.55 0.01
   57 K    -1   2   0  -1  -3   1   1  -2  -1  -3  -3   5  -2  -3  -1   0  -1  -3  -2  -3    0   0   0   0   0   0   0   0   0   0   0 100   0   0   0   0   0   0   0   0  0.56 0.01
   58 F    -2  -2  -3  -4  -3  -2  -3  -3   1  -1  -1  -2  -1   5  -4  -2  -2   2   6  -1    0   0   0   0   0   0   0   0   0   0   0   0   0  36   0   0   0   0  64   0  0.76 0.01
   59 N     0  -1   6   1  -2   0  -1  -1   0  -2  -2   0   1  -3  -2   0   0  -4  -2  -2   13   0  76   0   0   0   0   0   0   0   0   0  11   0   0   0   0   0   0   0  0.47 0.01
   60 T     0  -1   0  -1  -1  -1  -1  -2  -2  -1  -1  -1  -1  -2  -1   1   5  -3  -2   0    0   0   0   0   0   0   0   0   0   0   0   0   0   0   0   0 100   0   0   0  0.52 0.02
   61 T     0  -1   0  -1  -1  -1  -1  -2  -2  -1  -1  -1  -1  -2  -1   1   5  -3  -2   0    0   0   0   0   0   0   0   0   0   0   0   0   0   0   0   0 100   0   0   0  0.52 0.02
   62 A     4  -2  -2  -2  -1  -1  -1   0  -2  -2  -2  -1  -1  -3   4   1   0  -3  -2  -1   72   0   0   0   0   0   0   0   0   0   0   0   0   0  28   0   0   0   0   0  0.58 0.01
   63 S     1  -1   1   0  -1   0   0   0  -1  -3  -3   0  -2  -3  -1   4   1  -3  -2  -2    0   0   0   0   0   0   0   0   0   0   0   0   0   0   0 100   0   0   0   0  0.49 0.01
   64 R    -2   6   0  -2  -4   1   0  -3   2  -3  -2   2  -2  -3  -2  -1  -1  -3  -1  -3    0  93   0   0   0   0   0   0   7   0   0   0   0   0   0   0   0   0   0   0  0.73 0.01
   65 V     0  -3  -3  -3  -1  -2  -3  -3  -3   3   1  -3   1  -1  -3  -2   0  -3  -1   4    0   0   0   0   0   0   0   0   0   0   0   0   0   0   0   0   0   0   0 100  0.39 0.01
   66 E    -1   0   0   2  -4   2   6  -2   0  -4  -3   1  -2  -4  -1   0  -1  -3  -2  -3    0   0   0   0   0   0 100   0   0   0   0   0   0   0   0   0   0   0   0   0  0.78 0.02
   67 R    -2   6  -1  -2  -4   1   0  -3   0  -3  -2   2  -2  -3  -2  -1  -1  -3  -2  -3    0 100   0   0   0   0   0   0   0   0   0   0   0   0   0   0   0   0   0   0  0.80 0.02
   68 A     4  -2  -2  -2  -1  -1  -1   0  -2  -2  -2  -1  -1  -2  -1   1   0  -3  -2   0  100   0   0   0   0   0   0   0   0   0   0   0   0   0   0   0   0   0   0   0  0.44 0.01
   69 I    -2  -3  -4  -3  -1  -3  -4  -4  -4   5   2  -3   1   0  -3  -3  -1  -3  -2   3    0   0   0   0   0   0   0   0   0 100   0   0   0   0   0   0   0   0   0   0  0.43 0.01
   70 R    -2   6  -1  -2  -4   1   0  -3   0  -3  -2   2  -2  -3  -2  -1  -1  -3  -2  -3    0 100   0   0   0   0   0   0   0   0   0   0   0   0   0   0   0   0   0   0  0.80 0.02
   71 H    -2   0   0  -1  -3   0   0  -2   9  -4  -3  -1  -2  -1  -3  -1  -2  -3   2  -4    0   0   0   0   0   0   0   0 100   0   0   0   0   0   0   0   0   0   0   0  0.99 0.02
   72 A     4  -2  -2  -2  -1  -1  -1   0  -2  -2  -2  -1  -1  -2  -1   1   0  -3  -2   0  100   0   0   0   0   0   0   0   0   0   0   0   0   0   0   0   0   0   0   0  0.45 0.01
   73 I    -2  -3  -4  -3  -1  -3  -4  -4  -4   5   2  -3   1   0  -3  -3  -1  -3  -2   3    0   0   0   0   0   0   0   0   0 100   0   0   0   0   0   0   0   0   0   0  0.44 0.01
   74 E    -1   0   0   2  -4   2   6  -2   0  -4  -3   1  -2  -4  -1   0  -1  -3  -2  -3    0   0   0   0   0   0 100   0   0   0   0   0   0   0   0   0   0   0   0   0  0.79 0.02
   75 V     0  -3  -3  -4  -1  -2  -3  -4  -3   3   2  -3   1  -1  -3  -2   0  -3  -1   4    0   0   0   0   0   0   0   0   0   0  13   0   0   0   0   0   0   0   0  87  0.35 0.01
   76 A     4  -2  -2  -2  -1  -1  -1   0  -2  -2  -2  -1  -1  -2  -1   1   0  -3  -2   0  100   0   0   0   0   0   0   0   0   0   0   0   0   0   0   0   0   0   0   0  0.45 0.01
   77 W    -3  -3  -4  -5  -3  -2  -3  -3  -3  -3  -2  -3  -2   1  -4  -3  -3  12   2  -3    0   0   0   0   0   0   0   0   0   0   0   0   0   0   0   0   0 100   0   0  2.47 0.03
   78 S     0  -1   3   2  -2   0   0   1  -1  -3  -3   0  -2  -3  -1   3   1  -3  -2  -2    0   0  25  13   0   0   0   9   0   0   0   0   0   0   0  53   0   0   0   0  0.38 0.01
   79 R    -2   6  -1  -2  -4   1   0  -3   0  -3  -2   2  -2  -3  -2  -1  -1  -3  -2  -3    0 100   0   0   0   0   0   0   0   0   0   0   0   0   0   0   0   0   0   0  0.81 0.02
   80 G     0  -3  -1  -2  -3  -2  -2   6  -2  -4  -4  -2  -3  -3  -2   0  -2  -3  -3  -4    0   0   0   0   0   0   0 100   0   0   0   0   0   0   0   0   0   0   0   0  1.09 0.01
   81 N    -1   0   5   1  -3   3   1  -1   0  -3  -3   1  -2  -3  -2   0   0  -3  -2  -3    0   0  63   0   0  27   0   0   0   0   0  10   0   0   0   0   0   0   0   0  0.53 0.01
   82 I    -1  -3  -3  -3  -1  -3  -3  -4  -2   4   1  -3   1   0  -3  -2  -1  -2   2   3    0   0   0   0   0   0   0   0   0  47   0   0   0   0   0   0   0   0  12  41  0.31 0.01
   83 D    -2  -1   1   5  -4   1   4  -2  -1  -3  -4   0  -3  -4  -2   0  -1  -4  -3  -3    0   0   0  57   0   0  43   0   0   0   0   0   0   0   0   0   0   0   0   0  0.74 0.01
   84 S     2  -1  -1  -1  -1  -1  -1  -1  -1  -1  -1  -1   1  -1  -1   2   2  -1   2   0   23   0   0   0   0   0   0   0   0   0   0   0  13   0   0  25  28   0  12   0  0.19 0.01
   85 I    -1  -3  -3  -3  -1  -3  -3  -4  -3   4   2  -3   3   0  -3  -2  -1  -3  -1   2    0   0   0   0   0   0   0   0   0  87   0   0  13   0   0   0   0   0   0   0  0.39 0.01
   86 S     0  -1   5   2  -2   0   0  -1   0  -3  -3   0  -2  -3  -2   2   0  -4  -2  -3    0   0  50  13   0   0   0   0   0   0   0   0   0   0   0  36   0   0   0   0  0.48 0.01
   87 S     0   2   0   2  -2   2   1  -1  -1  -3  -3   3  -2  -3  -1   2   0  -3  -2  -2    0   9   0  13   0  10   0   0   0   0   0  31   0   0   0  36   0   0   0   0  0.32 0.01
   88 L    -2  -2  -3  -4  -2  -2  -3  -4  -3   2   3  -3   3   2  -3  -3  -1  -1   0   1    0   0   0   0   0   0   0   0   0  13  62   0  12  13   0   0   0   0   0   0  0.36 0.01
   89 F    -3  -3  -3  -4  -3  -4  -4  -3  -1   0   0  -3   0   7  -4  -3  -2   1   3  -1    0   0   0   0   0   0   0   0   0   0   0   0   0 100   0   0   0   0   0   0  0.82 0.02
   90 G     0  -3  -1  -2  -3  -2  -2   6  -2  -4  -4  -2  -3  -3  -2   0  -2  -3  -3  -4    0   0   0   0   0   0   0 100   0   0   0   0   0   0   0   0   0   0   0   0  1.09 0.01
   91 Y    -2  -2  -2  -3  -3  -2  -2  -3   2  -2  -1  -2  -1   3  -3  -2  -2   2   7  -1    0   0   0   0   0   0   0   0   0   0   0   0   0   0   0   0   0   0 100   0  0.96 0.02
   92 T     0  -1   0  -1  -1  -1  -1  -2  -2  -1  -1  -1  -1  -2  -1   1   5  -3  -2   0    0   0   0   0   0   0   0   0   0   0   0   0   0   0   0   0 100   0   0   0  0.53 0.02
   93 V    -1  -3  -3  -2  -1  -2   0  -4  -3   3   1  -2   1  -1  -3  -2  -1  -3  -2   3    0   0   0   0   0   0  12   0   0  45   0   0   0   0   0   0   0   0   0  44  0.26 0.01
   94 S     0  -1   3   0  -2   0   0  -1   6  -3  -3  -1  -2  -2  -2   2   0  -3   0  -3    0   0  22   0   0   0   0   0  40   0   0   0   0   0   0  38   0   0   0   0  0.43 0.01
   95 M     0  -1   4  -1  -2   0  -1  -1   3   0   0  -1   3  -2  -2   0   0  -3  -1   0   13   0  37   0   0   0   0   0  12   0   0   0  25   0   0   0   0   0   0  13  0.16 0.01
   96 T     0  -1   0   1  -2   0   1   2  -1  -2  -1  -1  -1  -2  -2   2   2  -3  -2  -1    0   0   0   9   0   0  13  18   0   0  12   0   0   0   0  30  18   0   0   0  0.20 0.00
   97 K    -1   3   0  -1  -3   1   1  -2  -1  -3  -3   5  -2  -3  -1   0  -1  -3  -2  -3    0  13   0   0   0   0   0   0   0   0   0  87   0   0   0   0   0   0   0   0  0.55 0.01
   98 A     3  -2  -1  -1  -2  -1  -1   4  -2  -3  -3  -1  -2  -3  -2   1  -1  -3  -3  -2   38   0   0   0   0   0   0  50   0   0   0   0   0   0   0  12   0   0   0   0  0.51 0.01
   99 K    -1   2   0  -1  -3   1   1  -2  -1  -3  -3   5  -2  -3  -1   0  -1  -3  -2  -3    0   0   0   0   0   0   0   0   0   0   0 100   0   0   0   0   0   0   0   0  0.57 0.02
  100 P    -1  -2  -2  -2  -3  -2  -1  -2  -2  -3  -3  -1  -3  -4   8  -1  -1  -4  -3  -3    0   0   0   0   0   0   0   0   0   0   0   0   0   0 100   0   0   0   0   0  2.09 0.02
  101 T     0  -1   0  -1  -1  -1  -1  -2  -2  -1  -1  -1  -1  -2  -1   1   5  -3  -2   0    0   0   0   0   0   0   0   0   0   0   0   0   0   0   0   0 100   0   0   0  0.53 0.02
  102 N    -2  -1   6   1  -3   0   0  -1   1  -4  -4   0  -2  -3  -2   1   0  -4  -2  -3    0   0 100   0   0   0   0   0   0   0   0   0   0   0   0   0   0   0   0   0  0.80 0.02
  103 S     1  -1   1   0  -1   0   0   0  -1  -3  -3   0  -2  -3  -1   4   1  -3  -2  -2    0   0   0   0   0   0   0   0   0   0   0   0   0   0   0 100   0   0   0   0  0.50 0.02
  104 E    -1   0   0   2  -4   2   6  -2   0  -4  -3   1  -2  -4  -1   0  -1  -3  -2  -3    0   0   0   0   0   0 100   0   0   0   0   0   0   0   0   0   0   0   0   0  0.79 0.02
  105 F    -3  -3  -3  -4  -3  -4  -4  -3  -1   0   0  -3   0   7  -4  -3  -2   1   3  -1    0   0   0   0   0   0   0   0   0   0   0   0   0 100   0   0   0   0   0   0  0.82 0.02
  106 I    -2  -3  -4  -3  -1  -3  -4  -4  -4   5   2  -3   1   0  -3  -3  -1  -3  -2   3    0   0   0   0   0   0   0   0   0 100   0   0   0   0   0   0   0   0   0   0  0.44 0.01
  107 A     4  -2  -2  -2  -1  -1  -1   0  -2  -2  -2  -1  -1  -2  -1   1   0  -3  -2   0  100   0   0   0   0   0   0   0   0   0   0   0   0   0   0   0   0   0   0   0  0.45 0.01
  108 M    -1  -2  -3  -3  -2  -1  -2  -3  -2   2   2  -2   6   0  -3  -2  -1  -2  -1   1    0   0   0   0   0   0   0   0   0  10   0   0  90   0   0   0   0   0   0   0  0.41 0.02
  109 V    -1  -3  -3  -3  -1  -3  -3  -4  -4   4   1  -3   1   0  -3  -2  -1  -3  -1   3    0   0   0   0   0   0   0   0   0  67   0   0   0   0   0   0   0   0   0  33  0.38 0.01
  110 A     4  -2  -1  -2  -1  -1  -1   0  -2  -2  -2  -1  -1  -3  -1   2   0  -3  -2   0   86   0   0   0   0   0   0   0   0   0   0   0   0   0   0  14   0   0   0   0  0.40 0.01
  111 D    -2  -2   1   6  -4   0   2  -2  -1  -4  -4  -1  -3  -4  -2   0  -1  -5  -3  -4    0   0   0 100   0   0   0   0   0   0   0   0   0   0   0   0   0   0   0   0  0.99 0.02
  112 K    -1   2   0  -1  -3   1   1  -2  -1  -3  -3   5  -2  -3  -1   0  -1  -3  -2  -3    0   0   0   0   0   0   0   0   0   0   0 100   0   0   0   0   0   0   0   0  0.57 0.02
  113 L    -2  -3  -4  -4  -1  -2  -3  -4  -3   2   4  -3   2   0  -3  -3  -1  -2  -1   1    0   0   0   0   0   0   0   0   0  13  87   0   0   0   0   0   0   0   0   0  0.45 0.01
  114 R    -2   6  -1  -2  -4   1   0  -3   0  -3  -2   2  -2  -3  -2  -1  -1  -3  -2  -3    0 100   0   0   0   0   0   0   0   0   0   0   0   0   0   0   0   0   0   0  0.81 0.02
  115 L    -2  -3  -4  -4  -1  -3  -3  -4  -3   3   4  -3   2   0  -3  -3  -1  -2  -1   1    0   0   0   0   0   0   0   0   0  27  73   0   0   0   0   0   0   0   0   0  0.41 0.01
  116 E    -1   0   0   2  -4   1   4   1  -1  -3  -3   2  -2  -4  -1   0  -1  -3  -2  -3    0   0   0  13   0   0  44  14   0   0   0  30   0   0   0   0   0   0   0   0  0.42 0.01
  117 H     0  -1   3   0  -2   0  -1  -1   6  -2  -2  -1   1  -2  -2   0  -1  -3   0  -2   14   0  30   0   0   0   0   0  44   0   0   0  13   0   0   0   0   0   0   0  0.36 0.01
  118 K    -1   3  -1  -1  -3   1   0  -2  -1  -2  -1   4   1  -3  -2  -1  -1  -3  -2  -2    0  15   0   0   0   0   0   0   0   0   0  70  14   0   0   0   0   0   0   0  0.39 0.01
  119 A     3  -2  -2  -2  -1  -1  -2  -1  -2   1   0  -1   0  -2  -1   0   0  -3  -2   2   60   0   0   0   0   0   0   0   0   0   0   0   0   0   0   0   0   0   0  40  0.23 0.00
  120 S     1  -1   1   0  -1   0   0   0  -1  -3  -3   0  -2  -3  -1   4   1  -3  -2  -2    0   0   0   0   0   0   0   0   0   0   0   0   0   0   0 100   0   0   0   0  0.46 0.00

                      K         Lambda
Standard Ungapped    0.1314     0.3174
Standard Gapped      0.0410     0.2670
PSI Ungapped         0.1314     0.3174
PSI Gapped           0.0410     0.2670
