
Last position-specific scoring matrix computed, weighted observed percentages rounded down, information per position, and relative weight of gapless real matches to pseudocounts
            A   R   N   D   C   Q   E   G   H   I   L   K   M   F   P   S   T   W   Y   V   A   R   N   D   C   Q   E   G   H   I   L   K   M   F   P   S   T   W   Y   V
    1 K    -4   4  -3  -3  -6   1  -1  -4  -3  -6  -5   7  -4  -6  -4  -3  -3  -6  -5  -5    0  22   0   0   0   5   1   0   0   0   0  72   0   0   0   0   0   0   0   0  1.59 0.51
    2 A    -1   6  -2   0  -5   1  -2  -2  -3  -4  -3   4   0  -4  -4  -2  -1  -5  -1  -3    3  43   0   5   0   4   0   2   0   0   2  30   2   0   0   1   4   0   2   1  0.86 0.35
    3 E     0   2   0  -1  -3   3   1  -3  -1   1   1   1  -1  -3  -3  -1  -1   0  -3   1    8  11   4   1   0  17  12   0   0  10  13   6   1   0   0   4   1   2   0   9  0.19 0.15
    4 R    -1   6  -2  -3  -5   1   0  -4  -3  -1  -2   4  -1  -5  -4  -2  -3  -5  -4  -1    5  47   1   0   0   4   4   0   0   4   2  27   2   0   0   1   0   0   0   4  0.94 0.38
    5 K    -4   7  -2  -4  -6  -2  -3  -5  -3  -4  -3   2  -4   0  -5  -2  -4  -5  -1  -5    0  74   1   0   0   0   0   0   0   1   3  12   0   5   0   2   0   0   2   0  1.60 0.53
    6 R    -3   5  -3  -4  -4   0  -3  -4  -3   0   2   3   3  -3  -2  -3   0  -4  -3  -1    0  35   0   0   0   2   0   0   0   5  20  18   9   0   2   0   5   0   0   3  0.63 0.31
    7 M     1  -2  -2  -1  -3   1   3  -1  -3   2   2  -2   2  -2  -3  -1  -2   0  -3   0   14   2   1   1   0   7  22   5   0  14  21   0   5   0   0   2   1   2   0   5  0.22 0.18
    8 R    -1   5   0  -3  -5   3  -2  -2  -3  -5  -5   4  -4  -5  -4   1  -3  -5  -4  -5    5  40   4   0   0  11   0   2   0   0   0  28   0   0   0   9   0   0   0   0  0.98 0.39
    9 N    -5  -4   8   1  -6   1  -3  -4  -3  -7  -7  -4  -6  -7  -6  -3  -4  -7  -6  -7    0   0  89   6   0   6   0   0   0   0   0   0   0   0   0   0   0   0   0   0  2.41 0.73
   10 R    -1   7   2  -4  -6  -2  -3  -5  -3  -6  -5   4  -4  -6  -5  -3  -1  -6  -5  -5    5  59  10   0   0   0   0   0   0   0   0  23   0   0   0   0   3   0   0   0  1.44 0.52
   11 I     1  -1  -3  -1  -4   2   3  -2  -3   2   0  -1   1  -3  -3  -2  -1  -4  -3   1   12   2   0   1   0  12  27   3   0  16   8   1   4   0   0   1   2   0   0  11  0.33 0.24
   12 A     5  -4  -3   0  -4  -3  -3  -3  -4  -5  -5  -3  -4  -5  -4   4  -2  -5   1  -3   62   0   0   5   0   0   0   0   0   0   0   0   0   0   0  29   0   0   4   0  1.18 0.51
   13 A     7  -4  -5  -5  -4   0  -4  -3  -5  -4  -4  -4  -4  -5  -4   0  -3  -6  -5   0   86   0   0   0   0   4   0   0   0   0   0   0   0   0   0   5   0   0   0   5  1.57 0.60
   14 S     2   4  -3  -3  -1   5  -2  -2   0  -4  -3   0  -1  -5   0   1   0  -5  -4  -4   17  28   0   0   1  27   0   2   2   0   2   2   1   0   5   8   4   0   0   0  0.65 0.35
   15 K     0   5   2  -2  -5   1   0  -4  -3  -4  -2   4  -3  -5  -4  -2  -1  -5  -4  -4    7  36   9   1   0   4   6   0   0   0   5  28   0   0   0   1   2   0   0   0  0.77 0.35
   16 S    -2  -5  -3  -4   7  -4  -4  -1  -4  -5  -5  -4  -4   1  -5   5  -2  -4   3  -4    2   0   0   0  28   0   0   5   0   0   0   0   0   6   0  50   0   0  10   0  1.32 0.53
   17 R    -5   8  -4  -5  -7  -2  -4  -1  -4  -7  -6   0  -5  -6  -6  -4  -5  -6  -5  -6    0  92   0   0   0   0   0   5   0   0   0   3   0   0   0   0   0   0   0   0  2.37 0.73
   18 K    -1   2   0   1  -4   4   2  -3  -2  -3  -1   2   0  -4  -3   0  -2  -4  -2  -3    6  11   4   7   0  24  13   0   0   1   8  16   3   0   0   6   0   0   1   1  0.42 0.25
   19 R    -1   7  -3  -4  -6  -2  -3  -5  -4  -6  -5   4  -4  -6  -5  -4  -4  -6  -5  -5    6  66   0   0   0   0   0   0   0   0   0  27   0   0   0   0   0   0   0   0  1.76 0.60
   20 K    -1   3  -3  -4  -6   1  -2  -5   0  -5  -5   7  -4  -6  -4  -3  -4  -6  -5  -1    4  17   0   0   0   5   0   0   2   0   0  68   0   0   0   0   0   0   0   5  1.40 0.53
   21 L    -1   2  -3  -3  -4   2   1  -4  -3  -2   1   5  -1  -4  -3  -2   0  -5  -4  -1    4  11   0   0   0  10   9   0   0   1  13  42   1   0   0   0   5   0   0   5  0.58 0.31
   22 E     2   1  -2   2  -4   2   4  -3  -1  -2  -1  -1   1  -4  -3  -1  -2  -5  -4  -1   18   7   0  14   0  11  28   0   1   2   6   2   4   0   0   1   0   0   0   5  0.42 0.26
   23 R    -3   3  -2  -4  -2   2   1  -5   2  -3  -1   1  -3  -1  -4  -3  -2   3   6  -4    1  18   1   0   1   8   9   0   4   1   6  10   0   0   0   1   1   4  35   0  0.75 0.36
   24 I    -1  -1  -1  -4   0   0  -2  -3  -4   4   0  -3   3  -3  -4  -2   2  -4  -3   2    5   3   3   0   2   5   1   1   0  33   7   0   9   0   0   1  15   0   0  15  0.42 0.25
   25 A    -1   0   2   2  -4   2   2  -2  -1  -3  -1   2   0  -3  -3   0  -1  -4  -3  -1    4   3  13  13   0  11  16   2   1   0   9  13   2   1   0   7   1   0   0   4  0.28 0.18
   26 R     0  -1   2   1   0   2   5   0  -2  -5  -3   0  -3  -3  -3   0  -1  -5  -4  -4    6   2   9   5   2  10  42   7   0   0   2   4   0   1   0   6   3   0   0   0  0.57 0.29
   27 L    -4  -5  -6  -6  -4  -5  -6  -7  -6   1   6  -5   2  -2  -6  -5  -1  -5  -4  -1    0   0   0   0   0   0   0   0   0   6  85   0   3   0   0   0   3   0   0   2  1.49 0.52
   28 E    -1  -3  -2  -2  -6   4   6  -4   2  -4  -6  -2  -4  -6  -4  -2  -1  -6  -5  -5    4   0   1   0   0  19  65   1   4   1   0   0   0   0   0   1   5   0   0   0  1.40 0.55
   29 E     1   1   0   2  -2   2   1  -1   0  -1  -2   1  -2  -2  -2   1   0  -4  -2  -2   16  10   3  12   1  10   9   2   3   3   2  10   0   1   0  11   6   0   1   1  0.20 0.13
   30 K    -3   3  -2   0  -3   2   4  -4  -2  -4  -4   4  -3  -5  -3   0   0  -5  -4  -4    0  15   0   4   1   9  27   0   0   0   1  30   0   0   0   5   7   0   0   0  0.72 0.33
   31 V     0  -1  -2  -4   1  -2  -3  -4   0   1   1  -2   0  -1  -4  -1  -1  -4  -3   5    8   4   1   0   3   2   0   0   3   6  10   2   2   2   0   5   3   0   0  48  0.46 0.26
   32 K     1   0   1   1  -2   2   3  -2  -1  -1  -1   1  -1  -3  -3   0  -1  -4  -3  -1   13   4   6   9   1  11  24   1   1   3   6   7   1   0   0   8   2   0   0   3  0.25 0.16
   33 T     0   0   0   1  -3   2   2   0   0  -2  -2   1  -2  -1  -2   1   0  -3  -1  -1    9   5   5   6   0  10  17   7   2   2   2   9   0   4   0   9   7   0   2   5  0.14 0.10
   34 L    -2  -4  -5  -5   1  -4  -2  -5  -4   0   5  -3   2  -1  -5  -4  -2  -4   1  -1    2   0   0   0   3   0   3   0   0   3  73   1   4   1   0   1   2   0   5   1  1.02 0.40
   35 K    -1  -1   0  -1  -2   2   4  -2   0  -2  -2   2  -1  -3  -3   1   2  -4  -3  -1    2   1   3   1   1  10  30   1   2   1   3  12   2   1   0  10  17   0   0   4  0.39 0.24
   36 A     2   0   1   0  -2   2   1  -1   0  -3  -2   2  -1  -3  -3   2   1  -4  -3  -2   19   4   7   4   1   9   9   3   2   0   3  13   1   1   0  17   7   0   0   1  0.25 0.17
   37 Q    -2   1  -1   1  -5   3   5  -3  -1  -3  -1   0  -1  -5  -3  -1  -1  -5  -4  -2    2   6   1   7   0  16  43   1   1   1   7   5   2   0   0   2   3   0   0   3  0.64 0.32
   38 N    -2   1   7  -2   0  -1   0  -2  -1  -2  -3   1  -4  -5  -4  -1  -2  -6  -1  -3    3   7  58   0   2   1   4   3   1   3   2   7   0   0   0   4   1   0   2   1  1.01 0.43
   39 S     1   1  -1   1  -3   2   3  -2   1  -2  -3   1   0  -4  -3   1   1  -4  -2  -2   10   6   2   7   0  12  21   2   4   2   1   6   3   0   0  14   7   0   1   2  0.28 0.18
   40 E     1   3  -1   1  -2   2   3  -2  -1  -3  -3   1  -2  -3  -3   1   0  -4  -3  -2   12  18   2   8   1   9  20   2   1   2   0   8   1   1   0   8   6   0   0   2  0.34 0.20
   41 L    -2  -5  -4  -6  -2  -5  -6  -6  -5   1   6  -4   2  -2  -6  -4  -3  -5  -3  -1    2   0   1   0   1   0   0   0   0   5  82   1   3   1   0   1   1   0   1   1  1.33 0.50
   42 A    -1   3   0  -2  -4   3   0  -3   0  -2   0   2  -1  -2  -3   1  -1  -1  -2  -1    5  16   4   1   0  16   6   0   2   1  11  16   1   1   0  11   2   1   1   5  0.27 0.19
   43 S     2   2   0  -2  -4   1   0  -2  -2  -2  -2   4  -3  -4  -2   1  -1  -4  -2  -2   18  12   5   0   0   7   6   1   0   2   5  28   0   0   1   9   2   0   1   2  0.34 0.22
   44 T     0   2  -2  -1  -5   3   5  -4  -3  -4  -3   2  -3  -5  -3  -1   1  -5  -4  -3    7  10   0   2   0  14  38   0   0   1   2  15   0   0   0   1   8   0   0   1  0.71 0.35
   45 A     0   0   1  -4   0  -1  -3  -4  -2   3   2  -2   0  -2  -4  -3  -1  -4  -2   3    7   6   9   0   2   2   0   0   1  18  27   2   2   1   0   0   2   0   1  21  0.35 0.22
   46 N     1   0   1   2  -3   2   3  -1  -1  -2  -2   0  -2  -3  -3   1   0  -4  -1  -2   13   6   9   9   0  10  19   4   1   1   3   3   0   1   0  12   5   0   2   2  0.25 0.17
   47 M     0   0   1   0   0   2   2  -2   1  -1   0   0   0   0  -3   0   0  -3   0  -1    8   3   7   4   2  14  15   1   3   3   9   4   3   5   0   7   4   0   3   3  0.12 0.11
   48 L    -1  -4  -3  -5   0  -3  -5  -5  -5   1   5  -4   2   0  -5  -3  -3  -1  -1   0    6   0   1   0   2   1   0   0   0   6  66   0   4   3   0   1   0   1   2   5  0.89 0.39
   49 R    -2   4   1  -1  -4   2   2  -3   0  -3  -2   2   0  -4  -3   0   1  -4  -3  -1    2  24   5   2   0   8  15   1   2   1   4  16   3   0   0   5  10   0   0   3  0.39 0.23
   50 E     1   2   2   1  -3   1   2  -2  -1  -4  -4   3  -2  -4  -3   0  -1  -4  -2  -3   14  13   9   9   0   7  15   2   1   0   1  19   1   0   0   6   2   0   1   0  0.38 0.22
   51 Q    -1  -2  -1   0  -1   4   5  -3   1  -3  -2   1  -3  -5  -3  -1   1  -5  -4  -3    4   1   2   3   2  18  42   1   3   1   4   6   0   0   0   4   8   0   0   1  0.66 0.35
   52 V    -2  -1   3  -3  -1  -1  -2  -4  -3   2   2   1   0  -2  -2  -2   0  -4  -1   2    2   3  22   0   1   1   1   0   0  11  21   9   1   1   1   2   5   0   2  16  0.28 0.22
   53 A     1   1   1   0  -1   1   1   0   1  -1  -1   1  -1  -1  -2   0   0  -3  -2   0   13   7   9   4   1   7   9   5   4   5   5  10   1   2   0   7   4   0   0   6  0.08 0.08
   54 Q     0   2  -1  -1  -1   3   2  -1   0  -2  -2   2  -1  -3  -3   1   0  -1   0  -2    8  11   2   2   1  17  13   4   2   2   4  11   1   1   0  10   6   1   4   1  0.23 0.18
   55 L    -4  -5  -6  -6   0  -5  -6  -6  -6  -1   6  -5   3   0  -6  -5  -2   1  -3  -1    0   0   0   0   2   0   0   0   0   2  80   0   5   4   0   0   3   2   0   2  1.38 0.53
   56 K    -3   3  -2  -3  -5  -1   1  -3  -1  -2   0   5   0  -4  -4  -1  -1  -4  -1  -2    0  19   1   0   0   1   9   1   1   3   9  42   3   0   0   3   3   0   2   3  0.61 0.32
   57 Q    -2   1   2   1   0   3   2  -3   1  -2  -3   1  -1   0  -3   0   0  -3   0  -2    1   6  12   6   2  20  15   1   3   2   1   6   2   5   0   6   5   0   4   2  0.29 0.20
   58 K    -2   0  -2   0  -2   3   2  -4  -2   0   1   1   2  -1  -2  -1  -1  -3  -1   0    1   5   1   4   1  20  14   0   0   6  16  12   6   3   1   2   4   0   1   6  0.23 0.18
   59 V    -3  -5  -5  -6  -4  -4  -5  -3  -5   2   5  -5   1   0  -5  -2  -3  -4  -3   2    0   0   0   0   0   0   0   2   0   9  68   0   2   3   0   3   0   0   0  14  1.00 0.39
   60 M     0   1   0  -2  -3   2   1  -3   1   0   1   1   1   0  -3   0  -1  -3   0  -1    8   8   6   0   0  14  11   0   5   5  14   9   4   5   0   6   1   0   3   1  0.12 0.11
   61 N     2   0   1  -2  -3   2   1  -2   2  -2  -1  -1  -2  -3  -2   1   2  -4  -3  -1   25   4   8   0   0  10  11   0   5   2   6   0   0   0   0  13  15   0   0   2  0.27 0.18
   62 H    -4  -3  -2  -4  -6  -2  -3  -5  10  -6  -5  -3  -4  -3  -5  -4  -4  -5   2  -6    0   0   0   0   0   0   0   0  94   0   0   0   0   0   0   0   0   0   6   0  2.85 0.56

                      K         Lambda
Standard Ungapped    0.1191     0.3115
Standard Gapped      0.0419     0.2670
PSI Ungapped         0.1370     0.3182
PSI Gapped           0.0419     0.2670
