
Last position-specific scoring matrix computed, weighted observed percentages rounded down, information per position, and relative weight of gapless real matches to pseudocounts
            A   R   N   D   C   Q   E   G   H   I   L   K   M   F   P   S   T   W   Y   V   A   R   N   D   C   Q   E   G   H   I   L   K   M   F   P   S   T   W   Y   V
    1 G     0  -2   0  -1  -3  -2  -2   6  -2  -4  -4  -2  -3  -3  -2   0  -2  -3  -3  -3    0   0   0   0   0   0   0 100   0   0   0   0   0   0   0   0   0   0   0   0  1.04 0.00
    2 E    -1   0   0   2  -4   2   5  -2   0  -3  -3   1  -2  -3  -1   0  -1  -3  -2  -3    0   0   0   0   0   0 100   0   0   0   0   0   0   0   0   0   0   0   0   0  0.74 0.00
    3 L    -2  -2  -3  -4  -1  -2  -3  -4  -3   2   4  -2   2   0  -3  -2  -1  -2  -1   1    0   0   0   0   0   0   0   0   0   0 100   0   0   0   0   0   0   0   0   0  0.46 0.00
    4 V     1  -2  -3  -3  -1  -2  -2  -2  -3   2   0  -2   0  -1  -2  -1   0  -3  -1   3   24   0   0   0   0   0   0   0   0   0   0   0   0   0   0   0   0   0   0  76  0.24 0.00
    5 R    -1   5   0  -1  -3   3   0  -2   0  -3  -2   2  -1  -3  -2  -1  -1  -3  -2  -2    0  76   0   0   0  24   0   0   0   0   0   0   0   0   0   0   0   0   0   0  0.63 0.00
    6 T     0  -1   0  -1  -1  -1  -1  -2  -2  -1  -1  -1  -1  -2  -1   1   5  -2  -2   0    0   0   0   0   0   0   0   0   0   0   0   0   0   0   0   0 100   0   0   0  0.47 0.00
    7 D     0  -2   1   4  -3  -1   1   2  -1  -3  -3  -1  -3  -3  -1   1   0  -3  -3  -3    0   0   0  55   0   0   0  24   0   0   0   0   0   0   0  21   0   0   0   0  0.52 0.00
    8 S     1  -1   3   0  -1   0   0   0  -1  -3  -3   0  -2  -3  -1   4   1  -3  -2  -2    0   0  21   0   0   0   0   0   0   0   0   0   0   0   0  79   0   0   0   0  0.41 0.00
    9 P    -1  -2  -2  -2  -3  -1  -1  -2  -2  -3  -3  -1  -3  -4   8  -1  -1  -4  -3  -2    0   0   0   0   0   0   0   0   0   0   0   0   0   0 100   0   0   0   0   0  2.05 0.00
   10 N    -1  -1   4   0  -2   0  -1  -1   1  -3  -3   0  -2   0  -2   2   0  -1   3  -2    0   0  55   0   0   0   0   0   0   0   0   0   0   0   0  24   0   0  21   0  0.38 0.00
   11 F    -2  -3  -3  -3  -2  -3  -3  -3  -2   2   1  -3   0   5  -3  -2  -2   0   2   0    0   0   0   0   0   0   0   0   0  24   0   0   0  76   0   0   0   0   0   0  0.53 0.00
   12 L    -2  -2  -3  -4  -1  -2  -3  -4  -3   2   4  -2   2   0  -3  -2  -1  -2  -1   1    0   0   0   0   0   0   0   0   0   0 100   0   0   0   0   0   0   0   0   0  0.46 0.00
   13 C     0  -3  -3  -4   9  -3  -4  -3  -3  -1  -1  -3  -1  -2  -3  -1  -1  -2  -2  -1    0   0   0   0 100   0   0   0   0   0   0   0   0   0   0   0   0   0   0   0  1.22 0.00
   14 S     1  -1   1   0  -1   0   0   0  -1  -2  -3   0  -2  -2  -1   4   1  -3  -2  -2    0   0   0   0   0   0   0   0   0   0   0   0   0   0   0 100   0   0   0   0  0.46 0.00
   15 V     2  -2  -2  -2  -1  -2  -2  -1  -2   1   0  -2   0  -1  -2   0   0  -3  -1   3   45   0   0   0   0   0   0   0   0   0   0   0   0   0   0   0   0   0   0  55  0.21 0.00
   16 L    -2  -2  -3  -4  -1  -2  -3  -4  -3   2   4  -2   2   0  -3  -2  -1  -2  -1   1    0   0   0   0   0   0   0   0   0   0 100   0   0   0   0   0   0   0   0   0  0.46 0.00
   17 P    -1  -2  -2  -2  -3  -1  -1  -2  -2  -3  -3  -1  -3  -4   8  -1  -1  -4  -3  -2    0   0   0   0   0   0   0   0   0   0   0   0   0   0 100   0   0   0   0   0  2.05 0.00
   18 T     1  -1   3   0  -1   0  -1  -1  -1  -2  -2   0  -1  -2  -1   2   3  -3  -2  -1   21   0  24   0   0   0   0   0   0   0   0   0   0   0   0  19  36   0   0   0  0.29 0.00
   19 H    -2   0   1  -1  -3   0   0  -2   8  -3  -3  -1  -2  -1  -2  -1  -2  -2   2  -3    0   0   0   0   0   0   0   0 100   0   0   0   0   0   0   0   0   0   0   0  0.87 0.00
   20 W    -3  -3  -4  -4  -2  -2  -3  -3  -2  -3  -2  -3  -1   1  -4  -3  -3  11   2  -3    0   0   0   0   0   0   0   0   0   0   0   0   0   0   0   0   0 100   0   0  2.33 0.01
   21 R    -1   6   0  -2  -3   1   0  -2   0  -3  -2   2  -1  -3  -2  -1  -1  -3  -2  -3    0 100   0   0   0   0   0   0   0   0   0   0   0   0   0   0   0   0   0   0  0.75 0.00
   22 C     0  -2  -1  -2   7  -1  -2  -1  -2  -2  -2  -1  -1  -2  -2   2   0  -3  -2  -1    0   0   0   0  55   0   0   0   0   0   0   0   0   0   0  45   0   0   0   0  0.60 0.00
   23 N    -2   0   6   1  -3   0   0   0   1  -3  -3   0  -2  -3  -2   1   0  -4  -2  -3    0   0 100   0   0   0   0   0   0   0   0   0   0   0   0   0   0   0   0   0  0.73 0.00
   24 K    -1   2   0  -1  -3   1   1  -2  -1  -3  -3   5  -1  -3  -1   0  -1  -3  -2  -2    0   0   0   0   0   0   0   0   0   0   0 100   0   0   0   0   0   0   0   0  0.52 0.00
   25 T     0  -1   0  -1  -1  -1  -1  -1  -2  -1  -1  -1  -1  -2  -1   2   4  -3  -2   0    0   0   0   0   0   0   0   0   0   0   0   0   0   0   0  21  79   0   0   0  0.42 0.00
   26 L    -1  -2  -3  -4  -1  -2  -3  -4  -3   2   4  -2   2   0  -3  -2  -1  -2  -1   1    0   0   0   0   0   0   0   0   0   0 100   0   0   0   0   0   0   0   0   0  0.46 0.00
   27 P    -1  -2  -2  -2  -3  -1  -1  -2  -2  -3  -3  -1  -3  -4   7  -1  -1  -4  -3  -2    0   0   0   0   0   0   0   0   0   0   0   0   0   0 100   0   0   0   0   0  2.04 0.00
   28 I    -1  -2  -2  -3  -1  -2  -3   2  -3   2   1  -2   2  -1  -2  -1  -1  -2  -2   2    0   0   0   0   0   0   0  21   0  30   0   0  19   0   0   0   0   0   0  30  0.19 0.00
   29 A     4  -1  -2  -2   0  -1  -1   0  -2  -1  -2  -1  -1  -2  -1   1   0  -3  -2   0  100   0   0   0   0   0   0   0   0   0   0   0   0   0   0   0   0   0   0   0  0.40 0.00
   30 F    -2  -3  -3  -4  -2  -3  -3  -3  -1   0   0  -3   0   6  -4  -2  -2   1   3  -1    0   0   0   0   0   0   0   0   0   0   0   0   0 100   0   0   0   0   0   0  0.74 0.00
   31 K    -1   2   0  -1  -3   1   1  -2  -1  -3  -3   5  -1  -3  -1   0  -1  -3  -2  -2    0   0   0   0   0   0   0   0   0   0   0 100   0   0   0   0   0   0   0   0  0.52 0.00
   32 V     0  -3  -3  -3  -1  -2  -2  -3  -3   3   1  -2   1  -1  -2  -2   0  -3  -1   4    0   0   0   0   0   0   0   0   0   0   0   0   0   0   0   0   0   0   0 100  0.35 0.00
   33 V     0  -3  -3  -3  -1  -2  -3  -3  -3   3   1  -2   1  -1  -2  -2   0  -3  -1   4    0   0   0   0   0   0   0   0   0  21   0   0   0   0   0   0   0   0   0  79  0.34 0.00
   34 A     4  -1  -2  -2   0  -1  -1   0  -2  -1  -2  -1  -1  -2  -1   1   0  -3  -2   0  100   0   0   0   0   0   0   0   0   0   0   0   0   0   0   0   0   0   0   0  0.41 0.00
   35 L    -2  -2  -3  -4  -1  -2  -3  -4  -3   2   4  -3   2   0  -3  -2  -1  -2  -1   1    0   0   0   0   0   0   0   0   0   0 100   0   0   0   0   0   0   0   0   0  0.46 0.00
   36 G     1  -2   0   3  -2  -1   0   4  -2  -3  -3  -1  -2  -3  -2   0  -1  -3  -3  -2   16   0   0  32   0   0   0  52   0   0   0   0   0   0   0   0   0   0   0   0  0.54 0.00
   37 D    -1  -1   1   5  -4   1   4  -2  -1  -3  -3   0  -3  -3  -1   0  -1  -4  -3  -3    0   0   0  58   0   0  42   0   0   0   0   0   0   0   0   0   0   0   0   0  0.71 0.00
   38 V     0  -3  -3  -3  -1  -2  -3  -3  -3   3   1  -2   1  -1  -2  -2   0  -3  -1   4    0   0   0   0   0   0   0   0   0   0   0   0   0   0   0   0   0   0   0 100  0.35 0.00
   39 P    -1  -1  -1  -1  -3   1  -1   1  -2  -3  -3  -1  -2  -4   6  -1  -1  -3  -3  -2    0   0   0   0   0  15   0  16   0   0   0   0   0   0  69   0   0   0   0   0  1.26 0.00
   40 D    -2  -2   1   6  -4   0   2  -1  -1  -3  -4  -1  -3  -4  -2   0  -1  -4  -3  -3    0   0   0 100   0   0   0   0   0   0   0   0   0   0   0   0   0   0   0   0  0.94 0.00
   41 G     0  -2   0  -1  -3  -2  -2   6  -2  -4  -4  -2  -3  -3  -2   0  -2  -3  -3  -3    0   0   0   0   0   0   0 100   0   0   0   0   0   0   0   0   0   0   0   0  1.05 0.00
   42 T     0  -1   0  -1  -1  -1  -1  -2  -2  -1  -1  -1  -1  -2  -1   1   5  -2  -2   0    0   0   0   0   0   0   0   0   0   0   0   0   0   0   0   0 100   0   0   0  0.48 0.00
   43 L    -1  -2  -3  -3  -1  -2  -3  -3  -2   2   3  -2   1   1  -3  -2  -1  -1   2   2    0   0   0   0   0   0   0   0   0   0  58   0   0   0   0   0   0   0  16  26  0.29 0.00
   44 V     0  -3  -3  -3  -1  -2  -3  -3  -3   3   1  -2   1  -1  -2  -2   0  -3  -1   4    0   0   0   0   0   0   0   0   0   0   0   0   0   0   0   0   0   0   0 100  0.35 0.00
   45 T     0  -1   0  -1  -1  -1  -1  -1  -2  -1  -1  -1  -1  -2  -1   2   4  -3  -2   0    0   0   0   0   0   0   0   0   0   0   0   0   0   0   0  17  83   0   0   0  0.43 0.00
   46 V    -1  -3  -3  -3  -1  -3  -3  -3  -3   3   1  -3   1  -1  -3  -2   0  -3  -1   3    0   0   0   0   0   0   0   0   0  48   0   0   0   0   0   0   0   0   0  52  0.35 0.00
   47 M    -1   2  -1  -2  -2   0  -1  -2  -1   0   1   2   4  -1  -2  -1  -1  -2  -1   0    0  16   0   0   0   0   0   0   0   0   0  32  52   0   0   0   0   0   0   0  0.21 0.00
   48 A     4  -2  -2  -2   4  -1  -1   0  -2  -1  -1  -1  -1  -2  -1   1   0  -3  -2   0   83   0   0   0  17   0   0   0   0   0   0   0   0   0   0   0   0   0   0   0  0.38 0.00
   49 G     0  -2   0  -1  -3  -2  -2   6  -2  -4  -4  -2  -3  -3  -2   0  -2  -3  -3  -3    0   0   0   0   0   0   0 100   0   0   0   0   0   0   0   0   0   0   0   0  1.05 0.00
   50 N    -2   0   6   1  -3   0   0   0   1  -3  -3   0  -2  -3  -2   1   0  -4  -2  -3    0   0 100   0   0   0   0   0   0   0   0   0   0   0   0   0   0   0   0   0  0.73 0.00
   51 D    -2  -2   1   6  -4   0   2  -1  -1  -3  -4  -1  -3  -4  -2   0  -1  -4  -3  -3    0   0   0 100   0   0   0   0   0   0   0   0   0   0   0   0   0   0   0   0  0.94 0.00
   52 E    -1   0   0   2  -4   2   5  -2   0  -3  -3   1  -2  -3  -1   0  -1  -3  -2  -3    0   0   0   0   0   0 100   0   0   0   0   0   0   0   0   0   0   0   0   0  0.74 0.00
   53 N    -2   0   6   1  -3   0   0   0   1  -3  -3   0  -2  -3  -2   1   0  -4  -2  -3    0   0 100   0   0   0   0   0   0   0   0   0   0   0   0   0   0   0   0   0  0.73 0.00
   54 Y    -1  -2  -2  -3   4  -2  -2  -3   1   0  -1  -2  -1   2  -3  -2  -1   1   6   0    0   0   0   0  16   0   0   0   0   0   0   0   0   0   0   0   0   0  69  15  0.54 0.00
   55 S     0  -2  -1  -1   6  -1  -1  -1  -2  -1  -1  -1   1  -2  -2   3   1  -2  -2  -1    0   0   0   0  33   0   0   0   0   0   0   0  15   0   0  52   0   0   0   0  0.35 0.00
   56 A     4  -2  -1  -2  -1  -1  -1   2  -2  -2  -2  -1  -1  -2  -1   1   0  -3  -2  -1   83   0   0   0   0   0   0  17   0   0   0   0   0   0   0   0   0   0   0   0  0.38 0.00
   57 E    -1   0   0   2  -4   2   5  -2   0  -3  -3   1  -2  -3  -1   0  -1  -3  -2  -3    0   0   0   0   0   0 100   0   0   0   0   0   0   0   0   0   0   0   0   0  0.74 0.00
   58 L    -2  -2  -3  -4  -1  -2  -3  -4  -3   2   4  -3   2   0  -3  -2  -1  -2  -1   1    0   0   0   0   0   0   0   0   0   0 100   0   0   0   0   0   0   0   0   0  0.46 0.00
   59 R    -1   6   0  -2  -3   1   0  -2   0  -3  -2   2  -1  -3  -2  -1  -1  -3  -2  -3    0 100   0   0   0   0   0   0   0   0   0   0   0   0   0   0   0   0   0   0  0.76 0.00
   60 N    -2   0   6   1  -3   0   0   0   1  -3  -3   0  -2  -3  -2   1   0  -4  -2  -3    0   0 100   0   0   0   0   0   0   0   0   0   0   0   0   0   0   0   0   0  0.73 0.00
   61 A     3  -2  -2  -3   6  -2  -2  -1  -2  -1  -1  -2  -1   2  -2   0  -1  -2   0   0   52   0   0   0  32   0   0   0   0   0   0   0   0  16   0   0   0   0   0   0  0.34 0.00
   62 T     0  -1   0  -1  -1  -1  -1  -1  -1  -1  -2  -1  -1  -2  -1   2   4  -3  -2   0    0   0   0   0   0   0   0   0   0   0   0   0   0   0   0  26  74   0   0   0  0.41 0.00
   63 A     3  -1  -1  -2  -1  -1  -1   0  -2  -1  -1  -1  -1  -2  -1   1   2  -3  -2   0   67   0   0   0   0   0   0   0   0   0   0   0   0   0   0   0  33   0   0   0  0.32 0.00
   64 A     2  -1  -1  -2  -1   1  -1  -2  -2   1   0  -1   0  -2  -2   0   1  -3  -1   2   26   0   0   0   0  16   0   0   0   0   0   0   0   0   0   0  17   0   0  41  0.14 0.00
   65 M    -1  -1  -2  -3  -1   0  -2  -3  -2   1   2  -1   6   0  -3  -2  -1  -1  -1   1    0   0   0   0   0   0   0   0   0   0   0   0 100   0   0   0   0   0   0   0  0.36 0.01
   66 K    -1   2   0  -1  -3   1   1  -2  -1  -3  -3   5  -1  -3  -1   0  -1  -3  -2  -2    0   0   0   0   0   0   0   0   0   0   0 100   0   0   0   0   0   0   0   0  0.53 0.00
   67 N    -1  -1   5   1  -2   0   0   0   0  -3  -3   0  -2  -3  -2   1   0  -4  -2  -3    0   0  87   0   0   0   0   0   0   0   0   0   0   0   0  13   0   0   0   0  0.63 0.00
   68 Q    -1   1   0   2  -3   5   2  -2   0  -3  -2   1  -1  -3  -1   0  -1  -2  -2  -2    0   0   0  16   0  84   0   0   0   0   0   0   0   0   0   0   0   0   0   0  0.58 0.00
   69 V     0  -3  -3  -3  -1  -2  -3  -3  -3   3   1  -2   1  -1  -2  -2   0  -3  -1   4    0   0   0   0   0   0   0   0   0   0   0   0   0   0   0   0   0   0   0 100  0.35 0.00
   70 A     4  -1  -2  -2   0  -1  -1   0  -2  -1  -2  -1  -1  -2  -1   1   0  -3  -2   0  100   0   0   0   0   0   0   0   0   0   0   0   0   0   0   0   0   0   0   0  0.41 0.00
   71 R    -1   4   0  -1  -3   1   0  -2   0  -3  -2   4  -1  -3  -2  -1  -1  -3  -2  -2    0  52   0   0   0   0   0   0   0   0   0  48   0   0   0   0   0   0   0   0  0.56 0.00
   72 F    -2  -3  -3  -4  -2  -3  -3  -3  -1   0   0  -3   0   6  -4  -2  -2   1   3  -1    0   0   0   0   0   0   0   0   0   0   0   0   0 100   0   0   0   0   0   0  0.75 0.00
   73 N    -2   0   6   1  -3   0   0   0   1  -3  -3   0  -2  -3  -2   1   0  -4  -2  -3    0   0 100   0   0   0   0   0   0   0   0   0   0   0   0   0   0   0   0   0  0.73 0.00
   74 D    -2  -2   1   6  -4   0   2  -1  -1  -3  -4  -1  -3  -4  -2   0  -1  -4  -3  -3    0   0   0 100   0   0   0   0   0   0   0   0   0   0   0   0   0   0   0   0  0.94 0.00
   75 L    -2  -2  -3  -4  -1  -2  -3  -4  -3   2   4  -3   2   0  -3  -2  -1  -2  -1   1    0   0   0   0   0   0   0   0   0   0 100   0   0   0   0   0   0   0   0   0  0.46 0.00
   76 R    -1   6   0  -2  -3   1   0  -2   0  -3  -2   2  -1  -3  -2  -1  -1  -3  -2  -3    0 100   0   0   0   0   0   0   0   0   0   0   0   0   0   0   0   0   0   0  0.76 0.00
   77 F    -2  -3  -3  -4  -2  -3  -3  -3  -1   0   0  -3   0   6  -4  -2  -2   1   3  -1    0   0   0   0   0   0   0   0   0   0   0   0   0 100   0   0   0   0   0   0  0.75 0.00
   78 V     0  -3  -3  -3  -1  -2  -3  -3  -3   3   1  -2   1  -1  -2  -2   0  -3  -1   4    0   0   0   0   0   0   0   0   0   0   0   0   0   0   0   0   0   0   0 100  0.35 0.00
   79 G     0  -2   0  -1  -3  -2  -2   6  -2  -4  -4  -2  -3  -3  -2   0  -2  -3  -3  -3    0   0   0   0   0   0   0 100   0   0   0   0   0   0   0   0   0   0   0   0  1.05 0.00
   80 R    -1   6   0  -2  -3   1   0  -2   0  -3  -2   2  -1  -3  -2  -1  -1  -3  -2  -3    0 100   0   0   0   0   0   0   0   0   0   0   0   0   0   0   0   0   0   0  0.76 0.00
   81 S     1  -1   1   0  -1   0   0   0  -1  -2  -3   0  -2  -2  -1   4   1  -3  -2  -2    0   0   0   0   0   0   0   0   0   0   0   0   0   0   0 100   0   0   0   0  0.46 0.00
   82 G     0  -2   0  -1  -3  -2  -2   6  -2  -4  -4  -2  -3  -3  -2   0  -2  -3  -3  -3    0   0   0   0   0   0   0 100   0   0   0   0   0   0   0   0   0   0   0   0  1.05 0.00
   83 R    -1   6   0  -2  -3   1   0  -2   0  -3  -2   2  -1  -3  -2  -1  -1  -3  -2  -3    0 100   0   0   0   0   0   0   0   0   0   0   0   0   0   0   0   0   0   0  0.76 0.00
   84 G     0  -2   0  -1  -3  -2  -2   6  -2  -4  -4  -2  -3  -3  -2   0  -2  -3  -3  -3    0   0   0   0   0   0   0 100   0   0   0   0   0   0   0   0   0   0   0   0  1.05 0.00
   85 K    -1   2   0  -1  -3   1   1  -2  -1  -3  -3   5  -1  -3  -1   0  -1  -3  -2  -2    0   0   0   0   0   0   0   0   0   0   0 100   0   0   0   0   0   0   0   0  0.53 0.00
   86 S     1  -1   1   0  -1   0   0   0  -1  -2  -3   0  -2  -2  -1   4   1  -3  -2  -2    0   0   0   0   0   0   0   0   0   0   0   0   0   0   0 100   0   0   0   0  0.46 0.00
   87 F    -2  -3  -3  -4  -2  -3  -3  -3  -1   0   0  -3   0   6  -4  -2  -2   1   3  -1    0   0   0   0   0   0   0   0   0   0   0   0   0 100   0   0   0   0   0   0  0.75 0.00
   88 T     0  -1   0  -1  -1  -1  -1  -2  -2  -1  -1  -1  -1  -2  -1   1   5  -2  -2   0    0   0   0   0   0   0   0   0   0   0   0   0   0   0   0   0 100   0   0   0  0.48 0.00
   89 L    -2  -2  -3  -4  -1  -2  -3  -4  -3   2   4  -3   2   0  -3  -2  -1  -2  -1   1    0   0   0   0   0   0   0   0   0   0 100   0   0   0   0   0   0   0   0   0  0.46 0.00
   90 T     0  -1   0  -1  -1  -1  -1  -2  -2  -1  -1  -1  -1  -2  -1   1   5  -2  -2   0    0   0   0   0   0   0   0   0   0   0   0   0   0   0   0   0 100   0   0   0  0.48 0.00
   91 I    -1  -3  -3  -3  -1  -3  -3  -4  -3   4   2  -3   1   0  -3  -2  -1  -3  -1   3    0   0   0   0   0   0   0   0   0 100   0   0   0   0   0   0   0   0   0   0  0.40 0.00
   92 T     0  -1   0  -1  -1  -1  -1  -2  -2  -1  -1  -1  -1  -2  -1   1   5  -2  -2   0    0   0   0   0   0   0   0   0   0   0   0   0   0   0   0   0 100   0   0   0  0.48 0.00
   93 V    -1  -3  -3  -3  -1  -2  -3  -3  -3   3   1  -2   1  -1  -3  -2   0  -3  -1   4    0   0   0   0   0   0   0   0   0  32   0   0   0   0   0   0   0   0   0  68  0.34 0.00
   94 F     2  -2  -2  -2  -1  -2  -2  -1  -1  -1   0  -2   0   4  -2   1  -1   0   2  -1   33   0   0   0   0   0   0   0   0   0   0   0   0  52   0  15   0   0   0   0  0.27 0.00
   95 T     0  -1   0  -1  -1  -1  -1  -2  -2  -1  -1  -1  -1  -2  -1   1   5  -2  -2   0    0   0   0   0   0   0   0   0   0   0   0   0   0   0   0   0 100   0   0   0  0.48 0.00
   96 N    -1  -1   4   0  -2  -1  -1  -1   0  -2  -2  -1  -1   2  -2   1   0  -1   3  -2    0   0  52   0   0   0   0   0   0   0   0   0   0  15   0  16   0   0  17   0  0.32 0.00
   97 P    -1  -2  -2  -2  -3  -1  -1  -2  -2  -3  -3  -1  -3  -4   8  -1  -1  -4  -3  -2    0   0   0   0   0   0   0   0   0   0   0   0   0   0 100   0   0   0   0   0  2.05 0.00
   98 P     0  -2  -1  -1  -2  -1  -1  -2  -2  -1  -2  -1  -1  -3   6   1   1  -3  -2   0    0   0   0   0   0   0   0   0   0   0   0   0   0   0  55  15  13   0   0  17  0.89 0.00
   99 Q    -1   1   0   0  -3   5   2  -2   0  -3  -2   1   0  -3  -1   0  -1  -2  -1  -2    0   0   0   0   0 100   0   0   0   0   0   0   0   0   0   0   0   0   0   0  0.67 0.01
  100 V     0  -3  -3  -3  -1  -2  -3  -3  -3   3   1  -2   1  -1  -2  -2   0  -3  -1   4    0   0   0   0   0   0   0   0   0  17   0   0   0   0   0   0   0   0   0  83  0.35 0.00
  101 A     4  -1  -2  -2   0  -1  -1   0  -2  -1  -2  -1  -1  -2  -1   1   0  -3  -2   0  100   0   0   0   0   0   0   0   0   0   0   0   0   0   0   0   0   0   0   0  0.41 0.00
  102 T     0  -1   0  -1  -1  -1  -1  -1  -2  -1  -1  -1  -1  -2  -1   2   4  -3  -2   0    0   0   0   0   0   0   0   0   0   0   0   0   0   0   0  17  83   0   0   0  0.43 0.00
  103 Y    -2  -2  -2  -3  -2  -1  -2  -3   2  -1  -1  -2  -1   3  -3  -2  -2   2   7  -1    0   0   0   0   0   0   0   0   0   0   0   0   0   0   0   0   0   0 100   0  0.88 0.01
  104 H     1  -1   0  -1  -2   0   0  -1   6  -3  -2  -1  -1  -2  -1   2   0  -3   1  -2   16   0   0   0   0   0   0   0  52   0   0   0   0   0   0  32   0   0   0   0  0.41 0.00
  105 R    -1   4   0  -1  -3   1   0  -2   0  -3  -2   4  -1  -3  -2  -1  -1  -3  -2  -2    0  52   0   0   0   0   0   0   0   0   0  48   0   0   0   0   0   0   0   0  0.56 0.00
  106 A     4  -1  -2  -2   0  -1  -1   0  -2  -1  -2  -1  -1  -2  -1   1   0  -3  -2   0  100   0   0   0   0   0   0   0   0   0   0   0   0   0   0   0   0   0   0   0  0.41 0.00
  107 I    -1  -3  -3  -3  -1  -3  -3  -4  -3   4   2  -3   1   0  -3  -2  -1  -3  -1   3    0   0   0   0   0   0   0   0   0 100   0   0   0   0   0   0   0   0   0   0  0.40 0.00
  108 K    -1   2   0  -1  -3   1   1  -2  -1  -3  -3   5  -1  -3  -1   0  -1  -3  -2  -2    0   0   0   0   0   0   0   0   0   0   0 100   0   0   0   0   0   0   0   0  0.53 0.00
  109 I     0  -3  -3  -3  -1  -2  -3  -3  -3   3   1  -2   1  -1  -3  -2   0  -3  -1   4    0   0   0   0   0   0   0   0   0  26   0   0   0   0   0   0   0   0   0  74  0.34 0.00
  110 T     0  -1   0  -1  -1  -1  -1  -2  -2  -1  -1  -1  -1  -2  -1   1   5  -2  -2   0    0   0   0   0   0   0   0   0   0   0   0   0   0   0   0   0 100   0   0   0  0.48 0.00
  111 V     0  -3  -3  -3  -1  -2  -3  -3  -3   3   1  -2   1  -1  -2  -2   0  -3  -1   4    0   0   0   0   0   0   0   0   0   0   0   0   0   0   0   0   0   0   0 100  0.35 0.00
  112 D    -2  -2   1   6  -4   0   2  -1  -1  -3  -4  -1  -3  -4  -2   0  -1  -4  -3  -3    0   0   0 100   0   0   0   0   0   0   0   0   0   0   0   0   0   0   0   0  0.94 0.00
  113 G     0  -2   0  -1  -3  -2  -2   6  -2  -4  -4  -2  -3  -3  -2   0  -2  -3  -3  -3    0   0   0   0   0   0   0 100   0   0   0   0   0   0   0   0   0   0   0   0  1.04 0.00
  114 P    -1  -2  -2  -2  -3  -1  -1  -2  -2  -3  -3  -1  -3  -4   7  -1  -1  -4  -3  -2    0   0   0   0   0   0   0   0   0   0   0   0   0   0 100   0   0   0   0   0  2.04 0.00
  115 R    -1   6   0  -2  -3   1   0  -2   0  -3  -2   2  -1  -3  -2  -1  -1  -3  -2  -3    0 100   0   0   0   0   0   0   0   0   0   0   0   0   0   0   0   0   0   0  0.75 0.00
  116 E    -1   0   0   2  -4   2   5  -2   0  -3  -3   1  -2  -3  -1   0  -1  -3  -2  -2    0   0   0   0   0   0 100   0   0   0   0   0   0   0   0   0   0   0   0   0  0.74 0.00
  117 P    -1  -2  -2  -2  -3  -1  -1  -2  -2  -3  -3  -1  -3  -4   7  -1  -1  -4  -3  -2    0   0   0   0   0   0   0   0   0   0   0   0   0   0 100   0   0   0   0   0  2.04 0.00
  118 R    -1   6   0  -2  -3   1   0  -2   0  -3  -2   2  -1  -3  -2  -1  -1  -3  -2  -3    0 100   0   0   0   0   0   0   0   0   0   0   0   0   0   0   0   0   0   0  0.75 0.00
  119 R    -1   6   0  -2  -3   1   0  -2   0  -3  -2   2  -1  -3  -2  -1  -1  -3  -2  -3    0 100   0   0   0   0   0   0   0   0   0   0   0   0   0   0   0   0   0   0  0.74 0.00
  120 H    -2   0   1  -1  -3   0   0  -2   8  -3  -3  -1  -2  -1  -2  -1  -2  -2   2  -3    0   0   0   0   0   0   0   0 100   0   0   0   0   0   0   0   0   0   0   0  0.84 0.00
  121 R    -1   6   0  -2  -3   1   0  -2   0  -3  -2   2  -1  -3  -2  -1  -1  -3  -2  -3    0 100   0   0   0   0   0   0   0   0   0   0   0   0   0   0   0   0   0   0  0.74 0.00
  122 Q    -1   1   0   0  -3   5   2  -2   0  -3  -2   1   0  -3  -1   0  -1  -2  -1  -2    0   0   0   0   0 100   0   0   0   0   0   0   0   0   0   0   0   0   0   0  0.64 0.00
  123 K    -1   2   0  -1  -3   1   1  -2  -1  -3  -2   5  -1  -3  -1   0  -1  -3  -2  -2    0   0   0   0   0   0   0   0   0   0   0 100   0   0   0   0   0   0   0   0  0.51 0.00

                      K         Lambda
Standard Ungapped    0.1350     0.3209
Standard Gapped      0.0410     0.2670
PSI Ungapped         0.1350     0.3209
PSI Gapped           0.0410     0.2670
