
Last position-specific scoring matrix computed, weighted observed percentages rounded down, information per position, and relative weight of gapless real matches to pseudocounts
            A   R   N   D   C   Q   E   G   H   I   L   K   M   F   P   S   T   W   Y   V   A   R   N   D   C   Q   E   G   H   I   L   K   M   F   P   S   T   W   Y   V
    1 M    -3  -4  -5  -5  -3  -4  -5  -5  -5   6   0  -4   2  -2  -4  -4  -2  -4  -3   3    0   0   0   0   0   0   0   0   0  71   1   0   5   0   0   0   0   0   0  24  1.10 0.29
    2 E     4  -2  -2  -2   1  -1   2  -2  -2  -3  -3  -2  -3  -3  -2   3   0  -4  -1  -2   50   0   0   0   3   0  15   0   0   0   0   0   0   0   0  28   2   0   3   0  0.60 0.24
    3 A     0   2   0  -1  -3   1   3  -2  -2  -3  -3   3   0  -4  -2   3   0  -4  -3  -3    6  10   2   0   0   6  23   0   0   0   1  19   3   0   0  28   3   0   0   0  0.42 0.17
    4 V    -1   0  -2  -1   2  -1  -1  -2   1   0   2   1   1   0  -3  -1  -1  -2   1   1    0   3   1   3   5   0   3   2   5   3  31  13   2   4   0   5   3   0   5  11  0.09 0.08
    5 I    -2  -3  -4  -4  -3  -3  -4  -4  -4   2   4  -3   4   3  -4  -1  -2  -3  -1   1    0   0   0   0   0   0   0   0   0  12  49   0  13  13   0   6   0   0   0   7  0.60 0.21
    6 K    -1  -2   1  -1  -1   2   0   1  -1  -3  -3   1  -3  -4   5   0  -1  -4  -3  -2    4   0   8   1   1  10   6  10   1   0   2   9   0   0  35   8   1   0   0   3  0.62 0.18
    7 N    -2   2   3   1  -4  -1  -1   3   0  -4  -4   3  -3  -3  -3  -2  -1  -4   1  -4    0  11  19   7   0   0   1  29   2   0   1  22   0   0   0   0   2   0   6   0  0.54 0.22
    8 R    -4   7  -3  -4  -6   1  -2  -5  -3  -6  -5   3  -4  -5  -4  -3  -4  -5  -4  -5    0  74   0   0   0   5   1   0   0   0   0  20   0   0   0   0   0   0   0   0  1.70 0.48
    9 T    -1  -3   2   1   6  -3  -3  -2  -3  -2  -2  -3  -3  -4  -3   2   4  -5  -4  -2    1   0  10   7  23   0   0   2   0   1   4   0   0   0   0  19  32   0   0   1  0.74 0.31
   10 D     2   1  -2   0  -4  -2  -1   5  -3  -4  -4  -1  -4  -5   1   0  -1  -4  -4  -4   19   9   0   4   0   0   4  45   0   0   0   3   0   0   8   6   2   0   0   0  0.66 0.25
   11 V     0   2  -2  -3  -4   1  -2  -3  -1  -3  -4   6   2  -4  -3   1  -2  -5  -4   0    6   9   0   0   0   4   0   0   1   0   0  59   6   0   0   9   0   0   0   7  0.82 0.34
   12 Q    -2  -2  -2  -1  -4   6   0  -3   1  -5  -5  -1  -3  -5  -3   5  -2  -5  -4  -4    0   0   0   2   0  37   4   0   3   0   0   1   0   0   0  52   0   0   0   0  1.13 0.45
   13 C    -2  -6  -5  -6  10  -5  -6  -5  -6   1  -2  -6  -4  -5  -6  -1  -3  -5  -5   1    2   0   0   0  75   0   0   0   0   7   3   0   0   0   0   4   0   0   0   9  2.39 0.57
   14 Q    -1   6  -3  -3  -5   3  -1  -4  -1  -2  -1   2  -3  -3  -4  -3  -2  -4   2  -4    4  53   0   0   0  12   2   0   1   2   6  11   0   0   0   0   1   0   7   0  0.88 0.33
   15 H     0  -1  -2   0  -3   1   0  -4   3  -1   3   1   0  -1  -3  -1  -1  -1   1  -2    7   2   0   6   0   6   7   0   9   2  38   9   1   2   0   3   2   1   5   0  0.24 0.18
   16 R    -4   8  -3  -5  -6  -2  -3  -5   4  -3  -5  -1   1  -5  -5  -4  -2  -6  -4  -5    0  82   0   0   0   0   0   0  11   1   0   0   3   0   0   0   2   0   0   0  1.99 0.61
   17 W    -5  -6  -6  -7  -5  -5  -6  -2  -5  -3  -5  -6  -1  -1  -6  -3  -3  12  -1   0    0   0   0   0   0   0   0   3   0   2   0   0   2   2   0   2   2  80   1   6  3.42 0.78
   18 Q    -1   1   0  -2   3   0  -2  -3   2   1   1   0   2   0  -3  -1   1  -2   2   0    3  10   4   1   7   5   1   0   5   8  12   8   8   3   0   2   9   0  10   4  0.12 0.12
   19 K    -3   2   6   1  -5  -1   2  -1   0  -5  -5   2  -4  -5  -4  -2  -1  -5  -1  -5    0  11  48   5   0   1  11   3   1   0   0  14   0   0   0   1   2   0   3   0  0.94 0.38
   20 V    -2  -2  -1  -4  -4   1  -2  -4   3  -3  -2   0  -3   0  -1   0  -1   4   7   1    2   1   3   0   0   8   1   1   6   0   3   5   0   1   3   7   3   5  41  11  0.72 0.34
   21 L    -3  -1  -5  -5  -4  -3  -3  -3  -3   1   5  -3   2  -2  -3  -3  -3  -4   1  -1    0   3   0   0   0   1   1   3   1   5  71   1   4   0   1   2   0   0   6   2  0.91 0.37
   22 N    -3   4   3   3   1   1  -1  -3   2  -5  -4   2  -4  -4  -3   0  -2  -5  -1  -4    0  25  17  22   3   4   1   1   5   0   0  13   0   0   0   6   0   0   2   0  0.64 0.28
   23 P    -1  -4  -3  -2  -5  -2   0  -2  -4  -1  -5  -1  -4  -2   7  -1  -3  -6  -5  -2    4   0   1   2   0   1   5   3   0   4   0   3   0   2  67   4   1   0   0   4  1.59 0.48
   24 E    -1  -1   2   3  -1  -1   2   0  -2  -2  -3   1  -2   0  -2   2   0  -4  -3  -2    3   2  12  19   2   1  14   6   0   2   1   9   1   5   0  17   6   0   0   1  0.29 0.18
   25 L    -2  -3  -4  -2   1  -2   0  -4  -3   3   3  -3   1   0  -4  -3  -2  -3  -1   3    2   1   0   3   3   1   6   0   0  15  39   0   2   4   0   0   0   0   2  21  0.44 0.21
   26 N    -3   3   2   1  -4   1  -1  -2  -2  -1  -4   5  -3  -4  -3  -1  -1  -5  -4  -1    0  13  10   8   0   4   2   1   0   5   0  45   0   0   0   3   2   0   0   6  0.63 0.30
   27 K    -3   5  -3  -3  -5   2  -2   0  -1  -5  -4   5  -1  -5  -4  -2  -1  -5  -4  -4    0  30   0   0   0   7   0   7   1   0   0  47   1   0   0   2   3   0   0   0  1.04 0.40
   28 G    -2  -4  -1  -4  -1   1  -4   6  -4  -5  -3  -2  -4  -5  -4   0  -2  -5  -5  -5    0   0   3   0   2   7   0  73   0   0   3   2   0   0   0   7   1   0   0   0  1.38 0.46
   29 P     1   0  -3  -2  -4   0  -2  -2   2  -3  -1   2  -3  -3   6  -1  -2  -5  -2   0   10   4   0   1   0   3   0   3   5   1   6  17   0   1  37   2   1   0   1   7  0.68 0.29
   30 W    -7  -7  -8  -9  -7  -7  -8  -7  -7  -7  -6  -8  -6  -1  -8  -7  -7  13  -2  -7    0   0   0   0   0   0   0   0   0   0   0   0   0   2   0   0   0  98   0   0  4.89 1.13
   31 T    -2  -1  -2  -4  -4  -3  -2  -4  -4  -4  -2   0  -1  -5  -4   3   6  -5  -5  -3    2   4   1   0   0   0   2   0   0   0   4   6   1   0   0  19  61   0   0   0  1.14 0.50
   32 K     1  -1   1  -1  -4   1   1  -1  -1  -2  -3   2  -1  -4   4   0   0  -1  -2  -1   13   1   7   2   0   5   9   3   1   3   1  13   2   0  25   7   4   1   1   4  0.40 0.20
   33 E    -1  -2  -3   1  -6   1   6  -2  -2  -3  -5  -2  -4  -6  -4  -2  -1  -6  -5  -3    4   2   0   7   0   6  67   3   1   1   1   1   0   0   0   2   4   0   0   2  1.19 0.48
   34 E    -5  -4  -4  -1  -7   0   8  -6  -4  -7  -7  -3  -6  -7  -5  -4  -5  -7  -6  -6    0   0   0   2   0   2  96   0   0   0   0   0   0   0   0   0   0   0   0   0  2.39 0.77
   35 D    -4  -4  -2   7  -6  -1   2  -4   1  -5  -3  -2  -1  -6  -4  -1  -2  -7  -5  -3    0   0   0  70   0   2  11   0   4   0   3   1   2   0   0   3   2   0   0   2  1.53 0.53
   36 Q     0   0   0   1  -4   3   4  -3  -2  -1  -1   1   0  -3  -3  -1  -1  -4  -3  -2   10   5   4   8   0  14  28   1   0   4   6   9   3   1   0   3   2   0   0   2  0.35 0.22
   37 R     0   1  -2  -2  -1   0   0  -4  -3   2   1   4   0  -3  -3  -2  -1   0  -3   0    7   7   1   1   2   3   5   0   0  18  16  30   1   0   0   0   3   2   0   5  0.32 0.22
   38 V    -3  -5  -6  -7  -4  -5  -6  -7  -6   0   6  -5  -1   0  -6  -5  -4  -5  -4   0    2   0   0   0   0   0   0   0   0   3  87   0   0   4   0   0   0   0   0   4  1.55 0.53
   39 I    -1   2  -3  -4  -3  -2  -2  -4  -3   3   2   2   1  -1  -4  -2  -1  -4   0   1    6  13   0   0   0   0   2   0   0  18  22  16   3   1   0   2   4   0   3  10  0.28 0.19
   40 E     1   1   2   2   1   1   2  -3  -2  -4  -4   2   0  -4  -3   1  -1  -5  -4  -3   15   6   9  12   3   7  17   0   0   0   0  13   2   0   0  10   3   0   0   1  0.36 0.21
   41 H     2  -4  -3  -4  -1  -2  -4   2   1  -2   2  -4  -1   1  -4  -2  -2   0   5  -1   19   0   1   0   1   1   0  15   4   0  24   0   1   4   0   1   2   1  24   2  0.49 0.28
   42 V    -3  -5  -6  -6   2  -5  -5  -6  -6   5   0  -5   0  -3  -5  -3  -3  -5  -2   6    0   0   0   0   4   0   0   0   0  32   5   0   1   0   0   2   0   0   1  55  1.25 0.46
   43 Q     0   2   0  -1  -4   2   2  -3   2  -1  -1   2   0  -3  -3   0  -1  -4  -3  -2    9  11   5   2   0  12  15   0   5   3   8  17   3   0   0   6   3   0   0   2  0.26 0.17
   44 K    -2   1   0   0  -4   3   2  -3  -1  -1  -1   4   0  -4  -3  -1   1  -4  -3  -2    2   7   5   3   0  13  14   0   1   3   5  31   3   0   0   3   8   0   0   1  0.42 0.24
   45 Y    -5  -4   1  -5   1  -2  -2  -5   7  -5  -2  -1  -4   3  -5  -3  -4  -2   7  -5    0   0   7   0   3   1   3   0  31   0   3   3   0  11   0   1   0   0  38   0  1.46 0.52
   46 G    -3  -5  -3  -4  -5  -4  -3   7  -5  -6  -6  -4  -2  -6  -5  -1  -2  -5  -6  -6    0   0   0   0   0   0   2  89   0   0   0   0   1   0   0   3   3   0   0   0  2.00 0.59
   47 P    -1  -2  -2   0  -4   0   3  -3   2  -1  -1  -1  -3  -1   4  -1   2  -4  -1  -1    3   1   0   5   0   4  23   1   6   3   5   3   0   3  22   1  14   0   2   3  0.42 0.23
   48 K    -2   3   0  -3  -2   0   0   4   1  -3  -4   2  -2  -1  -3  -1  -2  -4  -2  -4    1  16   5   0   1   4   4  40   4   2   0  12   1   3   1   2   2   0   1   0  0.58 0.27
   49 R    -2   1   5   1   3   2   0  -2   0  -4  -4   2  -3  -5  -4  -1  -2  -5  -4  -3    2   9  38   8   6  11   3   2   2   0   1  11   0   0   0   3   2   0   0   1  0.68 0.31
   50 W    -7  -7  -8  -9  -7  -7  -8  -7  -7  -7  -6  -8  -6  -3  -8  -7  -7  13   0  -7    0   0   0   0   0   0   0   0   0   0   0   0   0   0   0   0   0  98   2   0  4.91 1.13
   51 S     1   3   3  -1  -3  -1   0  -3   2  -1  -3   1  -3  -2  -3   2   1  -4  -2  -2   13  17  14   3   0   1   4   0   5   3   1   9   0   1   0  20   7   0   1   1  0.32 0.21
   52 D     1   1   0   0   0   0   0  -2   0   0   0   1  -1  -1  -2   2   1  -3  -2  -1   14   7   3   5   2   2   5   0   3   5  13  12   1   2   0  17   7   0   1   2  0.11 0.12
   53 I    -4  -6  -6  -6  -4  -5  -6  -6  -6   7   2  -5   0  -2  -6  -5  -3  -5  -4   4    0   0   0   0   0   0   0   0   0  61  14   0   1   1   0   0   0   0   0  23  1.40 0.48
   54 A     4  -2  -3  -4  -4   0  -3  -1  -4  -4  -3  -2  -4  -5   4   3  -2  -5  -4  -3   43   1   0   0   0   5   0   4   0   0   3   1   0   0  21  22   0   0   0   1  0.85 0.40
   55 K    -1   3   0  -1  -5   1   2  -4  -1  -3  -2   5  -1  -5  -3   1  -1  -5  -4  -3    2  13   5   2   0   6  11   0   1   1   4  40   1   0   0  11   3   0   0   1  0.59 0.30
   56 H    -1   1   1  -1   0   1   0  -1   3  -1   0   2   0   0  -3   0  -1  -3  -1  -1    5  10   8   2   2   6   5   3  11   2  14  15   3   4   0   6   2   0   1   4  0.12 0.11
   57 L     2  -4  -4  -4  -3  -3  -4  -3  -4   1   3  -3   2   1  -4  -1   0  -3  -1   2   20   0   0   0   0   0   0   1   0   8  31   0   5   7   0   4   5   0   1  17  0.42 0.23
   58 K    -1  -1   1  -2  -1   1  -1   5  -2  -4  -3   0  -4  -4   3  -1  -2  -4  -3  -3    4   3   7   1   2   7   3  42   1   1   3   5   0   0  17   2   1   0   1   1  0.63 0.28
   59 G    -1   1   3  -1  -4   0  -2   3  -1  -3   0   2  -2  -4  -2   0   1  -4  -2  -3    3   8  16   2   0   4   0  25   1   0  11  13   0   0   1   4  11   0   1   0  0.33 0.21
   60 R    -4   8  -4  -5  -6  -2  -3  -5  -1  -6  -5   3  -5  -6  -5  -4  -4  -6  -5  -6    0  78   0   0   0   0   0   0   1   0   0  19   0   0   0   0   0   0   0   0  2.05 0.64
   61 I    -2  -4   1  -2   7  -3  -4  -3  -1   0  -3  -4   1  -5  -4   3   4  -5  -4  -2    1   0   8   2  23   0   0   1   1   6   1   0   4   0   0  25  28   0   0   1  0.89 0.41
   62 G     0  -1   0   0  -4  -3  -1   5   0  -5  -5   0  -4  -5   4  -1  -2  -5  -4  -3    8   3   4   5   0   0   4  44   3   0   0   5   0   0  18   2   2   0   0   1  0.76 0.31
   63 K     0   0  -2   0  -5  -1   1  -4   2  -2  -3   6  -3  -4  -3  -1  -2   0  -2   0    9   3   1   4   0   1   7   0   4   2   2  53   0   0   0   2   2   2   1   7  0.69 0.35
   64 Q    -1  -3  -2   2  -5   6   1  -4   0  -5  -5  -2   0  -6  -4   4  -2  -5  -4  -5    2   0   0  11   0  37   6   0   2   0   0   0   3   0   0  39   0   0   0   0  1.07 0.49
   65 C    -3  -7  -6  -7  11  -7  -7  -6  -7  -2   0  -7  -4  -6  -7  -4  -4  -6  -6   0    1   0   0   0  81   0   0   0   0   2   9   0   0   0   0   1   0   0   0   5  3.00 0.77
   66 R    -2   6  -3  -4  -5  -1  -1  -5  -3  -2  -2   3   2   1  -5  -3  -4   0  -4  -4    4  57   0   0   0   1   3   0   0   2   3  18   6   6   0   0   0   1   0   0  1.15 0.44
   67 E    -1  -1  -1   2  -4   0   3  -4   0  -2   3  -1  -1  -2  -3  -1  -1   1  -3  -2    5   2   3  15   0   2  20   0   2   1  34   4   0   1   0   5   3   2   0   0  0.32 0.22
   68 R    -2   2  -1  -1  -4   3   2  -3   4  -3  -2   2  -1   2  -2  -1  -2  -2   0  -3    0  17   0   0   0  17  17   0  17   0   0  17   0  17   0   0   0   0   0   0  0.35 0.08
   69 W    -2  -3  -4  -4  -3  -3  -3  -4  -1  -1  -1  -3  -1   3  -4  -3  -2   9   6   0    0   0   0   0   0   0   0   0   0   0   0   0   0  13   0   0   0  36  38  13  1.17 0.13
   70 H    -1   1   0  -2   0  -1  -1  -3   1   1   0   0   2   2  -3  -1   0  -1   2   1    3  11   7   0   3   0   2   0   4   9   5   7   8   9   0   2   5   0  12  10  0.09 0.07
   71 N    -2   2   5   1  -4   0   1  -2  -1  -4  -4   0  -3   0  -3   0   1  -4  -3  -3    0  13  45   6   0   3  10   0   0   0   0   4   0   5   0   4   9   0   0   0  0.63 0.23
   72 H    -2   1   1  -3  -3   1  -2  -3   3  -2  -1   0  -2   2  -3  -1  -2   3   5   1    0   9   8   0   0   6   0   0   9   0   5   4   0   6   0   3   0   5  31  12  0.43 0.20
   73 L    -2  -2  -3  -3  -2  -2  -1  -4  -3   2   4  -1   1  -1  -3  -3  -2  -3  -2   2    1   0   0   0   0   0   5   1   0   8  61   4   3   0   0   1   1   0   0  14  0.50 0.19
   74 N    -1   1   2   1   3  -1  -1   1   3  -3  -3   1  -2  -2  -2   1  -1  -2   2  -2    1  11  10  11  10   0   1  11  10   1   1  11   0   0   1  11   1   0  10   1  0.20 0.11
   75 P     0   1  -1  -2   3  -1  -1   0   2  -1  -2   1  -1   1   2   0   1  -2  -1   0    9   9   0   0   8   0   1   9   9   0   1   9   0   9   9   9   9   0   0   9  0.12 0.12
   76 E     0   0   3   2   1   1   0   1  -1  -2  -3   0  -2  -3  -2   2   1  -4  -3  -2    4   3  16  16   3   8   4   9   0   2   2   5   0   0   0  19   9   0   0   0  0.27 0.17
   77 V     0   0  -2  -3  -2  -2  -2  -3  -1   3   2  -1   0   0  -3   0   0  -3  -2   1    5   6   0   0   0   0   0   0   2  22  31   4   0   3   0  10   5   0   0   9  0.21 0.16
   78 K    -1   2   3   0  -4   0   0   0   3  -2  -3   4  -2  -4  -3  -1  -1  -4  -2  -1    6  13  15   4   0   0   6   8   8   2   0  32   0   0   0   0   2   0   0   4  0.37 0.23
   79 K     0   1   1  -2  -3   1  -1   1   3  -2  -2   1  -2   1  -2   1   1  -3  -1   0    9   9   9   0   0   9   0   9   9   0   0   9   0   9   0   9   9   0   0   9  0.13 0.13
   80 T     0   0   0   0  -4   1  -1   5  -3  -2  -4  -1  -4  -5  -4   1   0  -5  -4  -2    5   4   4   5   0   8   3  47   0   3   0   3   0   0   0   9   7   0   0   2  0.62 0.28
   81 S     1   0   3   0  -1   0   1  -1   0  -3  -2   1  -2  -4   1   2   0  -4  -3  -2   10   4  19   3   2   1  10   4   2   1   4  12   1   0   7  15   4   0   0   1  0.25 0.17
   82 W    -5  -5  -6  -6  -5  -5  -6  -6  -5   0   1  -6   3   6   1  -5  -5   9  -1  -3    0   0   0   0   0   0   0   0   0   6  15   0   7  34   6   0   0  31   0   0  1.66 0.54
   83 T    -1  -4   1   1   1  -3  -3  -4  -4  -4  -4  -3  -4   1  -4   4   5  -5  -4  -3    2   0   6   9   2   0   0   0   0   0   0   0   0   6   0  30  45   0   0   0  0.92 0.45
   84 E    -1  -1  -1   1  -4   2   3  -3  -1  -3  -2   2  -3  -2   3   0  -1  -4  -2  -1    5   2   1   8   0   7  27   1   1   0   5  13   0   1  14   5   2   0   1   5  0.37 0.21
   85 E     0  -2  -2   3  -4   2   5  -2   0  -4  -1  -1  -1  -4  -3  -2  -3  -4  -1  -2    8   0   0  14   0  10  45   2   2   0   8   3   2   0   0   0   0   0   2   2  0.65 0.31
   86 E    -3  -3  -3   0  -6   1   7   0  -3  -5  -5  -2  -4  -5  -4  -3  -4  -5  -4  -5    0   0   0   4   0   4  81   7   0   0   1   0   0   0   0   0   0   0   0   0  1.66 0.57
   87 D    -2  -3  -2   4  -5   1   5  -4   0  -4  -4  -1  -4  -5  -3   0  -3  -5  -4  -1    2   0   0  27   0   6  47   0   2   0   1   2   0   0   0   6   0   0   0   6  0.96 0.39
   88 R    -1   1   1   3  -3   2   3  -3   0  -1  -1   1  -1  -2  -2   1  -1  -3  -2  -2    5   9   5  17   0  10  19   0   2   4   5   8   1   1   0   9   2   0   1   1  0.26 0.15
   89 I    -1   1  -1  -3  -3   1  -2  -3  -1   2   3   0   1   0  -3  -2   1   1  -2   0    4   9   3   0   0   6   0   0   2  17  30   6   3   3   0   2   9   2   0   2  0.22 0.16
   90 I    -4  -5  -6  -6  -4  -5  -6  -6  -6   6   4  -5  -1   0  -6  -5  -3  -5  -3   1    0   0   0   0   0   0   0   0   0  51  37   0   0   4   0   0   0   0   0   8  1.25 0.46
   91 Y    -2  -3  -4  -3   2  -2  -2  -5  -4   4   3  -2   1   1  -4  -3  -2  -3  -1   2    2   1   0   1   5   2   3   0   0  32  27   3   4   6   0   2   0   0   2  11  0.49 0.25
   92 Q    -1   3   1   1  -4   3   2  -2   2  -3  -3   2  -2  -4  -3   0  -1  -4  -2  -4    4  17   6   9   0  17  16   1   5   2   1  12   1   0   0   6   2   0   1   0  0.44 0.24
   93 A     2  -2  -4  -4  -2   1  -2  -1  -4   0   4  -2   2   0  -4  -2   0  -4  -2  -1   17   2   0   0   1   6   1   5   0   4  47   1   5   3   0   2   5   0   1   1  0.40 0.26
   94 H    -1  -2  -3  -4  -2   1  -3  -5   9   1  -2  -4  -3  -1  -5  -4  -3  -4   2   2    5   1   0   0   1   5   0   0  51   7   4   0   0   2   0   0   1   0   5  17  1.31 0.50
   95 K     2   2   1  -1  -4   1   0  -2  -1  -3  -3   3  -1  -4  -3   2  -1  -5  -4  -3   24  12   7   2   0   4   5   1   1   2   1  24   2   0   0  14   1   0   0   0  0.42 0.26
   96 R    -1   1  -2  -3  -3   1   0  -3  -1   2   2   2   0  -2  -3  -1   0  -4  -3   0    3   6   1   0   0   9   7   1   1  12  24  17   2   1   0   4   6   0   0   6  0.19 0.15
   97 L    -3  -2   0  -3  -3  -2  -3  -2   3   1   2  -1   2   2  -4  -3  -2   2   4   0    0   1   7   0   0   0   0   2  10   6  28   4   5  10   0   0   0   3  17   6  0.35 0.17
   98 G    -2  -2  -3  -1  -5  -3  -2   6  -4  -6  -6  -3  -5  -5   4  -2  -3  -5  -5  -5    0   3   0   3   0   0   3  70   0   0   0   0   0   0  22   0   0   0   0   0  1.43 0.37
   99 N    -2   0   6   1  -4   0  -1   1  -2  -3  -3   0  -3  -4   0   0   1  -5  -4  -2    1   4  46   5   0   4   2  11   0   1   1   4   0   0   4   4  11   0   0   2  0.60 0.23
  100 R    -2   5   1  -2  -4   3  -1  -2   0  -4  -4   4  -3  -5  -3   0  -1  -4  -3  -4    0  36   6   0   0  18   0   2   2   0   0  25   0   0   0   7   4   0   0   0  0.77 0.27
  101 W    -6  -6  -7  -8  -6  -5  -6  -6  -5  -6  -5  -6  -5  -2  -7  -6  -6  12   2  -6    0   0   0   0   0   0   0   0   0   0   0   0   0   0   0   0   0  93   7   0  4.23 0.75
  102 A     3   2   0   1  -3  -1   0  -2  -2  -3  -4   1  -3  -4  -2   3   0  -4  -3  -3   30  12   4  10   0   0   3   0   0   0   0   8   0   0   0  27   5   0   0   0  0.43 0.20
  103 E     0   0   1   0  -3   1   3  -2  -2  -1   0   2  -1  -3  -2   1   1  -4  -3  -1    6   5   8   2   0   5  23   0   0   3  12  14   1   0   0   9   9   0   0   3  0.20 0.12
  104 I    -3  -5  -5  -5   2  -5  -5  -6  -5   7   1  -5   2  -2  -5  -4  -3  -5  -3   3    0   0   0   0   4   0   0   0   0  73   5   0   4   0   0   0   0   0   0  14  1.24 0.36
  105 A     5  -3  -3  -3  -3   1  -2   1  -3  -3  -3  -1   0  -4  -3   2  -1  -4  -4  -2   64   0   0   0   0   7   0   9   0   0   0   2   3   0   0  13   3   0   0   0  0.77 0.30
  106 K     0   2  -1  -1  -3   1   1   0   2  -2  -2   3   0  -3   1   1   0  -4  -2  -2   10  12   1   2   0   4   9   6   7   2   1  23   4   0   6   8   7   0   0   0  0.23 0.12
  107 L    -1   2  -1  -1  -2   0   1  -3   4   0   1   0   2   1  -3  -1  -1  -2   2  -1    4  13   3   2   0   3   9   0  14   4  15   5   7   5   0   1   2   0   9   3  0.17 0.12
  108 L    -3  -4  -5  -5  -3  -3  -4  -5  -4   2   4  -2   4   0  -4  -4  -2  -3  -1   3    0   0   0   0   0   0   0   0   0  12  45   3  14   3   0   0   0   0   1  23  0.70 0.27
  109 P    -1   0  -2  -2  -1  -1   1   1  -3  -3  -3  -1  -3  -1   6  -1  -2  -4  -3  -2    4   5   2   1   1   2   9  10   0   1   1   3   0   3  52   2   1   0   0   3  0.99 0.26
  110 G    -2  -2   2  -2  -4  -2  -1   5   0  -5  -5  -1  -4  -3  -3   1   1  -4  -4  -4    0   2  10   0   0   0   3  58   2   0   0   4   0   1   0   9   9   0   0   0  0.87 0.29
  111 R    -4   7  -3  -4  -6  -1  -3  -5   2  -5  -2   2  -4  -5  -5  -3  -4  -5  -4  -5    0  83   0   0   0   0   0   0   5   0   5   7   0   0   0   0   0   0   0   0  1.72 0.51
  112 T    -2  -1   1  -3  -3  -2  -2  -4   0  -3  -3  -2   1  -4   1   1   6  -5  -4  -3    0   2   5   0   0   1   2   0   2   0   0   1   4   0   7   8  68   0   0   0  1.01 0.41
  113 D     2   0  -1   4  -3  -2   0   1  -3  -3  -4  -1  -3  -4   1   1  -1  -5  -4  -2   18   4   1  35   0   0   4  11   0   1   0   2   0   0   6  13   2   0   0   2  0.48 0.22
  114 N    -2   0   6  -1  -2   0   0  -2   1  -1  -1   1  -2  -4  -3   0   0  -5  -3  -1    1   3  47   0   1   4   6   1   3   4   7  10   0   0   0   4   6   0   0   4  0.56 0.26
  115 A     0   0  -1   2  -4   4   3  -2   1  -3  -3  -1  -3  -4  -2   1  -1  -4  -3  -2    8   3   1  13   0  27  26   2   4   1   0   0   0   0   0   9   3   0   0   2  0.52 0.23
  116 V    -3  -4  -4  -5   8  -4  -5  -5  -5   5   1  -4  -1  -3  -4  -3  -2  -4  -3   2    0   0   0   0  36   0   0   0   0  40  11   0   0   0   0   0   0   0   0  10  1.17 0.35
  117 K    -2   4  -2  -2  -4  -1   0  -2  -2  -1  -1   4   0  -3  -3  -2  -2   0  -3  -1    0  31   0   0   0   0   6   3   0   5   7  39   2   0   0   0   0   1   0   4  0.62 0.26
  118 N    -2   2   5   2  -4   1   1  -2   2  -4  -4   0  -3  -3  -3   0  -2   1  -1  -4    2  11  38  11   0   5   9   0   5   0   0   6   0   0   0   7   0   2   2   0  0.57 0.23
  119 H    -3   5  -2  -3  -4  -1  -2  -4   5  -3  -3   1  -3   1  -4  -3  -3   2   5  -2    0  35   0   0   0   0   0   0  17   0   1   9   0   6   0   0   0   3  23   3  0.85 0.31
  120 W    -3  -4  -5  -5  -1  -4  -5  -5  -3  -4  -2  -5  -3   4  -5  -4  -4  11   5  -4    2   0   0   0   1   0   0   0   0   0   2   0   0  15   0   0   0  55  21   0  2.36 0.52
  121 N    -3   3   5  -1  -4   1   1  -3   2  -3  -2   2  -3  -2  -3  -1   0  -4  -1  -2    0  19  33   0   0   6   7   0   5   0   5  11   0   2   0   1   7   0   3   2  0.50 0.23
  122 S     0   0   2  -2  -1   1   0  -2  -2  -1  -2   0  -1  -3  -3   2   3  -4  -2   0    4   4  12   0   1   8   4   1   0   4   0   6   2   0   0  21  23   0   1   9  0.27 0.18
  123 T    -2   1  -2  -3   0  -2  -3  -4   4   0   2  -1   1   0  -4   0   0  -2   4  -1    0  11   1   0   3   0   0   0  13   4  29   3   3   3   0   7   7   0  16   1  0.31 0.19
  124 M    -2  -2  -1  -4   0  -1  -3  -4  -3   3   3   0   4  -1  -4  -3  -1  -3  -2   2    1   1   4   0   2   3   0   0   0  19  33   8  12   2   0   0   2   0   0  13  0.38 0.19
  125 R     0   2   1  -2  -4   0   0  -2   0  -4  -3   5  -2  -4  -3   1  -2  -4  -2  -3    6  11   8   0   0   2   5   2   2   0   1  46   1   0   0  15   0   0   1   0  0.57 0.25
  126 R    -1   5   0  -3  -5  -1  -1  -3  -2  -4  -4   5  -3  -4   1  -2  -1   2  -3  -4    4  34   3   0   0   0   0   0   0   0   0  47   0   0   6   0   3   4   0   0  0.89 0.30
  127 K    -2   4  -2   0  -5   3   1  -3  -2  -4  -3   5  -3  -4  -3  -2  -2  -4  -2  -4    0  27   0   4   0  13   8   0   0   0   1  45   0   0   0   0   0   0   1   0  0.82 0.27
  128 V    -1  -3  -4  -4  -2  -3  -4  -4  -4   3   4  -3   1   0  -4  -3  -2  -3  -2   2    6   0   0   0   0   0   0   0   0  16  59   0   0   3   0   0   0   0   0  16  0.57 0.16

                      K         Lambda
Standard Ungapped    0.1312     0.3166
Standard Gapped      0.0529     0.2670
PSI Ungapped         0.1730     0.3171
PSI Gapped           0.0529     0.2670
