
Last position-specific scoring matrix computed, weighted observed percentages rounded down, information per position, and relative weight of gapless real matches to pseudocounts
           A  R  N  D  C  Q  E  G  H  I  L  K  M  F  P  S  T  W  Y  V   A   R   N   D   C   Q   E   G   H   I   L   K   M   F   P   S   T   W   Y   V
    1 M   -1 -2 -3 -4 -2 -2 -3 -4 -3  3  1 -2  6 -1 -3 -2 -1 -2 -2  2    0   0   0   0   0   0   0   0   0  26   0   0  61   0   0   0   0   0   0  13  0.56 0.10
    2 F   -2 -3 -3 -4 -2 -2 -3 -3 -2  2  3 -3  3  4 -3 -1 -1 -1  1  0    0   0   0   0   0   0   0   0   0  13  38   0  13  30   0   6   0   0   0   0  0.35 0.05
    3 E   -1 -1  0  3 -4  1  4 -2 -1 -3 -3  0 -2 -4  3  0  1 -4 -3 -3    0   0   0  16   0   0  57   0   0   0   0   0   0   0  13   0  13   0   0   0  0.62 0.07
    4 Q   -2  0  2 -1 -4  6  2 -2  0 -4 -3  1 -1 -4 -2 -1 -1 -3 -2 -3    0   0  11   0   0  79   6   0   0   0   0   4   0   0   0   0   0   0   0   0  0.86 0.12
    5 R   -1  1  1  4 -3  2  2 -2 -1 -3 -3  1 -2 -3 -2  1  1 -3 -2 -2    0   9   3  33   0  13  11   0   0   0   0   7   0   0   0   8  16   0   0   0  0.40 0.05
    6 V   -1  0 -2 -3 -2 -2 -2 -3 -3  1  3 -2  2 -1  1 -1  1 -2 -2  1    0   7   2   0   0   0   0   0   0   3  53   0   8   0   6   0  13   0   0   7  0.25 0.05
    7 N   -1  1  3  0 -3 -1 -1 -2  2 -3 -3 -1 -2 -3  5  0  1 -4 -2 -2    3   9  19   5   0   0   0   0   6   0   0   0   0   0  41   3  14   0   0   0  0.71 0.07
    8 S    1 -1  0 -1 -2  2 -1  1 -1 -3 -3 -1 -2 -3 -2  3  2 -3 -2 -2    9   0   0   0   0  13   0  13   0   0   0   0   0   0   0  47  18   0   0   0  0.38 0.07
    9 D   -2 -1  1  3 -4  1  5  0 -1 -4 -4  0 -3 -4 -2 -1 -1 -4 -3 -3    0   0   6  21   0   0  68   5   0   0   0   0   0   0   0   0   0   0   0   0  0.76 0.10
   10 V    2 -2 -2 -3 -1 -2 -2 -2 -2  1  2 -2  0  1  1 -1 -1 -2 -1  2   27   1   0   1   0   0   1   1   0   9  23   1   0   9   6   1   1   0   0  20  0.14 0.03
   11 L   -2 -2 -3 -3 -2 -2 -3 -3 -2  1  3 -2  1  3  1 -2 -1 -1  0  1    1   0   0   0   0   0   1   1   0   7  49   1   0  21   9   1   1   0   0   8  0.31 0.05
   12 T   -1 -1 -1  1 -2  0  2 -2 -2  0 -1 -1 -1 -2 -2  0  3 -3 -2  1    1   0   0   9   0   0  21   1   0   3   1   1   0   0   0   1  39   0   0  21  0.24 0.06
   13 V    1 -2 -2 -2 -1 -2 -2 -2 -3  2  0 -2  0 -2  1  1  2 -3 -2  2   13   0   0   0   0   0   0   0   0  14   3   0   0   0   7  14  17   0   0  31  0.20 0.05
   14 S    1  1  1 -1 -2 -1 -1  1 -2 -3 -3 -1 -2 -3  1  3  2 -3 -2 -2   10   9   5   0   0   0   0   8   0   0   0   0   0   0   8  41  19   0   0   0  0.33 0.06
   15 T   -1  1 -2 -2 -2 -1 -2 -3 -2  2  1  0  1 -1 -2 -1  3 -3 -2  2    0  10   0   0   0   0   0   0   0  16   9   8   5   0   0   0  30   0   0  23  0.19 0.05
   16 V    1 -2 -2 -2 -2 -1  0 -2  0  1  1 -1  0 -2  4 -1  0 -3 -2  1   15   0   0   0   0   0   8   0   3  17  13   5   0   0  24   0   6   0   0  10  0.28 0.04
   17 N   -2 -1  3  4 -4  0  2 -2  1 -4 -4  1 -3 -4  0  0  0 -4 -3 -3    0   0  24  39   0   0  19   0   3   0   0   8   0   0   3   0   4   0   0   0  0.58 0.07
   18 S    2 -1  1 -1 -2  0  1 -1  0 -2 -2  0 -2 -3 -1  3  2 -3 -2 -1   19   0   8   0   0   0   8   0   3   0   0   4   0   0   0  39  15   0   0   4  0.29 0.06
   19 Q    1  0 -1 -1 -2  3  1 -2 -1 -2 -2  1 -1 -3  3  1  2 -3 -2 -2   19   0   0   0   0  29   5   0   0   0   0   8   0   0  14   8  17   0   0   0  0.37 0.07
   20 D    2  1  1  2 -2 -1  0  0  0 -3 -3 -1 -2 -3  1  2  1 -3 -2 -2   29   8   4  20   0   0   0   2   2   0   0   0   0   0   5  21   8   0   0   0  0.27 0.05
   21 Q   -1  1 -1 -1 -3  4  1  2  2 -3 -3  2 -2 -4 -2 -1  1 -3 -2 -3    0   5   0   0   0  42   2  20   6   0   0  15   0   0   0   0   9   0   0   0  0.44 0.08
   22 V    0 -2  1 -2 -2  1 -1 -2 -2  1  0 -1  3 -2  2  0  1 -3 -2  1    6   0  10   0   0   8   0   0   0   6   5   0  20   0  13   8   7   0   0  16  0.17 0.05
   23 T   -1 -2 -2 -2 -2  0 -1  0 -2  2  0 -1  0 -2  2  0  2 -3 -2  1    0   0   0   0   0   5   4   9   0  16   8   0   0   0  13   7  19   0   0  18  0.16 0.04
   24 Q   -1  1  2  1 -3  2  1 -1 -1 -3 -3  2 -2 -3  3  0 -1 -4 -2 -2    0   7  14   6   0  14   4   4   0   0   0  20   0   0  18   6   0   0   0   4  0.37 0.05
   25 K   -1  2  1  3 -3  2  1 -2 -1 -3 -2  2 -2 -3 -2  0 -1 -3 -2 -3    5  16   7  23   0  13   4   0   0   0   5  20   0   0   0   8   0   0   0   0  0.33 0.05
   26 P   -1 -2  0 -2 -3 -2 -2 -2 -2 -2  0 -2 -2 -3  6  2  1 -4 -3 -2    0   0   4   0   0   0   0   0   0   0  14   0   0   0  50  23   9   0   0   0  0.89 0.10
   27 L   -2 -3 -4 -4 -2 -3 -3 -4 -3  2  4 -3  1  0 -3 -3  0  5 -1  0    0   0   0   0   0   0   0   0   0  15  67   0   0   0   0   0   7  10   0   0  0.55 0.09
   28 R    1  4 -1 -1  0  0  0  2 -1 -3 -3  1 -2 -3 -2  2 -1 -3 -2 -3   10  41   0   0   2   0   6  15   0   0   0   0   0   0   0  24   0   0   0   0  0.39 0.08
   29 D    0  1  0  3 -3  3  2 -1 -1 -2 -3  0 -2 -3 -2  0  1 -3 -3 -2   12   6   0  28   0  23  13   4   0   3   0   0   0   0   0   0  10   0   0   0  0.34 0.06
   30 S    1 -2  0 -2  3 -1 -1 -2  3 -2  0 -2 -1 -2 -2  2  0  4 -1 -1   17   0   3   0  11   0   0   0  14   0  16   0   0   0   0  31   0   8   0   0  0.25 0.07
   31 V    0 -3 -4 -4 -2 -3 -3 -3 -4  3  1 -3  0 -1 -3 -2 -1  4 -1  4    8   0   0   0   0   0   0   0   0  19  10   0   0   0   0   0   0   7   0  56  0.43 0.08
   32 K    1  2 -1  1 -3  1  2 -2 -1 -3 -3  3 -2 -3 -2  1 -1 -3 -2 -2   21  13   0   8   0   4  19   0   0   0   0  28   0   0   0   7   0   0   0   0  0.33 0.06
   33 Q    0  3 -1  1 -3  5  1 -2 -1 -3 -3  2 -2 -4 -2 -1 -1 -3 -2 -3    9  25   0   6   0  47   4   0   0   0   0   9   0   0   0   0   0   0   0   0  0.57 0.10
   34 A    3 -2  1 -2 -2 -1 -1 -1  4 -2 -2 -1 -2 -2 -2  2 -1  5  1 -1   36   0   9   0   0   0   0   0  19   0   0   0   0   0   0  19   0  10   4   3  0.37 0.08
   35 L    0 -3 -4 -4 -2 -2 -3 -3 -3  1  4 -3  2  0 -3 -2 -1 -2 -2  2   10   0   0   0   0   0   0   0   0   0  70   0   4   0   0   0   0   0   0  16  0.46 0.09
   36 K   -1  4  1  2 -3  0  1 -2  1 -3 -3  2 -2 -3 -2  1  0 -4 -2 -3    0  32   4  17   0   0   8   0   3   0   0  17   0   0   0  15   4   0   0   0  0.40 0.06
   37 N   -1  3  4  0 -3  1  0  0 -1 -3 -1  0 -2 -3 -2  1  0 -3 -1 -2    0  21  33   4   0   9   0   6   0   0   7   0   0   0   0  11   6   0   2   0  0.29 0.06
   38 Y    0 -3 -3 -4 -3 -2 -3  0  2 -2 -2 -3 -2  3 -3 -2 -2  5  7 -2   10   0   0   0   0   0   0   8   4   0   0   0   0   5   0   0   0   7  66   0  0.90 0.13
   39 F   -1 -3 -3 -4 -2 -3 -3 -3  2  0  2 -3  0  5 -4 -2 -2  0  2  0    7   0   0   0   0   0   0   0   8   0  34   0   0  43   0   0   0   0   6   2  0.46 0.08
   40 A    2  3 -1  1 -2  1  0 -1 -1 -2 -2  1 -1 -3 -2  1  0 -3 -2 -2   30  26   0   8   0   8   0   2   0   0   4   5   0   0   0  17   0   0   0   0  0.25 0.05
   41 Q   -1 -1  2  3 -3  3  1  0  3 -4 -3  0 -2 -3 -2  1 -1 -3 -2 -3    0   0  12  22   0  27   7   8  10   0   0   0   0   0   0  14   0   0   0   0  0.41 0.07
   42 L    0 -2 -3 -4 -2 -2 -3  0 -3  0  4 -1  1  2 -3 -2 -2 -2 -1  0    7   0   0   0   0   0   0  10   0   0  65   4   2  12   0   0   0   0   0   0  0.33 0.08
   43 N   -2 -2  4  4 -3 -1  1 -2  4 -2  0 -1 -2 -3 -2 -1 -1 -4 -2 -3    0   0  26  38   0   0   7   0  15   0  15   0   0   0   0   0   0   0   0   0  0.49 0.09
   44 G    0 -2 -1  0 -2 -2 -2  5 -2 -3 -3 -2 -3 -3 -2  1 -1 -3 -3 -3    5   1   0   4   0   0   1  72   0   1   1   1   0   0   1  12   1   0   0   1  0.80 0.09
   45 Q   -1  0 -1  0  0  3  3  0 -1 -2 -1  0  0 -2 -1  1  0 -2 -2 -1    1   0   0   0   3  30  23   5   0   0   7   2   4   0   0  14   5   0   0   4  0.24 0.05
   46 D    0 -2  1  4  0  0  2  0 -1 -3 -3 -1 -3 -3  4  0 -1 -3 -3 -3    7   0   7  36   3   0  14   6   0   0   1   0   0   0  21   1   1   0   0   1  0.50 0.05
   47 V    1 -1 -2 -2 -2  0 -1 -2 -2  0 -1  0 -1 -2  4  0 -1 -3 -2  2   11   0   0   0   0   7   1   1   0   0   1   6   0   0  29   4   1   0   0  36  0.40 0.05
   48 N    0 -1  2  1  1  1  1 -1 -1 -2 -3  0 -2 -3  3  2  1 -3 -2 -2    2   0  17   5   4  10   7   0   0   2   0   0   0   0  18  24  10   0   0   0  0.36 0.05
   49 D   -1 -1  3  3 -3  0  1  2 -1 -2 -1 -1 -2 -3 -2  0 -1 -3 -3 -2    1   0  26  25   0   0  13  22   0   0  10   0   0   0   0   0   0   0   0   0  0.36 0.05
   50 L   -1 -2 -3 -3 -2 -2  0 -3 -3  2  3 -2  1  0 -3 -2 -1 -2 -1  2    1   0   0   0   0   0  10   0   0   6  57   0   0   0   0   0   0   0   0  23  0.31 0.05
   51 Y   -2 -2 -3 -4 -3 -2 -3 -4  1 -1  1 -2 -1  2 -3 -2 -2  1  7 -1    1   0   0   0   0   0   0   0   0   0  15   0   0   0   0   0   0   0  79   0  0.99 0.12
   52 E   -1 -1  2  4 -3  1  3 -2  2 -3 -3  0 -2 -3 -2  1 -1 -3 -2 -3    1   0  12  35   0   3  30   0   6   0   1   0   0   0   0   9   0   0   0   0  0.51 0.06
   53 L   -1  2 -2  0 -2  0  0 -3 -2  1  2 -1  5 -1 -2 -2 -1 -2 -2  0    1  18   0   6   0   0   9   0   0   4  24   0  35   0   0   0   0   0   0   0  0.22 0.06
   54 V    1 -3 -3 -3  3 -2 -2 -2 -3  2  0 -2  0 -1 -2 -1 -1 -3 -2  4   17   0   0   0   9   0   0   0   0  11   1   0   0   0   0   0   0   0   0  57  0.32 0.07
   55 L   -2 -2 -3 -4 -2  0 -3 -4 -3  2  4 -3  1  0 -3 -3 -2 -2 -2  1    0   0   0   0   0   6   0   0   0   8  76   0   0   0   0   0   0   0   0   7  0.49 0.09
   56 A    2  1 -1 -1  1  1  1 -1  1 -2 -2  1 -1 -3  2  1  0 -3 -2  0   23   9   0   0   4   6   7   0   6   0   0  11   0   0  10  15   0   0   0   8  0.18 0.03
   57 E    0  1 -1  1 -4  2  5 -3 -1 -4 -3  0 -3 -4 -2 -1 -2 -4 -3 -3    6   8   0   3   0   7  76   0   0   0   0   0   0   0   0   0   0   0   0   0  0.81 0.12
   58 V   -1 -3 -4 -4 -2 -3 -3 -4 -3  2  2 -3  3  0 -3 -2 -1 -3 -1  4    0   0   0   0   0   0   0   0   0  11  16   0  15   4   0   0   0   0   0  55  0.43 0.08
   59 E   -2 -1 -1  1 -5  1  6 -3 -1 -4 -4  0 -3 -4 -2 -1 -2 -4 -3 -3    0   0   0   0   0   0 100   0   0   0   0   0   0   0   0   0   0   0   0   0  1.20 0.17
   60 Q    1  3 -1 -2 -3  2  0 -2  2 -1 -2  3 -1 -2 -2 -1 -1 -2  1 -2   15  22   0   0   0  16   0   0   8   8   0  26   0   0   0   0   0   0   5   0  0.29 0.06
   61 P   -1  2 -2 -2 -3  1  1 -3 -2 -3 -3 -1 -3 -4  7 -1  1 -4 -3 -3    0  15   0   0   0   7   8   0   0   0   0   0   0   0  57   0  13   0   0   0  1.12 0.11
   62 L    0 -3 -4 -4 -2 -2 -3 -3 -3  2  4 -3  3  0 -3 -2 -1 -2 -2  1   11   0   0   0   0   0   0   0   0   8  66   0  11   0   0   0   0   0   0   4  0.45 0.08
   63 L   -2 -3 -4 -4 -2 -3 -4 -4 -4  4  4 -3  1  1 -4 -3 -2 -2 -1  1    0   0   0   0   0   0   0   0   0  39  58   0   0   3   0   0   0   0   0   0  0.56 0.09
   64 D   -1 -2 -1  3 -2 -1  1 -2 -2  0  1 -1  1 -2 -2  1  1 -3 -2  0    0   0   0  26   0   0  12   0   0   7  15   0   8   0   0  12  11   0   0   9  0.18 0.04
   65 M    1 -2 -1  0  1 -1  1 -2 -2  1  0 -1  2 -2 -2  0  2 -3 -2  0   16   0   0   7   3   0  14   0   0  18   3   0  15   0   0   4  19   0   0   2  0.12 0.05
   66 V    2 -3 -2 -3  2 -2 -2 -2 -3  2  0 -2  0 -2 -2  0  1 -3 -2  3   33   0   0   0   7   0   0   0   0  16   0   0   0   0   0   3   7   0   0  35  0.26 0.07
   67 M   -2 -3 -4 -4 -2 -2 -3 -4 -3  2  4 -3  6  0 -3 -3 -2 -2 -2  0    0   0   0   0   0   0   0   0   0   7  56   0  38   0   0   0   0   0   0   0  0.63 0.11
   68 Q    0  1  2  1 -3  3  3 -2  0 -3 -3  0 -2 -4 -2  0  0 -3 -2 -3    9   9  15   4   0  26  32   0   0   0   0   0   0   0   0   3   2   0   0   0  0.44 0.07
   69 Y    1  0 -1 -2 -3  2 -1 -2  6 -3 -3  0 -2  0 -3 -1 -2  4  4 -2   14   4   0   0   0  18   0   0  32   0   0   4   0   0   0   0   0   6  22   0  0.51 0.09
   70 T    0 -2 -1 -2  6  1 -2 -2 -2 -1 -2 -2 -1 -3 -2  0  5 -3 -2  0    6   0   0   0  22   8   0   0   0   0   0   0   0   0   0   0  61   0   0   3  0.60 0.12
   71 R   -1  4 -1 -1 -3  2  2  2 -1 -3 -1  1 -2 -3 -2  0 -1 -3 -2 -3    0  36   0   0   0  13  14  22   0   0   7   3   0   0   0   6   0   0   0   0  0.37 0.07
   72 G   -1 -3  1 -2 -3 -2 -3  6 -3 -5 -5 -2 -4 -4 -3 -1 -2 -3 -4 -4    0   0   6   0   0   0   0  94   0   0   0   0   0   0   0   0   0   0   0   0  1.32 0.14
   73 N   -2 -1  7  0 -4 -1 -1 -1  4 -4 -4 -1 -3 -4 -3  0 -1 -5 -2 -4    0   0  87   0   0   0   0   0  13   0   0   0   0   0   0   0   0   0   0   0  1.14 0.16
   74 Q   -2  3 -1 -1 -4  5  1 -3 -1 -1 -2  3 -1 -4 -2 -1 -1 -3 -2 -2    0  15   0   0   0  57   0   0   0   7   0  21   0   0   0   0   0   0   0   0  0.66 0.12
   75 T    0 -1 -1 -2 -2  2 -1 -2 -2  0 -2 -1 -1 -3 -2  2  4 -3 -2 -1    4   0   0   0   0  13   0   0   0  10   0   0   0   0   0  21  52   0   0   0  0.40 0.09
   76 R   -2  4 -1  0 -4  1  2 -3  2 -3 -1  3 -2 -3 -2 -1 -1 -3 -2 -3    0  40   0   4   0   0  18   0   7   0   6  26   0   0   0   0   0   0   0   0  0.50 0.08
   77 A    5 -2 -2 -3  2 -2 -2 -1 -2 -2 -2 -2 -2 -3 -2  0  1 -3 -3 -1   88   0   0   0   4   0   0   0   0   0   0   0   0   0   0   0   8   0   0   0  0.65 0.13
   78 A    5 -2 -2 -3  3 -2 -2 -1 -2 -2 -2 -2 -2 -3 -2  1 -1 -3 -3 -1   87   0   0   0   7   0   0   0   0   0   0   0   0   0   0   6   0   0   0   0  0.66 0.13
   79 L   -1  3  2  2 -3  1  1 -2 -1 -1  0  0 -1 -2 -2  0  0 -3 -2 -1    6  28  13  14   0   4   6   0   0   2  14   0   0   0   0   2   8   0   0   5  0.18 0.04
   80 M   -2 -1 -3 -4 -2  0 -3 -4 -2  2  3 -2  5  0 -3 -2 -1 -2  1  0    0   4   0   0   0   4   0   0   0  15  33   0  38   0   0   0   0   0   6   0  0.41 0.09
   81 M   -2 -3 -4 -4 -2 -3 -4 -4 -3  1  5 -3  3  0 -4 -3 -2 -2 -2  0    0   0   0   0   0   0   0   0   0   0  89   0  11   0   0   0   0   0   0   0  0.72 0.12
   82 G   -1 -3 -1 -2 -3 -3 -3  7 -3 -5 -5 -2 -4 -4 -3 -1 -2 -3 -4 -4    0   0   0   0   0   0   0 100   0   0   0   0   0   0   0   0   0   0   0   0  1.45 0.15
   83 I   -2 -4 -4 -4 -2 -3 -4 -4 -4  5  2 -3  1  0 -4 -3 -2  6 -1  2    0   0   0   0   0   0   0   0   0  68  16   0   0   0   0   0   0  13   0   2  0.67 0.11
   84 N   -1 -1  6  0 -3 -1 -1  2  2 -4 -4 -1 -3 -3 -2  2  1 -4 -2 -3    0   0  58   0   0   0   0  13   6   0   0   0   0   0   0  15   8   0   0   0  0.63 0.10
   85 R   -2  7 -1 -3 -4  0 -1 -3 -1 -1 -3  1 -2 -4 -3 -2 -2 -4 -3 -3    0  93   0   0   0   0   0   0   0   7   0   0   0   0   0   0   0   0   0   0  1.11 0.16
   86 G    0  2  4  0 -3  0 -1  3 -1 -4 -4  1 -2 -3 -2  1 -1 -4 -3 -3    6  15  36   0   0   0   0  25   0   0   0   8   0   0   0  10   0   0   0   0  0.44 0.07
   87 T    1 -2 -1 -2 -2 -2 -2 -2 -3 -2 -2 -2 -2 -3 -2  1  6 -3 -3 -1    8   0   0   0   0   0   0   0   0   0   0   0   0   0   0   0  92   0   0   0  0.85 0.15
   88 L   -2 -3 -4 -5 -2 -3 -4 -5 -4  1  5 -3  1  0 -4 -3 -2 -2 -2  0    0   0   0   0   0   0   0   0   0   0 100   0   0   0   0   0   0   0   0   0  0.81 0.13
   89 R   -2  5 -1 -3 -3  0 -1 -3 -1 -2  0  1  2 -2 -3 -1  1 -2  1 -2    0  64   0   0   0   0   0   0   0   0   8   0   8   0   0   0  13   0   7   0  0.56 0.11
   90 K    0  3  1 -1 -3  0  0 -2 -1 -1 -2  4 -2 -2 -2 -1 -1 -3  1 -2    8  13   7   0   0   0   0   0   0   7   0  57   0   0   0   0   0   0   8   0  0.40 0.09
   91 K   -2  1 -1 -2 -4  1  0 -2 -2 -4 -3  6 -2 -4 -2 -1 -2 -4 -3 -3    0   0   0   0   0   0   0   0   0   0   0 100   0   0   0   0   0   0   0   0  1.01 0.16
   92 L   -2 -3 -4 -4 -2 -3 -4 -4 -4  3  4 -3  1  0 -4 -3 -2 -2 -2  1    0   0   0   0   0   0   0   0   0  21  79   0   0   0   0   0   0   0   0   0  0.65 0.10
   93 K   -1  2 -1 -1 -3  3  0 -2 -1 -2 -3  5 -2 -4 -2  0  0 -3 -2 -2    0  10   0   0   0  14   0   0   0   3   0  61   0   0   0   8   4   0   0   0  0.53 0.10
   94 K   -1  2  0  2 -4  2  4 -2 -1 -4 -3  3 -2 -4 -2 -1 -1 -3 -3 -3    0  12   0  12   0  12  36   0   0   0   0  28   0   0   0   0   0   0   0   0  0.55 0.08
   95 Y   -2 -2 -3 -4 -3 -2 -3 -4  3 -1  2 -3  0  2 -4 -2 -2  1  6 -1    0   0   0   0   0   0   0   0  10   0  30   0   0   0   0   0   0   0  59   0  0.73 0.11
   96 G   -1 -2  1  2 -3 -2 -1  5 -2 -4 -4 -2 -3 -4 -3  0 -2 -3 -4 -4    0   0   8  17   0   0   0  73   0   0   0   0   0   0   0   2   0   0   0   0  0.87 0.08
   97 M   -2 -3 -3 -4 -2 -2 -3 -4 -3  3  2 -3  5  0 -3 -3 -1 -2 -2  1    0   0   0   0   0   0   0   0   0  36  20   0  40   0   0   0   0   0   0   3  0.47 0.08
   98 N   -1 -1  4  3 -2 -1  0  2 -1 -3 -3 -1 -2 -3 -2  2  1 -4 -3 -3    0   0  36  19   0   0   0  17   0   0   0   0   0   0   0  17  10   0   0   0  0.41 0.02

                      K         Lambda
Standard Ungapped    0.1303     0.3162
Standard Gapped      0.0422     0.2670
PSI Ungapped         0.1378     0.3180
PSI Gapped           0.0422     0.2670
