
Last position-specific scoring matrix computed, weighted observed percentages rounded down, information per position, and relative weight of gapless real matches to pseudocounts
            A   R   N   D   C   Q   E   G   H   I   L   K   M   F   P   S   T   W   Y   V   A   R   N   D   C   Q   E   G   H   I   L   K   M   F   P   S   T   W   Y   V
    1 F    -2  -3  -3  -4  -3  -3  -3  -3  -1   0   0  -3   0   6  -4  -3  -2   1   3  -1    0   0   0   0   0   0   0   0   0   0   0   0   0 100   0   0   0   0   0   0  0.75 0.00
    2 T     0  -1   0  -1  -1  -1  -1  -2  -2  -1  -1  -1  -1  -2  -1   1   5  -3  -2   0    0   0   0   0   0   0   0   0   0   0   0   0   0   0   0   0 100   0   0   0  0.48 0.00
    3 S     0  -1   0  -1  -2  -1  -1  -1  -1  -3  -3  -1  -2  -3   5   3   1  -3  -2  -2    0   0   0   0   0   0   0   0   0   0   0   0   0   0  41  59   0   0   0   0  0.77 0.00
    4 P    -1  -2  -2  -2  -3  -1  -1  -2  -2  -3  -3  -1  -3  -4   8  -1  -1  -4  -3  -3    0   0   0   0   0   0   0   0   0   0   0   0   0   0 100   0   0   0   0   0  2.07 0.01
    5 A     3  -2  -2  -2  -1  -1  -1  -1  -2   1   0  -1   0  -2  -1   0   0  -3  -2   2   65   0   0   0   0   0   0   0   0  11   0   0   0   0   0   0   0   0   0  23  0.23 0.00
    6 V     0  -3  -3  -3  -1  -2  -3  -3  -3   3   1  -2   1  -1  -3  -2   0  -3  -1   4    0   0   0   0   0   0   0   0   0   0   0   0   0   0   0   0   0   0   0 100  0.39 0.01
    7 K    -1   2   0  -1  -3   1   1  -2   4  -3  -3   4  -2  -3  -1   0  -1  -3  -1  -3    0   0   0   0   0   0   0   0  19   0   0  81   0   0   0   0   0   0   0   0  0.47 0.01
    8 R    -1   5   0  -1  -3   1   0  -2  -1  -3  -2   3  -2  -3  -2   1   0  -3  -2  -2    0  58   0   0   0   0   0   0   0   0   0  23   0   0   0  19   0   0   0   0  0.50 0.01
    9 L    -2  -2  -4  -4  -1  -2  -3  -4  -3   2   4  -3   2   0  -3  -3  -1  -2  -1   1    0   0   0   0   0   0   0   0   0   0 100   0   0   0   0   0   0   0   0   0  0.49 0.01
   10 L    -2  -2  -3  -4  -1  -2  -3  -4  -3   1   4  -2   3   0  -3  -2  -1  -2  -1   1    0   0   0   0   0   0   0   0   0   0  84   0  16   0   0   0   0   0   0   0  0.44 0.01
   11 G     0  -2  -1  -2   4  -1  -2   5  -2  -3  -3   0  -2  -3  -2   0  -1  -3  -3  -3    0   0   0   0  16   0   0  71   0   0   0  12   0   0   0   0   0   0   0   0  0.69 0.01
   12 W    -3  -3  -3  -4  -3  -2  -3  -3   3  -3  -2  -3  -2   1  -4  -3  -3  11   4  -3    0   0   0   0   0   0   0   0  12   0   0   0   0   0   0   0   0  74  14   0  1.82 0.04
   13 K    -1   3   0  -1  -3   2   1  -2  -1  -3  -3   5  -1  -3  -1   0  -1  -3  -2  -3    0  12   0   0   0  14   0   0   0   0   0  74   0   0   0   0   0   0   0   0  0.54 0.02
   14 Q    -1   1   0  -1  -3   5   1  -2   0   0  -2   2   0  -3  -2   0  -1  -2  -2  -1    0   0   0   0   0  73   0   0   0  12   0  15   0   0   0   0   0   0   0   0  0.49 0.03
   15 G     0  -2   1  -1  -3  -2  -2   6  -2  -4  -4  -2  -3  -3  -2   0  -1  -3  -3  -3    0   0   7   0   0   0   0  85   0   0   0   0   0   0   0   8   0   0   0   0  0.90 0.02
   16 D     0  -2   0   4  -3   0   2   3  -1  -3  -4  -1  -3  -3  -2   0  -1  -3  -3  -3    8   0   0  40   0   0  19  33   0   0   0   0   0   0   0   0   0   0   0   0  0.51 0.01
   17 E    -1   0   0   2  -3   3   5  -2   0  -3  -3   1  -2  -3  -1   0  -1  -3  -2  -3    0   0   0  12   0  14  66   0   0   0   0   0   0   0   0   8   0   0   0   0  0.61 0.02
   18 E    -1  -1   0   3  -3   1   4   0  -1  -3  -3   0  -2  -3  -1   1  -1  -3  -3  -3    0   0   0  25   0   0  56   8   0   0   0   0   0   0   0  12   0   0   0   0  0.53 0.02
   19 E     0   0   0   1  -3   1   5  -2   0  -3  -3   0  -2  -3  -1   2   0  -3  -2  -3    0   0   0   0   0   0  78   0   0   0   0   0   0   0   0  22   0   0   0   0  0.62 0.03
   20 K    -1   1   2   2  -3   1   1  -2  -1  -3  -3   4  -2  -3  -1   0   1  -3  -2  -2    0   0  11  14   0   0   0   0   0   0   0  63   0   0   0   0  12   0   0   0  0.38 0.02
   21 W    -3  -3  -4  -5  -3  -3  -3  -3  -2  -2  -1  -3  -1   4  -4  -3  -3  11   2  -3    0   0   0   0   0   0   0   0   0   0   0   0   0  26   0   0   0  74   0   0  1.86 0.04
   22 A     3  -2  -2  -3   6  -2  -2  -1  -2   0  -1  -2  -1  -2  -2   0   0  -3  -2   1   52   0   0   0  34   0   0   0   0   0   0   0   0   0   0   0   0   0   0  14  0.43 0.02
   23 E    -1   2   0   1  -4   2   4  -2   0  -3  -3   3  -2  -3  -1   0  -1  -3  -2  -3    0  14   0   0   0   0  63   0   0   0   0  22   0   0   0   0   0   0   0   0  0.57 0.02
   24 K    -1   3   0  -1  -3   1   1  -2  -1  -3  -3   5  -2  -3  -1   0  -1  -3  -2  -3    0   9   0   0   0   0   0   0   0   0   0  91   0   0   0   0   0   0   0   0  0.63 0.04
   25 A     5  -2  -2  -2  -1  -1  -1   0  -2  -2  -2  -1  -1  -3  -1   1   0  -3  -2   0  100   0   0   0   0   0   0   0   0   0   0   0   0   0   0   0   0   0   0   0  0.52 0.04
   26 V    -1  -3  -3  -4  -1  -3  -3  -4  -4   3   1  -3   1  -1  -3  -2   0  -3  -1   4    0   0   0   0   0   0   0   0   0  29   0   0   0   0   0   0   0   0   0  71  0.42 0.03
   27 D    -1   0   0   4  -3   1   3  -2  -1  -3  -3   2  -2  -3  -1   0   1  -3  -2  -2    0   0   0  33   0   0  30   0   0   0   0  18   0   0   0   0  19   0   0   0  0.44 0.02
   28 A     2  -1   1  -1  -1  -1  -1   0  -1  -2  -3  -1  -2  -3  -1   4   1  -3  -2  -2   30   0   8   0   0   0   0   0   0   0   0   0   0   0   0  63   0   0   0   0  0.42 0.04
   29 L    -2  -3  -4  -4  -2  -3  -3  -4  -3   2   4  -3   2   0  -3  -3  -1  -2  -1   2    0   0   0   0   0   0   0   0   0   0  87   0   0   0   0   0   0   0   0  13  0.51 0.05
   30 V    -1  -3  -3  -4  -1  -2  -3  -4  -3   2   3  -3   2  -1  -3  -2  -1  -3  -1   3    0   0   0   0   0   0   0   0   0   0  33   0   8   0   0   0   0   0   0  59  0.37 0.04
   31 K    -1   2  -1  -1  -4   1   0  -2  -1  -3  -3   6  -2  -4  -1  -1  -1  -4  -2  -3    0   0   0   0   0   0   0   0   0   0   0 100   0   0   0   0   0   0   0   0  0.72 0.07
   32 K    -1   3  -1  -1  -4   1   0  -2  -1  -3  -3   5  -2  -3  -2  -1  -1  -3  -2  -3    0  21   0   0   0   0   0   0   0   0   0  79   0   0   0   0   0   0   0   0  0.64 0.06
   33 L    -1  -2  -3  -3  -1  -2  -2  -3  -2   1   4  -2   2   0  -2  -2  -1  -2  -1   1    1   1   1   1   0   1   1   1   0   1  87   1   0   1   1   1   1   0   0   1  0.40 0.04
   34 K    -1   2  -1  -1  -3   1   0  -2  -1  -2   0   5  -1  -3  -2  -1  -1  -3  -2  -2    0   0   0   0   0   0   0   0   0   0  15  85   0   0   0   0   0   0   0   0  0.49 0.06
   35 K    -1   1   0   2  -4   1   4  -2   2  -3  -3   3  -2  -3  -1   0  -1  -3  -2  -3    0   0   0   9   0   0  41   0   8   0   0  43   0   0   0   0   0   0   0   0  0.50 0.04
   36 K    -1   4   1  -1  -4   1   0  -2  -1  -3  -3   4  -2  -3  -2  -1  -1  -3  -2  -3    0  38   8   0   0   0   0   0   0   0   0  55   0   0   0   0   0   0   0   0  0.58 0.05
   37 K    -1   2   1   0  -2   2   0  -1   0  -2  -2   3  -1  -2  -1   0   1  -2  -1  -2    2  10   9   1   0  13   1   2   0   1   2  36   0   1   1   1  16   0   1   1  0.24 0.02
   38 G     0  -1   0   1  -2   1  -1   4  -1   0  -1  -1  -1  -2  -1   0  -1  -2  -2  -1    3   2   1   9   1   9   2  45   1  11   3   2   1   1   2   2   2   0   1   2  0.26 0.01
   39 A     2   0   0   0  -1   2   2  -1  -1  -2  -2   0  -1  -2  -1   2   1  -2  -2  -1   28   5   1   1   0  10  17   1   0   1   1   1   0   0   1  22   9   0   0   1  0.22 0.02
   40 M    -2  -2  -4  -4  -2  -2  -3  -4  -3   2   4  -3   3   0  -3  -3  -1  -2  -1   1    0   0   0   0   0   0   0   0   0   4  80   0  15   0   0   0   0   0   0   0  0.50 0.04
   41 E    -2  -1   0   5  -4   1   4  -2   3  -4  -4   0  -3  -3  -2  -1  -1  -4  -2  -3    0   0   0  46   0   0  44   0  10   0   0   0   0   0   0   0   0   0   0   0  0.70 0.05
   42 E     0  -1   1   1  -2   0   3  -2  -1  -2   0   0  -1  -2  -1   1   1  -3  -2  -1    9   0   8   8   0   0  34   0   0   0  13   0   0   0   0  17  11   0   0   0  0.23 0.02
   43 L    -2  -3  -4  -4  -2  -3  -3  -4  -3   1   5  -3   2   0  -3  -3  -2  -2  -1   1    0   0   0   0   0   0   0   0   0   0 100   0   0   0   0   0   0   0   0   0  0.60 0.05
   44 E    -1  -1  -2   0  -3   0   4  -3  -1   1   2  -1   0  -1  -2  -1  -1  -3  -2   0    0   0   0   0   0   0  50   0   0  17  33   0   0   0   0   0   0   0   0   0  0.28 0.04
   45 K    -1   2  -1  -1   2   3   1  -2  -1  -2  -2   2  -1   0  -2   0   1  -2  -1  -2    0  12   0   0   8  23  11   0   0   0   0  22   0   8   0   0  17   0   0   0  0.25 0.03
   46 A     5  -2  -2  -2  -1  -1  -1   0  -2  -1  -2  -1  -1  -2  -1   1   0  -3  -2   0   92   0   0   0   0   0   0   0   0   0   0   0   0   0   0   0   0   0   0   8  0.48 0.06
   47 L    -1  -3  -3  -4  -1  -3  -3  -4  -3   3   3  -3   1   0  -3  -2  -1  -3  -1   3    0   0   0   0   0   0   0   0   0  22  35   0   0   0   0   0   0   0   0  43  0.37 0.03
   48 S     1   1   0  -1  -1   0  -1  -1  -1  -2  -2   0  -1  -3  -1   3   3  -3  -2  -1    8   8   0   0   0   0   0   0   0   0   0   0   0   0   0  53  31   0   0   0  0.38 0.04
   49 C    -1   3   1  -1   5   0  -1  -2  -1  -2  -2   0  -2  -3  -2   1   2  -3  -2  -2    0  33   8   0  23   0   0   0   0   0   0   0   0   0   0  13  22   0   0   0  0.36 0.04
   50 P    -1  -1   2  -1  -3   2   0   3  -1  -4  -3  -1  -2  -4   4   0  -1  -3  -3  -3    0   0  17   0   0  22   0  33   0   0   0   0   0   0  28   0   0   0   0   0  0.61 0.04
   51 G     0  -2   2  -1   2  -2  -2   5  -2  -4  -4  -2  -3  -3  -3   0  -2  -3  -3  -3    0   0  15   0   8   0   0  77   0   0   0   0   0   0   0   0   0   0   0   0  0.84 0.05
   52 Q    -1   0  -1  -1   1   4   0  -2   2  -1  -1   0  -1  -2  -2   0   2  -3  -1   1    0   5   0   0   5  37   0   0   7   0   0   0   0   0   0   0  31   0   0  16  0.25 0.04
   53 P    -1   1   3  -1  -3  -1  -1  -2  -1  -3  -3   1  -3  -4   6  -1  -1  -4  -3  -3    0  13  23   0   0   0   0   0   0   0   0   8   0   0  57   0   0   0   0   0  1.07 0.05
   54 S     0  -1   0  -1  -1  -1  -1   2  -2  -2  -2  -1  -2  -3  -1   3   4  -3  -2  -1    0   0   0   0   0   0   0  21   0   0   0   0   0   0   0  35  44   0   0   0  0.40 0.04
   55 N     1   1   1  -1  -3   0   1   3  -1  -3  -3   3  -2  -3  -2   0  -1  -3  -2  -2   13   8   8   0   0   0   8  30   0   0   0  34   0   0   0   0   0   0   0   0  0.33 0.02
   56 C    -1  -4  -3  -4  10  -4  -4  -3  -4  -2  -2  -4  -2  -3  -3  -1  -1  -3  -3  -1    0   0   0   0 100   0   0   0   0   0   0   0   0   0   0   0   0   0   0   0  1.68 0.10
   57 V    -1  -3  -3  -4  -1  -3  -3  -4  -4   3   2  -3   1  -1  -3  -2   0  -3  -2   4    0   0   0   0   0   0   0   0   0  13  13   0   0   0   0   0   0   0   0  74  0.42 0.04
   58 T    -1  -2  -1  -2  -1  -1  -2  -3  -2   0   2  -1   0  -1  -2   0   4  -3  -2   0    0   0   0   0   0   0   0   0   0   0  33   0   0   0   0   0  67   0   0   0  0.37 0.05
   59 I    -1  -3  -4  -4  -1  -3  -3  -4  -4   4   2  -3   1   0  -3  -3  -1  -3  -2   3    0   0   0   0   0   0   0   0   0  67  13   0   0   0   0   0   0   0   0  21  0.44 0.04
   60 P     1  -2  -2  -2  -3   2  -1  -2  -2  -3  -3  -1  -2  -4   7  -1  -1  -4  -3  -2   18   0   0   0   0  17   0   0   0   0   0   0   0   0  65   0   0   0   0   0  1.24 0.05
   61 R    -1   6  -1  -2  -4   1  -1   1  -1  -4  -3   2  -2  -3  -2  -1  -1  -3  -2  -3    0  79   0   0   0   0   0  13   0   0   0   8   0   0   0   0   0   0   0   0  0.71 0.06
   62 S     1   1   0  -1  -1   0   0  -1  -1  -2  -2   0  -1  -2  -1   3   1  -3  -2  -1   11  13   0   1   0   0   1   1   0   1   1   1   0   0   1  60   8   0   0   1  0.32 0.03
   63 L    -1  -2  -2  -3  -1  -2  -2  -3  -2   1   4  -2   2   0  -2  -2  -1  -1  -1   0    2   1   1   1   0   1   1   2   0   1  81   1   0   1   1   1   1   0   1   1  0.34 0.03
   64 D    -2  -1   1   6  -3   0   1  -1  -1  -3  -3  -1  -2  -3  -1   0  -1  -3  -2  -3    2   1   1  80   0   1   1   2   0   1   2   1   0   1   1   1   1   0   1   1  0.75 0.04
   65 G     0  -2  -1  -2   4  -2  -2   5  -2  -3  -3  -2  -2  -3  -2  -1  -2  -2  -3  -3    1   1   0   1  13   0   1  78   0   1   1   1   0   0   1   1   1   0   0   1  0.80 0.04
   66 R    -2   6   0   1  -4   1   1  -3  -1  -4  -3   2  -2  -3  -2  -1  -1  -3  -2  -3    0  79   0  11   0   0  10   0   0   0   0   0   0   0   0   0   0   0   0   0  0.72 0.06
   67 L    -2  -3  -4  -4  -2  -3  -3  -4  -3   1   5  -3   2   0  -3  -3  -2  -2  -1   1    0   0   0   0   0   0   0   0   0   0 100   0   0   0   0   0   0   0   0   0  0.60 0.05
   68 Q    -1   3   0  -1  -4   6   1  -2   0  -3  -3   1  -1  -4  -2  -1  -1  -3  -2  -3    0  21   0   0   0  79   0   0   0   0   0   0   0   0   0   0   0   0   0   0  0.75 0.07
   69 V    -1  -3  -3  -3  -1  -2  -3  -4  -3   2   2  -2   1  -1   2  -2  -1  -3  -2   3    0   0   0   0   0   0   0   0   0   8  21   0   0   0  13   0   0   0   0  59  0.35 0.03
   70 S     2  -1   0  -1  -1  -1  -1   1  -2  -3  -3  -1  -2  -3   2   3   0  -3  -2  -2   27   0   0   0   0   0   0  11   0   0   0   0   0   0  13  50   0   0   0   0  0.41 0.04
   71 H     0  -1   0  -1  -3   0  -1   3   6  -3  -3  -1  -2  -2  -2   1  -1  -3   0  -3   10   0   0   0   0   0   0  27  50   0   0   0   0   0   0  13   0   0   0   0  0.54 0.05
   72 R    -1   5   0  -1  -3   2   0  -2  -1  -3  -3   2  -2  -3  -2   1  -1  -3  -2  -3    0  69   0   0   0  11   0   0   0   0   0   8   0   0   0  13   0   0   0   0  0.63 0.05
   73 K    -1   2  -1  -1  -3   1   0  -2  -1  -3  -3   4  -2  -2   2  -1  -1  -2   2  -3    0  10   0   0   0   0   0   0   0   0   0  67   0   0  11   0   0   0  13   0  0.47 0.05
   74 G     2  -2  -1  -2  -2  -2  -2   5  -2  -3  -3  -1  -2  -3   2   1  -1  -3  -3  -2   18   0   0   0   0   0   0  59   0   0   0   0   0   0  10  13   0   0   0   0  0.64 0.03
   75 L    -1  -3  -3  -3  -2  -2  -3  -4  -3   1   3  -2   1   1   3  -2  -1  -2  -1   1    0   0   0   0   0   0   0   0   0   0  63   0   0   7  21   0   0   0   0   9  0.43 0.03
   76 P    -1  -3  -3  -2  -3  -2  -2  -3  -3  -3  -3  -1  -3  -4   8  -1  -2  -4  -4  -3    0   0   0   0   0   0   0   0   0   0   0   0   0   0 100   0   0   0   0   0  2.22 0.08
   77 H    -2   0   0  -1  -3   2   0  -2   8  -3  -3  -1  -2  -2  -2  -1  -2  -2   1  -3    1   1   1   1   0  11   1   1  77   1   1   1   0   0   1   1   1   0   0   1  0.84 0.06
   78 V    -1  -3  -3  -4  -1  -3  -3  -4  -3   2   2  -3   1  -1  -3  -2  -1  -3  -1   4    0   0   0   0   0   0   0   0   0   0  33   0   0   0   0   0   0   0   0  67  0.40 0.04
   79 I    -2  -3  -4  -4  -1  -3  -3  -4  -3   4   3  -3   1   0  -3  -3  -1  -3  -1   2    0   0   0   0   0   0   0   0   0  57  33   0   0   0   0   0   0   0   0   9  0.42 0.04
   80 Y    -2  -2  -3  -4  -2  -2  -3  -4   1   0   2  -2   0   2  -3  -2  -2   1   6  -1    0   0   0   0   0   0   0   0   0   0  33   0   0   0   0   0   0   0  67   0  0.68 0.06
   81 C     1  -3  -2  -3   8  -3  -3   2  -3  -2  -2  -3  -2  -3  -3  -1  -1  -3  -3  -1   17   0   0   0  63   0   0  21   0   0   0   0   0   0   0   0   0   0   0   0  0.87 0.06
   82 R    -2   6  -1  -2  -4   1   0  -3  -1  -3  -3   3  -2  -3  -2  -1  -1  -3  -2  -3    0  77   0   0   0   0   0   0   0   0   0  23   0   0   0   0   0   0   0   0  0.79 0.06
   83 V    -1  -3  -3  -4  -1  -3  -3  -4  -3   2   3  -3   1   0  -3  -2  -1  -3  -1   3    0   0   0   0   0   0   0   0   0   9  43   0   0   0   0   0   0   0   0  48  0.38 0.03
   84 W    -3  -3  -4  -4  -3  -3  -3  -3  -2  -2  -1  -3  -1   4  -4  -3  -3  10   3  -2    0   0   0   0   0   0   0   0   0   0   0   0   0  33   0   0   0  59   8   0  1.63 0.08
   85 R    -2   6  -1  -2  -4   1   0  -3  -1  -4  -3   2  -2  -3  -3  -1  -2  -3  -2  -3    0 100   0   0   0   0   0   0   0   0   0   0   0   0   0   0   0   0   0   0  0.98 0.07
   86 W    -3  -3  -5  -5  -3  -3  -4  -3  -3  -3  -2  -4  -2   0  -4  -4  -3  12   2  -4    0   0   0   0   0   0   0   0   0   0   0   0   0   0   0   0   0 100   0   0  2.81 0.12
   87 P    -1  -3  -3  -2  -3  -2  -2  -3  -3  -3  -3  -1  -3  -4   8  -1  -2  -4  -4  -3    0   0   0   0   0   0   0   0   0   0   0   0   0   0 100   0   0   0   0   0  2.22 0.08
   88 D    -2  -1   1   6  -4   0   1  -2  -1  -4  -4   1  -3  -4  -2  -1  -1  -5  -3  -4    0   0   0  91   0   0   0   0   0   0   0   9   0   0   0   0   0   0   0   0  0.99 0.06
   89 L    -2  -3  -4  -4  -2  -3  -3  -4  -3   2   4  -3   2   0  -3  -3  -1  -2  -1   1    0   0   0   0   0   0   0   0   0   8  82   0   0   0   0   0   0   0   0   9  0.49 0.04
   90 Q    -1   2   0  -1  -3   4   1  -2   4  -3  -2   1  -1  -2  -2   0  -1  -2  -1  -2    1  13   0   1   0  48   1   1  22   0   1   1   0   0   0   9   1   0   0   1  0.45 0.04
   91 S     0  -1   0  -1  -2   0   0  -1   5  -3  -3   0  -2  -2  -2   3   0  -3   0  -3    0   0   0   0   0   0   0   0  33   0   0   7   0   0   0  59   0   0   0   0  0.47 0.05
   92 H     0  -1   0  -1  -2   0   0  -2   6  -3  -3   1  -2  -2   3   1  -1  -3   0  -2   11   0   0   0   0   0   0   1  42   0   1  10   0   0  19  13   0   0   0   0  0.48 0.04
   93 H     0  -1   2  -1  -2   0  -1  -2   7  -2  -2  -1  -2  -2  -2   1  -1  -3   0   0   10   0  17   0   0   0   0   0  50   0   0   0   0   0   0  13   0   0   0  11  0.44 0.05
   94 E    -1   0  -1   1  -4   2   6  -3   0  -4  -3   0  -2  -4  -2  -1  -1  -3  -3  -3    0   0   0   0   0   0 100   0   0   0   0   0   0   0   0   0   0   0   0   0  0.93 0.07
   95 L    -2  -3  -4  -4  -2  -3  -3  -4  -3   2   4  -3   2   0  -3  -3  -1  -2  -1   2    0   0   0   0   0   0   0   0   0   0  87   0   0   0   0   0   0   0   0  13  0.51 0.05
   96 K    -1   3  -1  -1  -3   1   0  -2  -1  -2  -2   5  -1  -3  -2  -1  -1  -3  -2  -1    0  18   0   0   0   0   0   0   0   0   0  73   0   0   0   0   0   0   0   9  0.50 0.05
   97 P     2   1  -1  -2  -2   0  -1  -1   1  -2  -2   1  -2  -3   4   1  -1  -3  -2  -2   36  13   0   0   0   0   0   0   7   0   0   9   0   0  26   8   0   0   0   0  0.45 0.03
   98 L    -2  -3  -4  -4  -1  -2  -3  -4  -3   3   4  -3   2   0  -3  -3  -1  -2  -1   2    0   0   0   0   0   0   0   0   0  25  62   0   5   0   0   0   0   0   0   7  0.42 0.03
   99 E    -1  -1  -1   2   5   0   3   1  -1  -2  -2   0  -2  -3  -2  -1  -1  -3  -3  -1    0   0   0  12  23   0  38  11   0   0   0   7   0   0   0   0   0   0   0   9  0.33 0.03
  100 C    -1  -2   0   0   6   1   1  -2  -1  -1   0  -1  -1  -1  -2  -1   1  -2   1  -1    0   0   5   8  35   9  10   0   0   4   9   0   0   0   0   0  13   0   7   0  0.29 0.03
  101 C    -1  -3  -3  -4   9  -3  -4  -3   2  -2  -2  -3  -2  -3  -3  -1  -1  -3  -2  -1    0   0   0   0  89   0   0   0  11   0   0   0   0   0   0   0   0   0   0   0  1.40 0.09
  102 E    -1   1   0   0  -3   4   4  -2   0  -3  -3   1  -2  -3  -1   1   0  -3  -2  -3    0   8   0   0   0  31  43   0   0   0   0   0   0   0   0  19   0   0   0   0  0.51 0.04
  103 F    -1  -2  -2  -2  -2  -2  -2  -2   0  -1  -1  -2  -1   5  -2   0   0   1   5  -1    1   1   1   1   0   1   1   1   0   1   1   1   0  39   1  11  10   0  30   1  0.40 0.03
  104 P     2  -2  -1  -2   2  -1  -1  -1  -2  -2  -2  -1  -2   1   4   2   0  -2  -1  -1   33   0   0   0   8   0   0   0   0   0   0   0   0  10  28  22   0   0   0   0  0.46 0.03
  105 F     0  -2  -2  -3  -2  -2  -2   0   0  -1  -1  -2  -1   5  -3  -1  -2   1   5  -1   11   0   0   1   0   0   1  11   0   0   1   1   0  42   0   1   1   0  29   1  0.41 0.03
  106 G     1  -1   2   1  -2   0   1   3  -1  -3  -3  -1  -2  -3  -2   1   0  -3  -2  -2   21   0  15   7   0   0  16  28   0   0   0   0   0   0   0  14   0   0   0   0  0.33 0.02
  107 S     2  -1  -1   1  -1   0   0  -1  -2  -1   0   1   1  -2  -1   2   0  -3  -2  -1   25   0   0   9   0   0   0   0   0   0  17  13   5   0   0  31   0   0   0   0  0.15 0.02
  108 K    -1   0   0   2  -3   0   0   0   2   0  -2   3  -1  -3  -2   0  -1  -3  -2  -1    0   0   0  21   0   0   0   8   9  13   0  42   0   0   0   8   0   0   0   0  0.21 0.03
  109 Q    -1   0   2  -1   2   3   1   2  -1  -3  -3   1  -2  -3   2   1  -1  -3  -2  -3    0   0  13   0   7  27   5  21   0   0   0  10   0   0   9   8   0   0   0   0  0.31 0.02
  110 K    -1   0   0   3  -3   0   0  -2  -2  -3  -3   3  -3  -4   5  -1  -1  -4  -3  -3    0   0   0  31   0   0   0   0   0   0   0  35   0   0  33   0   0   0   0   0  0.72 0.04
  111 E    -1  -1   2   2  -3   1   4  -2  -1  -3  -3   0  -2  -3  -1   1   2  -3  -2  -2    0   0   9  11   0   0  43   0   0   0   0   0   0   0   0   7  29   0   0   0  0.41 0.03
  112 V    -1  -3  -3  -4  -1  -3  -3  -4  -4   3   1  -3   1  -1  -3  -2   0  -3  -2   4    0   0   0   0   0   0   0   0   0  25   0   0   0   0   0   0   0   0   0  75  0.46 0.05
  113 C    -1  -4  -3  -4  10  -4  -4  -3  -4  -2  -2  -4  -2  -3  -3  -1  -1  -3  -3  -1    0   0   0   0 100   0   0   0   0   0   0   0   0   0   0   0   0   0   0   0  1.68 0.10
  114 I    -1  -3  -3  -4   6  -3  -4  -4  -4   3   0  -3   0  -1  -3  -2  -1  -3  -2   2    0   0   0   0  33   0   0   0   0  45   0   0   0   0   0   0   0   0   0  22  0.51 0.04
  115 N    -2  -1   7   1  -3   0  -1  -1   0  -4  -4  -1  -3  -4  -3   0   0  -4  -3  -3    0   0 100   0   0   0   0   0   0   0   0   0   0   0   0   0   0   0   0   0  0.99 0.08
  116 P    -1  -3  -3  -2  -3  -2  -2  -3  -3  -3  -3  -1  -3  -4   8  -1  -2  -4  -4  -3    0   0   0   0   0   0   0   0   0   0   0   0   0   0 100   0   0   0   0   0  2.22 0.08
  117 Y    -2  -2  -2  -3  -3  -2  -2  -3   4  -2  -2  -2  -2   2  -3  -2  -2   2   7  -2    0   0   0   0   0   0   0   0  13   0   0   0   0   0   0   0   0   0  87   0  1.04 0.08
  118 H    -2  -1   0  -2  -4   0  -1  -3   9  -4  -3  -1  -2  -2  -3  -1  -2  -3   1  -4    0   0   0   0   0   0   0   0 100   0   0   0   0   0   0   0   0   0   0   0  1.30 0.10
  119 Y    -2  -2  -3  -4  -3  -2  -3  -4   1  -1   1  -3  -1   4  -4  -2  -2   1   7  -1    0   0   0   0   0   0   0   0   0   0  13   0   0  21   0   0   0   0  67   0  0.79 0.06
  120 K     0   1   0   0  -2   3   2  -1  -1  -3  -3   2  -1  -3  -1   2   0  -3  -2  -2    0   4   0   0   0  23  17   0   0   0   0  23   0   0   0  33   0   0   0   0  0.38 0.03
  121 R    -2   6  -1  -2  -4   1   0  -3  -1  -4  -3   2  -2  -3  -3  -1  -2  -3  -2  -3    0 100   0   0   0   0   0   0   0   0   0   0   0   0   0   0   0   0   0   0  0.98 0.07
  122 V    -1  -3  -3  -4  -1  -3  -3  -4  -3   2   3  -3   1   0  -3  -2  -1  -3  -1   3    0   0   0   0   0   0   0   0   0   0  41   0   0   0   0   0   0   0   0  59  0.39 0.04
  123 E    -1  -1  -1   1  -3   1   4  -3   3   0  -1   0  -1  -2  -2  -1  -1  -3  -1   1    0   0   0   7   0   0  52   0  12   0   0   0   0   0   0   0   0   0   0  29  0.30 0.01
  124 S     1  -1   0  -1  -1   0  -1  -1  -1  -2  -2  -1  -1  -2  -1   3   3  -3  -2  -1   12   0   0   0   0   0   0   0   0   0   0   0   0   0   0  56  32   0   0   0  0.38 0.02

                      K         Lambda
Standard Ungapped    0.1351     0.3181
Standard Gapped      0.0410     0.2670
PSI Ungapped         0.1351     0.3181
PSI Gapped           0.0410     0.2670
