
Last position-specific scoring matrix computed, weighted observed percentages rounded down, information per position, and relative weight of gapless real matches to pseudocounts
            A   R   N   D   C   Q   E   G   H   I   L   K   M   F   P   S   T   W   Y   V   A   R   N   D   C   Q   E   G   H   I   L   K   M   F   P   S   T   W   Y   V
    1 I    -3  -4  -5  -5  -3  -4  -5  -5  -4   3   3  -4   6   2  -5  -4  -3  -3  -2   3    0   0   0   0   0   0   0   0   0  17  24   0  28  10   0   0   0   0   0  22  0.82 0.27
    2 S     2  -2  -3  -5  -6  -3  -4  -5  -4  -6  -6   6  -5  -7  -5   4   2  -7  -5  -6   16   2   1   0   0   1   0   0   0   0   0  42   0   0   0  27  11   0   0   0  1.21 0.61
    3 E     2  -2  -4  -1  -6  -2   0  -6   0  -5  -5  -2  -5   7  -6   1  -5  -4   0  -4   16   2   1   3   0   2   5   0   2   0   0   2   0  51   0  12   0   0   2   0  1.31 0.60
    4 F    -4  -7  -5  -6   4  -7  -7  -8  -6   0  -2  -2  -3   8  -8  -4   0  -2   3  -2    1   0   0   0   7   0   0   0   0   6   4   3   0  60   0   1   5   0   7   3  1.78 0.71
    5 G     0   0   3  -2  -4   1  -3   1  -2  -3  -5  -1  -5  -5  -5   4   0   5   0  -4    6   6  11   2   0   6   1  10   1   1   1   4   0   0   0  33   6   8   4   1  0.62 0.41
    6 S    -2   0   3  -3   0   3  -2  -4   2  -5  -4   3  -4  -5  -4   4   0   0  -4  -5    3   5  12   1   2  11   2   0   5   0   1  18   0   0   1  31   5   1   0   0  0.71 0.47
    7 S     0  -3  -4  -3  -7  -4  -3  -5  -2  -8  -7  -3  -4  -7  -5   7   0  -9  -7  -7    8   2   1   1   0   0   1   1   1   0   0   1   1   0   1  77   5   0   0   0  1.87 0.92
    8 S    -1  -2   4   0  -3   0  -1  -2   4  -3  -3  -1  -4  -4  -4   3   1  -3   1  -3    5   2  19   5   0   3   3   3  10   2   2   3   0   1   0  26   8   0   5   1  0.54 0.38
    9 S    -5  -4  -5  -4  -2  -5  -6  -6   0  -3   6  -4  -2   1  -8  -3  -3  -1  -1  -4    1   1   0   1   1   0   0   1   2   1  77   1   1   5   0   3   2   1   2   0  1.55 0.72
   10 V    -1   1   0  -3  -4   0  -1  -4   0   3   1   0   0  -2  -4  -2   2  -3  -3   1    5   9   5   0   0   4   4   0   3  15  17   6   2   1   0   2  14   0   1  10  0.23 0.20
   11 A     0   4   0  -3  -3   2   0  -4   0   0  -2   2  -2  -4  -3   0   0  -5  -3   1    7  22   5   1   0  10   5   1   2   7   4  11   1   1   1   6   7   0   1   9  0.32 0.26
   12 Q    -5  -3  -6  -6  -7  -1  -5  -9  11 -10  -8  -6  -8  -7  -8  -6  -9  -9  -3 -10    1   1   0   0   0   3   1   0  91   0   0   0   0   0   0   0   0   0   1   0  4.04 1.42
   13 A    -4   1  -2  -5  -2   6   1  -4   2   0   0   2   4  -4  -5  -2  -4  -3  -3  -2    1   6   1   0   1  30  10   2   5   5  10  12   9   1   0   3   1   0   1   3  0.68 0.44
   14 A    -2   7  -2  -5  -3   0  -3  -6  -2   0  -1   3  -3  -2  -3  -3  -3  -7  -4  -2    3  50   2   0   1   4   1   0   1   6   6  14   1   2   2   2   1   0   1   2  1.08 0.56
   15 L    -2  -3  -3  -5  -1  -4  -6  -3  -2   5   0  -3   0  -3  -5   1   3  -6  -5   2    2   2   1   0   1   1   0   2   1  32   7   2   2   1   0   9  21   0   0  15  0.75 0.43
   16 E    -8  -3  -5  -5 -10  -3  -5  -6  11 -10  -7  -7  -8  -8  -5  -3  -7  -9  -2  -6    0   1   0   1   0   1   1   1  90   0   0   0   0   0   1   2   0   0   1   1  3.94 1.40
   17 P    -3  -2  -2  -4  -6  -2  -6  -3  -3  -4  -2  -2  -3  -5  -2   2   7  -2  -7  -3    1   2   2   1   0   2   0   3   1   1   4   3   1   1   3  13  62   1   0   2  1.41 0.74
   18 G    -2  -1  -2  -1  -7  -4  -1   7  -5  -6  -5  -2  -7  -8  -4  -2  -3  -8  -7  -4    3   3   2   4   0   1   4  72   0   0   1   3   0   0   1   3   2   0   0   2  1.63 0.73
   19 E    -3  -3  -2   2  -6   0   7  -6  -4  -4  -4   1  -5  -4  -4  -2  -2  -8  -4  -3    2   1   2  10   0   3  60   0   0   1   2   8   0   1   1   2   2   0   1   2  1.36 0.69
   20 K    -5   4  -1  -6  -7  -2  -4  -5  -6  -6  -5   7  -7  -4  -6  -6  -4  -8  -6  -8    1  19   3   0   0   1   0   1   0   0   1  71   0   1   0   0   1   0   0   0  2.11 0.91
   21 P    -4  -2  -3  -5  -4  -2  -5  -6  -3  -6  -3  -1  -2  -9   8   0  -2  -9  -7  -4    2   3   1   0   0   2   1   0   1   0   3   3   1   0  70   7   3   0   0   2  2.05 0.91
   22 Y    -8  -4  -6  -7  -2  -6  -7  -9   5  -3  -5  -8  -5   6  -7  -6  -7  -2   8  -5    0   1   0   0   1   0   0   0  12   1   1   0   0  28   0   1   0   0  52   1  2.46 0.97
   23 A     0   1  -3  -2  -5   1   3  -2   0   0  -3   4  -2  -3   0  -1   0  -6  -4   0    7   7   0   2   0   5  19   2   2   6   2  25   1   1   4   4   5   0   0   6  0.40 0.30
   24 C    -7 -10 -10 -10  12 -10 -10  -9 -10  -8  -8 -10  -8  -4 -10  -5  -6  -5  -6  -8    0   0   0   0  97   0   0   0   0   0   0   0   0   1   0   1   0   0   0   0  4.75 1.55
   25 P    -2  -1   2   2  -4   1   2  -2   0  -3  -4   3  -3  -4   2   1   1  -6  -3  -3    2   2  11   9   0   5  13   3   2   2   1  16   0   1  12  11   7   0   1   2  0.37 0.28
   26 E    -4  -1  -2   2  -7   3   5  -3   0  -1  -1  -1  -2  -1  -3  -3  -3  -6  -2   0    0   3   2   9   0  11  40   2   2   4   6   3   1   3   1   2   1   0   2   7  0.69 0.44
   27 C    -8 -11  -6 -11  12  -5  -8 -10 -10  -8  -9 -10  -9 -10  -7  -7  -8  -4  -4  -8    0   0   1   0  96   1   0   0   0   0   0   0   0   0   0   0   0   0   1   0  4.72 1.55
   28 G    -3  -4   0   1  -5  -4  -1   7   0  -9  -7  -4  -8  -7  -2  -1  -5  -6  -8  -8    1   1   4   7   0   1   4  70   2   0   0   1   0   0   3   4   1   0   0   0  1.68 0.75
   29 K    -2   2  -3  -6  -5  -1  -3  -7  -6  -6  -6   8  -2  -4  -7  -5  -5  -8  -1  -7    4   9   1   0   0   2   1   0   0   0   1  76   1   1   0   0   0   0   2   0  2.11 0.91
   30 S     3   0   0  -3   2  -1  -3   0   0  -1  -3  -2  -2  -4  -2   2   2  -6  -4   0   25   4   4   1   4   2   1   8   2   3   1   1   1   1   2  18  14   0   0   5  0.39 0.30
   31 F    -6  -8  -9  -9  -1  -9  -9  -9  -7  -4  -2  -9  -6   9  -9  -4  -3  -5   2  -5    1   0   0   0   2   0   0   0   0   1   3   0   0  82   0   2   2   0   6   0  2.92 1.07
   32 S     0   3   2  -3   1  -2  -3  -1  -1  -1  -4   1  -1  -4  -1   4   2  -5  -3  -3    7  15   9   1   3   1   1   4   1   3   1   7   2   1   4  27  12   0   1   2  0.44 0.34
   33 R    -2   3   0   0   1   3   0  -2   3  -5  -3   0  -2  -2  -5   1   1   3   1  -2    2  16   5   5   3  16   4   3   7   0   3   5   1   1   0   9   8   4   5   3  0.37 0.29
   34 S    -1   1   1  -3  -2  -1  -2  -2   0  -3  -1   3  -1   0   1   3  -2  -3  -2  -2    4   8   7   1   1   2   2   3   2   1   8  20   1   4   7  22   1   0   1   2  0.32 0.28
   35 D     0  -2  -1   0  -3  -1  -2  -1   1  -5  -4  -3  -3  -3  -3   5  -1   0   2  -3    7   2   3   5   1   2   3   5   3   0   1   1   1   1   1  50   4   1   8   1  0.81 0.52
   36 H    -1  -1   3   1  -3   1   0  -1   5  -2  -3   1  -3  -3  -4   1   0  -4   2  -3    6   2  15   6   0   6   4   5  14   3   3   8   1   1   0  10   7   0   7   1  0.36 0.27
   37 L    -6  -4  -9  -9  -4  -5  -8  -9  -2  -2   7  -8   0   1  -6  -8  -5  -7  -1  -3    1   1   0   0   0   1   0   0   1   1  83   0   2   5   0   0   1   0   2   1  1.95 0.83
   38 A     0   1   0  -2  -4   1   0  -3   0   2  -1   2  -1  -2  -3   0   2  -2  -2   1    6   9   5   2   0   5   4   1   3  13   5  14   1   1   1   5  15   0   1   9  0.20 0.19
   39 E     0   4   0  -2  -3   2   0  -4   0   0  -1   2   0  -3  -3  -1   1  -5  -1   1    8  20   5   1   0   9   5   1   2   6   5  11   3   1   1   4   7   0   2  10  0.26 0.22
   40 H    -8  -7  -4  -8  -6  -3  -7  -9  12  -9  -9  -7  -8  -4  -7  -7  -8  -9  -4  -9    0   0   1   0   0   1   0   0  96   0   0   0   0   1   0   0   0   0   0   0  4.40 1.49
   41 Q    -4   1  -3  -5  -2   5   1  -5   0  -1   0   2   5  -4  -4  -2  -3  -5  -3   0    1   8   1   0   1  29   9   1   2   4   9  13  12   1   1   2   1   0   1   6  0.71 0.45
   42 R    -3   7  -4  -5   0   1  -3  -6  -2  -2  -2   3  -2  -4  -4  -4  -3  -7  -3  -4    3  53   1   0   2   7   1   1   1   3   5  17   1   1   1   1   2   0   1   1  1.33 0.64
   43 T    -2  -3  -3  -4   0  -4  -5  -2  -2   5  -1  -2  -1  -2  -5   1   4  -6  -5   2    2   1   1   1   2   1   0   3   1  31   5   3   1   2   0   9  26   0   0  11  0.74 0.43
   44 H    -7  -5  -6  -6  -7  -6  -5  -7  11 -10  -7  -6  -8  -6  -6  -6  -8  -9  -2  -8    0   1   0   1   0   0   1   0  94   0   1   0   0   0   0   1   0   0   1   0  4.23 1.45
   45 T    -3  -2  -2  -3  -6  -1  -5  -3  -3  -3  -3  -2  -3  -5  -4   2   7  -3  -7  -5    2   2   2   1   0   3   1   2   1   1   2   2   1   0   1  15  63   0   0   0  1.49 0.76
   46 G    -2   0  -1  -1  -7  -3   0   7  -3  -7  -6  -2  -6  -8  -6  -3  -4  -7  -5  -3    3   5   3   3   0   1   7  67   1   0   1   3   0   0   0   2   1   0   0   2  1.48 0.68
   47 E    -4  -4  -2   1  -8   0   7  -2  -5  -4  -5   0  -2  -8  -4  -4  -3  -8  -4  -2    1   1   1   7   0   3  65   4   0   1   2   5   1   0   1   1   2   0   1   3  1.49 0.73
   48 K    -6   4  -1  -3  -8  -2  -3  -4  -4  -7  -4   7  -1  -8  -5  -4  -3  -8  -4  -7    0  22   3   1   0   1   1   2   0   0   2  62   2   0   0   1   2   0   1   0  1.80 0.81
   49 P    -3  -4  -3  -7  -6  -4  -3  -7  -3  -8  -4  -2  -8  -4   8  -1  -1  -5  -6  -3    2   1   1   0   0   1   2   0   1   0   3   2   0   1  72   5   5   0   0   2  2.14 0.95
   50 Y    -8  -6  -6  -9  -1  -5  -8  -9   4  -5  -5  -5  -3   6  -9  -7  -7  -4   9  -6    0   0   0   0   2   0   0   0   8   1   1   1   1  30   0   0   0   0  55   0  2.56 1.00
   51 K    -1   0  -3  -3  -4   2   3  -4  -2   0  -3   5  -2  -4   0  -1   0  -6  -5   0    5   4   1   1   0   9  19   1   1   5   2  30   1   1   4   5   5   0   0   7  0.55 0.38
   52 C    -7 -10 -10  -5  12 -10 -10 -10 -10  -8  -8  -6  -9  -9 -10  -7  -8  -9  -7  -8    0   0   0   1  97   0   0   0   0   0   0   1   0   0   0   0   0   0   0   0  4.81 1.56
   53 P    -1  -1   2   2  -1   1   2  -2   0  -2  -4   2  -3  -5   2   1   1  -6  -4  -3    5   2  10   9   1   5  13   2   2   2   2  15   0   0  10  11   8   0   0   1  0.35 0.27
   54 E    -4  -2  -4   1  -7   2   5  -6   1   0  -1  -1  -3  -3  -4  -3  -1  -6   1   1    1   2   0   7   0   9  42   0   4   6   5   4   1   1   0   1   3   0   4   9  0.78 0.47
   55 C    -8 -11 -10  -6  12 -10 -11 -10 -10  -9  -9 -10  -9 -10 -10  -8  -5 -10 -10  -8    0   0   0   1  98   0   0   0   0   0   0   0   0   0   0   0   1   0   0   0  4.90 1.59
   56 G    -2  -3   0   0  -7  -2  -1   6   1  -8  -5  -3  -7  -8  -3  -1  -3  -3  -7  -6    3   1   4   6   0   2   5  63   3   0   1   1   0   0   2   5   2   0   0   0  1.36 0.64
   57 K    -3   2  -5  -4  -9  -1  -2  -7  -4  -7  -6   8  -3  -4  -7  -5  -5  -8   0  -6    3   9   0   1   0   2   2   0   0   0   1  74   1   1   0   1   0   0   3   1  2.04 0.90
   58 S     4   1  -1  -4   2  -3  -3   1  -2  -3  -2  -2  -2  -4  -2   2   2  -6  -4   0   31   8   2   1   3   1   1   9   1   2   4   1   1   0   2  16  11   0   1   6  0.45 0.33
   59 F    -5  -9  -9 -10  -1  -9  -9  -9  -7  -5  -4  -9  -4   9 -10  -3  -4  -5   2  -7    1   0   0   0   1   0   0   0   0   1   1   0   0  86   0   2   1   0   5   0  3.13 1.14
   60 S     0   3   1  -4   1  -2  -3  -2   0  -1  -3   1  -2  -3  -1   3   2  -3  -1  -1    6  14   7   0   3   1   1   2   2   4   2   8   1   1   4  24  12   0   2   5  0.32 0.28
   61 D    -3   3   1   1   1   4   0  -3   3  -4  -3   0  -2  -3  -5   1   0   2   1  -2    2  16   6   7   3  18   4   1   8   0   3   5   1   1   0   8   7   3   4   2  0.42 0.31
   62 K     0   2   1  -2   0   0  -2  -2   0  -3  -1   3   0  -2  -1   3  -2  -3  -3  -3    6   9   7   2   2   5   2   3   2   1   6  21   2   2   3  23   1   0   1   2  0.34 0.29
   63 K     0  -1  -3  -1  -2  -2  -3  -1   2  -3  -5  -1  -2  -1  -1   5   0  -6   1  -3    7   3   1   4   1   2   1   5   4   1   0   3   1   3   3  48   5   0   6   1  0.75 0.49
   64 D     0  -1   3   1  -2   1  -2  -2   6  -4  -3   0  -3  -4  -4   2   0  -6   1  -4    6   4  14   7   1   5   2   3  19   1   3   6   1   0   0  16   6   0   5   1  0.53 0.35
   65 L    -7  -4  -9  -9  -5  -8  -8  -9  -6  -2   7  -6   0   1  -9  -5  -7   0  -4  -3    0   1   0   0   0   0   0   0   0   2  85   1   2   5   0   1   0   2   0   1  2.04 0.86
   66 T     0   1   1  -2  -2   1  -1  -3   0   2  -1   1  -1  -3  -3   0   2  -3  -3   1    6   9   6   1   1   7   3   2   3  13   6  10   1   1   1   7  14   0   0  10  0.18 0.18
   67 R    -1   4   0  -3  -2   2   0  -4  -1   0  -2   2  -2  -4  -5  -1   1  -5   0   0    5  24   5   1   1  11   6   1   1   5   3  13   1   1   0   5   7   0   4   8  0.40 0.29
   68 H    -9  -7  -6  -8 -10  -6  -7  -9  12 -10 -10  -8  -8  -8  -6  -8  -9  -9  -4 -10    0   0   0   0   0   0   0   0  98   0   0   0   0   0   1   0   0   0   0   0  4.62 1.55
   69 Q    -4   2  -3  -5  -3   5   0  -5   3   0   1   2   4  -5  -6  -3  -3  -1  -2  -1    1   9   1   0   1  29   5   0   6   6  11  11   9   0   0   2   2   1   1   5  0.70 0.44
   70 R    -4   7  -2  -5  -7   0  -2  -6  -3  -1  -1   3   1  -5  -5  -2  -2  -4  -2  -4    1  53   2   0   0   4   2   0   1   4   5  16   3   0   0   3   2   0   1   1  1.27 0.62
   71 T    -2  -4  -3  -5   0  -4  -6  -5  -2   5   0  -3   0  -2  -6   0   4  -7  -5   2    2   1   2   1   2   1   0   1   1  32   7   1   2   1   0   8  26   0   0  13  0.84 0.47
   72 H    -9  -6  -7  -8  -1  -7  -7  -9  12 -11 -10  -6  -9  -8  -9  -8  -9 -10  -4 -10    0   0   0   0   2   0   0   0  98   0   0   1   0   0   0   0   0   0   0   0  4.58 1.55
   73 T    -2  -4  -2  -3  -4  -3  -2  -3  -2  -4  -2  -3  -5  -3  -5   2   7  -5  -5  -3    4   1   2   2   0   1   2   3   1   1   4   1   0   1   0  15  59   0   0   2  1.32 0.70
   74 G    -4  -3  -4  -2  -8  -3   0   7  -3  -8  -7  -2  -8  -8  -1  -2  -3  -8  -8  -6    1   2   1   3   0   1   7  73   1   0   0   3   0   0   3   3   2   0   0   1  1.75 0.77
   75 E    -3  -1  -2   0  -8   0   7  -3  -3  -3  -5  -1  -7  -8  -5  -4  -2  -8  -5  -1    2   3   2   4   0   4  67   3   1   2   1   4   0   0   1   1   2   0   1   5  1.54 0.76
   76 K    -6   4  -4  -6  -8  -4  -3  -5  -4  -5  -5   7  -3  -8  -7  -4  -6  -8  -7  -8    0  22   1   0   0   0   1   1   0   1   2  69   1   0   0   1   0   0   0   0  2.16 0.92
   77 P    -3  -2  -2  -6  -4  -6  -4  -8  -2  -6  -3  -2  -4  -5   8  -1  -1  -9  -7  -5    2   2   2   0   0   0   1   0   1   0   3   2   1   1  73   5   4   0   0   1  2.17 0.95
   78 Y    -7  -6  -7  -9   0  -6  -8  -9   5  -6  -4  -8  -6   6  -9  -5  -7  -4   9  -7    0   0   0   0   2   0   0   0  11   0   1   0   0  27   0   1   0   0  56   0  2.58 1.00
   79 K    -1   1  -3  -3  -3   1   3  -2   0   0  -3   4   0  -5  -1  -1   0  -6  -5   0    4   8   1   1   1   6  17   3   2   5   1  28   2   0   3   5   6   0   0   6  0.44 0.32
   80 C    -7 -10 -10 -10  12 -10 -11 -10 -10  -8  -8 -10  -8  -9 -10  -8  -8  -9  -9  -8    0   0   0   0  99   0   0   0   0   0   0   0   0   0   0   0   0   0   0   0  4.99 1.60
   81 P    -2  -2   3   1  -2   1   2  -1   1  -4  -4   2  -2  -6   2   2   1  -6  -5  -4    3   1  12   6   1   7  12   6   3   1   1  12   1   0  10  17   7   0   0   0  0.40 0.31
   82 E    -3  -4  -3   1  -7   2   5  -3   1   1  -2  -1  -3   0  -6  -3  -1  -6   0   1    1   0   1   6   0   8  42   2   3   7   4   4   1   3   0   2   3   0   4   9  0.72 0.45
   83 C    -8 -11 -10 -11  12 -10 -11  -6 -10  -9  -9 -10  -9 -10 -10  -8  -8 -10 -10  -8    0   0   0   0  99   0   0   1   0   0   0   0   0   0   0   0   0   0   0   0  4.98 1.61
   84 G    -3  -2   0   2  -6  -1   0   6  -2  -8  -7  -3  -5  -6  -1  -3  -6  -3  -8  -7    2   2   5  10   0   3   5  62   1   0   1   2   0   0   4   2   0   0   0   0  1.40 0.66
   85 K    -3   3  -3  -5  -9  -2  -2  -7  -4  -6  -4   7  -3  -8  -7  -5  -5  -8   0  -6    3  12   1   0   0   2   2   0   0   0   2  71   1   0   0   0   0   0   4   1  1.93 0.86
   86 S     4   1  -3  -4   2  -2  -2   1  -1  -3  -4  -2  -3  -1  -2   2   1  -6  -4  -1   35   7   1   0   5   2   2   9   1   1   1   2   0   3   2  16   9   0   0   4  0.52 0.37
   87 F    -8  -9  -9 -10  -2  -9  -9 -10  -7  -7  -5  -9  -6   9 -10  -2  -5  -5   2  -5    0   0   0   0   1   0   0   0   0   0   0   0   0  88   0   4   1   0   6   1  3.25 1.18
   88 S     0   2   1  -1   1  -2  -3  -1   0   0  -3   1  -2  -2  -3   3   2  -5  -1  -1    6  12   7   3   3   1   0   5   3   5   2   8   1   2   1  23  14   0   2   4  0.32 0.28
   89 Q    -3   3   0   1   1   5   0  -4   3  -4  -3  -1  -4  -3  -5   0   0   1   1  -3    2  17   3   8   3  24   4   1   6   1   3   2   0   1   0   8   6   2   5   2  0.54 0.38
   90 R    -1   2   0  -3   1   0  -2  -3   1  -3  -1   3  -2  -1   1   3  -2  -4  -3  -3    4  12   4   1   3   3   1   2   3   1   7  19   1   2   8  26   2   0   1   2  0.41 0.33
   91 A     0  -2  -1   0  -1  -2  -2  -1  -2  -4  -5  -2  -4  -4  -3   6   0   0   0  -3    8   2   3   4   1   2   3   4   1   1   1   2   0   1   1  54   5   1   3   2  0.88 0.55
   92 N     0  -1   4   0  -4   1  -1  -1   5  -3  -2  -1  -4  -2  -4   1   1  -5   1  -2    7   2  17   5   0   5   4   4  16   2   3   4   0   1   0  11  10   0   4   2  0.41 0.30
   93 L    -6  -5  -9  -9  -7  -8  -9  -9  -8  -3   7  -8   0   1  -6  -8  -7  -7  -1  -3    0   1   0   0   0   0   0   0   0   0  88   0   2   5   0   0   0   0   2   2  2.18 0.90
   94 R     0   2   1  -4  -1   1  -2  -5  -1   2  -1   3   0  -2  -5  -1   2  -6  -4   0    6  11   8   0   1   7   1   0   1  14   5  17   2   1   0   3  13   0   0   7  0.34 0.28
   95 A    -1   3   0  -2  -2   3   0  -3   0   1  -2   1   1  -4  -3  -1   0  -5  -3   1    5  18   4   2   1  14   4   2   2  10   3   9   3   0   1   5   6   0   1  11  0.29 0.24
   96 H    -9  -5  -5  -8 -10  -7  -7  -9  12 -11 -10  -8  -9  -8  -9  -8  -9 -10  -3 -10    0   1   0   0   0   0   0   0  98   0   0   0   0   0   0   0   0   0   1   0  4.64 1.57
   97 Q    -3   1  -3  -5  -2   5   1  -5   0   1   1   1   3  -2  -5  -3  -3  -4  -2  -1    2   8   1   0   1  29  10   1   2   7  12   9   7   2   0   2   1   0   1   4  0.59 0.40
   98 R    -4   7  -3  -5  -4  -2  -3  -5  -1  -1  -4   3  -1  -8  -7  -3  -4  -3  -5  -2    2  64   1   0   0   2   1   1   1   3   2  14   2   0   0   2   1   0   0   3  1.70 0.77
   99 T    -3  -3  -4  -6  -5  -5  -5  -6  -7   5  -1  -1  -1  -3  -6  -1   4  -7  -4   2    2   2   1   0   0   0   0   0   0  35   5   4   1   1   0   6  28   0   0  15  1.01 0.53
  100 H    -9  -5  -7  -8 -10  -7  -7  -9  12 -11 -10  -8  -9  -5  -7  -8  -9 -10  -5  -8    0   1   0   0   0   0   0   0  98   0   0   0   0   1   0   0   0   0   0   0  4.61 1.56
  101 T    -1  -2  -1  -5  -6  -2  -6  -5  -4  -2  -4  -4  -2  -5  -6   2   7   0  -7  -4    4   2   3   0   0   2   0   1   0   2   2   1   1   1   0  15  64   1   0   1  1.58 0.79
  102 G    -3  -2  -3  -4  -8  -2  -2   7  -4  -6  -3  -3  -7  -8  -3  -2  -4  -5  -8  -5    2   2   1   1   0   2   3  76   1   0   3   2   0   0   1   3   1   0   0   1  1.81 0.78
  103 E    -2  -5  -2   0  -8   0   7  -4  -1  -3  -6  -2  -7  -8  -3  -3  -2  -8  -3  -4    3   0   2   5   0   3  70   2   1   2   1   2   0   0   2   2   3   0   1   1  1.66 0.79
  104 K    -5   5  -2  -4  -6  -2  -4  -4  -3  -8  -6   7  -5  -5  -4  -4  -5  -8  -4  -7    1  24   2   1   0   1   0   1   0   0   1  64   0   1   1   1   1   0   1   0  1.93 0.85
  105 P    -3  -2  -6  -5  -1  -3  -6  -8  -4  -8  -2  -6  -8  -9   8  -3  -2  -9  -3  -5    2   2   0   1   1   1   0   0   0   0   4   0   0   0  79   2   3   0   1   1  2.48 1.05
  106 Y    -7  -8  -6  -9   1  -8  -8  -9   4  -7  -4  -7  -7   6  -7  -7  -8  -4   9  -7    0   0   0   0   3   0   0   0   7   0   1   0   0  30   0   0   0   0  58   0  2.73 1.06
  107 A    -1   0  -2  -2  -4   2   3  -2  -1  -1  -3   4  -1  -5   0  -1   0  -6  -4   0    6   5   1   1   0   8  21   2   1   3   2  25   2   0   5   4   5   0   0   6  0.45 0.33
  108 C    -7 -10  -9 -10  12  -9 -10  -9  -9  -8  -8  -9  -8  -6  -9  -6  -8  -9  -5  -8    0   0   0   0  97   0   0   0   0   0   0   0   0   0   0   1   0   0   1   0  4.78 1.54
  109 P    -1  -1   2   1  -3   0   2  -1   1  -3  -3   2  -3  -3   2   1   0  -2  -3  -2    3   3  11   6   1   3  14   5   3   2   2  12   0   1  11  13   7   1   1   3  0.28 0.23
  110 E    -4  -4  -3   1  -6   2   5  -5   3   0  -2  -1  -2   1  -5  -3  -1  -1   0   0    1   1   1   7   0   9  39   1   6   7   4   3   1   5   0   1   4   1   3   8  0.68 0.43
  111 C    -7 -10  -9 -10  12  -9 -10  -9  -9  -8  -8  -9  -8  -9  -7  -7  -8  -9  -3  -8    0   0   0   0  97   0   0   0   0   0   0   0   0   0   0   0   0   0   1   0  4.76 1.53
  112 G    -4  -3   0   0  -7  -2   0   7   0  -8  -6  -1  -7  -4  -2  -3  -4  -4  -7  -8    1   1   4   6   0   2   5  68   2   0   1   3   0   1   2   2   1   0   0   0  1.55 0.69
  113 K    -2   2  -4  -6  -5  -1  -2  -6  -1  -6  -5   8  -4  -5  -6  -3  -6  -8  -1  -5    3   9   1   0   0   3   2   0   2   0   1  72   1   1   0   1   0   0   2   1  1.88 0.83
  114 S     4   2  -2  -3   1  -2  -3   0  -2  -4  -4   0  -1  -4  -3   2   1  -4  -3  -1   32  11   1   1   3   1   1   8   1   1   1   6   2   1   1  15   9   0   1   5  0.47 0.34
  115 F    -7  -8  -9  -9  -1  -9  -9  -9  -7  -5  -4  -9  -6  10  -9  -3  -8  -5   1  -6    0   0   0   0   1   0   0   0   0   0   2   0   0  89   0   3   0   0   3   0  3.27 1.16
  116 S     0   2   1  -3  -1  -2  -2  -2   1  -1  -2   1  -2  -3  -2   3   2  -5  -1  -2    8  12   7   1   1   1   1   3   3   4   4   7   1   1   2  27  12   0   2   2  0.34 0.29
  117 Q    -3   3   0   0   0   5  -1  -3   3  -4  -3  -1  -3  -3  -5   0   0   2   2  -4    2  14   4   5   2  28   3   2   7   1   3   4   1   1   0   7   7   3   6   1  0.61 0.40
  118 L    -1   3   1  -3  -1  -1  -2  -3   1  -3  -2   3  -1  -1   0   3  -1  -4  -2  -2    5  14   6   1   1   2   1   2   4   1   5  18   1   3   4  27   2   0   1   3  0.41 0.32
  119 A     0  -3   0  -2  -2  -1  -3   0  -1  -3  -3  -2  -2  -2  -3   6   0   1  -1  -2    6   1   4   2   1   2   2   6   1   2   3   2   1   2   1  52   6   2   2   2  0.78 0.50
  120 H    -1  -1   3   2   0   1  -1  -1   5  -2  -3  -1  -4  -4  -4   2   1  -5   1  -3    5   3  13  10   2   7   2   4  14   2   2   3   0   0   0  14  10   0   4   1  0.42 0.30
  121 L    -6  -3  -8  -8  -7  -6  -8  -8  -7  -2   6  -6   2   1  -8  -7  -6  -6  -1  -2    0   2   0   0   0   0   0   0   0   1  81   1   5   6   0   0   0   0   2   2  1.91 0.80
  122 R    -1   2   0  -2  -3   1  -2  -4   0   2   0   3  -1  -3  -4  -1   2  -5  -2  -1    5  12   5   2   0   6   1   1   2  11   8  20   1   1   0   4  15   0   1   5  0.32 0.25
  123 A    -1   4   0  -2   0   2   0  -2   0   1  -2   2  -1  -5  -4   0   0  -3  -2   0    5  21   5   2   2  11   6   3   2   7   4  11   1   0   0   6   6   0   1   8  0.29 0.24
  124 H    -9  -7  -7  -6 -10  -7  -7  -9  12 -11 -10  -8  -9  -9 -10  -8  -9 -10  -5 -11    0   0   0   0   0   0   0   0 100   0   0   0   0   0   0   0   0   0   0   0  4.74 1.59
  125 Q    -5   1  -3  -5  -5   6   1  -6   2   1   0   2   4  -4  -6  -3  -3  -2  -2  -1    0   7   1   0   0  31   7   0   4   7  10  12  11   0   0   1   1   1   1   3  0.81 0.50
  126 R    -3   7  -4  -7  -3  -1  -5  -5   0   0  -1   1  -3  -4  -7  -4  -4  -5  -2  -4    3  64   1   0   1   2   0   1   2   5   7   8   1   1   0   1   1   0   2   2  1.60 0.74
  127 T    -3  -1  -4  -6   0  -2  -5  -6  -2   5   0  -1  -1  -4  -6   0   4  -7  -4   2    1   3   1   0   2   2   0   0   1  33   6   3   1   1   0   6  27   0   1  12  0.85 0.48
  128 H    -9  -7  -7  -8 -10  -5  -7  -9  12 -11 -10  -6  -9  -4  -9  -8  -9 -10  -5 -10    0   0   0   0   0   0   0   0  98   0   0   0   0   1   0   0   0   0   0   0  4.64 1.57
  129 T    -2  -2  -3  -6  -6  -5  -3  -6  -1  -4  -2  -4  -4  -6  -5   2   7  -8  -5  -2    3   3   1   0   0   0   2   0   2   1   4   1   0   0   0  12  68   0   0   2  1.67 0.82
  130 G    -3  -1  -1  -3  -8  -2  -2   7  -4  -6  -8  -1  -8  -8  -5  -2  -4  -8  -8  -5    2   4   2   2   0   2   3  75   1   0   0   4   0   0   1   3   1   0   0   1  1.81 0.78
  131 E    -2  -5  -3   1  -9  -1   7  -4  -5  -4  -4   0  -7  -5  -5  -6  -6  -8  -6  -2    3   0   1   7   0   3  70   1   0   1   2   6   0   1   1   0   0   0   0   3  1.73 0.83
  132 K    -6   4  -3  -6  -9  -3  -5  -5  -6  -7  -5   8  -7  -5  -4  -5  -5  -8  -3  -5    0  17   1   0   0   1   0   1   0   0   1  74   0   1   1   0   0   0   1   1  2.21 0.94
  133 P    -4  -4  -8  -6  -2  -2  -6  -6  -3  -5  -4  -4  -5  -6   9  -3  -3  -9  -8  -6    1   1   0   0   1   2   0   1   1   1   2   1   0   0  83   2   2   0   0   1  2.68 1.10
  134 Y    -8  -8  -7  -9  -1  -4  -8  -9   3  -6  -4  -8  -7   6  -9  -8  -8  -2   9  -5    0   0   0   0   2   1   0   0   7   0   1   0   0  27   0   0   0   0  60   1  2.71 1.05
  135 K     0  -1  -3  -3  -4   2   3  -3  -1  -2  -4   4  -2  -6  -1   0   0  -5  -5  -1    6   3   1   0   0  10  19   2   2   3   2  30   1   0   3   6   7   0   0   6  0.56 0.38
  136 C    -8 -11 -10 -11  12 -10 -11 -10 -10  -9  -9 -10  -9 -10 -10  -6  -8 -10  -4  -8    0   0   0   0  99   0   0   0   0   0   0   0   0   0   0   0   0   0   1   0  4.94 1.60
  137 P    -2  -1   2   2  -1   1   2  -1   1  -4  -4   2  -4  -3   1   2   1  -6  -4  -4    2   3  10   9   1   5  14   5   3   1   1  12   0   1   8  15   9   0   0   1  0.35 0.27
  138 E    -3  -3  -3   1  -7   2   5  -5   3  -1  -3  -1  -2   0  -6  -3  -1  -6   0   1    2   1   1   8   0   8  38   1   8   4   3   4   1   4   0   1   3   0   3  11  0.71 0.44
  139 C    -8 -11 -10 -11  12 -10 -11 -10 -10  -9  -9 -10  -9 -10 -10  -4  -8 -10  -6  -8    0   0   0   0  98   0   0   0   0   0   0   0   0   0   0   1   0   0   0   0  4.91 1.59
  140 G    -4  -4   0   2  -6  -3   0   6   0  -8  -6  -4  -5  -6  -1  -1  -5  -3  -4  -7    1   1   4  10   0   1   5  64   2   0   1   1   0   0   3   5   1   1   1   0  1.43 0.67
  141 K    -5   2  -6  -5  -9  -1  -3  -7  -3  -8  -6   8   0  -4  -7  -4  -4  -3   0  -6    1   9   0   0   0   3   2   0   0   0   1  75   2   1   0   1   1   0   3   1  2.07 0.91
  142 S     4   2  -3  -4   3  -3  -4   0  -1  -3  -4  -1  -3  -4  -4   2   2  -6  -4   0   29  10   1   1   5   1   1   7   1   1   1   3   0   1   1  17  13   0   0   7  0.51 0.37
  143 F    -5  -9  -9 -10   0  -9 -10  -7  -7  -3  -4  -9  -6   9 -10  -7  -6  -5   2  -7    1   0   0   0   2   0   0   1   0   1   1   0   0  88   0   0   1   0   5   0  3.22 1.17
  144 S     1   3   0  -3   0  -2  -3  -2   1   0  -3   0  -4  -3  -3   4   2  -5   0  -2   11  13   5   1   2   1   1   3   3   5   2   4   0   1   1  28  14   0   3   2  0.44 0.34
  145 R    -3   4   0   0   1   4   0  -4   2  -4  -2  -1  -3  -2  -5   0  -1   4   1  -2    1  19   4   5   3  22   4   1   5   1   3   3   0   2   0   8   4   5   5   3  0.55 0.38
  146 E    -2   2   1  -4  -3   0  -2  -3   1  -3  -3   3  -2  -2   2   3  -2  -1  -2  -3    3  11   7   0   1   4   1   2   3   1   2  18   1   2  11  26   2   1   1   2  0.47 0.35
  147 D    -1  -2  -3   1  -2  -2  -2  -2   1  -5  -6  -2  -3  -4  -2   6   0  -5   1  -5    6   2   1   6   1   2   2   3   4   1   0   2   1   1   2  56   4   0   5   1  1.02 0.61
  148 N     0   0   4   1  -2   0   0  -1   4  -3  -3   0  -2  -3  -4   2   0  -5   1  -1    7   4  18   7   1   4   5   4  11   1   2   5   1   1   0  13   6   0   5   5  0.35 0.27
  149 L    -7  -3  -8  -9  -5  -7  -8  -9  -4  -3   7  -8  -2   2  -8  -6  -7  -4  -3  -2    0   2   0   0   0   0   0   0   1   1  83   0   1   8   0   0   0   0   1   3  1.98 0.83
  150 H    -1   2   0  -3  -1   1  -2  -4   1   2  -1   2   0  -2  -4  -1   3  -4  -1   0    5  12   5   1   1   6   2   1   3  14   6  12   2   1   0   4  18   0   2   5  0.27 0.24
  151 T    -1   4  -1  -2  -4   2   0  -2  -2   0  -2   3  -1  -4  -4   0   1  -6  -3   0    5  21   3   2   0  10   6   3   1   5   3  16   2   1   0   5   8   0   1   6  0.36 0.27
  152 H    -9  -7  -4  -8 -10  -7  -7  -9  12 -11 -10  -8  -9  -8  -9  -8  -9 -10  -4 -11    0   0   1   0   0   0   0   0  99   0   0   0   0   0   0   0   0   0   0   0  4.66 1.57
  153 Q    -3   2  -4  -5  -5   6   0  -5   1   0   0   1   4  -4  -6  -1  -4   0  -2  -1    2  11   0   0   0  31   6   1   3   5  10   8   9   1   0   4   1   1   1   5  0.70 0.45
  154 R    -4   7  -3  -6  -8   0  -4  -6  -1  -1  -1   3   0  -7  -5  -3  -5  -8  -6  -2    1  59   1   0   0   3   1   0   2   3   6  14   3   0   1   1   1   0   0   4  1.52 0.71
  155 T    -3  -3  -3  -6  -1  -3  -6  -4  -4   5  -1  -1  -1  -4  -6   0   4  -7  -6   3    2   2   1   0   1   1   0   1   0  31   4   4   1   1   0   6  29   0   0  16  0.93 0.51
  156 H    -9  -7  -7  -8 -10  -7  -7  -9  12 -11 -10  -8  -9  -8 -10  -8  -7 -10  -3 -11    0   0   0   0   0   0   0   0  99   0   0   0   0   0   0   0   0   0   1   0  4.69 1.58
  157 T    -2  -3  -1  -3  -6  -4  -3  -5  -2  -3  -4  -1  -4  -6  -5   2   7  -8  -5  -3    4   1   3   1   0   1   1   1   1   1   1   4   0   0   0  14  64   0   0   1  1.56 0.78
  158 G    -3  -1  -2   0  -4  -3  -1   7  -4  -8  -8  -2  -5  -8  -6  -2  -4  -8  -8  -5    1   4   1   6   0   1   4  71   0   0   0   2   0   0   0   4   1   0   0   1  1.69 0.74
  159 E    -3  -1  -3   0  -2  -1   7  -3  -3  -5  -5  -1  -3  -3  -3  -3  -4  -5  -3  -1    2   3   1   5   1   2  66   2   0   1   1   4   1   1   1   2   1   0   1   4  1.42 0.72
  160 K    -5   4  -4  -5  -8  -1  -1  -5  -4  -7  -5   7  -3  -8  -4  -4  -5  -8  -7  -7    1  17   1   1   0   3   3   1   0   0   1  69   1   0   1   1   0   0   0   0  1.98 0.86
  161 P    -4  -3  -6  -2  -4  -4  -6  -5  -2  -8  -4  -2  -8  -7   8  -4  -4  -9  -8  -7    2   2   0   2   0   1   0   1   1   0   2   3   0   0  82   1   1   0   0   0  2.64 1.09
  162 Y    -8  -6  -4  -9  -1  -4  -8  -9   3  -3  -3  -8  -6   6  -9  -6  -7  -4   9  -6    0   0   1   0   1   1   0   0   6   1   2   0   0  25   0   0   0   0  60   0  2.59 1.01
  163 K    -1   1  -1  -3  -3   2   3  -2  -1  -2  -3   4  -2  -4  -2   0   0  -3  -3  -1    4   6   2   1   1   9  19   3   1   2   3  26   1   1   2   7   6   0   1   5  0.44 0.32
  164 C    -8 -11 -10 -11  12 -10 -11 -10 -10  -8  -9 -10  -9 -10 -10  -5  -8 -10  -3  -8    0   0   0   0  98   0   0   0   0   0   0   0   0   0   0   1   0   0   1   0  4.86 1.58
  165 P    -2  -1   2   1  -4   1   1  -1   0  -3  -3   3  -4  -3   1   2   0  -4  -3  -3    3   3  11   6   0   6  11   4   2   1   3  17   0   1   8  15   7   0   1   1  0.33 0.27
  166 E    -3  -1  -3   0  -6   1   5  -6   2   1   0   0  -3  -1  -5  -2  -1  -6   0   0    2   3   1   4   0   6  38   0   5   7   9   6   0   2   0   2   4   0   3   7  0.59 0.39
  167 C    -7  -5  -9 -10  12  -9 -10  -9  -9  -8  -8  -9  -8  -9  -9  -8  -8  -9  -9  -8    0   1   0   0  98   0   0   0   0   0   0   0   0   0   0   0   0   0   0   0  4.83 1.55
  168 G    -3  -2   0   1  -4  -2  -2   6   0  -8  -6  -2  -6  -5  -2  -2  -3  -4  -6  -7    1   2   4   8   0   2   3  65   3   0   1   2   0   1   2   3   2   0   0   0  1.41 0.64
  169 K    -4   3  -5  -6  -8   0  -2  -4  -6  -7  -4   7  -3  -3  -6  -5  -3  -7   0  -6    1  12   0   0   0   4   3   2   0   0   2  69   1   1   0   0   1   0   3   0  1.83 0.82
  170 S     4   0  -2  -2   2  -2  -3   1  -2  -3  -4   0  -2  -3  -4   3   2  -2  -4  -2   30   6   2   2   4   1   1  10   1   1   1   6   1   1   0  19  10   1   0   3  0.48 0.35
  171 F    -6  -9  -9 -10   0  -9  -9  -8  -7  -7  -5  -9  -6   9 -10  -5  -4  -5   3  -6    1   0   0   0   2   0   0   0   0   0   1   0   0  86   0   1   2   0   7   0  3.16 1.15
  172 S     0   3   1  -3  -2  -2  -3  -1  -2  -1  -3   1  -3  -4  -3   3   2  -6   0  -2    8  14   6   1   1   2   0   6   1   4   2   8   1   1   1  26  14   0   4   3  0.40 0.32
  173 R    -4   4  -2   1   1   5  -1  -4   3  -3  -2  -1  -4  -3  -6  -1   0   2   0  -4    0  21   2   7   3  27   3   1   7   2   5   3   0   1   0   5   7   2   3   1  0.72 0.46
  174 R    -1   2   1  -3  -3   1  -1  -2   0  -3  -3   3  -1  -2   1   3  -2   0  -3  -3    4  10   7   0   1   6   3   2   2   2   2  20   2   2   6  25   2   1   1   2  0.43 0.33
  175 D     0  -1  -1   0   0  -2  -2  -1  -2  -4  -4  -2  -6  -3  -1   6   0  -7  -1  -3    7   3   2   6   2   1   2   5   1   1   2   2   0   1   3  52   6   0   3   1  0.84 0.53
  176 A    -1  -2   4   0   0   0  -1  -1   5  -4  -3  -1  -3  -3  -4   3   1  -6   1  -3    4   2  17   4   2   5   4   4  14   1   3   3   0   1   0  19   9   0   6   2  0.48 0.34
  177 L    -7  -4  -9  -9  -3  -8  -8  -9  -4  -3   7  -7   0   2  -9  -8  -7  -4  -3  -2    0   1   0   0   1   0   0   0   1   1  85   0   2   7   0   0   0   0   1   2  2.07 0.86
  178 N    -1   3   1  -2  -4   0  -2  -4   1   2  -1   2  -1  -3  -5  -1   3  -3  -2  -1    5  17   6   2   0   4   1   1   4  13   6  12   1   1   0   3  18   0   1   4  0.34 0.27
  179 V    -1   4  -1  -2  -2   2   0  -2  -1  -1  -2   4  -1  -4  -5  -1   0  -6  -1   0    5  23   2   1   1  10   4   3   1   4   4  22   2   1   0   5   5   0   2   6  0.45 0.31
  180 H    -9  -7  -4  -8  -1  -5  -7  -9  12 -11 -10  -8  -9  -8  -9  -8  -9 -10  -5 -10    0   0   1   0   1   0   0   0  97   0   0   0   0   0   0   0   0   0   0   0  4.56 1.55
  181 Q    -4   1  -3  -5  -3   6   0  -6   1  -2   1   2   4  -5  -6  -3  -2  -2  -1  -1    1   7   1   0   1  34   6   0   3   3  11  11  10   0   0   2   2   1   2   4  0.83 0.51
  182 R    -6   7  -3  -5  -8   1  -2  -5  -3  -1  -3   4  -3  -7  -6  -4  -4  -4  -5  -3    0  52   1   0   0   5   2   1   1   4   3  25   1   0   0   1   1   0   0   3  1.54 0.72
  183 T    -3  -3  -3  -6  -2  -5  -5  -5  -3   5   0  -1   2  -2  -6  -1   5  -7  -4   2    1   2   1   0   1   0   0   1   1  26   7   4   6   1   0   5  31   0   0  13  0.85 0.48
  184 H    -8  -7  -6  -7  -2  -5  -7  -9  12 -10 -10  -7  -9  -8  -9  -8  -6  -9  -3 -10    0   0   0   0   1   0   0   0  97   0   0   0   0   0   0   0   0   0   1   0  4.48 1.52
  185 T    -1  -3  -1  -6  -6  -3  -3  -6   1  -4  -4  -2  -2  -7  -4   3   7  -8  -6  -3    4   2   3   0   0   1   2   0   4   1   2   3   1   0   1  17  59   0   0   2  1.42 0.74
  186 G    -2   1  -2   0  -7  -2  -2   7  -6  -8  -8  -1  -4  -8  -3  -3  -5  -8  -8  -4    3   8   2   5   0   2   3  68   0   0   0   3   0   0   2   2   1   0   0   2  1.57 0.70
  187 K    -3  -2  -3  -1  -4  -1   7  -5  -4  -6  -7   1  -6  -5  -7  -5  -4  -8  -6  -2    3   2   1   4   1   2  73   1   0   0   1   7   0   1   0   0   1   0   0   3  1.83 0.86
  188 K    -7   4  -5  -7  -9  -5  -5  -8  -7  -9  -9   8  -8  -9  -7  -6  -6  -9  -8  -9    0  21   0   0   0   0   0   0   0   0   0  78   0   0   0   0   0   0   0   0  2.65 1.08
  189 T    -3  -5   1  -5  -5  -4  -5  -5  -4  -4   3  -5  -4  -5   0   4   4  -6  -5  -4    1   0   5   0   0   0   0   0   0   0  28   0   0   0   5  35  25   0   0   0  0.96 0.53
  190 S     1  -3   5  -2  -3  -2  -2  -2  -2  -4  -5  -2  -4  -5  -3   5   1  -5  -4  -4   11   0  29   0   0   0   0   0   0   0   0   0   0   0   0  54   5   0   0   0  0.97 0.33

                      K         Lambda
Standard Ungapped    0.1285     0.3143
Standard Gapped      0.0618     0.2670
PSI Ungapped         0.2018     0.3182
PSI Gapped           0.0618     0.2670
