
Last position-specific scoring matrix computed, weighted observed percentages rounded down, information per position, and relative weight of gapless real matches to pseudocounts
            A   R   N   D   C   Q   E   G   H   I   L   K   M   F   P   S   T   W   Y   V   A   R   N   D   C   Q   E   G   H   I   L   K   M   F   P   S   T   W   Y   V
    1 G     0  -2   0  -1  -2  -2  -2   5  -2  -4  -4  -1  -3  -3  -2   0  -2  -2  -3  -3    0   0   0   0   0   0   0   0   0   0   0   0   0   0   0   0   0   0   0   0  0.00     0.00
    2 S     1  -1   1   0  -1   0   0   0  -1  -2  -2   0  -1  -2  -1   4   1  -3  -2  -2    0   0   0   0   0   0   0   0   0   0   0   0   0   0   0   0   0   0   0   0  0.00     0.00
    3 E    -1   0   0   1  -4   2   5  -2   0  -3  -3   1  -2  -3  -1   0  -1  -3  -2  -2    0   0   0   0   0   0   0   0   0   0   0   0   0   0   0   0   0   0   0   0  0.00     0.00
    4 G     0  -2   0  -1  -3  -2  -2   6  -2  -4  -4  -2  -3  -3  -2   0  -2  -3  -3  -3    0   0   0   0   0   0   0 100   0   0   0   0   0   0   0   0   0   0   0   0  1.04 0.00
    5 H    -2   0   1  -1  -3   0   0  -2   8  -3  -3  -1  -2  -1  -2  -1  -2  -3   2  -3    0   0   0   0   0   0   0   0 100   0   0   0   0   0   0   0   0   0   0   0  0.89 0.01
    6 R    -2   6   0  -2  -4   1   0  -2   0  -3  -2   2  -1  -3  -2  -1  -1  -3  -2  -3    0 100   0   0   0   0   0   0   0   0   0   0   0   0   0   0   0   0   0   0  0.76 0.01
    7 T     0  -1   0  -1  -1  -1  -1  -2  -2  -1  -1  -1  -1  -2  -1   1   5  -3  -2   0    0   0   0   0   0   0   0   0   0   0   0   0   0   0   0   0 100   0   0   0  0.48 0.01
    8 L    -1  -1  -2  -2  -1  -1  -1  -2  -2   1   3  -1   1   0  -1  -1  -1  -1  -1   0    3   2   2   2   1   2   2   3   1   2  66   2   1   1   2   3   2   1   1   2  0.16 0.00
    9 A     3  -1   0  -1  -1   0   0   0  -1  -1  -1   0  -1  -1   0   2   0  -1  -1   0   43   2   2   2   1   2   2   3   1   2   3   2   1   1   2  25   2   1   1   2  0.17 0.00
   10 S     1  -1   0  -1  -1  -1  -1   4  -1  -3  -3  -1  -2  -3  -1   3   1  -3  -2  -2    0   0   0   0   0   0   0  38   0   0   0   0   0   0   0  62   0   0   0   0  0.46 0.00
   11 T     0  -1   0  -1  -1  -1  -1  -1  -2  -1  -2  -1  -1  -2  -1   2   4  -3  -2   0    0   0   0   0   0   0   0   0   0   0   0   0   0   0   0  22  78   0   0   0  0.42 0.00
   12 P    -1  -2  -2  -2  -3  -1  -1  -2  -2  -3  -3  -1  -3  -4   8  -1  -1  -4  -3  -3    0   0   0   0   0   0   0   0   0   0   0   0   0   0 100   0   0   0   0   0  2.05 0.01
   13 A     3   0  -1  -1  -1   0   0   0  -1  -2  -2   3  -1  -3  -1   1   0  -3  -2  -1   62   0   0   0   0   0   0   0   0   0   0  38   0   0   0   0   0   0   0   0  0.28 0.00
   14 L    -1  -1  -2  -2  -1  -1  -1  -2  -2   1   3  -1   1   0  -1  -1  -1  -1  -1   0    3   2   2   2   1   2   2   3   1   2  66   2   1   1   2   3   2   1   1   2  0.16 0.00
   15 W    -3  -3  -4  -4  -3  -2  -3  -3  -2  -2  -1  -3  -1   4  -4  -3  -3  10   2  -2    0   0   0   0   0   0   0   0   0   0   0   0   0  28   0   0   0  72   0   0  1.72 0.02
   16 A     2  -2  -1  -2  -2  -2  -2   4  -2  -2  -2  -2  -1   2  -2   0  -1  -2   0  -1   35   0   0   0   0   0   0  44   0   0   0   0   0  22   0   0   0   0   0   0  0.38 0.02
   17 S     0   0  -1  -1  -2   0  -1  -2  -2  -1  -2   2  -1  -2   4   2   0  -3  -2   1    0   0   0   0   0   0   0   0   0   0   0  21   0   0  22  35   0   0   0  22  0.31 0.02
   18 I    -2  -3  -3  -4  -2  -2  -3  -4  -3   3   3  -3   3   0  -3  -2  -1  -2  -1   2    0   0   0   0   0   0   0   0   0  45  34   0  21   0   0   0   0   0   0   0  0.38 0.03
   19 P     1   2  -1  -2  -3   0  -1   2  -1  -3  -3   2  -2  -3   4   0  -1  -3  -2  -2   17  21   0   0   0   0   0  18   0   0   0  17   0   0  27   0   0   0   0   0  0.49 0.02
   20 C    -1  -3  -3  -4   6  -3  -4  -4  -3   3   2  -3   1  -1  -3  -2  -1  -2  -2   1    0   0   0   0  27   0   0   0   0  38  35   0   0   0   0   0   0   0   0   0  0.43 0.03
   21 P    -1  -2   2  -1  -2  -1  -1  -2  -1  -3  -3  -1  -2  -3   6   1   2  -4  -3  -2    0   0  17   0   0   0   0   0   0   0   0   0   0   0  48  18  17   0   0   0  0.86 0.03
   22 R    -1   3  -1  -2  -2   0  -1  -3   3   0   1   2   0  -1  -2  -1  -1  -3  -1   1    0  27   0   0   0   0   0   0  17   0  18  17   0   0   0   0   0   0   0  21  0.18 0.02
   23 S     0  -1   0   0  -2   0   2   2  -1  -3  -3   0  -2  -3  -1   3   2  -3  -2  -2    0   0   0   0   0   0  18  21   0   0   0   0   0   0   0  44  17   0   0   0  0.34 0.03
   24 E    -1  -1   0   3  -4   1   5  -2  -1  -4  -3   0  -3  -4  -1   0  -1  -3  -3  -3    0   0   0  21   0   0  79   0   0   0   0   0   0   0   0   0   0   0   0   0  0.77 0.05
   25 L    -2  -3  -3  -4   4  -3  -3  -4  -3   1   3  -3   1   3  -3  -2  -2  -1   0   0    0   0   0   0  18   0   0   0   0   0  61   0   0  21   0   0   0   0   0   0  0.41 0.03
   26 R    -1   3   0   4   4   0   0  -2  -1  -2  -3   0  -2  -3  -2   0   1  -3  -3  -2    0  27   0  39  17   0   0   0   0   0   0   0   0   0   0   0  17   0   0   0  0.39 0.03
   27 L    -2  -2  -4  -4  -2  -2  -3  -4  -3   1   4  -3   2   0  -3  -3  -1  -2  -1   1    0   0   0   0   0   0   0   0   0   0 100   0   0   0   0   0   0   0   0   0  0.56 0.04
   28 D     1  -1   0   3  -3   0   3  -2  -1  -3  -3   0  -2  -3   3   0  -1  -4  -3  -2   17   0   0  27   0   0  39   0   0   0   0   0   0   0  17   0   0   0   0   0  0.53 0.03
   29 L    -2   2   2  -2  -2  -1  -2  -3  -1   0   3  -1   3  -1  -3  -1  -1  -2  -2   0    0  18  17   0   0   0   0   0   0   0  45   0  21   0   0   0   0   0   0   0  0.20 0.03
   30 V     0  -2  -1  -2  -1  -2  -2  -2  -3   1   0  -2   0  -2  -2   0   4  -3  -2   3    0   0   0   0   0   0   0   0   0   0   0   0   0   0   0   0  56   0   0  44  0.33 0.04
   31 L    -2  -1  -3  -3  -2   2  -1  -3  -2   1   3  -1   1   3  -3  -2  -1  -1   0   0    0   0   0   0   0  21   0   0   0   0  62   0   0  17   0   0   0   0   0   0  0.28 0.03
   32 P     0   2  -2  -2  -3   2   0  -2  -1  -2   0   0  -1  -2   5  -1  -1  -3  -2  -1   10  21   0   0   0  17   0   0   0   0  18   0   0   0  35   0   0   0   0   0  0.52 0.03
   33 S     2  -1   0  -1  -1  -1  -1   2  -2  -2  -2  -1  -2  -3  -1   3   2  -3  -2  -1   17   0   0   0   0   0   0  18   0   0   0   0   0   0   0  48  17   0   0   0  0.36 0.03
   34 G     0  -3  -1  -2  -3  -2  -2   6  -2  -4  -4  -2  -3  -4  -3  -1  -2  -3  -3  -4    0   0   0   0   0   0   0 100   0   0   0   0   0   0   0   0   0   0   0   0  1.17 0.05
   35 Q    -1   1   0  -1  -3   6   2  -2   0  -3  -3   1  -1  -4  -2   0  -1  -2  -2  -3    0   0   0   0   0 100   0   0   0   0   0   0   0   0   0   0   0   0   0   0  0.86 0.07
   36 S     1  -1   0  -1  -1  -1  -1  -1  -1  -2  -2  -1  -1  -3  -1   4   3  -3  -2  -1    0   0   0   0   0   0   0   0   0   0   0   0   0   0   0  62  38   0   0   0  0.46 0.04
   37 F    -1  -3  -2  -3  -2  -3  -3  -3  -1  -1   0  -3   0   6  -3   1  -1   0   2  -1    0   0   0   0   0   0   0   0   0   0   0   0   0  79   0  21   0   0   0   0  0.60 0.05
   38 R    -2   6  -1  -2  -4   3   0  -3   0  -3  -3   2  -1  -3  -2  -1  -1  -3  -2  -3    0  79   0   0   0  21   0   0   0   0   0   0   0   0   0   0   0   0   0   0  0.75 0.05
   39 W    -3  -3  -4  -5  -3  -2  -3  -3  -2  -3  -2  -3  -2   1  -4  -3  -3  11   4  -3    0   0   0   0   0   0   0   0   0   0   0   0   0   0   0   0   0  81  19   0  2.26 0.12
   40 R    -2   5  -1  -2  -3   1   0  -3  -1   0  -2   3  -1  -3  -2  -1  -1  -3  -2  -1    0  64   0   0   0   0   0   0   0  14   0  22   0   0   0   0   0   0   0   0  0.55 0.06
   41 E    -1   2   0   2  -3   1   3  -2  -1  -3  -2   2  -2  -3  -1   0  -1  -3  -2  -2    1  20   1  16   0   1  39   1   0   1   1  14   0   1   1   1   1   0   0   1  0.40 0.03
   42 Q     0  -1  -1  -1  -2   2   0   1  -1   0  -1   0  -1  -2  -1   0   3  -2  -2   1    1   1   1   1   0  23   1  16   0   1   1   1   0   1   1   1  34   0   0  17  0.18 0.03
   43 S     0  -1   2   0  -2   0   1   1  -1  -1   0  -1  -1  -2  -1   1   0  -2  -2  -1    1   1  15   1   0   1  17  15   0   1  21   1   0   1   1  23   1   0   0   1  0.13 0.02
   44 P     1   3  -1  -1  -2   0  -1   2  -1  -2  -2   0  -2  -3   4   0  -1  -2  -2  -2   15  35   1   1   0   1   1  17   0   1   1   1   0   1  23   1   1   0   0   1  0.41 0.03
   45 A     2  -2  -2  -2  -1  -1  -1  -1  -2   1   1  -1   0  -1  -1   0   1  -2  -1   0   39   1   1   1   0   1   1   1   0  14  21   1   0   1   1   1  16   0   0   1  0.13 0.02
   46 H    -1   0  -1  -1  -3   2   0  -2   4  -2  -2   1  -1   2   3  -1  -1  -2   0  -2    1   1   1   1   0  14   1   1  22   1   1  16   0  17  20   1   1   0   0   1  0.34 0.03
   47 W    -3   2  -3  -4  -3  -2  -3  -3  -1  -3  -2  -2  -2   1  -4  -3  -2  10   5  -3    0  16   0   0   0   0   0   0   0   0   0   0   0   0   0   0   0  55  28   0  1.47 0.09
   48 S     0  -1   0   2  -2   0   2   3  -1  -3  -3  -1  -2  -3  -2   2   0  -3  -3  -3    0   0   0  14   0   0  16  34   0   0   0   0   0   0   0  36   0   0   0   0  0.43 0.04
   49 G     0  -1  -1  -1  -2  -1   1   4  -2  -1   0  -1  -1  -2  -2  -1  -1  -2  -2  -2    2   1   1   1   0   1  15  52   0   1  18   1   0   1   1   1   1   0   1   1  0.35 0.03
   50 V     0  -1  -1  -2  -1  -1  -1  -2  -2   1   1   1   0  -1  -1  -1   1  -2  -1   2    2   1   1   1   0   1   1   1   0   1  18  15   0   1   1   1  15   0   1  38  0.10 0.02
   51 L    -1  -2  -2  -2  -1  -2  -2  -3  -2   3   3  -2   1   0  -2  -2  -1  -2  -1   2    2   1   1   1   0   1   1   1   0  31  38   1   0   1   1   1   1   0   1  16  0.23 0.02
   52 A     1  -1   1  -1  -1  -1  -1   1  -1   1  -1  -1  -1   2  -1   0  -1  -1   0   0   24   1  15   1   0   1   1  15   0  17   2   1   0  15   1   1   1   0   1   1  0.07 0.02
   53 D    -2  -1   4   3  -3   2   2  -1   0  -3  -3   0  -2  -4   3   0  -1  -4  -3  -3    0   0  34  22   0  14  16   0   0   0   0   0   0   0  14   0   0   0   0   0  0.53 0.04
   54 Q    -1  -1   0  -1  -3   2  -1   3   3  -3  -3  -1  -2  -1  -2   0   1  -1   2  -2    0   0   0   0   0  22   0  35  14   0   0   0   0   0   0   0  15   0  14   0  0.34 0.04
   55 V    -1  -2  -2  -3  -1  -2  -2  -3  -2   2   1  -2   0   0  -3   0   0  -1   2   3    0   0   0   0   0   0   0   0   0  19  14   0   0   0   0  14   0   0  15  38  0.21 0.03
   56 W    -1  -3  -3  -3  -2  -2  -2  -3  -3   0  -1  -2  -1  -1   3  -1   1   8   0   2    0   0   0   0   0   0   0   0   0   0   0   0   0   0  16   0  14  37   0  33  0.80 0.06
   57 T     0  -2  -1  -2   4  -1  -1  -2  -2  -1  -1  -1  -1  -2  -2   2   3  -3  -2   1    0   0   0   0  16   0   0   0   0   0   0   0   0   0   0  33  36   0   0  15  0.33 0.05
   58 L    -2  -2  -3  -3  -2  -2  -3  -4  -3   1   4  -2   3   0   3  -2  -1  -2  -2   0    0   0   0   0   0   0   0   0   0   0  70   0  14   0  16   0   0   0   0   0  0.46 0.05
   59 T    -1   1  -1  -2  -2   2  -1  -2  -2   1  -1   0   0  -2  -2   0   3  -3  -2   1    0  14   0   0   0  15   0   0   0  14   0   0   0   0   0   0  41   0   0  16  0.21 0.04
   60 Q    -1   0  -1   0  -3   4   2   1  -1  -3  -3   0  -2  -4   3  -1  -1  -3  -2  -3    0   0   0   0   0  51  16  14   0   0   0   0   0   0  19   0   0   0   0   0  0.58 0.06
   61 T     1   1  -1  -1  -2   2   1  -2  -1  -1  -1   0  -1  -2  -2   0   2  -3  -2   1   19  14   0   0   0  14  15   0   0   0   0   0   0   0   0   0  22   0   0  16  0.18 0.03
   62 E    -1   2  -1   0  -4   2   3  -2  -1  -3  -3   1  -2  -4   5  -1  -1  -3  -2  -3    0  16   0   0   0  14  37   0   0   0   0   0   0   0  33   0   0   0   0   0  0.73 0.05
   63 E    -1  -1   2   3  -3   0   3   1  -1  -3  -4   0  -3  -3  -2   1  -1  -4  -3  -3    0   0  16  27   0   0  28  14   0   0   0   0   0   0   0  15   0   0   0   0  0.44 0.03
   64 Q    -1   0   0   2  -3   3   2  -2   4  -3  -2   1  -1   2  -2  -1  -1  -2   0  -3    0   0   0  14   0  22  16   0  19   0   0  14   0  15   0   0   0   0   0   0  0.32 0.04
   65 L     1  -2  -3  -3  -1  -2  -2  -3  -2   2   2  -2   1   0  -3  -1  -1  -1   2   2   16   0   0   0   0   0   0   0   0  15  22   0   0   0   0   0   0   0  14  33  0.21 0.03
   66 H    -1   2   0  -1  -2   0  -1   2   5  -3  -2   0  -2  -1  -2   1  -1  -1   2  -2    1  20   1   1   0   1   1  17  28   1   1   1   0   1   1  15   1   0   8   1  0.27 0.03
   67 C    -1  -3  -2  -3   8  -2  -3  -2  -3   0  -1  -2  -1  -2  -2  -1  -1  -2  -2   2    1   1   1   1  55   1   1   1   0   1   1   1   0   1   1   1   1   0   0  31  0.67 0.06
   68 T     0  -1  -1  -2  -1  -1  -1  -2  -2   1   2  -1   1  -1  -2   1   2  -2  -1   1    1   1   1   1   0   1   1   1   0   1  37   1   0   1   1  15  23   0   0  15  0.14 0.02
   69 V    -1   1  -2  -2  -1  -1  -2  -2  -2   2   1  -1   1  -1  -2  -1   1  -2  -1   2    1  17   1   1   0   1   1   1   0  15  21   1   0   1   1   1  16   0   0  23  0.12 0.02
   70 Y    -1  -2  -2  -3  -2  -2  -2  -3   0   1   1  -2   0   1  -2  -2  -1   0   5   2    1   1   1   1   0   1   1   1   0   1  15   1   0   1   1   1   1   0  37  36  0.29 0.04
   71 R    -1   4  -1  -1  -3   1   1  -2  -1  -1   1   1   0  -2  -2  -1  -1  -2  -2  -1    1  53   1   1   0   1  16   1   0   1  21   1   0   1   1   1   1   0   0   1  0.33 0.04
   72 G     1  -1   0   2  -2   1   0   2  -1  -2  -2  -1  -2  -3   3   0  -1  -3  -2  -2   16   1   1  20   0  15   1  23   0   1   1   1   0   1  17   1   1   0   0   1  0.34 0.02
   73 D    -2  -2   0   5  -3  -1   0  -2   0  -2  -2  -1  -2   0  -2  -1  -1   0   4  -2    1   1   1  56   0   1   1   1   0   1   1   1   0   1   1   1   1   0  31   1  0.53 0.05
   74 K    -1   0   0   1  -2   0   1   1  -1  -1  -1   1  -1   2  -1   0  -1  -1   0  -1    2   2   1  10   1   1  16  17   1   2   3  16   1  20   2   2   2   0   1   2  0.11 0.01
   75 S     0   2   0   0  -1   0   1  -1  -1  -2  -2   1  -1  -2  -1   2   2  -2  -1  -1    2  21   1   2   1   1  16   2   1   2   3   2   1   1   2  24  16   0   1   2  0.19 0.02
   76 Q     0   0   2   3  -2   3   1  -1   0  -2  -2   0  -1  -2  -1   1   0  -2  -1  -2    2   2  15  21   1  23   2   2   1   2   3   2   1   1   2  17   2   0   1   2  0.25 0.02
   77 A     1  -2  -1  -2  -1  -1  -1   1  -2   1   1  -1   0  -1  -2   1   0  -2  -1   1   15   1   1   1   0   1   1  15   0   1  21   1   0   1   1  16   1   0   0  25  0.09 0.01
   78 S    -1  -2   0   3  -2  -1   0  -2  -2  -2  -1  -1   2  -2   3   2   1  -3  -2  -1    0   0   0  30   0   0   0   0   0   0   0   0  19   0  15  22  14   0   0   0  0.33 0.04
   79 R     0   2  -1  -2   4  -1  -1  -2  -2   0   0   0   0  -2  -2   1   2  -3  -2   1    0  22   0   0  14   0   0   0   0   0  15   0   0   0   0  14  19   0   0  16  0.16 0.03
   80 P     2  -2  -2  -2  -2  -1  -1   1  -2  -3  -3  -1  -2  -3   6   0  -1  -3  -3  -2   34   0   0   0   0   0   0  14   0   0   0   0   0   0  52   0   0   0   0   0  0.97 0.06
   81 T    -1   0   2  -1  -2   2   0  -2  -1  -2  -2   1  -1  -3  -2   1   4  -3  -2  -1    0   0  14   0   0  16   0   0   0   0   0  14   0   0   0   0  56   0   0   0  0.37 0.05
   82 P     1   0  -1  -1  -2   2   0  -1  -1  -2  -1   2  -1  -3   3   1   0  -3  -2  -2   19   0   0   0   0  14   0   0   0   0   8  31   0   0  14  14   0   0   0   0  0.28 0.03
   83 D     0  -1   0   4  -2   0   3  -1  -1  -2  -2   0  -2  -3  -1   0   1  -3  -2  -2   12   1   1  36   0   1  25   1   0   1   1   1   0   1   1   1  15   0   1   1  0.35 0.03
   84 E     0  -1  -1  -1  -2   0   2  -2  -1  -1   1  -1   2   0  -1  -1  -1  -1   2  -1   12   1   1   1   0   1  31   1   0   1  15   1  17   1   1   1   1   0  13   1  0.14 0.03
   85 L    -1   1  -2  -2  -1  -1  -2  -2  -2   1   2  -1   3  -1  -2   0  -1  -2  -1   1    1  12   1   1   0   1   1   1   0   1  38   1  14   1   1  12   1   0   0  14  0.14 0.03
   86 E    -1   1   0   0  -2   1   3  -1  -1  -2  -2   3  -2  -3  -1   1  -1  -2  -2  -2    2   1   1   1   0   1  39   2   0   1   2  33   0   1   1  11   1   0   1   1  0.36 0.05
   87 A     1   1  -1  -1  -2   0   1  -2  -1   0   0   1   0  -1  -2   0   1  -2   2   0   19  12   0   0   0   0  12   0   0  12  10  10   0   0   0   0  14   0  11   0  0.09 0.03
   88 V    -1  -3  -4  -4   4  -3  -3  -4  -4   4   2  -3   1  -1  -3  -2  -1  -3  -2   3    0   0   0   0  12   0   0   0   0  43  23   0   0   0   0   0   0   0   0  22  0.41 0.07
   89 R    -1   3  -1  -1  -3   0   1  -2   4  -2   0   1   1  -2  -2   0   1  -3  -1  -2    0  22   0   0   0   0  10   0  17   0   9  12   9   0   0  10  12   0   0   0  0.21 0.05
   90 K    -1   3   0   2  -3   0   2  -2  -1  -3  -3   3  -2  -2  -2   1  -1  -2   1  -3    0  24   0  18   0   0  11   0   0   0   0  24   0   0   0  12   0   0  10   0  0.35 0.06
   91 Y    -2  -3  -3  -4  -2  -3  -3  -4  -1   2   2  -3   0   3  -4  -3  -2   5   5   0    0   0   0   0   0   0   0   0   0  22  24   0   0   9   0   0   0  11  33   0  0.53 0.08
   92 F    -2  -3  -3  -4  -2  -3  -3  -4  -2   0   2  -3   0   6  -4  -2   1   0   2  -1    0   0   0   0   0   0   0   0   0   0  30   0   0  57   0   0  12   0   0   0  0.57 0.09
   93 Q    -2   2   2   4  -4   3   1  -2  -1  -3  -3   2  -2  -4  -2  -1  -1  -3  -3  -3    0  18   9  34   0  27   0   0   0   0   0  12   0   0   0   0   0   0   0   0  0.52 0.08
   94 L     1  -3  -3  -4  -2  -2  -3  -3  -3   1   3  -2   1   0  -3  -2  -1   5  -1   1   21   0   0   0   0   0   0   0   0   0  58   0   0   0   0   0   0  12   0  10  0.39 0.07
   95 D    -2  -1   0   6  -4   0   3  -2  -1  -4  -4   1  -3  -4  -2  -1  -2  -4  -3  -4    0   0   0  62   0   0  28   0   0   0   0   9   0   0   0   0   0   0   0   0  0.86 0.11
   96 V     0  -2   2  -1  -2  -2  -2  -2  -2   2   0  -2   0   2  -2   0   0  -2   0   2   11   0  21   0   0   0   0   0   0  18   0   0   0  18   0  11   0   0   0  22  0.14 0.05
   97 T    -1  -2   1   5  -3  -1   0  -2   4  -3  -4  -1  -3  -3  -2   2   1  -4  -2  -3    0   0   0  50   0   0   0   0  20   0   0   0   0   0   0  21   9   0   0   0  0.60 0.10
   98 L    -2  -3  -4  -4  -2  -3  -3  -4  -2   2   4  -3   1   0   1  -3  -2  -2   2   0    0   0   0   0   0   0   0   0   0   8  72   0   0   0  10   0   0   0  10   0  0.49 0.10
   99 A     1   0  -1  -1  -2   2   2  -2  -1  -2  -2   2  -1   1  -2   1   1  -2  -1  -2   20   0   0   0   0  10  18   0   0   0   0  25   0  10   0   9   9   0   0   0  0.23 0.06
  100 Q     0   1   0   2  -3   2   1   0   4  -2  -3   0  -2  -3   2  -1  -1  -3  -1  -1   10  10   0  18   0  12   7   9  17   0   0   0   0   0   9   0   0   0   0   8  0.25 0.06
  101 L     0  -3   0  -3  -2  -2  -3  -3  -2   2   3  -3   1   3  -3  -2  -1  -2   0   1   10   0   8   0   0   0   0   0   0  10  45   0   0  18   0   0   0   0   0  10  0.26 0.06
  102 Y    -2  -1  -2   1  -3   2   1  -3   0  -1   0  -1  -1   2  -3  -2  -2   4   4   0    0   0   0   9   0  18  10   0   0   0  10   0   0   7   0   0   0   7  30  10  0.32 0.08
  103 H    -1   0   0   2   3   0   3  -2   2  -3  -3   2  -2  -3  -2   1   1  -3  -2  -2    0   0   0  17  10   0  28   0   8   0   0  18   0   0   0  12   8   0   0   0  0.34 0.07
  104 H     0  -1   3   2  -3  -1  -1  -2   6  -2  -2  -1   1   1  -3  -1  -1  -3   0  -2   10   0  26  15   0   0   0   0  32   0   0   0   9   8   0   0   0   0   0   0  0.42 0.10
  105 W    -2  -3  -3  -3  -2  -2  -3  -3  -2  -1   2  -3   0   3   2  -3  -2   9   1  -1    1   0   0   1   0   0   1   1   0   0  29   1   0  17  10   1   1  37   0   1  0.88 0.11
  106 G     1  -1  -1  -1  -2   1   1   2  -1   0  -1  -1  -1  -2  -1   2   0  -2  -2  -1   14   0   0   0   0  10   9  18   0   8   9   1   0   0   0  27   1   0   0   1  0.16 0.04
  107 S     0   0   0  -1  -2   0   0  -1  -1   0  -1   2  -1  -2   2   2   0  -2  -1  -1    2   1   1   1   1   1   2   2   1  11   2  28   1   1   9  32   2   0   1   2  0.18 0.05
  108 V     1  -1  -1  -2  -1  -1  -1  -1  -2   1  -1   1   0  -2  -1   1   1  -2  -1   2   20   1   1   1   0   1   1   1   0  11   2  16   0   1   1   8  11   0   1  23  0.10 0.03
  109 D    -2  -2   2   6  -3  -1   1  -1  -1  -3  -3  -1  -3  -3  -2  -1  -1  -3  -3  -3    1   1  11  73   0   1   1   1   0   1   2   1   0   1   1   1   1   0   1   1  0.81 0.10
  110 S    -1   0   1   1  -3   0   0   1  -1  -3  -3   2  -2  -4   4   2  -1  -4  -3  -3    0   0  10   8   0   0   0  10   0   0   0  24   0   0  26  22   0   0   0   0  0.50 0.08
  111 H     1   2   2   1  -2   0  -1  -2   3  -2   0   1  -1  -2  -2  -1  -1  -3  -1  -2   17  16  16  10   0   0   0   0  12   0  19  10   0   0   0   0   0   0   0   0  0.16 0.06
  112 F    -2  -3  -3  -4  -2  -3  -3  -3  -2   0   3  -3   1   4  -4  -1  -2   5   1  -1    0   0   0   0   0   0   0   0   0   0  46   0   0  35   0  10   0  10   0   0  0.51 0.10
  113 Q     1   1  -1  -2  -2   1  -1   2  -1  -1  -2   1  -1  -3  -2   1   0  -3  -2   1   17  10   0   0   0  12   0  17   0   0   0   9   0   0   0  18   0   0   0  17  0.17 0.05
  114 E     0   2  -1  -1  -2   0   1  -2  -1   0  -1   2   1  -1  -2   0  -1  -2   1  -1   10  14   0   0   0   0  15   0   0  10   0  24   9   0   0  10   0   0   8   0  0.17 0.06
  115 V    -1  -3  -3  -3  -2  -3  -3  -4  -3   1   3  -3   1   3   1  -2   0  -2   0   2    0   0   0   0   0   0   0   0   0   0  43   0   0  17   9   0   8   0   0  22  0.31 0.07
  116 A     2  -2  -2  -2  -1  -1   0   1  -2   0   1  -1   0  -2  -2   0  -1  -3  -2   2   29   0   0   0   0   0  10  10   0   0  16   0   0   0   0   7   0   0   0  28  0.14 0.06
  117 Q     0   2   0   1  -3   2   1   2  -1  -3  -3   1  -2  -3   1   0  -1  -3  -2  -3   10  17   0   8   0  12  10  19   0   0   0  10   0   0   7   8   0   0   0   0  0.29 0.04
  118 K     0   1   1  -1  -3   0   0  -1   4  -3  -3   4  -2  -3  -2   1  -1  -3  -1  -2   10   0   9   0   0   0   0   1  17   0   1  49   0   0   0   9   0   0   0   0  0.38 0.09
  119 F     1   1  -2  -2  -1  -1  -1  -2  -1   0   0  -1   0   3  -2   0  -1  -1   2   0   20  11   1   1   0   1   1   1   0   1   8   1   0  22   1   9   1   0   9  11  0.11 0.04
  120 Q    -1   3  -1  -2  -3   2   0   2  -1  -3  -3   0  -2  -2   3  -1  -1  -2   1  -3    1  25   0   0   0  20   0  20   0   0   1   0   0   0  20   1   0   0  10   1  0.42 0.07
  121 G    -1  -3  -1  -2  -3  -2  -2   5  -3  -4  -4  -2  -3  -4   4  -1   0  -3  -4  -3    0   0   0   0   0   0   0  64   0   0   0   0   0   0  27   0  10   0   0   0  0.97 0.12
  122 V     0  -2   0  -2   3   1  -2  -3  -2   1   2  -2   0  -1   2  -1  -1  -3  -2   2    7   0   9   0  10  10   0   0   0   7  28   0   0   0  10   0   0   0   0  20  0.16 0.05
  123 R    -2   6  -1  -2  -4   0  -1  -3  -1  -3   0   1  -1  -3  -3  -1   1  -3  -2  -2    0  81   0   0   0   0   0   0   0   0  10   0   0   0   0   0  10   0   0   0  0.83 0.15
  124 L    -1  -3  -3  -4  -2  -2  -3  -4  -3   2   3  -3   1   0  -3  -1  -1  -3  -2   2    0   0   0   0   0   0   0   0   0  15  53   0   0   0   0   8   0   0   0  23  0.38 0.09
  125 L    -1  -3  -3  -3  -2  -2  -3  -4  -3   2   3  -2   2  -1   3  -2   0  -3  -2   1    0   0   0   0   0   0   0   0   0   9  47   0   8   0  17   0   9   0   0  10  0.39 0.08
  126 R     1   3  -1   1  -3   0   1   0   2  -1  -2   1  -2  -3  -2   0  -1  -3  -2  -2   14  27   0   8   0   0   9   9  10   9   0   8   0   0   0   7   0   0   0   0  0.20 0.05
  127 Q    -1   0  -1  -1  -3   4   0  -2   2  -2  -2   2  -1  -2   1   0   1  -2   1  -1    0   0   0   0   0  38   0   0   8   0   0  14   0   0   8   8   8   0   8   8  0.33 0.10
  128 D     0  -2   2   5  -3   0   3  -2  -1  -3  -4  -1  -3  -4  -2   1   0  -4  -3  -3    7   0   8  52   0   0  19   0   0   0   0   0   0   0   0   7   7   0   0   0  0.65 0.12
  129 P     0  -3  -3  -2  -3  -2   0  -3  -3  -2  -1  -2  -2  -4   7  -2  -2  -4  -3  -1    7   0   0   0   0   0   8   0   0   0   7   0   0   0  72   0   0   0   0   6  1.48 0.20
  130 I    -1  -3  -3  -4  -3  -3  -3  -3  -1   0   0  -3  -1   6  -4  -2  -1   4   4   0    8   0   0   0   0   0   0   0   0   6   5   0   0  47   0   0   3   5  19   5  0.62 0.14
  131 E    -2   1   1   1  -5   2   6  -3  -1  -4  -4   0  -3  -4  -2  -1  -2  -4  -3  -3    0   6   6   0   0   5  82   0   0   0   0   0   0   0   0   0   0   0   0   0  0.99 0.21
  132 C     0  -2   0  -2   6   0   0   0  -2  -1   1  -2   0   1  -3  -1   0  -2  -1   0    7   0   6   0  27   7   6   7   0   0  22   0   0   8   0   0   5   0   0   6  0.23 0.09
  133 L     0  -3  -3  -4  -2  -2  -3  -1  -3   2   3  -3   2  -1  -3  -2  -1  -3  -2   2    8   0   0   0   0   0   0   7   0  12  55   0   6   0   0   0   0   0   0  12  0.35 0.10
  134 F    -2  -3  -4  -4   2  -3  -4  -4  -3   4   1  -3   2   3  -3  -3  -1  -2  -1   3    0   0   0   0   7   0   0   0   0  45   0   0   6  15   0   0   0   0   0  26  0.47 0.13
  135 S     2   3  -1  -2  -2   1  -1  -1  -1  -3  -3   1  -2  -3  -2   3   0   4  -2  -2   22  28   0   0   0   5   0   0   0   0   0   6   0   0   0  32   0   7   0   0  0.39 0.12
  136 F     2  -3  -2  -3   2  -2  -2   0  -2   0  -1  -2  -1   3  -2   0   1  -2   0   1   28   0   0   0   6   0   0   7   0   0   0   0   0  26   0   6  11   0   0  16  0.21 0.09
  137 I     0  -3  -4  -4  -2  -3  -3  -4  -4   4   2  -3   1  -1  -3  -2  -1  -3  -2   3    6   0   0   0   0   0   0   0   0  50  17   0   0   0   0   0   0   0   0  27  0.50 0.13
  138 C     0  -3  -3  -4   6  -3  -3  -3  -3   1   3  -3   0  -1  -3  -2   0  -3  -2   0   12   0   0   0  26   0   0   0   0   6  49   0   0   0   0   0   7   0   0   0  0.50 0.13
  139 S     1  -2   0  -1  -2  -1  -1   2   2  -3  -3  -1  -2  -3  -2   5   0  -4  -2  -3    8   0   0   0   0   0   0  14   6   0   0   0   0   0   0  72   0   0   0   0  0.62 0.18
  140 S     2  -1  -1  -1  -2   5   0  -2  -1  -3  -3   0  -2  -4  -2   2  -1  -3  -2  -2   27   0   0   0   0  53   0   0   0   0   0   0   0   0   0  20   0   0   0   0  0.62 0.18
  141 N    -2   1   4  -1  -4   5   0  -2   0  -3  -1   1  -1  -4  -2  -1  -1  -3  -2  -3    0   6  32   0   0  49   0   0   0   0   7   7   0   0   0   0   0   0   0   0  0.64 0.18
  142 N    -1  -2   3  -1   5  -2  -2  -2  -2   1   1  -2   0  -2  -3  -1   0  -3  -2   1    5   0  26   0  17   0   0   0   0   7  20   0   0   0   0   0   6   0   0  15  0.24 0.09
  143 N    -1   0   5   0  -2  -1  -1  -1   2  -3  -3  -1  -2  -3  -2   2   2  -3  -2  -2    0   6  40   0   0   0   0   0   6   0   1   0   0   0   0  27  16   0   0   0  0.47 0.13
  144 I    -1  -2  -1   3  -2  -2  -1  -3  -2   2   1  -2   0  -1  -2   0   0  -3  -2   1    0   0   0  29   0   0   0   0   0  27  14   0   0   0   0   7   8   0   0  13  0.21 0.08
  145 A     3   0  -1  -1  -2   0   1  -1  -2  -2  -2   2  -2  -3  -1   2   0  -3  -2   0   39   0   0   0   0   0  10   0   0   0   0  23   0   0   0  19   0   0   0   5  0.30 0.11
  146 R     1   4   0  -2  -2   1  -1  -1  -1  -2   0   0   1   2  -2  -1  -1  -2  -1  -2   20  35   5   0   0   8   0   4   0   0   7   0   6  12   0   0   0   0   0   0  0.23 0.10
  147 I     2  -2  -3  -3  -1  -2  -2  -2  -3   2  -1  -2  -1  -1  -2  -1   1   6  -1   2   31   0   0   0   0   0   0   0   0  25   0   0   0   0   0   0  11  13   0  15  0.34 0.12
  148 T     0  -1   4   1  -2  -1   0  -1  -1  -2  -3  -1  -2  -2  -2   1   3  -2   2  -2    7   0  27   8   0   0   5   0   0   0   0   0   0   0   0  13  25   0  12   0  0.32 0.11
  149 G     0   2  -1  -1  -2   0  -1   1  -1  -3  -3   3  -2  -3  -2   2   1  -3  -2  -2    6  17   0   0   0   0   0   9   0   0   0  26   0   0   0  26  13   0   0   0  0.31 0.10
  150 M     0  -2  -2  -3  -2  -2  -2  -3   2   2   2  -2   4  -1  -3  -1  -1  -2  -1   1    9   0   0   0   0   0   0   0   7  12  26   0  25   0   0   6   0   0   0  11  0.25 0.10
  151 V     0   0  -1  -2   2  -1  -2  -2  -2   2  -1   0  -1   0  -2   0   2  -2  -1   1    7   8   0   0   5   0   0   0   0  17   0   7   0   6   0   5  27   0   0  14  0.14 0.07
  152 E     0   0   3   1  -3   0   3   0  -1  -3  -3   3  -2  -3   1   0  -1  -3  -3  -3    7   0  18   5   0   0  29   7   0   0   0  25   0   0   5   0   0   0   0   0  0.37 0.11
  153 R     0   4  -1   2  -3   1   0  -2  -1  -3  -2   2  -2  -3  -2   0   0   3  -2  -2    6  34   0  13   0   7   1   1   0   1   1  16   0   0   1   6   7   6   0   1  0.35 0.09
  154 L    -2  -3  -4  -4  -2  -3  -3  -4  -3   1   3  -3   1   5  -3  -3  -2  -1   0   1    0   0   0   0   0   0   0   0   0   5  41   0   0  35   0   0   0   0   0  14  0.50 0.13
  155 C     0   0  -2  -2   6  -1   0  -2  -2   0  -1  -1  -1   1  -2  -1  -1  -2  -1   2    8   6   1   1  26   1   9   2   1   1   2   1   1   7   1   2   1   0   1  25  0.24 0.08
  156 Q     1   1   0  -1  -2   3   1   1   2  -2  -2   0  -1  -2  -1   1   1  -2  -1  -1   15   6   1   1   0  22   8  10   6   1   2   1   1   1   1  12   8   0   1   2  0.18 0.05
  157 A     2  -1   2  -1  -1   1   0  -1  -1  -1   0   0  -1  -2  -1   1   1  -2  -1  -1   29   1  14   1   0   7   2   2   1   1  14   7   1   1   1   7   7   0   1   2  0.11 0.05
  158 F    -2  -2  -2  -2   2  -1   0  -2  -1  -1   0  -2  -1   4  -2  -2  -1   4   4  -1    2   1   1   1   7   1   9   2   1   1   7   1   1  32   1   2   1   5  20   2  0.36 0.08
  159 G     0  -1  -1  -1  -2  -1  -1   5  -2  -3  -3   0  -2  -2  -2   0  -1  -2  -2  -2    2   1   1   1   0   1   2  64   1   1   2   7   1   1   1   8   1   0   1   2  0.66 0.11
  160 P     0   2   1   2  -2   0   1  -1  -1  -2  -1   0  -1  -2   2   0   0  -2  -2  -2    7  22   6  14   0   1  13   2   1   1   7   1   1   1  10   2   7   0   1   2  0.20 0.05
  161 R    -1   2  -1  -1  -2   3   0  -2   1  -2  -1   2  -1  -2   3   0   0  -2  -1  -2    2  16   1   1   0  19   1   1   6   1   7  13   0   1  14   8   7   0   1   1  0.27 0.06
  162 L     0  -1  -1   0  -1   0   1  -1  -1   1   1   0   0  -1  -1   0   0  -2  -1   1    8   2   1   7   1   1  10   2   1  12  23   7   1   1   2   8   2   0   1   9  0.04 0.02
  163 I    -1   1   1   1  -2  -1  -1   1   2   1  -1  -1   0  -1  -1  -1   0  -2  -1   1    2   9   7   8   1   1   2  13   8  23   3   2   1   1   2   2   7   0   1   7  0.04 0.03
  164 Q    -1  -1   2   3  -2   1   1  -1   2  -2  -2   0  -1  -2  -1   1   1  -2  -1  -2    2   2   9  20   1  10   8   2   6   2   3   2   1   1   2  14  12   0   1   2  0.20 0.04
  165 L    -1   1   0  -1  -2  -1  -1  -2  -1   1   1   0   0   2  -1  -1  -1   4   0   0    2   9   7   2   1   1   2   2   1  12  12  10   1  18   2   2   2   7   1   7  0.08 0.03
  166 D    -2  -1   5   4  -2   0   0  -1   2  -3  -3  -1  -2  -2  -1   0  -1  -3  -2  -2    2   1  44  26   1   1   2   2   8   1   2   2   1   1   1   2   2   0   1   2  0.52 0.11
  167 D    -1  -1   1   2  -2  -1  -1   4  -1  -3  -3   0  -2  -2  -1   0  -1  -2  -2  -2    2   1   9  16   1   1   2  48   1   1   2   7   1   1   1   2   2   0   1   2  0.45 0.08
  168 V     1  -1  -1  -1  -2   0   2  -2  -1   0  -1   0   1   0   1   0  -1  -2  -1   1   20   1   1   1   0   1  19   1   0   1   2   7   8   6   7   1   1   0   1  21  0.10 0.06
  169 T     0  -1   0   3  -2   0   2  -1  -1  -1   0   0  -1  -2  -1   0   2  -2  -1  -1    8   2   1  21   1   1  14   2   1   2  10   8   1   1   2   2  21   0   1   2  0.16 0.04
  170 Y     1  -2  -2  -2  -2  -1  -2  -2   0  -1  -1  -2  -1   4  -2   0   0   0   5  -1   13   1   1   1   0   1   1   2   0   1   2   1   0  21   1   9   8   0  33   1  0.36 0.10
  171 H    -2  -1  -1  -2  -2   1   0  -2   6   1   0   0  -1  -1  -2  -1  -2   5   2  -1    1   1   1   1   0   6   6   1  32  15   7   6   0   1   1   1   1  12   6   1  0.38 0.11
  172 G     0   0  -1   0   4   1  -1   0  -2  -1  -1  -1  -1  -2  -2   0   2  -3  -2   0    7   5   0   7  12  11   1   9   0   1   5   1   0   0   1   5  23   0   0  12  0.14 0.07
  173 F    -3  -4  -4  -5  -4  -4  -4  -4  -1  -1  -1  -4  -1   7  -5  -3  -3   0   5   0    0   0   0   0   0   0   0   0   0   0   0   0   0  68   0   0   0   0  26   6  1.27 0.26
  174 P    -2   0  -3  -3  -4  -2   0  -4  -3  -4  -4  -2  -4  -5   8  -2  -2  -5  -4  -4    0   5   0   0   0   0   7   0   0   0   0   0   0   0  88   0   0   0   0   0  2.16 0.31
  175 S     0  -1   0   0  -2  -1  -1  -2  -2  -2  -1   1  -1  -3   1   2   4  -3  -2  -1    6   0   3   4   0   0   0   0   0   0   5  11   0   0   6  21  40   0   0   4  0.33 0.13
  176 L     0  -3  -3  -3  -2  -2  -2  -3  -2   2   1  -2  -1  -1   5  -1  -1   3   1  -1    9   0   0   0   0   0   0   0   0  18  13   0   0   0  40   5   0   6   6   0  0.65 0.14
  177 Q    -2   1   2   2  -4   3   4  -2   2  -4  -3   1  -2  -3  -2  -1  -1  -3  -2  -3    0   6  14  11   0  19  33   0   7   0   0   6   0   0   0   0   0   0   0   0  0.51 0.13
  178 A     1   3  -1   1  -3   2   3  -2  -1  -3  -3   0  -2  -3  -2  -1   0  -3  -2  -1   20  29   0   6   0  12  22   0   0   0   0   0   0   0   0   0   5   0   0   4  0.36 0.13
  179 L     0  -3  -4  -4  -2  -3  -3  -3  -3   3   3  -3   1   2  -3  -2  -2  -2  -1   1    9   0   0   0   0   0   0   0   0  30  43   0   0  10   0   0   0   0   0   6  0.40 0.13
  180 A     3   0  -1  -2  -2  -1   0   0   1  -2  -1   0   1  -2  -1   1   1  -3  -2  -1   43   6   0   0   0   0   6   4   5   0   4   5   6   0   0   9   9   0   0   1  0.21 0.10
  181 G     0   1   0   3  -3   0   2   1  -2  -1  -2   0  -2  -3  -2   1   0  -3  -3  -1    6   8   0  25   0   0  17  12   0   4   0   4   0   0   0   9   6   0   0   7  0.23 0.08
  182 P     0   0  -2  -2  -2   0   1  -3  -2   0   0   1   1  -2   4   0   0  -3  -2   1    6   4   0   0   0   4  12   0   0   6   8  12   6   0  21   4   5   0   0  12  0.25 0.07
  183 E     1  -2   0   4  -3   0   3   0  -2  -3  -4   0  -3  -4  -2   1   0  -4  -3  -3   15   0   0  37   0   0  24   6   0   0   0   4   0   0   0   9   5   0   0   0  0.51 0.15
  184 V    -1  -2  -2   2  -2  -1   1  -3  -2   1   1  -2   0   1   2  -1   0  -2   0   1    3   0   0  16   0   0  12   0   0  13  16   0   0   6  12   0   4   0   5  13  0.17 0.08
  185 E    -1  -1   0   1  -4   3   4   1  -1  -3  -1   0  -2  -3  -2   0  -2  -3  -3  -2    0   0   5   3   0  14  44  15   0   0   9   3   0   0   0   4   0   0   0   4  0.42 0.15
  186 A     2  -1   0  -1  -1   1   1  -1  -1  -1  -2  -1  -1  -2  -1   1   2  -2   0  -1   28   1   5   1   0  10   8   1   0   6   1   1   0   1   1  14  15   0   4   1  0.18 0.08
  187 H     0  -1   1   3  -2   1   1  -2   3  -1  -1   0  -1  -1  -2   0   0  -2   1  -1   10   1   6  22   0   5   8   1  14   5   5   5   0   1   1   1   7   0   6   1  0.18 0.06
  188 L    -2  -3  -4  -4  -2  -3  -4  -5  -4   4   4  -3   2   1  -4  -3  -2  -3  -2   1    0   0   0   0   0   0   0   0   0  37  48   0   5   4   0   0   0   0   0   5  0.62 0.17
  189 R     0   4  -1  -2   1   0  -1  -3   3  -1  -1   3  -2  -3  -2  -1  -2  -3  -2  -2    7  38   0   0   4   0   0   0   9   4   6  29   0   0   0   0   0   0   0   0  0.47 0.16
  190 K     1  -1  -1   1   1   0   3  -2  -2  -2  -3   2  -2  -3   0   1   0  -4  -3  -1   16   0   0   5   5   0  25   0   0   0   0  20   0   0   4  15   6   0   0   6  0.26 0.11
  191 L     0   0  -2  -3   4  -2  -1  -1  -3   1   2  -2   1  -1   1  -1   0  -3  -2   0    9   7   0   0  14   0   4   5   0  10  28   0   5   0   6   0   9   0   0   4  0.16 0.08
  192 G    -1  -2  -1  -2  -3   0  -2   5  -3  -4  -4   1  -3  -4   1   0   1  -4  -4  -3    0   0   0   0   0   5   0  64   0   0   0  11   0   0   7   4  10   0   0   0  0.80 0.19
  193 L    -1  -3  -4  -4  -2  -3  -3  -2  -3   1   2  -3   3   5  -4  -3  -2  -1   0   1    6   0   0   0   0   0   0   4   0   5  19   0  13  38   0   0   0   0   0  15  0.45 0.15
  194 G     0   1   2  -1  -3  -1  -1   3  -1  -3  -3   2   0  -3   1   1  -1  -3  -3  -3    5  10  13   0   0   0   0  30   0   0   0  20   4   0   6  10   0   0   0   0  0.34 0.11
  195 Y    -1   0   1  -2  -3   1  -1  -2   1  -2   0   1   1   2  -3   0  -1   0   5  -2    6   4   8   0   0   6   0   0   4   0  11  10   5   7   0   6   0   0  31   0  0.25 0.11
  196 R    -2   6  -2  -2  -4   0  -1  -3  -2  -4  -3   4   0  -4  -3  -2  -2  -4  -3  -3    0  58   0   0   0   0   0   0   0   0   0  38   4   0   0   0   0   0   0   0  1.04 0.26
  197 A     5  -2  -2  -2  -2  -1  -2   0  -2  -2  -3   0  -2  -3  -2   1  -1  -3  -3  -1   74   0   0   0   0   0   0   5   0   0   1   6   0   0   0  11   0   0   0   0  0.62 0.20
  198 R    -1   1  -1   0  -3   2   3  -2  -1  -2  -2   2  -1  -3   0  -1   0  -3  -2   0    1   8   1   1   0  11  30   1   0   1   1  21   0   0   4   1   7   0   0  12  0.31 0.10
  199 Y    -1   1   2  -2   1  -1   0  -2   0  -2  -2  -1  -2   2  -3  -1  -2   0   5  -2    7  12  17   1   5   0   6   1   0   1   1   1   0  10   1   1   1   0  36   1  0.39 0.13
  200 V    -2  -1  -3  -3  -2  -2  -3  -3  -3   5   1  -2   1  -1  -3  -2   0  -3  -2   2    1   5   1   1   0   0   1   1   0  56  10   1   4   0   1   1   5   0   0  12  0.41 0.13
  201 S     0   1  -1  -2  -2   2  -1  -3   1   3  -1   2  -1  -2  -2   0   0  -3  -2   0    5   7   0   0   0  15   0   0   6  35   1  17   0   0   0   5   4   0   0   3  0.18 0.11
  202 A     0   0   1   2  -3   1   1   2   1  -1  -1   2  -1  -3  -2  -1  -1  -3  -2  -2   11   0   5  13   0   5  11  16   6   6   5  20   0   0   0   0   0   0   0   0  0.17 0.07
  203 S     0  -2  -2  -2  -2  -2  -2  -3  -3   2   0  -2   0   1  -2   2   3  -3  -1   1    4   0   0   0   0   0   0   0   0  16  10   0   0   8   0  18  36   0   0   9  0.27 0.13
  204 A     3  -2  -2  -2   3  -2  -1  -2  -3   0   1  -2   0  -2  -2   1  -1  -3  -2   0   38   0   0   0   9   0   5   0   0   6  23   0   0   0   0  15   0   0   0   4  0.25 0.12
  205 R    -2   5   3   0  -4   1   1  -2  -1  -4  -4   3  -2  -4  -3  -1  -2  -4  -3  -4    0  42  23   3   0   5   9   0   0   0   0  19   0   0   0   0   0   0   0   0  0.67 0.18
  206 A     2   2  -2  -1  -2  -1   0  -2  -2   2  -1   1   2  -2  -2   0  -1  -3  -2   0   29  13   0   3   0   0   5   0   0  24   0   8   9   0   0   6   0   0   0   0  0.15 0.10
  207 I     0  -3  -3  -4   2  -3  -3  -3  -3   3   3  -3   1  -1  -3  -2  -1  -3  -2   1   12   0   0   0   7   0   0   0   0  33  44   0   0   0   0   0   0   0   0   0  0.43 0.14
  208 L     1  -2  -3  -3  -2   0  -2  -3  -3   1   2   0   0  -1  -2  -1  -1  -3  -2   2   18   0   0   0   0   5   0   0   0   7  34   9   0   0   0   0   0   0   0  25  0.21 0.10
  209 E     0  -1   3   1  -3   1   4  -2  -1  -2  -2   1   1  -3  -2  -1  -1  -4  -3   0    6   0  17   4   0   5  43   0   0   0   0   9   8   0   0   0   0   0   0   8  0.42 0.15
  210 E     0   0   1   3  -3   1   3   0  -1  -3  -3   2  -2  -3   0   0  -1  -3  -3  -3   11   0   5  18   0   3  23   6   0   0   0  23   0   0   4   6   0   0   0   0  0.34 0.10
  211 Q    -1   0  -1  -2  -3   2  -1  -1   4  -2  -1   1   0   1  -2   0   0  -1   3  -2    0   5   0   0   0  18   0   4  14   0   6   9   4   8   0  11   6   0  14   0  0.20 0.10
  212 G     1  -2   2   2  -2  -1  -1   4  -2  -3  -3  -1  -2  -3  -2   0  -1  -3  -3  -3   11   1  11  15   0   1   1  47   0   1   1   1   0   1   1   5   1   0   1   1  0.51 0.11
  213 G    -1   0  -1   1  -3  -1   0   5  -2  -3  -1  -1  -2  -3  -2   0  -1  -3  -3  -3    1   5   1  11   0   1   6  56   0   1   7   1   0   1   1   7   1   0   0   1  0.54 0.12
  214 L    -1  -1   1  -1  -1   0   0  -2  -1   2   1   0   0  -1   0  -1   1  -2  -1   0    2   2  10   2   1   6   6   2   1  21  17   8   1   1   4   2  10   0   1   2  0.05 0.03
  215 A     0  -1   1   1   1  -1   0  -1  -1   0  -1  -1  -1  -2   2   1   0  -2  -1   0   10   2   6  10   5   1   6   2   1   6   8   2   1   1  13  13   6   0   1   6  0.12 0.02
  216 W     0  -1  -1   0  -1  -1  -1  -1  -1  -1   0  -1  -1   0   1   1   0   6   1  -1    4   3   2   7   1   2   3   4   1   3  10   3   1   2   7  14   8  17   5   3  0.22 0.04
  217 L    -1   1  -2  -2  -2  -1  -1  -2  -2   1   3   1   1   1  -2  -2  -1  -2  -1   1    2  10   1   1   0   1   1   2   0   5  45  12   0   6   1   2   1   0   1   7  0.17 0.07
  218 Q    -1   0  -1   1  -2   2   3  -2  -1  -1   0   0  -1  -2   1   1  -1  -2  -2  -1    2   5   1   5   0  12  29   2   0   6  12   1   0   1   7  12   1   0   1   1  0.20 0.07
  219 Q    -1   0  -1   1  -2   1   2  -1  -1  -2  -1   0   1  -1  -1   1  -1   6   1  -2    2   5   1   7   1   9  17   2   1   1   2   6   6   1   1  14   2  13   5   2  0.26 0.07
  220 L     0  -2  -2  -2  -1  -1  -2  -2  -2   2   3  -1   1   0  -1  -1   0  -1  -1   0    8   2   1   2   1   1   2   2   1  15  46   2   1   1   2   2   8   0   1   2  0.17 0.06
  221 R     0   3  -1   0  -2   0   1  -2  -1   0  -1   1   1  -2   1  -1  -1  -2  -2  -1    8  30   1   5   1   1  13   2   1   7   2  10   5   1   6   2   2   0   1   2  0.20 0.06
  222 E    -1   1   1   1  -2   0   1   2   1  -2  -2   1  -2  -2   1   0  -1  -2  -1  -1    2   7   6  11   1   1   9  16   5   1   2  16   1   1   7   7   2   0   1   4  0.16 0.04
  223 S     1  -1  -1  -2   2  -1  -1   0  -2   0   1  -1   4  -1  -1   0  -1  -2  -1   1   13   1   1   1   7   1   2   8   1   1  12   2  24   1   1  10   2   0   1  11  0.12 0.07
  224 S     0  -1   1   3  -3   0   2  -2  -1  -3  -3  -1  -3  -4   4   2  -1  -4  -3  -3    5   3   5  26   0   4  13   0   0   0   0   0   0   0  21  21   0   0   0   0  0.52 0.13
  225 Y    -1  -2   0   0  -2  -2   0  -3  -1   1   0  -2  -1   2   1  -1  -1   4   3   2    0   0   6   5   0   0   6   0   0  10   4   0   0  10   9   5   0   6  15  22  0.18 0.08
  226 E    -2  -1  -1   2  -4   2   4  -3   1  -4  -4   0  -3  -4   4  -1  -2  -4  -3  -3    0   0   0  12   0  10  43   0   5   0   0   5   0   0  22   0   0   0   0   0  0.72 0.17
  227 E    -2   1   0   3  -4   2   4  -2  -1  -3  -2   2  -2  -3  -2   0  -1  -3  -3  -3    0   9   0  24   0  10  32   0   0   0   5  13   0   0   0   4   0   0   0   0  0.49 0.13
  228 A     3  -1  -1  -1  -1  -1  -2  -1  -2   0   0  -1  -1  -2  -2   1   0  -3  -2   1   45   4   3   3   0   0   0   0   0   5  12   0   0   0   0  10   3   0   0  13  0.21 0.11
  229 H    -2   3  -2  -2  -3   0   0  -3   2   0   1   2   4  -2  -3  -2  -2  -3  -2   0    0  28   0   0   0   0   5   0   8   5  13  18  20   0   0   0   0   0   0   4  0.32 0.14
  230 K     0   1  -1   2  -4   0   4   0  -1  -4  -4   3  -3  -4  -2  -1   0  -4  -3  -3    6   5   0  14   0   0  42   6   0   0   0  23   0   0   0   0   4   0   0   0  0.51 0.15
  231 A     1   0   0   0  -3   1   2  -1   1  -2  -2   0  -2  -1  -2   0   0  -2   2  -2   16   5   5   3   0   6  23   4   4   0   4   5   0   0   0   6   6   0  13   0  0.19 0.08
  232 L    -3  -3  -5  -5  -3  -3  -4  -5  -4   0   6  -4   1  -1  -4  -4  -2  -3  -2   0    0   0   0   0   0   0   0   0   0   0 100   0   0   0   0   0   0   0   0   0  1.08 0.27
  233 C    -1  -2  -2  -3   4   0  -1  -3  -3   1   2  -2   1  -1  -3   0   1  -3  -2   0    0   0   0   0  15   6   5   0   0   9  36   0   4   0   0  10  10   0   0   4  0.25 0.11
  234 I     1   0  -1  -1  -2   1   1  -2   1  -1  -1   2  -1  -3  -2   2   2  -3  -2  -1   15   0   0   0   0   5   8   0   4   5   5  22   0   0   0  19  16   0   0   0  0.21 0.10
  235 L    -2  -3  -4  -4  -2  -3  -4  -5  -3   3   4  -4   1   3  -4  -3  -2  -2   1   1    0   0   0   0   0   0   0   0   0  31  52   0   0  13   0   0   0   0   4   0  0.60 0.17
  236 P    -1   2   1  -2  -4  -1   0  -3  -2  -4  -4   2  -3  -4   6   0  -2  -4  -3  -3    3  12   9   0   0   0   5   0   0   0   0  16   0   0  51   4   0   0   0   0  1.05 0.20
  237 G    -1  -4  -2  -3  -4  -3  -4   7  -3  -5  -5  -3  -4  -5  -4  -2  -3  -4  -5  -5    0   0   0   0   0   0   0 100   0   0   0   0   0   0   0   0   0   0   0   0  1.72 0.31
  238 V    -2  -4  -4  -4  -2  -3  -4  -4  -4   4   1  -3   0  -1  -4  -3  -1  -4  -2   5    0   0   0   0   0   0   0   0   0  34   8   0   0   0   0   0   0   0   0  58  0.73 0.20
  239 G     0  -3  -2  -3  -4  -3  -3   6  -3  -5  -5   0  -4  -4  -3  -1  -3  -4  -4  -4    4   0   0   0   0   0   0  91   0   0   0   6   0   0   0   0   0   0   0   0  1.42 0.27
  240 T    -1   4  -2  -3  -4  -1  -2  -3  -2  -3   0  -1  -2  -3   6  -2   0  -3   0  -2    3  33   0   0   0   0   0   0   0   0  13   0   0   0  41   0   5   0   5   0  0.84 0.20
  241 Q    -3   0  -2  -3  -4   0  -1  -3  -2  -4  -4   6  -3  -2  -3  -2  -3   9  -1  -4    0   0   0   0   0   3   0   0   0   0   0  65   0   0   0   0   0  32   0   0  1.38 0.31
  242 V    -1  -2  -2  -2  -2  -2  -2  -3  -3   0  -1  -2   2  -3  -2   1   5  -4  -2   2    0   0   0   0   0   0   0   0   0   3   0   0   7   0   0  13  53   0   0  24  0.53 0.20
  243 A     5  -3  -3  -3  -2  -2  -2  -1  -3   1  -2  -2  -1  -3  -2   0  -1  -4  -3   2   71   0   0   0   0   0   0   0   0   6   0   0   0   0   0   0   0   0   0  23  0.63 0.22
  244 D    -1  -1   4   3  -4   1   3  -2   2  -4  -4  -1  -3  -4  -2   0  -1  -4  -3  -3    4   0  30  20   0   5  30   0   7   0   0   0   0   0   0   4   0   0   0   0  0.62 0.17
  245 C    -2  -3  -1  -4   8  -3  -4  -4  -3   0   1  -3   3  -1  -4  -2  -2  -2   2   2    0   0   5   0  41   0   0   0   0   3  10   0  11   0   0   0   0   0  11  19  0.74 0.20
  246 I    -2  -4  -4  -4  -2  -3  -4  -4  -3   4   1  -3   0   1  -4  -3  -1  -3   1   4    0   0   0   0   0   0   0   0   0  29   5   0   0   6   0   0   0   0   6  54  0.60 0.18
  247 C     1   1  -3  -3   5  -2  -3  -3  -3   0   3  -2   1  -1  -3   0  -1  -3  -2   0   15  13   0   0  16   0   0   0   0   0  42   0   4   0   0   6   0   0   0   4  0.32 0.13
  248 L    -1  -2   0  -3  -2   0  -2  -3   2   2   3  -2   4  -1  -3  -1  -1   2  -1   0    4   0   5   0   0   4   0   0   7  11  43   0  20   0   0   4   0   3   0   0  0.33 0.14
  249 M    -2   2  -3  -3  -2  -2  -3  -4   1   1   1  -1   3   4  -3  -2   0  -1   1   1    0  17   0   0   0   0   0   0   4   7  13   0  16  24   0   0   5   0   4  10  0.27 0.12
  250 A     3  -2   0  -2   2  -2  -2   3  -2  -3  -3  -2  -2  -3  -2   2   1  -3  -3  -2   31   0   4   0   5   0   0  32   0   0   0   0   0   0   0  17  11   0   0   0  0.46 0.14
  251 L    -3  -3  -4  -5  -3  -3  -4  -4  -3   0   4  -4   2   4  -4  -3  -3   6   0  -1    0   0   0   0   0   0   0   0   0   0  59   0   5  20   0   0   0  16   0   0  0.83 0.21
  252 D    -1   1   2   2  -3   1  -1   4   3  -4  -4   1  -3  -3  -2  -1  -2  -3  -2  -3    0   9  12  11   0   6   0  38  12   0   0   8   0   0   0   0   0   0   0   0  0.47 0.12
  253 K    -1   2   0   2  -3   2   0  -2   4  -1  -2   2   0   0  -2  -1  -1   1  -1  -1    6  16   3  13   0  11   4   0  15   4   0  14   4   5   0   0   0   3   0   4  0.22 0.09
  254 P    -2  -2  -2   1   1  -2  -2  -3   3  -1   1   0  -1  -2   5  -2  -1  -4  -2   0    0   0   0   9   4   0   0   0  13   3  20   6   0   0  35   0   4   0   0   7  0.54 0.14
  255 Q     0  -1   2   3  -2   2   1   0  -1  -2  -2   0  -2  -2  -1   0   1  -2  -2  -1    5   1  10  24   0  15  10   5   0   1   2   1   0   1   1   5  11   0   1   5  0.25 0.07
  256 A     3  -2  -2   0  -1  -2  -2   2  -2   1  -1  -2  -1  -2  -2   0  -1  -3  -2   1   46   0   0   5   0   0   0  14   0  10   5   0   0   0   0   5   0   0   0  12  0.26 0.11
  257 V    -2  -4  -4  -4  -3  -3  -4  -4  -3   3   1  -4   3   5  -4  -3  -2  -1   1   2    0   0   0   0   0   0   0   0   0  23   3   0  11  43   0   0   0   0   0  20  0.64 0.18
  258 P     1  -3  -3  -3   3  -3  -2  -3  -3  -3  -1  -2  -3  -4   7  -2  -1  -4  -4  -3   16   0   0   0   7   0   0   0   0   0   6   0   0   0  68   0   4   0   0   0  1.48 0.26
  259 V     1  -3  -4  -4  -2  -3  -3  -3  -4   2   0  -3   0  -2   1  -2  -1  -4  -2   5   17   0   0   0   0   0   0   0   0   5   5   0   0   0   6   0   0   0   0  68  0.56 0.20
  260 D    -3  -3   0   7  -4  -2   0  -2  -2  -4  -4  -2  -4  -4  -3  -1  -2  -5  -4  -4    0   0   0  94   0   0   0   0   0   0   1   0   0   0   0   0   0   0   0   0  1.57 0.30
  261 V    -1  -2  -1   2  -2  -2  -1  -3  -3   2  -1  -2  -1  -2  -2   0   4  -3  -2   2    1   0   0  13   0   0   0   1   0  16   1   0   0   0   0   1  48   0   0  17  0.39 0.15
  262 H    -2  -2   2  -2  -3  -1  -1   0   8  -3  -1  -2  -2  -2  -3  -2  -2   3   2  -3    1   0  13   0   0   0   0   6  57   0   7   0   0   0   0   1   0   4   7   0  0.90 0.22
  263 M    -1  -3  -3  -3  -2  -2  -3  -3  -3   3   1  -2   2  -1  -3   0  -1  -3  -2   4    1   0   0   0   0   0   0   1   0  15  13   0   5   0   0  13   0   0   0  50  0.35 0.13
  264 W    -1   0  -1  -2  -2   0   0   1   3   0  -1   0  -1   2  -2  -1  -1   5   1  -1    1   5   1   1   0   6   5  14  13  13   1   5   0  11   1   5   1  12   5   1  0.21 0.07
  265 H    -2   6   1  -1  -3   2   1  -2   2  -3  -3   2  -2  -3  -2  -1  -2  -3  -2  -3    1  60   6   1   0   7   6   1   6   1   1   6   0   1   1   1   1   0   0   1  0.67 0.16
  266 I     0  -3   0  -3  -2  -3  -3  -3  -3   5   1  -3   0  -1  -3  -2  -1  -3  -2   2    6   0   7   0   0   0   0   1   0  67   5   0   0   0   0   1   0   0   0  10  0.52 0.17
  267 A     3  -2  -2  -2   4  -1  -2   0  -2   0  -1   0   0  -2  -2   1  -1  -3  -2  -1   39   0   0   0  12   0   0   7   0   6   6   7   4   0   0  15   0   0   0   0  0.24 0.10
  268 Q    -1   0   3  -1  -3   3   0  -2   1  -1  -2   2  -1  -2  -2  -1   0  -2   1   0    1   1  23   1   0  21   1   1   3   1   1  19   0   0   1   1   5   0   7  14  0.25 0.11
  269 R    -1   6   1  -2  -3   0  -1  -2  -1  -3  -3   1  -2  -3  -2   0  -1  -3  -2  -3    6  70   9   1   0   0   1   1   0   0   1   1   0   0   0   8   1   0   0   1  0.82 0.20
  270 D    -1  -1  -1   2  -2  -1   0  -2   2  -1   0   0  -1   1  -1  -1   0  -1   3  -1    2   1   1  21   1   1   2   2   7   1  15   6   1   8   1   2   8   0  17   2  0.14 0.05
  271 Y    -1  -2  -1   0  -2  -1  -1   1  -1   0   2  -2   1   1   1  -1  -1   0   3  -1    2   1   1   6   0   1   1  15   1   1  27   1   4   7   8   2   1   0  19   2  0.14 0.06
  272 S    -1  -1   0  -1  -2   2  -1   3   3  -2   0  -1  -1  -2  -2   1  -1   4  -1  -2    1   1   4   1   0  14   1  32  12   1  11   1   0   0   1  11   1   8   0   1  0.30 0.09
  273 W    -2   0  -3  -3  -2  -2  -3  -3  -3   1   2  -2   2   1   0  -2  -2   7   0   1    1   7   0   0   0   0   1   1   0   9  23   0   7   7   6   1   1  22   0  14  0.46 0.11
  274 H     0   1  -1  -1  -2  -1   0  -2   4   0   1  -1   0  -1  -2   1   1  -2  -1   1    8   8   1   1   0   1   6   1  18   1  17   1   0   1   1  13   8   0   0  15  0.11 0.06
  275 P     0   0  -2  -2  -3  -1   0  -2  -2  -2   0   0  -1  -3   6  -1  -1  -3  -2  -2    9   5   1   1   0   1   6   1   0   1  14   5   0   1  53   1   1   0   0   1  0.90 0.14
  276 T     0   0   0   0  -2   0  -1   1  -1  -1  -1   1  -1  -2   2   0   1  -2  -2   0   10   1   6   6   0   1   1  14   0   1   9  19   0   1  10   1  13   0   1   7  0.12 0.04
  277 T     0   2  -1  -1  -2   0   0   2  -2  -2   0   1  -1  -2   1   0   1  -3  -2  -1   10  13   0   0   0   0   7  16   0   0  11  14   0   0   8   1  18   0   0   1  0.16 0.05
  278 S     1   0   4   1  -2   1   0   0  -1  -3  -3   2  -2  -3  -2   1   1  -3  -2  -2   13   0  30   5   0   7   0   6   0   0   1  16   0   0   0  11  10   0   0   1  0.28 0.08
  279 Q    -1   0   0   1  -2   1   0   1   1  -1  -1   2   1  -2  -1   0   0   3  -1  -1    2   1   1   8   0  11   1  14   6   1   2  24   7   1   1   1   7   5   1   6  0.14 0.05
  280 A     1   1   0  -2  -1   1  -1  -2  -1   0   2  -1   0  -1  -2  -1  -1  -2  -1   1   17   8   8   1   0  10   1   1   0   1  26   1   0   1   1   1   1   0   1  18  0.07 0.05
  281 K    -1   2   1  -1  -3   2   0   1  -1  -2  -1   4   1  -2  -2  -1  -1  -3  -2  -2    1   8   8   1   0   8   1  10   0   1   5  46   6   1   1   1   1   0   0   1  0.30 0.09
  282 G    -1   1   1  -1  -2   0   0   1  -1  -1   0   2   1  -2  -2   0   1  -2  -2  -1    1   7   7   1   0   1   6  11   0   1  16  23   8   1   1   1  15   0   0   1  0.11 0.05
  283 P    -1   0  -1  -1  -2  -1  -1  -2   2  -1  -2   0  -1  -2   4   1   1  -2  -1   1    1   6   1   1   0   1   1   1   8   1   2   7   0   1  27  11  13   0   1  16  0.34 0.07
  284 S     1   0  -1   1  -2   1  -1  -2  -1  -1  -2  -1  -1  -2  -2   2   2  -2   1   1    9   6   0   8   0   8   0   0   0   0   0   0   0   0   0  20  24   0   7  15  0.16 0.07
  285 P    -1  -1  -2   1  -3   1  -1  -3  -2  -2  -1   2  -2  -3   6  -1  -1  -3  -3  -1    0   0   0   8   0   9   0   0   0   0   8  19   0   0  45   0   0   0   0   7  0.75 0.13
  286 Q    -1   2   0   1  -3   1   1  -2   2  -2  -1   3  -1   2  -2  -1  -1  -2   0  -2    5  10   5   7   0   7   6   1   7   0   4  31   0  14   0   1   1   0   0   1  0.20 0.07
  287 T    -1   1   0   0  -2   0   3  -2  -1   0   0   0  -1  -2   1  -1   0  -3  -2  -1    4  10   6   1   0   0  35   1   0  12  13   1   0   0   8   1   7   0   0   1  0.19 0.07
  288 N     1  -2   3   2  -2  -1  -1  -1   2   0  -2  -1  -1   1  -2   0   0  -1   3  -1   18   0  23  12   0   0   1   1   6   7   1   1   0   9   0   1   6   0  14   1  0.17 0.07
  289 K    -1   2  -1  -1  -3   0   1  -1  -1  -1   1   3  -1  -2   1  -1  -1   3  -1  -2    1  13   0   1   0   0  12   6   0   0  22  27   0   0   8   1   1   6   0   1  0.20 0.07
  290 E    -1   1  -1   1  -3   0   4  -2  -1  -2  -3   1  -2  -3  -2   2   1  -4  -2   0    0   5   0   8   0   0  43   0   0   0   0   7   0   0   0  19   9   0   0   9  0.39 0.12
  291 L     0  -2  -2   0  -2  -2   0  -3  -3   2   2  -2   3  -1  -3  -2  -1  -3  -2   3    5   0   0   9   0   0   9   0   0  14  15   0  13   0   0   0   0   0   0  34  0.22 0.09
  292 G     0  -2  -1   2   1  -1  -1   1   2  -1  -1  -1   1  -2  -2   1   2  -3  -2   0    6   0   0  14   4   0   0  11   9   0   6   0   8   0   0  14  16   0   0  11  0.11 0.06
  293 N    -1   1   2  -1  -3   0   1  -2   4  -2  -1   1  -1  -2  -2   1  -1  -3  -1  -2    1  10  11   0   0   0  12   1  21   0   9  13   0   0   0  18   0   0   0   1  0.25 0.08
  294 F     2  -1  -2  -2  -2  -1  -1  -2   4   1  -1   0  -1   2  -2  -1  -1  -2   0   1   25   0   0   0   0   0   0   1  22  14   1   6   0  17   0   1   0   0   0  11  0.19 0.08
  295 F     1   2  -2  -2  -2   1  -1  -2  -1  -1   0   0   2   3  -2  -1  -1   5   0  -1   17  22   0   0   0   9   0   1   0   0   6   0   9  24   0   1   0   9   0   1  0.25 0.09
  296 R    -1   2  -2  -2  -2   1  -1  -3  -2   0   2   1   0  -1  -2   0  -1   5  -1   0    1  17   0   0   0   7   0   1   0   0  37   9   0   0   0   9   0  10   0   6  0.21 0.07
  297 S    -1   2   0   0  -2   1   0  -2  -1   1  -1   2   1  -1  -2   1  -1  -2   1   0    0  15   4   6   0  10   0   0   0  15   0  15   6   0   0  13   0   0   8   8  0.12 0.06
  298 L    -2  -1  -2  -2  -3   1   1  -3  -2   0   3   0   0   1   3  -2  -2  -2  -1  -1    0   0   0   0   0  10  14   0   0   0  46   6   0   6  17   0   0   0   0   0  0.31 0.10
  299 W    -3  -3  -3  -5  -4  -3  -3  -4   4  -3  -3  -4  -2   2  -5  -3  -3  11   4  -4    0   0   0   0   0   0   0   0  16   0   0   0   0   6   0   0   0  66  12   0  2.13 0.28
  300 G    -1   1  -1  -2  -3  -1   0   5  -2  -3  -1   0  -2  -3   1  -1  -2  -3  -3  -3    0   9   0   0   0   0   8  56   0   0  10   8   0   0   8   0   0   0   0   0  0.53 0.11
  301 P    -1   3  -1  -1  -3   0   2  -2  -1  -4  -3   1  -3  -4   5   1  -1  -4  -3  -3    0  24   0   0   0   0  20   0   0   0   0   7   0   0  35  15   0   0   0   0  0.73 0.13
  302 Y    -2  -2  -3  -4  -3  -2  -3  -4   0   0   0   0   1   1  -4  -3  -2   5   7  -1    0   0   0   0   0   0   0   0   0   6   8  10   6   0   0   0   0   8  62   0  0.85 0.19
  303 A     3  -2   0  -2   3   1   0   0   2  -2  -1  -1  -1  -2  -2   0  -1  -3  -2  -1   48   0   6   0   9   9   6   6   8   0   9   0   0   0   0   0   0   0   0   0  0.23 0.09
  304 G     0  -1   0   1   3  -1   1   4  -2  -3  -3   1  -3  -3  -2   1  -1  -3  -3  -3    0   0   0   7   9   0  12  42   0   0   0  10   0   0   0  20   0   0   0   0  0.43 0.08
  305 W    -3  -2  -3  -4  -3  -2  -3  -3  -1  -2   0   0  -1   1  -4  -3  -3  10   5  -2    0   0   0   0   0   0   0   0   0   0  11  10   0   0   0   0   0  50  29   0  1.43 0.17
  306 A     4  -2  -2  -3  -1  -2  -2  -1  -3  -1  -1  -2  -1  -3   2   0  -1  -3  -2   2   67   0   0   0   0   0   0   0   0   0   0   0   0   0  11   0   0   0   0  22  0.45 0.11
  307 Q    -1   0  -1  -1  -3   6   1  -2   0  -3  -3   0  -1  -4  -2   1   1  -3  -2  -2    0   0   0   0   0  76   0   0   0   0   0   0   0   0   0  12  12   0   0   0  0.74 0.14
  308 A     2  -2  -1  -1  -2  -1   1   0  -2  -1   1  -1   0   1  -2   1   1  -2  -1  -1   24   0   0   0   0   0  13   8   0   0  21   0   0  12   0  12   9   0   0   0  0.10 0.04
  309 V    -1  -2  -2  -3  -2  -2  -2  -3   0   1   1  -2   0   1  -3  -1   1   0   5   2    0   0   0   0   0   0   0   0   0  10  10   0   0   0   0   0  14   0  38  27  0.34 0.06
  310 L    -2  -3  -4  -4  -2  -3  -3  -4  -3   1   5  -3   2   0  -3  -3  -2  -2  -2   0    0   0   0   0   0   0   0   0   0   0 100   0   0   0   0   0   0   0   0   0  0.67 0.10
  311 F    -3  -3  -4  -4  -3  -3  -4  -4  -1  -1  -1  -3  -1   6  -4  -3  -3   8   4  -2    0   0   0   0   0   0   0   0   0   0   0   0   0  58   0   0   0  27  14   0  1.14 0.11
  312 S     0  -1   3   0  -1  -1  -1  -1  -1   0  -2  -1  -1  -2  -2   3   1  -3  -2  -1    0   0  21   0   0   0   0   0   0  17   0   0   0   0   0  62   0   0   0   0  0.29 0.04
  313 A     4   0  -1  -2  -1   0  -1   0  -2  -2  -2   2  -1  -3  -1   1   0  -3  -2  -1   79   0   0   0   0   0   0   0   0   0   0  21   0   0   0   0   0   0   0   0  0.35 0.03
  314 D    -2  -1   1   5  -4   1   4  -2  -1  -3  -4   0  -3  -4  -2   0  -1  -4  -3  -3    0   0   0  57   0   0  43   0   0   0   0   0   0   0   0   0   0   0   0   0  0.76 0.03
  315 L    -2  -3  -4  -4  -1  -3  -3  -4  -3   2   4  -3   2   0  -3  -3  -1  -2  -1   1    0   0   0   0   0   0   0   0   0  21  79   0   0   0   0   0   0   0   0   0  0.45 0.02
  316 R     0   5   0  -1  -2   1   0  -1  -1  -3  -2   1  -2  -3  -2   2   0  -3  -2  -2    0  61   0   0   0   0   0   0   0   0   0   0   0   0   0  39   0   0   0   0  0.45 0.00
  317 Q    -1   1   0   0  -3   6   2  -2   0  -3  -2   1   0  -3  -1   0  -1  -2  -2  -2    0   0   0   0   0 100   0   0   0   0   0   0   0   0   0   0   0   0   0   0  0.67 0.01

                      K         Lambda
Standard Ungapped    0.1338     0.3206
Standard Gapped      0.0384     0.2670
PSI Ungapped         0.1253     0.3183
PSI Gapped           0.0384     0.2670
