
Last position-specific scoring matrix computed, weighted observed percentages rounded down, information per position, and relative weight of gapless real matches to pseudocounts
           A  R  N  D  C  Q  E  G  H  I  L  K  M  F  P  S  T  W  Y  V   A   R   N   D   C   Q   E   G   H   I   L   K   M   F   P   S   T   W   Y   V
    1 H   -2 -1  2 -1 -3  0  0 -2  7 -3 -3 -1 -2 -2  3 -1 -1 -3  1 -3    0   0  19   0   0   0   0   0  62   0   0   0   0   0  19   0   0   0   0   0  0.67 0.01
    2 G    0 -2 -1 -2 -2 -2 -2  5 -2  0 -1 -2  1 -2 -2 -1 -1 -3 -2  0    0   0   0   0   0   0   0  65   0   0   0   0  15   0   0   0   0   0   0  20  0.49 0.01
    3 S   -1  0  1  1 -3  2  3 -2  4 -3 -3  0 -2 -3 -1  1  0 -3 -1 -3    0   0  10   0   0  16  38   0  19   0   0   0   0   0   0  18   0   0   0   0  0.41 0.01
    4 M   -1 -2  2 -2 -2 -2 -2 -3 -2  2  2 -2  1  0 -3 -1 -1 -2 -1  2    0   0  23   0   0   0   0   0   0  23  28   0   5   4   0   0   0   0   0  16  0.18 0.02
    5 G    1 -1  0  1 -2  0  3  3 -1 -3 -3  0 -2 -3 -2  0  1 -3 -3 -2   14   0   0   9   0   0  31  34   0   0   0   0   0   0   0   0  13   0   0   0  0.37 0.02
    6 T   -1  0  0  3 -3  0  2 -2 -1 -3 -3  2 -2 -3  3  0  0 -4 -3 -2    0   0   0  28   0   0  20   0   0   0   0  23   0   0  18   0  10   0   0   0  0.48 0.02
    7 S    0  4 -1 -2 -2  0 -1 -2  1  0 -1  0 -1 -2 -2  1  0 -3 -1  1    0  40   0   0   0   0   0   0   5   0   5   0   0   0   0  26   0   0   0  23  0.23 0.04
    8 L   -2 -3  0 -3 -2 -3 -3 -4 -2  1  3 -3  0  5 -4 -3 -2 -1  1  0    0   0   7   0   0   0   0   0   0   5  46   0   0  42   0   0   0   0   0   0  0.57 0.12
    9 T    0 -2  1 -1 -2 -1 -1  0 -2 -3 -3 -1 -2 -3  2  4  3 -3 -3 -2    0   0   9   0   0   0   0   7   0   0   0   0   0   0  11  48  25   0   0   0  0.49 0.12
   10 D   -2  2  1  5 -3 -1  0 -2 -2 -1 -2  1 -2 -3 -2 -1  0 -4 -3  1    0  14   4  51   0   0   0   0   0   0   0   9   0   0   0   0   4   0   0  18  0.50 0.11
   11 E   -1 -1  0  4 -4  0  5 -2 -1 -4 -4 -1 -3 -4  0  0 -1 -4 -3 -3    4   0   0  32   0   0  53   0   0   0   0   0   0   0   4   6   0   0   0   0  0.78 0.15
   12 E    0  0 -1  1 -3  3  4 -2  3 -3 -3  2 -2 -3 -2  0 -1 -3 -2 -3    7   0   0   4   0  20  39   0  11   0   0  13   0   0   0   6   0   0   0   0  0.52 0.11
   13 L   -2 -3 -3 -4 -2 -3 -3 -4 -3  3  4 -3  1 -1 -3 -1 -1 -3 -2  1    0   0   0   0   0   0   0   0   0  23  63   0   0   0   0   6   0   0   0   7  0.52 0.12
   14 V   -1 -3  0 -3 -2 -2 -3 -4 -3  2  3 -3  2 -1 -3 -2 -1 -3 -2  3    0   0   7   0   0   0   0   0   0  14  38   0   5   0   0   0   0   0   0  36  0.39 0.10
   15 T    0  0  3  0 -2  0  1  2 -1 -3 -3  1 -2 -3 -2  2  2 -3 -2 -2    4   3  19   0   0   0   8  15   0   0   0  13   0   0   0  23  15   0   0   0  0.31 0.08
   16 M   -2 -2 -3 -3 -2  1 -2 -4 -2  2  3 -2  5  1  1 -2 -2 -2 -1  0    0   0   0   0   0  11   0   0   0  13  30   0  32   7   6   0   0   0   0   0  0.39 0.12
   17 S    0 -2 -1 -1 -2 -1  1 -2 -2 -3 -3 -1 -2 -3  4  3  2 -4 -3 -2    6   0   0   0   0   0  11   0   0   0   0   0   0   0  23  41  19   0   0   0  0.58 0.12
   18 V    0 -3 -2 -2 -2 -2 -2  1 -3  0 -1 -2  1 -2  1  2  1 -3 -2  3    0   0   0   0   0   0   0  15   0   0   0   0   4   0   6  21   7   0   0  47  0.28 0.12
   19 R   -2  4 -1  2 -3  0  2 -3 -1 -1 -2  2 -2 -2 -2 -1  0 -3  0 -1    0  36   0  16   0   0  13   0   0   3   0  12   0   0   0   0   7   0   6   7  0.36 0.10
   20 E   -2 -1 -1  3 -4  0  5 -3 -1 -3 -3 -1  1 -4 -2  1  0 -4 -3 -3    0   0   0  23   0   0  56   0   0   0   0   0   6   0   0   9   7   0   0   0  0.71 0.16
   21 L   -1 -3 -4 -4 -2 -3 -3 -4 -3  1  3 -3  2  4  0 -2 -2 -1  0  0    7   0   0   0   0   0   0   0   0   7  39   0   7  35   5   0   0   0   0   0  0.47 0.12
   22 N   -2 -1  6  0 -3  1  1 -2 -1 -3 -4 -1 -3 -4  2  0  0 -4 -3 -1    0   0  64   0   0   8   7   0   0   0   0   0   0   0  10   0   7   0   0   5  0.76 0.18
   23 Q    0  3  1 -1 -3  3  2  0  1 -3 -3  0 -2 -3  1  1 -1 -3 -2 -3    7  21   6   0   0  16  22   5   2   0   0   0   0   0   6  14   0   0   0   0  0.37 0.10
   24 H   -2  1 -1 -2 -3  2 -1 -1  5 -2  0 -1  2 -1  1 -2 -2 -1  4 -1    0  10   0   0   0  13   0   5  25   0   6   0  11   0   6   0   0   0  20   5  0.38 0.13
   25 L   -2 -2 -4 -4 -2 -2 -3 -4 -3  1  4  0  2 -1 -3 -3 -2 -3 -2  2    0   0   0   0   0   0   0   0   0   0  63   7   5   0   0   0   0   0   0  24  0.56 0.15
   26 R    0  4  1  0 -3  0 -1 -2 -1 -3 -3  2 -2 -4  1  3  0 -4 -3 -3    3  35   6   4   0   0   0   0   0   0   0  10   0   0   8  30   5   0   0   0  0.47 0.15
   27 G   -1  2  0 -2 -3  1 -1  3  1 -3 -1  1 -2 -3  2 -1 -2 -3 -3 -3    0  19   6   0   0   7   0  34   5   0   7  10   0   0  12   0   0   0   0   0  0.41 0.12
   28 L   -1  0 -3 -4  1 -3 -3 -4 -3  1  3 -2  0  4 -1 -2  0 -2  0  0    4   8   0   0   3   0   0   0   0   9  43   0   0  23   3   0   5   0   0   3  0.35 0.13
   29 S   -1 -1  2  1 -3 -1 -1 -1 -2 -3 -3  2 -2 -4 -2  3  3 -4 -3 -2    0   0  11  10   0   0   0   3   0   0   0  17   0   0   0  29  30   0   0   0  0.46 0.17
   30 K    0  1 -1  0 -3  1  1 -2 -2 -2 -2  4  3 -3  0  0  0 -3 -3 -1    7   3   0   4   0   7  11   0   0   0   0  37  17   0   4   3   4   0   0   4  0.33 0.14
   31 E    0 -1  0  3 -3  0  4 -2  1 -2 -2  0 -2 -3 -2  0 -1 -3  0 -1   10   0   3  18   0   0  41   0   5   0   4   4   0   0   0   2   3   0   4   7  0.40 0.14
   32 E   -2 -1 -1  3 -4  3  5 -3  1 -4 -4  0 -3 -4 -2 -1  0 -4 -3 -3    0   0   0  16   0  14  53   0   4   0   0   3   0   0   0   3   7   0   0   0  0.79 0.21
   33 I    0  0 -2  0 -2  1  2 -3 -2  1  0  0  0 -2 -2 -1 -1 -3 -2  2    5   5   0   6   0   8  21   0   0   9  11   4   0   0   0   0   0   0   0  28  0.18 0.10
   34 I    1  1 -1 -2 -2  0  0 -2 -2  1  0  1 -1 -2  1  1  0 -3 -2  0   11  11   0   0   0   3   8   0   0  20   7  11   0   0   6  13   4   0   0   5  0.11 0.06
   35 Q    0  3  0  0 -3  1  3 -2  1 -2  0  0  0 -2 -2 -1 -1 -3 -2  0    8  26   3   4   0   4  27   0   4   0  13   0   2   0   0   0   0   0   0   7  0.27 0.12
   36 L   -1 -2 -3 -3 -2  0 -1 -4 -3  3  4 -2  1 -1 -3 -3 -2 -3 -2  1    3   0   0   0   0   7   4   0   0  19  59   0   0   0   0   0   0   0   0   4  0.48 0.16
   37 K   -2  4  0 -2 -5  0 -1 -3 -2 -4 -4  6 -3 -5 -3 -2 -2 -4 -3 -4    0  25   4   0   0   0   0   0   0   0   0  71   0   0   0   0   0   0   0   0  1.18 0.31
   38 Q   -1  5 -1  2 -4  3  0 -3 -1 -4 -3  2 -2 -3 -3 -1 -2 -3  0 -2    6  43   0  12   0  18   0   0   0   0   0  16   0   0   0   0   0   0   4   2  0.65 0.21
   39 R   -2  2  0 -2 -3  4  2 -3 -2  2 -1  1 -1 -3 -3 -2 -2 -3 -3  1    0  10   3   0   0  31  15   0   0  20   2  10   0   0   0   0   0   0   0   9  0.39 0.17
   40 R   -2  6 -2 -3 -5  1  0 -4 -2 -3 -3  2 -3 -1 -3 -2 -3 -4 -3 -4    2  75   0   0   0   4   3   0   0   2   2   9   0   4   0   0   0   0   0   0  1.15 0.29
   41 R   -3  7 -2 -3 -5 -1 -2 -4 -2 -5 -4  2 -3 -1 -4 -3 -3 -4 -3 -4    0  91   0   0   0   0   0   0   0   0   0   6   0   3   0   0   0   0   0   0  1.66 0.37
   42 T   -2  3 -2 -3 -3 -1 -1 -3 -2  0  1  3  2 -2 -3 -1  2 -3 -2 -1    0  18   0   0   0   0   0   0   0   3  21  30   8   0   0   0  18   0   0   3  0.35 0.16
   43 L   -2 -3 -3 -3 -2  1 -1  1 -3  3  3 -2  2 -1 -3 -2 -2 -3 -2  1    0   0   0   0   0  11   3  12   0  27  35   0   5   0   0   0   0   0   0   7  0.33 0.15
   44 K   -1  4 -1 -2 -4  0 -1 -3 -2 -4 -4  5 -3 -4 -3  1 -2 -4 -3 -4    3  23   0   0   0   0   0   0   0   0   0  62   0   0   0  13   0   0   0   0  0.93 0.27
   45 N   -4 -2  8 -1 -5 -2 -2 -2 -1 -5 -5 -2 -4 -5 -4 -1 -2 -6 -4 -5    0   0 100   0   0   0   0   0   0   0   0   0   0   0   0   0   0   0   0   0  2.04 0.44
   46 R   -3  7 -2 -3 -5 -1 -1 -4 -2 -5 -4  4 -3 -5 -3 -2 -3 -4 -3 -4    0  77   0   0   0   0   0   0   0   0   0  23   0   0   0   0   0   0   0   0  1.47 0.34
   47 G    0 -1 -1 -1 -2  2  3  2 -1  0 -1 -1  0 -2 -2 -1 -1 -3 -2  1    7   3   1   1   0  10  30  19   0   7   4   1   2   0   1   1   1   0   0  13  0.22 0.10
   48 Y    3 -2 -1 -2 -2 -1 -2 -1 -1 -2 -2 -2 -2 -1 -2  3 -1 -1  4 -2   37   1   1   1   0   1   1   1   0   1   1   1   0   0   1  31   1   0  21   1  0.49 0.18
   49 A    6 -2 -2 -3 -2 -2 -2 -1 -3 -2 -2 -2 -2 -3 -2  0 -1 -3 -3 -1   88   1   1   1   0   1   1   1   0   1   1   1   0   0   1   1   1   0   0   1  0.98 0.27
   50 A    0  1 -1 -2  1  5  2 -3  2 -4 -3  0 -2 -4 -3  1 -1 -4 -3 -3   10   7   0   0   4  50  13   0   5   0   0   0   0   0   0   9   2   0   0   0  0.69 0.23
   51 S   -1  2  2  0 -3  2  1 -2 -1 -3 -1  1 -2 -3 -2  2  0 -3 -2 -2    2  13  12   4   0   9  11   0   0   0  10   6   0   0   0  29   5   0   0   0  0.28 0.12
   52 C    1 -3 -2 -3  8 -3 -3 -3 -3 -3 -3 -3 -3  0 -3  4 -1 -4 -3 -2   15   0   0   0  42   0   0   0   0   0   0   0   0   5   0  38   0   0   0   0  1.08 0.29
   53 R   -3  8 -2 -4 -5 -1 -2 -4 -2 -5 -4  0 -3 -5 -4 -3 -3 -5 -4 -4    0 100   0   0   0   0   0   0   0   0   0   0   0   0   0   0   0   0   0   0  1.95 0.42
   54 V   -1  3 -1 -1 -3  2  1 -3 -1 -2 -2  3 -1  0 -2  0 -1 -3  1  0    3  25   0   2   0  13   7   0   0   1   0  24   2   4   0   5   0   0   6   8  0.34 0.14
   55 K   -2  5 -2 -2 -4  0 -1 -3 -2 -4 -4  4 -3 -4 -3  1 -2 -4 -3 -4    0  51   0   0   0   0   0   0   0   0   0  36   0   0   0  13   0   0   0   0  1.02 0.27
   56 R   -2  5 -2 -2 -5  1 -1 -3 -2 -4 -4  5 -3 -5 -3 -2 -2 -4 -3 -4    0  36   0   0   0   5   0   0   0   0   0  58   0   0   0   0   0   0   0   0  1.14 0.29
   57 V   -1  1 -2 -3 -3  0 -2 -3 -3  0  3  4  0 -2 -3 -2 -2 -3 -2  1    4   6   0   0   0   3   0   0   0   0  35  36   0   0   0   0   0   0   0  16  0.37 0.17
   58 T    0  2 -1  1  0  3  3 -3 -1 -1 -1  0 -2 -3 -2 -1  0 -3 -3 -1    8  13   0   7   3  17  34   0   0   4   6   0   0   0   0   0   7   0   0   2  0.36 0.15
   59 Q   -2  2  0 -2 -4  3  0 -3  2 -2 -3  2 -2  0 -3 -2 -1  2  6 -3    0  11   3   0   0  20   3   0   4   3   0  13   0   0   0   0   4   3  37   0  0.61 0.21
   60 K   -2  1 -3 -3 -2  2 -2 -4 -3  3  1  1  2 -2 -3 -2  0 -3 -2  2    0   8   0   0   0  13   0   0   0  33   7  10   6   0   0   0   3   0   0  20  0.31 0.14
   61 E    1 -1  0  1 -2  1  2 -2  3 -1 -1  0 -1 -3 -2  1  0 -3 -2  0   15   2   3  10   0   7  19   0  10   0   8   3   0   0   0   9   3   0   0  10  0.18 0.09
   62 E   -1  0  1  1  2  0  3  1  0 -2 -3  0 -1 -3 -2  0 -1 -4 -3 -2    0   6   8   7   6   2  36  15   2   3   1   3   1   0   0   6   2   0   0   2  0.32 0.13
   63 L   -2 -4 -5 -5  3 -4 -4 -5 -4  1  5 -4  0 -1 -4 -3 -2 -3 -3 -1    2   0   0   0   9   0   0   0   0   3  85   0   0   0   0   0   2   0   0   0  0.97 0.27
   64 E   -3 -2 -2  1 -5  1  7 -4 -2 -5 -5 -1 -4 -5 -3 -2 -3 -5 -4 -4    0   0   0   4   0   3  93   0   0   0   0   0   0   0   0   0   0   0   0   0  1.58 0.38
   65 K    1  1  2  1 -2  1  0  0  1 -2 -2  2 -2 -3 -1  1  0 -3 -2 -2   14   8  13   8   0   4   5   5   3   1   1  16   0   1   1  13   6   0   0   1  0.19 0.06
   66 Q   -1  2 -1  1 -3  2  3 -2 -1 -3 -2  3 -2 -3 -1  0 -1 -3 -2 -2    1  15   1   9   0   9  23   1   0   1   2  27   0   1   1   4   3   0   1   1  0.40 0.11
   67 K    0  0 -1 -2 -2 -1 -1 -2 -2  1  1  2  0 -1 -2 -1 -1 -2 -1  2    7   4   3   1   0   1   1   2   0   8  16  19   2   1   1   1   1   0   1  30  0.13 0.07
   68 A    1  0  0  0  2  1  1 -1 -1 -1 -1  1  0 -2 -1  1  1 -2 -2 -1   14   1   6   3   7   8  10   3   0   4   4  11   2   1   1  11   9   0   1   3  0.11 0.04
   69 E    1  0  0  1 -3  3  3 -2  1 -3 -3  1 -2 -3 -2  1  0 -3 -2 -2   12   4   3   6   0  16  29   1   3   0   1   7   0   0   0   8   6   0   0   3  0.32 0.11
   70 L   -2 -3 -3 -4  2 -3 -3 -4 -3  1  4 -3  2 -1 -3 -3 -1 -2 -1  1    2   0   0   0   5   0   1   1   0   4  68   0   5   0   0   1   3   0   2   5  0.57 0.17
   71 Q    1  0  0 -1 -2  3  2 -1 -1 -1 -1  1 -1 -3 -2  0  1 -3 -2 -1   12   0   3   0   0  20  13   4   0   4   6  13   1   0   0   7  11   0   0   3  0.19 0.09
   72 Q    2  1  0  0 -2  4  1 -1 -1 -2 -3  1 -2 -3 -2  1  0  0 -2 -2   22   7   1   4   0  27   6   3   0   2   1   6   0   0   0  15   3   2   0   0  0.30 0.12
   73 E   -2  2  0  2 -4  4  3 -3 -1 -4 -3  2 -2 -4 -2  0  0 -3 -3 -3    0  12   3   9   0  31  25   0   0   0   0  10   0   0   0   3   5   0   0   0  0.58 0.18
   74 V    0  1  4 -2  1 -2 -2 -3 -2  0 -1  1 -1 -3 -3 -1 -1 -4 -3  3    6   7  33   0   3   0   0   0   0   2   2   8   0   0   0   3   0   0   0  36  0.38 0.18
   75 E    1 -1 -1  2 -3  2  3 -2 -2 -1 -2 -1 -2 -3 -2  1  0 -4 -3 -1   14   2   0  13   0  11  33   0   0   6   2   0   0   0   0  10   7   0   0   2  0.37 0.14
   76 K    0  0  0  1 -3  3  2 -1  1 -2 -2  1 -2 -1 -2  1  0 -3 -2 -1    9   4   4   7   0  18  14   2   4   0   0  12   0   3   0   8   7   0   0   7  0.21 0.09
   77 L   -2 -3 -5 -5 -3 -3 -4 -5 -4  1  5 -4  1  1 -4 -4 -2 -2  1  0    3   0   0   0   0   0   0   0   0   6  82   0   0   4   0   0   0   0   5   0  0.89 0.25
   78 A    0  1  1 -1 -3  2  1 -2 -1 -2  0  3 -1 -3 -2  1  1 -3 -2 -2   10   7   9   0   0   9   7   0   0   0  13  26   0   0   0   9  11   0   0   0  0.23 0.11
   79 S    1  3  2 -1 -3  2  1 -1  0 -3 -2  2 -2 -3  0  2 -1 -3 -2 -3   12  19  11   0   0  13   6   2   2   0   2  12   0   0   3  18   0   0   0   0  0.32 0.12
   80 E    0  2 -1  0 -4  2  5 -3 -1 -4 -4  2 -3 -4 -2 -1  0 -4 -3 -3    7  10   0   3   0   8  53   0   0   0   0  12   0   0   0   0   6   0   0   0  0.70 0.21
   81 N    0  0  4 -1 -3  0 -2 -2 -2  1  0 -1 -1 -3 -3 -1 -1 -4 -3  2    6   5  37   0   0   5   0   0   0   6  10   3   0   0   0   0   0   0   0  28  0.35 0.17
   82 A    2 -1  1  0 -2  1  0  1  0 -2 -2  0  0 -3 -2  2  1 -3 -2 -1   19   0   9   2   0   7   6  12   2   0   3   3   4   0   0  24   7   0   0   2  0.22 0.11
   83 S    0  2  0 -1  0  1  2 -2  2 -2  0  0  0 -1 -2  1  0 -3 -2 -2   10  19   2   0   2   6  16   0   6   0   9   2   2   3   0  17   5   0   0   0  0.20 0.11
   84 M   -2 -3 -1 -4  1 -3 -4 -4 -4  1  5 -4  3  0 -4 -3 -2 -3 -2  1    2   0   3   0   3   0   0   0   0   2  73   0   9   2   0   0   0   0   0   5  0.78 0.24
   85 K    0  3  0  1 -3  0  2 -2 -1 -1 -1  1 -1 -3 -2 -1  0  1 -2 -1    8  29   4   8   0   2  15   0   0   5   4  10   2   0   0   2   5   3   0   2  0.26 0.11
   86 L    1  3  1  0 -3  0  2 -2  1 -2  0  2  0 -3 -2  0 -1 -3 -2 -2   12  21   6   2   0   0  21   0   3   2   9  12   4   0   0   8   0   0   0   0  0.25 0.11
   87 E   -1  0 -1  0 -4  3  5 -3  0 -4 -4  0 -3 -4 -2  0 -1 -4 -3 -3    4   3   2   0   0  18  62   0   1   0   0   2   0   0   0   4   2   0   0   0  0.91 0.27
   88 L   -2  2  3 -2 -3 -2 -2 -3 -2  1  3 -1  0 -2 -3 -2 -2 -3 -2  1    0  19  26   0   0   0   0   0   0  10  34   0   0   0   0   0   0   0   0  10  0.37 0.18
   89 D    0  0  2  3 -3  1  1 -2  1 -1 -1  2 -2 -3 -2  0 -1 -4 -2 -2   11   2  12  28   0   7   7   0   4   4   6  15   0   0   0   3   0   0   0   0  0.30 0.12
   90 A    1  2 -2 -2 -2  3 -1 -2  0  0  1  0 -1 -1 -2  0  0 -3 -2 -1   20  12   0   0   0  19   0   0   2   6  20   4   0   1   0   6   5   0   0   2  0.17 0.12
   91 L   -3 -3 -4 -4 -3 -3 -4 -4 -2  1  4 -2  3  0 -4 -3 -2 -2  3  0    0   0   0   0   0   0   0   0   0   6  62   3  11   0   0   0   0   0  15   2  0.70 0.23
   92 R   -2  3 -1 -2 -4  1  0 -3 -2 -3 -1  5 -1 -3 -2  0 -1 -4 -3 -1    0  16   2   0   0   5   2   0   0   0   6  53   2   0   0   7   2   0   0   5  0.57 0.20
   93 S    1  0  0  1 -3  3  2 -1 -1 -2 -1  1 -2 -3 -2  1 -1 -3 -3 -2   11   2   2   9   0  25  15   3   0   2   7  11   0   0   0  11   0   0   0   1  0.29 0.13
   94 K   -2  1 -1 -1 -4  4  2 -3 -1 -4 -2  5 -2 -4 -3 -1 -1 -4  0 -3    0   2   0   2   0  32  10   0   0   0   4  45   0   0   0   0   2   0   3   0  0.75 0.25
   95 Y   -1 -3 -1 -4  4 -3 -3 -4 -2  0  2 -3  0  1 -3 -1 -1 -1  4  1    3   0   4   0  15   0   0   0   0   0  30   0   0   6   0   2   3   0  21  16  0.40 0.16
   96 E    0  1 -1  1 -3  1  4 -1  3 -3 -2  1 -2 -3 -2  0 -1 -3  0 -3    6  10   0   7   0   5  36   4  10   0   3   5   0   0   0   7   3   0   4   0  0.36 0.13
   97 A    0  1 -1  0 -3  2  1  0 -1 -3 -3  3  0 -2 -2  1  1 -3  1 -2    8   5   0   2   0  13  12   6   0   0   0  24   3   0   0  10  11   0   7   0  0.26 0.11
   98 L   -3 -4 -5 -5 -3 -4 -4 -5 -4  0  6 -4  2 -1 -4 -4 -3 -3 -3 -1    0   0   0   0   0   0   0   0   0   0  97   0   3   0   0   0   0   0   0   0  1.21 0.30
   99 Q    1  2 -1 -1 -3  3  1 -2 -1 -3 -3  2 -2 -3 -2  0  2 -3 -2 -2   17   8   0   0   0  25   9   0   0   0   0  21   0   0   0   0  19   0   0   0  0.38 0.12
  100 N    1 -1  4  0 -2 -1 -1  1 -1 -3 -3  0 -2 -3 -2  2  2 -4 -3 -2   11   0  36   0   0   0   0  13   0   0   0   7   0   0   0  17  15   0   0   0  0.42 0.11
  101 F    0  1 -2 -2 -2 -1  0 -3 -2 -1  1 -1  1  5 -3 -1  0 -1  1 -1    8  13   0   0   0   0   9   0   0   0  10   0   6  44   0   0   9   0   0   0  0.28 0.08
  102 A    3 -2  1 -2 -1 -2 -2 -1 -2  0  0 -2  0 -2  1  0 -1 -3 -2  2   48   0   9   0   0   0   0   0   0   0  11   0   0   0   5   0   0   0   0  26  0.22 0.07
  103 R   -2  5 -1 -2 -3  3  0 -3 -1 -1 -2  3 -1 -3 -2 -1 -1 -3 -2 -2    0  49   0   0   0  22   0   0   0   8   0  20   0   0   0   0   0   0   0   0  0.58 0.09
  104 T    0 -1  0  0 -2  0  2 -2 -1 -2 -2  0 -1 -3 -1  2  4 -3 -2 -1    0   0   0   0   0   0  27   0   0   0   0   0   0   0   0  26  47   0   0   0  0.39 0.04
  105 V    0 -2 -1 -2 -1 -1 -2 -2 -2  2  0 -2  0 -1 -2  1  2 -3 -2  3    0   0   0   0   0   0   0   0   0  18   0   0   0   0   0  26  15   0   0  41  0.19 0.02
  106 A    3 -1 -1 -1 -1 -1 -1  0 -1 -2 -2 -1 -1 -2 -1  3  1 -3 -2 -1   59   0   0   0   0   0   0   0   0   0   0   0   0   0   0  41   0   0   0   0  0.40 0.03
  107 R   -2  6 -1 -2 -4  1  0 -2  0 -3 -2  2 -1 -3 -2 -1 -1 -3 -2 -3    0 100   0   0   0   0   0   0   0   0   0   0   0   0   0   0   0   0   0   0  0.77 0.01

                      K         Lambda
Standard Ungapped    0.1238     0.3108
Standard Gapped      0.0405     0.2670
PSI Ungapped         0.1322     0.3178
PSI Gapped           0.0405     0.2670
