
Last position-specific scoring matrix computed, weighted observed percentages rounded down, information per position, and relative weight of gapless real matches to pseudocounts
            A   R   N   D   C   Q   E   G   H   I   L   K   M   F   P   S   T   W   Y   V   A   R   N   D   C   Q   E   G   H   I   L   K   M   F   P   S   T   W   Y   V
    1 G     0  -3  -1  -2  -3  -3  -3   6  -3  -5  -5  -2  -4  -4  -3  -1  -2  -3  -4  -4    5   0   0   0   0   0   0  95   0   0   0   0   0   0   0   0   0   0   0   0  1.39 0.14
    2 S     1  -3   0  -1  -3  -2  -2  -2  -3  -2  -3  -2  -3  -4   6   3   1  -5  -3  -1    8   0   3   3   0   0   0   0   0   3   0   0   0   0  44  28   7   0   0   4  0.90 0.18
    3 A     2  -3   0  -1  -3  -2  -2   3  -1  -3  -3  -2  -1   0   3   3   0  -4  -3  -2   17   0   3   1   0   0   0  22   1   0   1   0   1   5  14  30   4   0   0   2  0.42 0.15
    4 P    -1  -3  -1   1  -4  -1  -1   0  -3  -4  -4   0  -3  -4   6   2  -2  -4  -1  -3    4   0   1   8   0   2   3   8   0   0   1   5   0   0  42  23   0   0   3   1  0.86 0.22
    5 R    -1   3   0  -2  -3   0  -1  -2  -2  -2   1   3  -1  -3  -3   3   0  -3  -1  -2    1  19   3   0   0   4   0   1   0   2  15  20   1   0   0  27   2   0   2   1  0.32 0.17
    6 V     0   0   0  -2  -2   0  -1  -1   0   1   1  -1   0   1  -2   1   1  -2   1   0    6   8   4   0   0   4   2   2   2   9  16   3   1   6   0  15   8   0   7   7  0.06 0.06
    7 Q     0  -1   1   1  -3   1   1   0  -2  -2  -1   1   0  -3   3   1   0  -4  -3  -2    4   1   6   8   0   8  12   5   0   2   6   7   3   0  15  17   4   0   0   2  0.24 0.10
    8 E    -1  -1   2   2  -3   2   2  -2   1  -3  -3   1  -2  -3   2   1   0  -4  -3  -3    2   2  13  14   0   8  12   1   5   1   1  10   1   1  12  12   5   0   0   0  0.36 0.14
    9 E    -2   2  -1   0  -4   2   3  -1   2  -1  -3   3  -2  -4   0   0  -1  -4  -3  -2    0  14   2   2   0  11  19   6   6   4   1  20   1   0   4   4   3   0   0   1  0.35 0.15
   10 L    -2   1  -1  -2  -3  -1  -1  -4  -3   1   2  -1   0   1   3  -1   0  -2   0   0    1   8   4   1   0   1   4   0   0  11  22   3   2   5  18   3   7   0   4   6  0.23 0.12
   11 C    -4  -8  -7  -8  12  -7  -8  -7  -7  -5  -5  -7  -6  -7  -7  -5  -5  -7  -7  -5    0   0   0   0 100   0   0   0   0   0   0   0   0   0   0   0   0   0   0   0  4.15 0.84
   12 L     2   1  -2  -3  -3   1  -1  -2  -1  -1   2   2   1  -1   0   0  -1  -4  -3   0   21   7   0   0   0   6   2   1   1   0  22  14   4   1   4   6   1   0   0   8  0.18 0.14
   13 V    -3  -6  -6  -6  -4  -5  -6  -6  -6   5  -2  -5  -2  -4  -5  -3  -3  -6  -4   6    0   0   0   0   0   0   0   0   0  28   0   0   0   0   0   1   0   0   0  71  1.61 0.47
   14 C    -4  -8  -7  -8  12  -7  -8  -7  -7  -5  -5  -7  -6  -7  -7  -5  -5  -7  -7  -5    0   0   0   0 100   0   0   0   0   0   0   0   0   0   0   0   0   0   0   0  4.15 0.84
   15 G    -2  -1   0  -2  -1  -1   0   5   1  -5  -4  -2  -4  -3  -4   3  -2  -5  -3  -5    1   3   5   1   2   2   7  50   4   0   1   1   0   1   0  23   1   0   1   0  0.84 0.31
   16 D    -1  -2   0   6  -5   1   2  -3   0  -5  -4  -2  -4  -1  -3  -1  -3  -5  -3  -3    7   2   3  56   0   7  12   1   2   0   1   1   0   3   1   4   1   0   1   1  0.98 0.34
   17 R    -1   2  -1  -2  -3   0   1  -3   0  -1  -2   3  -2  -1   2   0   0  -3   1   1    5  13   2   1   0   2   8   1   2   3   1  20   0   2  12   6   6   0   5  12  0.22 0.14
   18 A     5  -3  -1  -2   0  -3  -2   1  -2  -3  -4  -2  -3  -5  -1   2  -1  -5  -4  -1   54   1   2   1   2   0   1   9   1   1   0   1   0   0   3  18   3   0   0   4  0.69 0.30
   19 S     0  -3   2   1  -3  -1  -2  -2   2  -2  -2  -2  -3  -1  -3   3   3  -4  -1  -2    7   0  10  10   0   1   1   1   6   3   4   0   0   3   0  31  21   0   2   0  0.40 0.23
   20 G     0  -2  -1  -3   0  -2  -2   6   0  -6  -6  -2  -5  -5  -4   0  -2  -5  -5  -4    5   2   2   1   2   1   3  72   2   0   0   1   0   0   0   8   1   0   0   0  1.26 0.37
   21 Y    -2   3   1  -3   1  -1  -2  -4   0   0   0   1   2   2  -2  -2  -2  -2   4  -1    1  18   9   0   4   2   0   0   1   4  11   9   7   8   1   1   1   0  20   2  0.32 0.19
   22 H    -5  -2   3  -3  -6  -2  -3  -5  10  -6  -6   0  -5  -4  -5  -4  -4  -5   0  -6    0   2  14   1   0   0   0   0  75   0   0   6   0   0   0   0   0   0   2   0  2.32 0.56
   23 Y    -5  -5  -5  -6  -5  -5  -5  -6  -2  -3  -3  -5  -3   7  -6  -4   0  -1   8  -4    0   0   0   0   0   0   0   0   0   0   0   0   0  42   0   0   6   0  53   0  1.97 0.49
   24 N    -2  -2   1  -2  -5  -4  -2   6  -2  -6  -6  -3  -5  -6   0  -1  -4  -5  -5  -5    1   2   7   2   0   0   2  78   1   0   0   0   0   0   6   2   0   0   0   0  1.47 0.39
   25 A     3  -4  -4  -5   0  -2  -4  -1  -4   1  -1  -4  -2  -3  -4  -2  -2  -5  -4   5   34   0   0   0   2   1   0   4   0   5   1   0   0   0   0   1   1   0   0  51  0.78 0.31
   26 L     0  -1  -2  -3  -2  -1  -2  -3   0   2   1  -2   1   2  -1  -1  -1   3   1   2   11   3   2   1   0   2   2   0   3  15  17   0   4  10   2   3   3   4   3  16  0.16 0.10
   27 T     3  -3  -2  -3   0  -3  -3  -3  -4  -3  -4  -3  -3  -4  -3   4   5  -5  -4  -2   27   0   0   0   2   0   0   0   0   0   0   0   0   0   0  33  36   0   0   2  0.87 0.34
   28 C     1  -7  -6  -7  11  -6  -7  -5  -6  -5  -5  -6  -5  -6  -6  -4  -4  -6  -6  -4   12   0   0   0  88   0   0   0   0   0   0   0   0   0   0   0   0   0   0   0  3.21 0.66
   29 E    -2   3   2   1   2  -1   4  -1   0  -4  -3   0  -1  -1  -3  -1  -2  -4  -2  -3    2  20  10   5   6   0  39   6   2   0   1   2   1   3   0   2   0   0   1   1  0.54 0.24
   30 G     3   0  -2   0  -3  -3  -3   4  -3  -4  -4  -2  -3  -4  -3   1  -2  -4  -4   0   30   6   0   6   0   0   0  40   0   0   0   0   0   0   0  12   0   0   0   6  0.67 0.26
   31 C     1  -7  -6  -7  11  -6  -7  -5  -6  -5  -5  -6  -5  -6  -6  -4  -4  -6  -6  -4   12   0   0   0  88   0   0   0   0   0   0   0   0   0   0   0   0   0   0   0  3.21 0.66
   32 K     3   1  -2   0   3  -1  -2  -3  -3  -4  -4   5  -3  -5  -3  -1  -2  -5  -4  -4   26   6   1   6   6   0   0   0   0   0   0  51   0   0   0   3   1   0   0   0  0.82 0.32
   33 G     3  -3  -2  -3   0  -2  -2   4  -3  -2  -3   0   1  -4  -3   0   0  -4  -4  -1   36   0   0   0   2   0   2  33   0   1   0   6   4   0   0   6   4   0   0   5  0.56 0.23
   34 F    -1  -5  -5  -5  -4  -5  -5  -5  -4  -3  -2  -5  -3   9  -5  -4  -4  -2   0  -3    7   0   0   0   0   0   0   0   0   0   1   0   0  88   0   0   0   0   0   0  2.13 0.49
   35 F    -4  -5   0  -5  -4  -5  -5  -5  -4  -3  -3  -5  -3   9  -5  -4  -4  -2   0  -4    1   1   6   1   0   0   1   1   0   1   1   1   0  84   1   1   1   0   0   1  2.24 0.63
   36 R    -3   6  -2  -3  -4  -1  -2  -1   1  -4  -4   3  -3  -2  -3   0  -1   0  -3  -4    1  54   1   1   0   0   1   4   3   1   1  20   0   2   1   6   3   2   0   1  1.07 0.40
   37 R    -4   8  -3  -4  -5  -2  -3  -4  -3  -5  -4   1  -4  -5  -4  -3  -4  -5  -4  -4    1  85   1   1   0   0   1   1   0   1   1   5   0   0   1   1   1   0   0   1  2.07 0.62
   38 S     2  -3   0  -3   0  -2  -2  -2  -3  -3  -2  -1   0  -1  -3   4   4  -4  -3  -1   16   1   4   1   2   0   1   1   0   1   2   2   3   2   1  33  28   0   0   3  0.57 0.31
   39 V     1  -3  -3  -3   0  -1  -3  -1  -1   3   0  -3   1  -2  -2  -2   0  -3   0   3   14   1   1   1   2   4   1   4   1  24   7   1   3   0   2   1   5   0   4  26  0.32 0.19
   40 T    -1   1   0  -2  -1   3   0  -3  -1  -1  -1   0  -1   2  -3   1   0   1  -1   0    5   8   5   0   1  17   5   0   1   3   5   6   1  12   0  13   7   2   1   8  0.17 0.16
   41 K    -1   2   2  -1   0   0  -1   2   0  -3  -2   3   0  -1  -3   0   0   1  -3  -3    3  10  11   3   3   4   3  15   2   0   4  22   3   2   0   8   4   2   0   0  0.26 0.26
   42 S    -1   1   4   0  -4   1  -1   0   2  -2  -4   2  -3  -4  -1   0  -1   1  -1  -2    5   7  24   5   0   5   3   8   5   3   0  14   0   0   2   7   3   2   2   4  0.31 0.29
   43 A     0   2   1  -1   1   1  -1  -1   1   0   0   1   1  -1  -3   0  -1  -3  -1   0    8  14   6   3   4   6   0   3   5   7  11  10   4   2   0   5   2   0   2   7  0.07 0.12
   44 V    -1   2   1   1  -2   2   1  -1   1   0  -2   1  -1  -1  -3   0   0  -4  -3   0    5  13   6   7   1  12   8   3   3   7   2  10   1   2   0   4   6   0   0   9  0.17 0.17
   45 Y    -3  -5  -6  -4  -6  -5  -5  -6   0  -1   0   1  -4   4  -4  -4  -4  -3   8  -3    2   0   0   1   0   0   0   0   2   3   8  10   0  13   1   1   1   0  55   1  1.61 0.74
   46 C    -1   1  -1  -1   0   1   0  -3   0  -1  -1   2   0  -1   1   0   1  -4  -1   0    4   8   1   3   2   5   7   1   2   4   6  16   2   3   7   8  11   0   1   9  0.12 0.14
   47 C    -5  -1  -6  -7  11  -3  -3  -6  -6  -3  -6  -3  -6  -6  -6  -5  -5  -6  -6  -5    0   3   0   0  86   2   2   0   0   2   0   2   0   0   0   0   0   0   0   0  3.59 1.19
   48 K    -1   3  -3  -3   2   1  -2  -3   0  -2  -1   4  -3  -2   2  -1   0   1  -4  -3    5  19   0   1   5   6   1   1   2   2   8  24   0   2  12   4   5   2   0   1  0.44 0.34
   49 F     1   2  -1   0   2  -2  -2   1   0  -3  -3   2  -3   3  -2   0  -2  -3   1  -1   12  13   3   5   6   1   2  10   2   0   0  15   0  13   2   7   1   0   6   4  0.24 0.23
   50 G    -2   0   4   2  -4   0   1   2  -3  -3  -3   0  -1  -2  -4   0   0  -5  -4  -1    2   5  23  14   0   4   8  15   0   1   3   5   1   2   0   6   5   0   0   4  0.37 0.27
   51 R    -2   2   4  -1  -5   1   0   4   2  -6  -4   3  -1  -5  -4  -1  -3  -5  -5  -5    2  10  19   2   0   5   5  30   5   0   1  16   2   0   0   2   0   0   0   0  0.69 0.41
   52 A    -1   0   4   2   4   2  -1  -2  -1  -4  -4   2  -1  -5  -2   0   0  -5  -4  -4    5   5  23  11   8  11   3   2   1   1   1  13   1   0   2   7   7   0   0   1  0.47 0.34
   53 C    -5  -8  -7  -8  12  -7  -8  -2  -8  -6  -6  -8  -6  -7  -7  -6  -6  -7  -7  -6    0   0   0   0  94   0   0   4   0   0   0   0   0   0   0   0   0   0   0   0  4.22 1.37
   54 E    -1   0  -1   1  -3   0   2  -3   0   0  -1   1  -1  -1   1   0   1  -4  -1   0    3   4   1   6   0   4  16   0   3   8   6  11   1   3   8   5  11   0   1   9  0.15 0.15
   55 M    -1  -4   0  -2  -4  -4  -1  -3  -4   5  -1  -4   2   1  -1  -3   0  -4  -3   3    4   0   6   2   0   0   5   3   0  38   3   0   6   6   3   0   6   0   0  17  0.59 0.38
   56 D    -1   0   1   4  -4  -1  -1  -2   3  -2  -1   0  -1   0  -4   0   0   0  -3  -2    6   6   6  29   0   2   2   2   9   1   7   5   2   4   0   8   6   1   0   2  0.36 0.29
   57 M    -2   2  -3  -1  -1   0   1  -4   0  -1  -1   4   1   1  -2  -1   0  -4   1  -2    2  13   0   2   1   2   8   0   2   4   5  31   3   6   1   5   7   0   5   2  0.39 0.32
   58 Y    -1   0   2   0  -3  -1   0  -1   1   0   0   1   0   1  -1   0   1   1   1  -1    3   3  14   6   0   1   5   4   3   8   8   9   2   7   2   4   9   2   4   3  0.08 0.12
   59 M    -1   0   2   0  -1   1  -1   1   2   0  -1   0   2   0  -3   0   0  -3   2  -1    3   6   9   5   1   5   2  13   5   6   5   7   8   3   0   8   5   0   7   2  0.11 0.15
   60 R    -2   7  -4  -3  -6  -3  -4  -6   0  -1  -2   1  -5  -1  -6  -2  -5   1  -1  -5    3  67   0   2   0   0   0   0   2   4   4   7   0   3   0   3   0   2   2   0  1.58 0.77
   61 R    -3   1   4  -1   2  -1  -1  -3   1  -2  -2   3  -1   1   0  -1  -1   1  -1  -2    1   9  28   3   6   1   2   0   3   2   4  19   2   6   4   2   2   2   2   3  0.41 0.23
   62 K    -1   3   2  -3  -4   1  -2  -3   0  -1  -1   3   1   0  -1   1  -1  -4  -3  -1    5  20  10   0   0   8   0   0   2   4   4  18   5   5   2  11   2   0   0   4  0.29 0.19
   63 C    -5  -8  -8  -8  12  -8  -9  -7  -8  -6  -6  -8  -6  -7  -8  -6  -6  -7  -7  -6    0   0   0   0 100   0   0   0   0   0   0   0   0   0   0   0   0   0   0   0  4.41 1.01
   64 Q    -3   5  -3  -4  -6   6  -2  -5  -3  -6  -6   4  -4  -6   1  -3  -1  -6  -5  -6    1  34   0   0   0  34   0   0   0   0   0  21   0   0   7   0   3   0   0   0  1.33 0.50
   65 E     3  -1  -2  -3  -2   0  -1  -3   1  -3  -2   0  -3   1   0   2  -2  -3   4  -3   33   3   2   1   1   4   4   0   3   1   3   5   0   5   4  16   0   0  16   0  0.43 0.27
   66 C    -5  -8  -8  -8  12  -8  -9  -7  -8  -6  -6  -8  -6  -7  -8  -6  -6  -7  -7  -6    0   0   0   0 100   0   0   0   0   0   0   0   0   0   0   0   0   0   0   0  4.41 1.01
   67 R    -6   8  -5  -6  -8  -3  -4  -7  -5  -7  -6  -2  -6  -7  -6  -5  -5   3  -6  -7    0  96   0   0   0   0   0   0   0   0   0   0   0   0   0   0   0   4   0   0  2.81 0.80
   68 L    -5  -5  -6  -6  -5  -5  -6  -6  -1  -1   4  -5   1   6  -6  -3  -4  -3   4  -2    0   0   0   0   0   0   0   0   1   2  45   0   3  31   0   2   0   0  14   1  1.23 0.43
   69 K    -2   3   0   1  -5   4   0  -3   0  -3  -3   4  -1  -5  -4  -2  -1  -5  -4  -4    2  18   3   8   0  21   4   1   2   1   3  30   1   0   0   2   4   0   0   0  0.67 0.31
   70 K    -4   3  -2  -4  -7  -1  -3  -5  -4  -6  -6   7  -5  -7  -5  -2  -4  -7  -2  -4    0  12   2   0   0   1   0   0   0   0   0  81   0   0   0   2   0   0   2   1  1.95 0.63
   71 C    -5  -8  -8  -8  12  -8  -9  -7  -8  -6  -6  -8  -6  -7  -8  -6  -6  -7  -7  -6    0   0   0   0 100   0   0   0   0   0   0   0   0   0   0   0   0   0   0   0  4.41 1.01
   72 L    -4  -2  -3  -5   1  -2  -5  -6  -1   2   4  -3   0   3  -5  -4  -3  -3   3   1    0   2   1   0   3   2   0   0   1  11  46   2   1  10   0   0   0   0   9  11  0.68 0.29
   73 A     1   0   0   1  -4   2   4  -3  -1  -3  -3   2  -2  -3  -1   0  -1  -5  -2  -2   15   3   4   8   0  10  29   0   1   1   1  12   1   1   2   7   2   0   2   2  0.44 0.24
   74 V     3  -4  -4  -4  -2  -3  -3  -4  -5   1   0  -2   4  -2  -1  -2  -2  -5  -4   5   24   0   1   1   1   0   1   0   0   7   6   2  11   1   2   3   0   0   0  40  0.64 0.30
   75 G    -4  -6  -1  -5  -7  -6  -6   7  -6  -8  -8  -5  -7  -7  -6  -4  -6  -7  -7  -7    0   0   3   0   0   0   0  97   0   0   0   0   0   0   0   0   0   0   0   0  2.58 0.68
   76 M    -6  -6  -7  -8  -6  -5  -7  -8  -6  -3  -1  -6  11  -5  -7  -6  -5  -6  -6  -4    0   0   0   0   0   0   0   0   0   0   3   0  97   0   0   0   0   0   0   0  3.66 0.94
   77 R    -1   3   3   1  -4   0  -1  -3  -2  -3  -2   3   2  -4  -3   1   0  -5  -3  -1    2  17  16   7   0   4   1   0   0   0   4  19   6   0   0  12   6   0   0   4  0.39 0.22
   78 P    -1   3  -2  -2  -4  -1   0  -2   0   0  -1   3   0  -4   3   0  -1  -4  -3  -2    5  22   0   1   0   1   4   3   3   6   5  22   2   0  16   7   3   0   0   1  0.41 0.21
   79 E    -2  -1   1   4   0   0   5  -1  -3  -5  -3   0  -2  -5  -3   1  -2  -5  -4  -4    2   3   6  22   2   2  37   6   0   0   2   6   1   0   0   9   1   0   0   1  0.66 0.29
   80 C     4  -1   1  -3   3  -2  -3   0  -3  -2   0   0  -1  -1  -3   0  -2   0   1  -1   37   2   8   0   7   1   0   7   0   1   9   8   1   2   0   5   0   1   5   4  0.31 0.21
   81 V    -1  -3  -5  -5  -3  -4  -5  -4  -5   3  -1  -4   1   2  -5  -3  -3  -4  -3   6    3   2   0   0   0   0   0   1   0  18   3   0   2  10   0   1   0   0   0  57  1.00 0.37
   82 V    -1   4  -2  -3  -4   6  -1  -4  -3  -3   0   1   0  -4  -4  -2  -3  -4  -4  -2    4  25   1   0   0  41   2   1   0   1  12   6   2   0   0   1   0   0   0   2  0.88 0.37
   83 P    -1   2   1   0   0   1   0  -2   2  -3  -2   1  -1   1   1   1   1  -3  -1  -2    4  13   6   4   2   6   6   2   6   0   3   6   1   9   6  14   8   0   1   2  0.14 0.11
   84 E    -2   1   2   4  -1   0   4   0  -1  -4  -3   1  -2  -4  -3  -2  -3  -4  -4  -4    2   8   9  27   2   2  28   8   1   0   2   6   1   0   0   1   1   0   0   1  0.61 0.26
   85 N    -3   6  -1  -2  -5  -1   2  -3  -3  -2  -3   1  -3  -4  -3   0   0  -5  -4  -4    1  57   3   1   0   0  12   2   0   2   2   5   0   0   1   6   6   0   0   0  1.00 0.39
   86 Q    -1   0   0   4   0   2   1  -1  -2  -3  -2   1   2  -2   1  -1  -1  -3  -3  -2    2   4   3  25   2   9  10   5   0   1   2  12   7   2   8   2   3   0   0   2  0.29 0.17
   87 C     0   3  -1  -2   2  -1  -2   0  -2  -1   0   0  -2  -2   2   1  -1  -3  -2  -1    7  19   2   1   5   2   1   9   0   3  13   6   0   2  13  10   2   0   0   5  0.19 0.13
   88 A     0   1   0  -2  -1   0  -1   0  -2   2   0   1  -1   0  -1  -1   0  -2   1   0    8   9   4   1   1   3   3   8   0  18   7  11   0   4   2   3   5   0   6   6  0.05 0.08
   89 M     0   2   0  -2  -3  -1   0   2  -2   0  -1   2  -1  -3  -1   1   0  -3  -2  -1    8  12   3   1   0   2   4  15   0   7   7  15   2   0   2  16   3   0   1   4  0.14 0.12
   90 K     0   2   0   0  -2   1   0   0  -2  -1  -1   3   0  -1  -1   1   0  -3   0  -1    5  13   3   3   1   4   5   6   0   4   7  21   2   2   3  11   4   0   3   3  0.14 0.11
   91 R    -2   5   2  -2  -4   1  -1  -2  -3  -1  -2   2  -2  -4   0   1   0  -5  -4  -2    1  39   9   1   0   5   2   2   0   3   3  13   1   0   4  11   6   0   0   2  0.59 0.30
   92 R    -2   4   0   0  -4   1   1  -2  -1  -1  -2   3   0  -2  -2   0  -2  -4  -3  -2    2  28   5   5   0   4   7   2   1   3   4  24   3   2   1   5   1   0   0   3  0.42 0.24
   93 E     0   1   1   0  -3   0   2   1   1  -1  -1   2   0  -1  -2   0  -1  -3  -1  -2    6   8   7   5   0   3  15  10   3   5   6  15   4   2   1   4   3   0   2   1  0.12 0.11
   94 K    -1   3   0  -1  -4   0  -1  -3  -1   1  -1   4  -2  -1  -1   0   0  -4  -2  -1    4  14   5   2   0   3   2   1   1  10   5  31   0   3   3   7   5   0   1   3  0.28 0.21
   95 K    -1   2   1  -1  -4   2   1  -1   0   0  -1   2   1  -2   0   0  -1  -4  -1  -2    2  13   6   3   0  11  11   4   2   6   7  16   5   1   4   5   1   0   1   1  0.18 0.15
   96 A     1   1   1   0  -3   0   0   0  -1   0  -1   1   0  -2   1   0   0  -3  -1   0   11   7   9   6   0   5   4   5   0   7   3   9   3   1   8   6   6   0   2   8  0.09 0.07
   97 Q    -1   2   2   1  -2   2   2  -2  -1  -1  -2   1   0  -4   2   1  -1  -4  -2  -2    2  14  11   6   1  10  13   2   1   4   4   6   3   0   9  10   3   0   1   2  0.23 0.17
   98 K     0   3   1  -1  -3   0   1  -2  -2  -1  -2   3  -1  -3   0   1   0  -4  -3  -1    6  19   7   3   0   4   7   2   0   3   3  19   1   1   4  13   3   0   0   4  0.26 0.19
   99 E     0   2  -1   0  -2   1   4  -1   1  -3  -3   1  -3  -4   0   1  -1  -4   0  -3    7  10   2   5   1   5  29   5   3   1   2   9   0   0   4   9   3   0   3   1  0.32 0.21
  100 K     0   2  -1   0  -4   1   1  -2  -2   0  -2   3   1  -1  -1   0  -1  -4   0  -1    9  12   2   6   0   4  10   1   0   8   2  21   4   3   3   8   1   0   3   3  0.18 0.16
  101 D    -1   2   1   3   2   3   1  -3   0  -2  -2   0   1  -4   0  -1  -1  -4  -2  -1    5  10   6  18   4  13  11   1   2   1   3   5   5   0   3   3   2   0   1   6  0.26 0.19
  102 K    -1   2   0   0  -1   3   0  -1  -1  -1  -1   2  -1  -4   2   1   0  -4  -2  -2    4  11   4   3   1  14   5   3   1   4   5  14   1   0  10  15   4   0   1   1  0.25 0.18
  103 M     0   0  -1  -1  -2   0  -1  -1  -1   1   1   0   2  -1   2   0   0  -1  -1   0    8   6   3   4   0   3   4   4   1  10  16   4   9   2  10   6   4   1   1   6  0.07 0.08
  104 T     0   0   1   0  -1   1   2  -2  -2  -2  -2   1   1  -1   1   1   1  -4  -2   1    4   4   6   4   1   5  14   2   0   0   3   8   4   3   7  14   9   0   1  12  0.13 0.14
  105 T     1  -2   2  -1  -3   0   1   1  -2  -2  -1   0  -1   0  -2   1   2  -4  -3  -2   13   1  12   2   0   4   8  10   0   1   7   4   2   5   1  13  18   0   0   1  0.20 0.18
  106 S     0   0  -1   0  -1   1   0   0  -1   0  -2  -2   1  -4   1   4   0  -5  -3  -2    5   5   1   4   1   5   5   7   1   6   3   1   4   0   8  38   3   0   1   2  0.32 0.26
  107 P    -1   1  -1  -1  -4   0  -1  -2  -1  -1   0   0  -1  -4   5  -1  -1   0  -1   0    4   8   3   3   0   3   2   3   1   4  10   5   1   0  35   5   3   1   2   6  0.52 0.26
  108 S     0   1  -1   2  -3   1   0  -2  -1  -2  -2   0   1  -3   2   3   1  -4  -3  -1    5   8   1  12   0   6   4   2   1   1   4   4   4   1  10  24   8   0   0   5  0.25 0.20
  109 S     1  -1   0   0  -3   1   1  -1   0  -3  -2  -1   1  -1   1   2   1  -3   1  -2    9   1   4   5   0   7   7   3   2   0   3   3   4   2   7  21  11   0   7   2  0.18 0.17
  110 Q     0   1   0   1  -1   1   2  -1   0  -2  -1  -1  -2  -1   1   0   0  -3   1  -2    6  10   3  10   2   8  19   5   1   1   6   2   0   3   6   4   5   0   7   2  0.15 0.13
  111 H    -1  -1   1   0  -4   3   2  -1   3  -1   0   0   0  -3  -2   0   0  -4  -3   0    3   2   7   3   0  19  15   4   8   3   9   3   2   0   1   8   6   0   0   7  0.23 0.19
  112 G     2   0   0  -3   1   0  -2   2   0  -2  -2  -2   0  -1   2   2   0  -4  -3  -2   16   6   6   0   3   5   1  19   2   2   3   0   3   3  13  15   3   0   0   1  0.28 0.20
  113 S     0   1  -1   0  -3   0   1   0  -3  -4  -4  -1  -1  -1   2   3   1  -4  -1  -2    6   8   2   4   0   4  10   7   0   0   0   1   2   3   9  34   7   0   2   3  0.34 0.24
  114 P    -2  -3   0  -2  -2  -2  -1  -2  -4  -4  -2  -2   0  -5   7   0   1  -6  -5  -1    3   1   5   2   1   2   4   3   0   0   4   1   3   0  53   5   8   0   0   4  1.14 0.43
  115 G     2  -1   0  -1  -3   2   0   1  -1  -1  -3   0  -3  -4   3   2   0  -4  -3  -2   20   3   4   1   0  12   5  12   2   3   0   4   0   0  13  15   5   0   0   1  0.32 0.19
  116 I    -2  -3  -3  -3  -3   1   0  -4  -4   4   1  -3   3  -2   0  -2   0  -4  -3   2    1   0   0   0   0   7   8   0   0  29  13   0  11   0   5   1   6   0   0  17  0.41 0.22
  117 H    -2  -1   4  -1  -4   2   3  -3   3  -3  -2   0  -2  -3  -1   0   0  -4   0  -1    0   0  23   0   0  11  27   0   8   0   4   5   0   0   3   5   4   0   3   6  0.40 0.16
  118 R    -2   2   0   4   0   1   3  -3  -2  -3  -1   1   0  -4  -3  -1   0  -4  -3  -3    0  16   3  27   3   4  25   0   0   0   7   6   4   0   0   0   5   0   0   0  0.43 0.14
  119 D    -3  -3   0   7  -5  -1   2  -2  -2  -4  -5  -2  -4  -5  -3  -1  -2  -5  -4  -4    0   0   0  91   0   0   9   0   0   0   0   0   0   0   0   0   0   0   0   0  1.41 0.19

                      K         Lambda
Standard Ungapped    0.1338     0.3230
Standard Gapped      0.0434     0.2670
PSI Ungapped         0.1419     0.3178
PSI Gapped           0.0434     0.2670
