
Last position-specific scoring matrix computed, weighted observed percentages rounded down, information per position, and relative weight of gapless real matches to pseudocounts
            A   R   N   D   C   Q   E   G   H   I   L   K   M   F   P   S   T   W   Y   V   A   R   N   D   C   Q   E   G   H   I   L   K   M   F   P   S   T   W   Y   V
    1 A     3  -2  -1  -2  -1  -1  -1   4  -2  -2  -2  -1  -2  -3  -1   1  -1  -3  -2  -1   58   0   0   0   0   0   0  42   0   0   0   0   0   0   0   0   0   0   0   0  0.47 0.00
    2 S     1  -1   1   0  -1   0   0   0  -1  -2  -3   0  -2  -2  -1   4   1  -3  -2  -2    0   0   0   0   0   0   0   0   0   0   0   0   0   0   0 100   0   0   0   0  0.46 0.00
    3 A     4  -2  -2  -2   0  -1  -1   0  -2  -1  -2  -1  -1  -2  -1   1   0  -3  -2   0  100   0   0   0   0   0   0   0   0   0   0   0   0   0   0   0   0   0   0   0  0.43 0.01
    4 S     0  -1   0  -1  -1  -1  -1   3  -2  -2  -2  -1  -2  -3  -1   2   3  -3  -2  -1    0   0   0   0   0   0   0  29   0   0   0   0   0   0   0  39  32   0   0   0  0.37 0.01
    5 P    -1  -2  -2  -2  -3  -1  -1  -2  -2  -3  -3  -1  -3  -4   8  -1  -1  -4  -3  -2    0   0   0   0   0   0   0   0   0   0   0   0   0   0 100   0   0   0   0   0  2.08 0.02
    6 K     0   0  -1  -2  -2   0  -1   3  -2   0  -1   2  -1  -2  -2  -1  -1  -3  -2   1    0   0   0   0   0   0   0  29   0   0   0  39   0   0   0   0   0   0   0  32  0.19 0.01
    7 Q    -1   0   0   3  -3   4   1  -2   0  -3  -3   0  -1  -4   4   0  -1  -3  -2  -3    0   0   0  22   0  53   0   0   0   0   0   0   0   0  25   0   0   0   0   0  0.64 0.02
    8 R     0   4   0  -1  -2   0   0  -2  -1  -2  -2   1  -1  -3  -2   2   2  -3  -2  -2    0  56   0   0   0   0   0   0   0   0   0   0   0   0   0  22  21   0   0   0  0.42 0.02
    9 R    -1   3   0   0  -3   1   2   2  -1  -3  -3   2  -2  -3  -2   0  -1  -3  -2  -3    0  32   0   0   0   0  21  25   0   0   0  22   0   0   0   0   0   0   0   0  0.39 0.01
   10 S     1  -1   0  -1  -1   0   0  -1  -1  -3  -3  -1  -2  -3   3   4   1  -3  -2  -2    0   0   0   0   0   0   0   0   0   0   0   0   0   0  19  81   0   0   0   0  0.57 0.04
   11 I    -1   4  -1  -1  -2   0   0  -2  -1   1  -1   2   0  -2  -2  -1  -1  -2  -1   0    1  44   1   1   0   1   1   1   0  25   2  17   0   1   1   1   1   0   1   1  0.23 0.02
   12 I     1   2  -1  -1  -1   0  -1  -1  -1   1   0   0   0  -1  -1   1   0  -2  -1   0   20  25   1   1   0   1   1   1   0  25   2   1   0   1   1  17   1   0   1   1  0.10 0.01
   13 R    -1   5  -1  -2  -3   1   0  -2  -1  -3  -2   2  -1  -3  -2   0   1  -3  -2  -2    0  81   0   0   0   0   0   0   0   0   0   0   0   0   0   0  19   0   0   0  0.65 0.04
   14 D    -1   0   0   3  -3   0   2  -2  -1   1  -1   2  -1  -2  -2  -1  -1  -3  -2   0    0   0   0  25   0   0  19   0   0  24   0  33   0   0   0   0   0   0   0   0  0.24 0.02
   15 R     1   4  -1  -1  -2   0   0  -1  -1  -3  -2   1  -1  -3  -2   1   0  -3  -2  -2   24  57   0   0   0   0   0   0   0   0   0   0   0   0   0  19   0   0   0   0  0.42 0.03
   16 G     2  -2  -1  -2  -1  -1  -1   4  -2  -2  -2  -1  -2  -3  -2   1   2  -3  -2  -1   33   0   0   0   0   0   0  44   0   0   0   0   0   0   0   0  24   0   0   0  0.44 0.02
   17 P     1   0  -1  -1  -2   0  -1  -2  -2  -2  -2   2  -2  -3   5   0   1  -3  -2  -2   15   0   0   0   0   0   0   0   0   0   0  26   0   0  44   0  16   0   0   0  0.75 0.03
   18 M    -1   3  -1  -1  -3   0   2  -2  -1  -2  -1   0   2  -2   4  -1  -1  -3  -2  -2    0  26   0   0   0   0  22   0   0   0   0   0  22   0  30   0   0   0   0   0  0.50 0.03
   19 Y    -1  -1  -1  -2  -3   2  -1   3   0  -2  -1  -1   1   0  -2  -1  -1   5   3  -2    0   0   0   0   0  22   0  30   0   0   0   0  12   0   0   0   0  13  22   0  0.39 0.03
   20 D    -2  -2   0   5  -3   0   2  -2  -2  -1  -2  -1  -2  -3  -2  -1  -1  -4  -3   0    0   0   0  70   0   0  11   0   0   0   0   0   0   0   0   0   0   0   0  20  0.61 0.05
   21 D    -1  -2  -1   3   8  -2  -1  -2  -2  -2  -2  -2  -2  -3  -2  -1  -1  -3  -2  -1    1   1   1  32  57   1   1   1   0   1   1   1   0   0   1   1   1   0   0   1  0.75 0.05
   22 P    -1  -2   2  -1  -3  -2  -2  -2  -2  -3  -3  -1  -2   2   7  -1  -1  -3  -1  -3    0   0  16   0   0   0   0   0   0   0   0   0   0  15  68   0   0   0   0   0  1.30 0.08
   23 T     1   1  -1  -2  -2  -1  -1  -1  -2  -2  -2   0  -2  -2   4   1   1   5  -1  -2   23   9   0   0   0   0   0   0   0   0   0   8   0   0  25   9  11  14   0   0  0.50 0.05
   24 L    -1  -2  -3  -3  -1  -2  -3  -4  -3   2   3  -2   1   0  -3  -2   1  -2  -2   1    0   0   0   0   0   0   0   0   0  10  64   0   0   0   0   0  15   0   0  11  0.39 0.06
   25 P    -1  -2  -2  -2  -3   1  -1   1  -2  -4  -4  -1  -3  -4   7  -1  -2  -4  -3  -3    0   0   0   0   0  13   0  10   0   0   0   0   0   0  77   0   0   0   0   0  1.65 0.14
   26 E     0   1  -1   1   3   1   1  -2   3  -3  -3   0  -2  -3   4   0   0  -3  -2  -2    7   7   0   8  10   4   9   0  13   0   0   6   0   0  26   0   8   0   0   0  0.43 0.05
   27 G    -1  -3  -1   0  -3  -2  -2   6  -3  -4  -4  -2  -3  -4  -3  -1  -2  -3  -4  -4    0   0   0   7   0   0   0  93   0   0   0   0   0   0   0   0   0   0   0   0  1.26 0.13
   28 W    -4  -4  -5  -5  -3  -3  -4  -4  -3  -3  -2  -4  -2   3  -5  -4  -3  11   1  -4    0   0   0   0   0   0   0   0   0   0   0   0   0  13   0   0   0  87   0   0  2.75 0.22
   29 T    -1   3  -1  -1  -3   2   2  -2  -1  -1  -2   3  -1  -3  -2   0   1  -3  -2  -2    0  21   0   0   0  13  14   0   0   7   0  27   0   0   0   8   9   0   0   0  0.33 0.06
   30 R    -2   6  -1  -2  -3   0  -1  -3  -1  -2  -2   2  -2  -3  -3  -1   0  -3  -2   0    0  77   0   0   0   0   0   0   0   0   0   4   0   0   0   0   7   0   0  12  0.76 0.12
   31 K    -1   1  -1   0  -3   1   4  -2  -1  -2  -1   1  -1  -3  -2   1  -1  -3  -2   0    0   9   0   0   0   0  44   0   0   0   6   9   0   0   0  21   0   0   0  10  0.33 0.07
   32 L    -1  -2  -2   0  -2  -1   2  -3  -2   1   2  -1   0  -1  -2  -1   0  -3  -2   2    0   0   0   5   0   0  25   0   0   7  29   0   0   0   0   0   7   0   0  27  0.19 0.05
   33 K    -1   3  -1  -2  -3   0  -1  -2   2   0  -1   3  -1  -2  -2   0  -1  -3  -2   1    0  30   0   0   0   0   0   0   8   7   0  31   0   0   0   5   0   0   0  19  0.30 0.07
   34 Q    -2  -2  -3  -3  -2   2  -1  -3  -2   3   1  -2   0   1   2  -2  -1  -2  -1   1    0   0   0   0   0  19   0   0   0  40  13   0   0   9  12   0   0   0   0   7  0.26 0.07
   35 R    -2   6  -1  -2  -4   0  -1  -3  -1  -4  -3   2  -2  -4  -3  -1  -2  -3  -2  -3    0  91   0   0   0   0   0   0   0   0   0   9   0   0   0   0   0   0   0   0  1.12 0.15
   36 K    -1   2   1  -1  -3   0   0   0  -1  -2  -1   3  -1  -3  -2   1   1  -3  -2  -2    0  12   7   0   0   0   0   6   0   0  10  45   0   0   0   8  12   0   0   0  0.28 0.06
   37 S     0  -1   0   2  -2   0   2  -1  -1  -2  -2  -1  -2   1  -1   3   0  -2  -1  -2    1   0   0  14   0   0  15   1   0   0   1   1   0  13   0  51   1   0   0   1  0.31 0.07
   38 G     0  -2  -1  -1  -2  -1  -2   5  -2  -3  -3  -1  -2  -2  -2   1  -1  -2  -2  -2    2   1   1   1   0   1   1  73   0   1   2   1   0   1   1  10   1   0   1   1  0.76 0.07
   39 R     1   1  -1  -1  -1   0  -1   1  -1  -1   0   1  -1  -2  -1   1   1  -2  -1  -1   16  10   1   1   0   1   1  15   0   1  10  11   0   1   1  11  16   0   1   1  0.12 0.02
   40 S     0   1   0  -1  -1   0   0  -1   2  -2  -2   2  -1  -2  -1   2   2  -2  -1  -1    2   8   1   1   0   1   1   2  10   1   2  16   0   1   1  23  27   0   1   1  0.22 0.04
   41 A     2   1  -2  -2   1  -1  -2  -1  -1  -1   0  -1  -1   2  -2   0  -1  -1   2  -1   39  15   0   0   5   0   0   0   0   0   7   0   0  13   0   7   0   0  13   0  0.20 0.06
   42 G     1  -2  -1  -1  -2  -1  -1   4  -2  -3  -3  -1  -2  -2  -2   2  -1   4  -2  -2    9   1   1   1   0   1   1  49   0   1   1   1   0   1   1  22   1  10   0   1  0.54 0.06
   43 K    -1   2   0  -1  -3   2   0  -2   3  -2  -2   3  -1   0  -2   0   0  -2  -1  -2    1  15   0   0   0  17   1   1  12   0   1  32   0   6   0   6   7   0   0   1  0.31 0.06
   44 Y     0  -1  -1  -2  -2  -1  -2   1  -1   0   0  -1   2   1  -2   1  -1  -1   2   1    7   5   0   0   0   0   1  17   0   8   1   0  14  10   0  14   0   0   9  12  0.09 0.03
   45 D    -2  -2   0   6  -4   0   3  -2  -2  -4  -4  -1  -4  -4  -2  -1  -2  -5  -4  -4    0   0   0  83   0   0  17   0   0   0   0   0   0   0   0   0   0   0   0   0  1.16 0.14
   46 V     0   0  -2  -2  -2  -1  -2  -3  -2   1   0   1   0  -2  -2  -1   2  -3  -2   3    7   7   0   0   0   0   0   0   0   5   0  12   0   0   0   0  20   0   0  48  0.22 0.07
   47 Y     0  -2  -3  -3  -3  -2  -3  -3   0  -2  -2  -2  -2   3  -3   0  -2   5   7  -2    7   0   0   0   0   0   0   0   0   0   0   0   0  11   0   7   0   9  65   0  0.94 0.13
   48 L    -3  -3  -3  -4  -3  -2  -3  -4   1  -2   0  -3  -1   3  -4  -3  -2   1   7  -2    0   0   0   0   0   0   0   0   0   0   9   0   0  10   0   0   0   0  81   0  1.18 0.16
   49 I    -2  -2  -3  -3  -2   0  -2  -4  -1   3   0  -2   0   3  -3  -2  -2   0   5   1    0   0   0   0   0   9   0   0   0  34   0   0   0  18   0   0   0   0  33   6  0.44 0.09
   50 N     2  -1   1   0  -2   0   2  -1  -1  -2  -3  -1  -2  -3   2   2   2  -3  -2  -2   23   0   9   0   0   0  19   0   0   0   0   0   0   0   8  27  13   0   0   0  0.32 0.06
   51 P    -2  -3  -3  -2  -4  -2  -2  -3  -3  -4  -4  -2  -3  -5   8  -2  -2  -5  -4  -3    0   0   0   0   0   0   0   0   0   0   0   0   0   0 100   0   0   0   0   0  2.41 0.19
   52 Q     0  -1  -1  -1   4   2  -1  -2  -2  -2  -2  -1  -1  -3  -2   2   4  -3  -2  -1    0   0   0   0  17  19   0   0   0   0   0   0   0   0   0  22  42   0   0   0  0.46 0.10
   53 G    -1  -3  -1  -2  -3  -3  -3   6  -3  -5  -4  -2  -3  -4  -3  -1  -2  -3  -4  -4    0   0   0   0   0   0   0 100   0   0   0   0   0   0   0   0   0   0   0   0  1.42 0.14
   54 K    -1   2   1   0  -3   1   2  -2  -1  -2  -1   4  -1  -3  -2  -1  -1  -3  -2  -2    0  12   7   5   0   0  13   0   0   0  10  53   0   0   0   0   0   0   0   0  0.41 0.08
   55 A     0   3  -1  -2  -3   1   0  -2  -1  -3  -3   5  -2  -4  -2  -1  -1  -3  -2  -3    9  22   0   0   0   0   0   0   0   0   0  68   0   0   0   0   0   0   0   0  0.67 0.11
   56 F    -2  -3  -4  -4  -2  -3  -3  -4  -2   1   3  -3   2   5  -4  -3  -2  -1   1   0    0   0   0   0   0   0   0   0   0   9  35   0   9  46   0   0   0   0   0   0  0.56 0.09
   57 R    -2   6  -1  -2  -4   0  -1  -3  -1  -4  -3   3  -2  -4  -3  -1  -2  -3  -2  -3    0  83   0   0   0   0   0   0   0   0   0  17   0   0   0   0   0   0   0   0  1.04 0.14
   58 S     0  -1   0  -1  -2   2   0  -1  -1  -3  -3  -1  -2  -3  -2   5   0  -3  -2  -2    0   0   0   0   0  17   0   0   0   0   0   0   0   0   0  83   0   0   0   0  0.68 0.14
   59 K    -1   3  -1  -2  -3   0   0  -2  -1  -2  -2   3   1   1  -2   0   0  -2   1  -2    0  18   0   0   0   0   0   0   0   0   0  43   7   9   0   8   6   0   7   0  0.31 0.07
   60 V     1   0   2  -1  -2  -1  -1  -2  -2  -1  -2  -1  -1  -3   4   0   0  -3  -2   1   16   5  20   0   0   0   0   0   0   0   0   0   0   0  25   5   5   0   0  25  0.36 0.06
   61 E     0  -1  -1   1  -3   2   5  -2  -1  -4  -3   0  -2  -4  -2   1  -1  -3  -3  -3    7   0   0   0   0   8  75   0   0   0   0   0   0   0   0  10   0   0   0   0  0.76 0.12
   62 L    -1  -3  -4  -4  -1  -3  -3  -4  -3   3   3  -3   1  -1  -3  -2  -1  -3  -2   4    0   0   0   0   0   0   0   0   0  13  37   0   0   0   0   0   0   0   0  50  0.46 0.08
   63 I     2  -1  -2  -2  -2   1   0  -2  -2   2   1  -1   0  -2  -2   0   1  -3  -2   0   31   0   0   0   0  14   7   0   0  26  12   0   0   0   0   0   9   0   0   0  0.15 0.06
   64 M     1   3   1  -1  -2   0  -1  -2  -1  -2  -2   2   0  -1  -2   1  -1  -2   2  -2   18  25  10   0   0   0   0   0   0   0   0  23   5   0   0   8   0   0  12   0  0.26 0.06
   65 Y    -3  -3  -3  -4  -3  -3  -3  -4   1  -2  -1  -3  -2   4  -4  -3  -2   1   7  -2    0   0   0   0   0   0   0   0   0   0   0   0   0  21   0   0   0   0  79   0  1.29 0.16
   66 F    -2  -3  -4  -4  -2  -3  -3  -4  -3   2   4  -3   1   2  -3  -3  -2  -2  -1   1    0   0   0   0   0   0   0   0   0   7  77   0   0   9   0   0   0   0   0   6  0.56 0.09
   67 E    -1  -1   1   2  -3   0   2   2   1  -1  -1  -1  -2  -3  -2   1  -1  -3  -2  -2    0   0   6  15   0   0  27  18   5   7   5   0   0   0   0  17   0   0   0   0  0.25 0.05
   68 K     1   2   1   1  -2   0   0  -1  -1  -3  -3   3  -2  -3   2   1  -1  -3  -2  -2   16   8   5   7   0   0   0   0   0   0   0  42   0   0  11   8   0   0   0   0  0.34 0.06
   69 V     1  -1   5   0  -2  -1  -1  -1  -1  -1  -2  -1  -1  -2  -2   1   0  -3  -2   1   17   0  50   1   0   0   1   1   0   0   1   1   0   0   1   9   1   0   0  17  0.37 0.08
   70 G     1  -2  -1  -1   3   1   0   3  -2  -2  -2  -1  -2  -3   1   0  -1  -2  -2  -1   10   0   0   1  10   9   6  35   0   0   1   1   0   0   8   8   1   0   0   9  0.29 0.05
   71 D    -1  -1   2   3  -3   0   3   1  -1  -1  -2   1  -2  -3  -2   0  -1  -3  -2  -2    1   0  14  28   0   0  25  10   0   9   1   8   0   0   1   1   1   0   0   1  0.33 0.05
   72 T    -1  -1  -1  -2  -2  -1   0  -1  -2   0   0   0   1   1   2   0   3  -2  -1   0    0   0   0   0   0   0   7   5   0   8  11   8   8   7  10   0  32   0   0   0  0.14 0.05
   73 S     0   0  -1   0  -2  -1  -1   0  -1  -2  -2  -1  -1   2  -2   1   2  -1   2  -1    8   7   0   8   0   0   0   7   0   0   0   0   0  14   0  19  23   0  14   0  0.18 0.06
   74 L     0  -2   0  -2  -2  -2   0  -3  -2   2   2  -2   2   1  -3  -2  -1  -2  -1   2    8   0   7   0   0   0   8   0   0   8  37   0   5   6   0   0   0   0   0  22  0.17 0.05
   75 D     0   1   2   3  -2   0   0  -1  -1  -2  -1   2  -1  -2  -1   1  -1  -3  -2  -2    8  10  14  27   0   0   1   1   0   1   9  17   0   0   1   9   1   0   0   1  0.24 0.04
   76 P    -1   2  -2  -2  -2  -1  -1   0  -2  -1   1  -1   0  -2   5  -1  -1  -2  -2  -1    1  19   1   1   0   0   1  11   0   1  28   1   0   0  35   1   1   0   0   1  0.48 0.06
   77 N    -1  -1   2   3  -2   0   2   2  -1  -3  -3   0  -2  -3  -1   1   0  -3  -2  -2    1   1  10  26   0   0  20  17   0   1   1   1   0   0   1  19   1   0   0   1  0.36 0.05
   78 D    -1  -1   2   4  -2   1   0  -1   4  -3  -3  -1  -2  -2  -1   1   0  -3  -1  -2    1   1   9  36   0   8   1   1  17   1   1   1   0   0   1  16   7   0   0   1  0.39 0.06
   79 F    -3  -3  -3  -4  -3  -3  -3  -4   3  -1   0  -3  -1   7  -4  -3  -3   0   2  -2    0   0   0   0   0   0   0   0  10   0   0   0   0  90   0   0   0   0   0   0  1.13 0.15
   80 D    -1  -1   3   4  -3   0   1  -1  -1  -3  -4  -1  -3  -3  -2   3   0  -4  -3  -3    0   0  21  37   0   0   7   0   0   0   0   0   0   0   0  35   0   0   0   0  0.56 0.09
   81 F    -2  -3  -3  -3  -3  -3   0   0  -2  -1  -1  -3  -1   7  -4  -3  -3   0   2  -2    0   0   0   0   0   0  10   7   0   0   0   0   0  83   0   0   0   0   0   0  0.87 0.13
   82 T    -1   2   0  -1  -2   2   0  -2   2  -2  -2   1  -1  -3  -2   2   3  -3  -1  -2    0  17   0   0   0  15   0   0  10   0   0   6   0   0   0  18  35   0   0   0  0.34 0.07
   83 V     0  -2  -1  -2  -1  -1  -2   1  -2   2   0  -2   0  -1  -2   0   0  -2  -1   3    1   1   1   1   0   1   1  11   0  13   1   1   0   1   1  14   1   0   1  49  0.14 0.03
   84 T     0  -1   0  -1  -1   0   1  -2  -1  -1   0  -1  -1  -2  -1   2   3  -3  -2  -1    0   0   0   0   0   0  17   0   0   0  11   0   0   0   0  26  45   0   0   0  0.28 0.02
   85 G     0  -1   2  -1  -3  -1  -1   5  -1  -4  -4   0  -3  -3   2   0  -1  -3  -3  -3    0   0  15   0   0   0   0  62   0   0   0  12   0   0  11   0   0   0   0   0  0.64 0.03
   86 R    -1   5  -1  -1  -4   1   0  -2  -1  -3  -2   3  -2  -3  -2  -1  -1  -3  -2  -3    0  63   0   0   0   0   0   0   0   0   0  37   0   0   0   0   0   0   0   0  0.68 0.04
   87 G     0  -2  -1  -2  -2  -2  -2   5  -2  -2  -1  -2   3  -2  -2  -1  -1  -2  -3  -2    0   0   0   0   0   0   0  71   0   0   0   0  29   0   0   0   0   0   0   0  0.64 0.03
   88 S     0  -1  -1  -1  -1  -1  -1  -1  -2   1   1  -1   2  -1  -2   3   1  -2  -2   0    0   0   0   0   0   0   0   0   0  13  15   0  14   0   0  58   0   0   0   0  0.19 0.02
   89 P     1  -1  -2  -2  -2  -1  -1  -2  -2   0  -1   1   2  -2   5  -1  -1  -3  -2   0   22   0   0   0   0   0   0   0   0  14   0  13  15   0  37   0   0   0   0   0  0.50 0.02
   90 S     0   2   2   0  -2   0   0  -1  -1  -3  -3   0  -2  -3  -1   3   1  -3  -2  -2    0  22  14   0   0   0   0   0   0   0   0   0   0   0   0  64   0   0   0   0  0.39 0.03
   91 R    -1   5  -1  -1  -3   1   0  -2  -1  -3  -3   3  -2  -3   2  -1  -1  -3  -2  -3    0  57   0   0   0   0   0   0   0   0   0  29   0   0  14   0   0   0   0   0  0.62 0.03
   92 H    -1   1  -1  -2  -2   2   0   1   3  -1   0   0   2   0  -2  -1  -1  -1   2  -1    0  11   0   0   0  22   0  14  11   0  14   0  15   0   0   0   0   0  13   0  0.14 0.02
   93 H    -1   0   2   0  -2   2   1  -2   3  -2  -2   1  -1  -1  -2   0   2  -1   2  -2    0   0  15   0   0  14  11   0  11   0   0  13   0   0   0   0  22   0  14   0  0.24 0.01
   94 H    -1   2   0  -1  -3   2   1  -2   3  -3  -3   4  -1  -3  -1   0  -1  -3  -1  -3    0   0   0   0   0  13   0   0  13   0   0  74   0   0   0   0   0   0   0   0  0.49 0.03
   95 H     0  -1   2   0  -2   0   0  -1   6  -3  -3  -1  -2  -2  -2   2   0  -3   0  -3    0   0  17   0   0   0   0   0  40   0   0   0   0   0   0  42   0   0   0   0  0.45 0.03
   96 H    -1   2   3   0  -3   3   0  -2   4  -3  -3   2  -1  -3  -2   0  -1  -3  -1  -3    0  18  24   0   0  21   0   0  19   0   0  17   0   0   0   0   0   0   0   0  0.40 0.02
   97 H    -1   1   0  -1  -3   4   1  -2   4  -3  -3   3  -1  -3  -2   0  -1  -2   0  -3    0   0   0   0   0  43   0   0  27   0   0  30   0   0   0   0   0   0   0   0  0.47 0.02

                      K         Lambda
Standard Ungapped    0.1355     0.3177
Standard Gapped      0.0360     0.2670
PSI Ungapped         0.1175     0.3174
PSI Gapped           0.0360     0.2670
