
Last position-specific scoring matrix computed, weighted observed percentages rounded down, information per position, and relative weight of gapless real matches to pseudocounts
            A   R   N   D   C   Q   E   G   H   I   L   K   M   F   P   S   T   W   Y   V   A   R   N   D   C   Q   E   G   H   I   L   K   M   F   P   S   T   W   Y   V
    1 H    -2   0   1  -1  -3   0   0  -2   7  -3  -3  -1  -2  -1  -2  -1  -2  -2   2  -3    0   0   0   0   0   0   0   0   0   0   0   0   0   0   0   0   0   0   0   0  0.00     0.00
    2 M    -1  -3  -3  -3  -1  -2  -3  -4  -3   3   1  -3   2  -1  -3  -2   0  -3  -1   4    0   0   0   0   0   0   0   0   0  31   0   0   7   0   0   0   0   0   0  62  0.35 0.01
    3 P    -1  -3  -2  -2  -3  -2  -1  -3  -3  -3  -3  -1  -3  -4   8  -1  -1  -4  -3  -3    0   0   0   0   0   0   0   0   0   0   0   0   0   0 100   0   0   0   0   0  2.17 0.06
    4 A     1   3  -1  -2  -2   0  -1  -2  -1  -2  -2   0  -1   3   1   2   0  -2   0  -2   10  30   0   0   0   0   0   0   0   0   0   0   0  24   6  30   0   0   0   0  0.22 0.02
    5 N    -2   0   4   4  -3   0   0  -1  -1  -2  -1   1  -1  -3  -2   0  -1  -4  -2  -2    0   0  40  31   0   0   0   0   0   0  14  15   0   0   0   0   0   0   0   0  0.39 0.03
    6 H    -2  -1   0   1  -3   0   0  -2   7   0  -2  -1  -1  -2  -3  -1  -2  -3   1  -2    0   0   0  14   0   0   0   0  71  15   0   0   0   0   0   0   0   0   0   0  0.65 0.05
    7 F    -2  -3  -3  -4  -2  -3  -3  -4  -1   3   1  -3   0   4  -4  -3  -2   0   4   1    0   0   0   0   0   0   0   0   0  45   6   0   0  27   0   0   0   0  23   0  0.50 0.08
    8 G    -1  -3  -1  -2  -3  -3  -3   7  -3  -5  -5  -2  -4  -4  -3  -1  -2  -3  -4  -4    0   0   0   0   0   0   0 100   0   0   0   0   0   0   0   0   0   0   0   0  1.48 0.16
    9 P     0  -2   0   0  -3  -1   0  -2   1  -2  -3  -1  -2  -3   6   1   1  -4  -2  -2    6   0   4   6   0   0   5   0   6   4   0   0   0   0  46  16   9   0   0   0  0.79 0.09
   10 I    -1  -3  -4  -4  -2  -3  -3  -4  -4   4   1  -3   0  -1   0  -2  -1  -3  -2   4    4   0   0   0   0   0   0   0   0  43   6   0   0   0   6   0   0   0   0  42  0.46 0.09
   11 P    -2  -3  -3  -3  -4  -2  -2  -3  -3  -4  -4  -2  -3  -5   8  -2   0  -5  -4  -3    0   0   0   0   0   0   0   0   0   0   0   0   0   0  95   0   5   0   0   0  2.29 0.20
   12 G    -1  -3  -1  -2  -3  -3  -3   7  -3  -5  -5  -2  -4  -4  -3  -1  -2  -3  -4  -4    0   0   0   0   0   0   0 100   0   0   0   0   0   0   0   0   0   0   0   0  1.48 0.16
   13 V    -1  -3  -4  -4  -2  -3  -3  -4  -4   4   1  -3   0  -1  -3  -3  -1  -3  -2   4    0   0   0   0   0   0   0   0   0  41   7   0   0   0   0   0   0   0   0  52  0.58 0.11
   14 P     0  -1   0   1  -3   2   3  -2   1  -2   0   0  -1  -3   4  -1  -1  -3  -2  -2    6   0   6   6   0   9  25   0   6   0  15   6   0   0  22   0   0   0   0   0  0.36 0.06
   15 V    -1  -3  -4  -4  -2  -3  -3  -4  -4   3   1  -3   0  -1  -3  -3  -1  -4  -2   5    0   0   0   0   0   0   0   0   0  10   6   0   0   0   0   0   0   0   0  85  0.67 0.13
   16 G    -1  -3  -1  -2  -3  -3  -3   7  -3  -5  -5  -2  -4  -4  -3  -1  -2  -3  -4  -4    0   0   0   0   0   0   0 100   0   0   0   0   0   0   0   0   0   0   0   0  1.48 0.16
   17 T    -2  -2   0   5  -3   0   2  -2   1  -3  -4  -1  -3  -4  -2   0   2  -4  -3  -3    0   0   0  58   0   0  15   0   6   0   0   0   0   0   0   5  17   0   0   0  0.71 0.11
   18 M    -1   0  -1  -2  -2  -1   0  -3  -2   2   1   1   2  -1  -2   1   0  -3  -2   1    0   6   0   0   0   0   9   0   0  27   6  12  11   0   0  15   5   0   0  10  0.11 0.05
   19 W    -3  -4  -4  -5  -3  -4  -4  -4  -3   0  -1  -4  -1   6  -5  -3  -3   9   2  -2    0   0   0   0   0   0   0   0   0   6   0   0   0  57   0   0   0  36   0   0  1.46 0.17
   20 R    -2   2  -1  -2  -3   3   1  -3  -1  -2  -2   2  -1   4  -2  -1  -2  -1   2  -2    0  15   0   0   0  21  11   0   0   0   0  16   0  26   0   0   0   0  10   0  0.36 0.08
   21 F    -2  -3   0   1  -3  -2  -2  -1   0  -2  -1  -2  -1   5  -3   0  -2   0   5  -2    0   0   5  12   0   0   0   4   0   0   0   0   0  40   0  10   0   0  30   0  0.54 0.10
   22 R    -2   6  -1  -3  -4   0  -1  -3  -1  -4  -3   2  -2  -3  -3  -2  -2   5  -2  -3    0  78   0   0   0   0   0   0   0   0   0  12   0   0   0   0   0  10   0   0  1.04 0.15
   23 V     1  -2  -2  -3   2  -1  -2   1  -2   1   1  -2   3   1  -3  -1   0  -2  -1   2   12   0   0   0   5   3   0  11   0   4   7   0  17   8   0   0   6   0   0  26  0.13 0.05
   24 Q     0  -1  -1   0  -4   4   5  -2  -1  -4  -3   0  -2  -4  -2  -1  -1  -3  -3  -3   10   0   0   0   0  27  63   0   0   0   0   0   0   0   0   0   0   0   0   0  0.79 0.13
   25 V    -1  -3  -3  -4   4  -2  -3  -4  -3   1   3  -3   4  -1  -3  -2  -1  -3  -2   2    0   0   0   0  15   0   0   0   0   0  34   0  24   0   0   0   0   0   0  27  0.46 0.09
   26 S    -1   2   1  -2   7  -1  -2  -2  -2  -2  -2  -1   1  -3  -3   2  -1  -3  -3  -2    0  21   9   0  37   0   0   0   0   0   0   0   6   0   0  28   0   0   0   0  0.58 0.11
   27 E     0  -1  -2  -1  -2   2   2  -3  -2   1   2  -1   0  -1  -2  -1  -1  -3  -2   2    6   0   0   0   0  15  22   0   0   5  27   0   0   0   0   0   0   0   0  27  0.20 0.06
   28 S     1  -2  -2  -3  -2  -2  -2  -2  -3   1   1  -2   1  -1  -3   1  -1   6  -1   2   11   0   0   0   0   0   0   0   0   6  14   0   4   0   0  17   0  15   0  34  0.31 0.07
   29 G    -1  -3  -1  -2  -3  -3  -3   7  -3  -5  -5  -2  -4  -4  -3  -1  -2  -3  -4  -4    0   0   0   0   0   0   0 100   0   0   0   0   0   0   0   0   0   0   0   0  1.48 0.16
   30 V     0  -3  -3  -4  -2  -3  -3  -3  -3   2   3  -3   1   1  -3  -2  -1  -2  -1   3   10   0   0   0   0   0   0   0   0   9  43   0   0   6   0   0   0   0   0  32  0.34 0.07
   31 H    -3  -1  -1  -2  -4  -1  -1  -3  10  -5  -4  -2  -3  -2  -3  -2  -3  -4   1  -4    0   0   0   0   0   0   0   0 100   0   0   0   0   0   0   0   0   0   0   0  1.90 0.24
   32 R    -1   3   0  -2  -3   0  -1   1  -1  -2  -1   1   0   2  -2   0  -1  -2  -1  -2    4  31   6   0   0   0   0  15   0   0   5  10   4  16   0  10   0   0   0   0  0.21 0.06
   33 P    -1  -1   0  -2  -3   1  -1   0   3  -3  -3   0  -3  -4   6   0   0  -4  -2  -3    0   0   5   0   0   9   0   6  10   0   0   6   0   0  53   6   6   0   0   0  0.98 0.11
   34 H    -1  -1   1  -2  -3  -1  -1  -2   6  -1  -2  -1  -2  -2   2   1   2   3   0  -2    0   0   6   0   0   0   0   0  36   6   0   0   0   0  10  13  23   6   0   0  0.47 0.10
   35 V     0  -2  -2  -3  -2   2  -1  -3  -2   1   1  -2   4  -1  -3  -2  -1  -2   1   3    5   0   0   0   0  18   0   0   0   3   6   0  24   0   0   0   0   0   6  39  0.28 0.09
   36 A     3   0   0  -2   2  -1  -1   2  -2  -3  -3  -1  -2  -3  -2   2   0  -3  -2  -2   44   6   6   0   6   0   0  15   0   0   0   0   0   0   0  23   0   0   0   0  0.35 0.08
   37 G    -1  -3  -1  -2   1  -3  -3   6  -3  -5  -4  -2  -4  -4  -3  -1  -2  -3  -4  -4    0   0   0   0   5   0   0  95   0   0   0   0   0   0   0   0   0   0   0   0  1.36 0.15
   38 I    -2  -4  -4  -4  -2  -4  -4  -5  -4   6   1  -4   0  -1  -4  -3  -2  -4  -2   2    0   0   0   0   0   0   0   0   0 100   0   0   0   0   0   0   0   0   0   0  0.94 0.17
   39 H     1  -2   0   4  -3  -1   0  -2   5  -3  -3  -1  -2  -1  -2   1  -1  -2   3  -3   15   0   0  31   0   0   0   0  27   0   0   0   0   0   0  10   0   0  16   0  0.48 0.10
   40 G     1  -2  -1  -2   1  -2  -2   4  -1  -1  -2   0  -2  -1  -2   0  -1  -1   3  -2   11   0   0   0   5   0   0  46   0   6   0   6   0   0   0   9   0   0  18   0  0.41 0.08
   41 R    -1   3  -1  -1  -3   2   0  -1  -1  -1   0   1   2  -2   1  -1  -1  -3  -2   0    0  26   0   4   0  15   0   6   0   0   8  10  14   0   6   0   0   0   0  10  0.19 0.06
   42 S     1  -1   2   1  -2   0   2  -1  -1  -2  -1   0  -2  -3  -2   3   0  -3  -2  -1    8   0  12   5   0   0  14   0   0   0   6   4   0   0   0  47   0   0   0   4  0.30 0.08
   43 N     1  -1   3   1  -2   0   1   2  -1  -2  -2   1   0  -3  -2   1   0  -3  -2  -1   14   0  22   9   0   0   8  16   0   0   0  11   6   0   0   8   3   0   0   4  0.21 0.04
   44 D    -1  -1   1   3  -3   0   1   0   2  -2  -3   0  -2  -1   2   0   0  -2   2  -2    0   0   5  29   0   0  12   6   8   0   0   4   0   0   9   5   5   0  12   4  0.28 0.05
   45 G     1  -3  -1   0  -2  -2  -2   5  -3  -1   0  -2  -1  -3  -3  -1  -2  -3  -3   0   10   0   0   6   0   0   0  60   0   0  14   0   0   0   0   0   0   0   0  11  0.54 0.09
   46 A     5  -2  -2  -2  -1  -1  -2  -1  -2  -2  -2  -1  -2  -3  -2   1   0  -3  -3  -1   91   0   0   0   0   0   0   0   0   0   0   0   0   0   0   4   5   0   0   0  0.68 0.14
   47 Y    -1  -2  -1  -2  -2   2  -1  -3  -1  -1  -1  -1   1   0  -2   0   3  -1   4   1    0   0   0   0   0  13   0   0   0   0   0   0   5   0   0   0  40   0  28  14  0.35 0.10
   48 S     0  -2   0  -1   2  -1  -1  -1  -2  -3  -3  -1  -2  -3  -2   5   1  -4  -3  -2    0   0   0   0   5   0   0   0   0   0   0   0   0   0   0  95   0   0   0   0  0.79 0.16
   49 L    -1  -3  -4  -4  -2  -3  -3  -4  -4   4   2  -3   1  -1  -3  -3  -1  -3  -2   3    0   0   0   0   0   0   0   0   0  39  23   0   0   0   0   0   0   0   0  38  0.49 0.08
   50 V     0  -3  -4  -4  -1  -3  -3  -4  -4   3   1  -3   0  -1  -3  -2  -1  -3  -2   5    6   0   0   0   0   0   0   0   0  10   5   0   0   0   0   0   0   0   0  79  0.55 0.11
   51 L     1  -2  -2  -2  -1  -1  -2  -2  -2   1   2  -2   2  -1  -2   2   1  -3  -2   1   10   0   0   0   0   0   0   0   0   4  31   0  10   0   0  27  10   0   0   9  0.18 0.06
   52 A     3  -2  -1  -1  -1  -1  -1  -1  -2  -3  -3  -1  -2  -3  -1   4   0  -3  -2  -2   31   0   0   0   0   0   0   0   0   0   0   0   0   0   0  69   0   0   0   0  0.60 0.13
   53 G    -1  -3  -1  -2  -3  -2   0   6  -3  -5  -4  -2  -3  -4  -3  -1  -2  -3  -4  -4    0   0   0   0   0   0  11  89   0   0   0   0   0   0   0   0   0   0   0   0  1.17 0.14
   54 G    -1   0  -1  -2  -3   1  -1   5  -2  -3  -3   1  -2  -3  -3  -1  -2  -3  -1  -2    0   4   0   0   0  10   0  67   0   0   0  10   0   0   0   0   0   0   3   5  0.69 0.10
   55 Y    -3  -3   0  -4  -3  -2  -3  -4   1  -2  -2  -3  -2   3  -4  -2  -2   1   8  -2    0   0   6   0   0   0   0   0   0   0   0   0   0   5   0   0   0   0  89   0  1.35 0.19
   56 E     0  -1   1   3  -3   0   4   0  -1  -3  -3   1  -2  -3  -2  -1  -1  -3   0  -1    6   0   4  27   0   0  40   6   0   0   0   7   0   0   0   0   0   0   5   5  0.42 0.07
   57 D    -2  -2   3   6  -4  -1   1   1  -2  -4  -4  -1  -4  -4  -2  -1  -2  -5  -4  -4    0   0  13  78   0   0   0   9   0   0   0   0   0   0   0   0   0   0   0   0  1.03 0.14
   58 D    -2   0   0   5  -4   0   3  -2   1  -3  -4   0  -3  -4  -2  -1  -2  -4  -3  -2    0   6   0  61   0   0  19   0   4   0   0   6   0   0   0   0   0   0   0   4  0.72 0.10
   59 V     0  -2  -1   0  -2   0   2  -1  -2   0   1  -1   0   0  -2  -1   2  -3  -1   1    4   0   0   4   0   0  26   3   0   0  14   0   0   6   0   0  21   0   0  23  0.13 0.05
   60 D    -2  -2   0   6  -4   0   2   0  -1  -1  -3  -1  -3  -3  -2  -1  -2  -3   0  -3    0   0   0  63   0   4  15   7   0   6   0   0   0   0   0   0   0   0   5   0  0.69 0.11
   61 N    -2   0   4   3  -3   1   0   0   4  -3  -3  -1   0  -3  -2   0   0  -4  -1  -3    0   5  37  20   0   4   0   5  19   0   0   0   5   0   0   0   4   0   0   0  0.46 0.09
   62 G     0  -2  -1  -2  -2  -2  -2   4  -2  -2  -1  -2  -2  -3   2   1  -1  -3  -3  -2    5   0   0   0   0   0   0  53   0   0  10   0   0   0  13  14   0   0   0   0  0.55 0.07
   63 N    -2  -2   3   5  -4   0   3   0  -1  -4  -4  -1  -3  -4  -2  -1  -1  -4  -3  -4    0   0  17  51   0   0  27   5   0   0   0   0   0   0   0   0   0   0   0   0  0.76 0.10
   64 Y     0  -2  -2  -2  -2  -1   1  -2  -2   0  -1  -2  -1   0  -2   1   1   5   1   2    5   0   0   0   0   0  12   0   0   0   0   0   0   3   0  12  14  13   5  35  0.25 0.07
   65 F    -2  -3  -4  -4  -2  -3  -3  -4  -3   1   3  -3   3   5  -4  -3  -2  -1   1   0    0   0   0   0   0   0   0   0   0   4  39   0  11  41   0   0   0   0   0   5  0.53 0.09
   66 T    -1  -3  -2  -3  -2  -2  -3  -3  -3   3   1  -2   1  -1  -3  -1   3   3  -1   2    0   0   0   0   0   0   0   0   0  36  13   0   4   0   0   0  32   5   0   9  0.32 0.08
   67 Y    -3  -3  -3  -4  -3  -2  -3  -4   1  -2  -2  -3  -2   3  -4  -3  -3   1   8  -2    0   0   0   0   0   0   0   0   0   0   0   0   0   6   0   0   0   0  94   0  1.51 0.20
   68 T    -1  -2  -1  -2   2  -1  -2  -2  -2  -2  -2  -1  -2  -3  -2   2   6  -3  -2  -1    0   0   0   0   6   0   0   0   0   0   0   0   0   0   0  13  81   0   0   0  0.73 0.14
   69 G    -1  -3  -1  -2  -3  -3  -3   6  -3  -5  -5  -2  -4  -4  -3  -1  -2  -3  -4  -4    0   0   0   0   0   0   0 100   0   0   0   0   0   0   0   0   0   0   0   0  1.44 0.15
   70 S    -1   0   0  -1  -3   4   2  -2   3  -3  -3   0  -2   0  -2   3   0  -3  -1  -3    0   0   0   0   0  39  10   0   9   0   0   0   0   6   0  36   0   0   0   0  0.45 0.11
   71 G    -1  -1  -1  -2  -3  -2  -3   6  -3  -5  -4  -2  -3  -4  -3  -1  -2  -3  -4  -4    0   4   0   0   0   0   0  96   0   0   0   0   0   0   0   0   0   0   0   0  1.32 0.15
   72 G    -1  -3  -1  -2  -3  -3  -3   6  -3  -5  -5  -2  -4  -4  -3  -1  -2  -3  -4  -4    0   0   0   0   0   0   0 100   0   0   0   0   0   0   0   0   0   0   0   0  1.44 0.15
   73 R    -1   3   3  -1  -3   2   0  -2   1  -2  -2   2   0  -3  -2   0   1  -3  -2  -1    1  31  20   0   0   9   0   1   5   0   1  10   5   0   0   1  11   0   0   4  0.29 0.06
   74 D    -1  -1   2   5  -2  -1   0  -1   1  -1  -2  -1   0  -2  -1  -1  -1  -3  -2   0    2   1  11  49   0   1   1   1   5   4   2   1   6   1   1   1   1   0   1  11  0.37 0.06
   75 L    -1   0  -2  -2  -1  -1  -1  -2  -1   1   2  -1   2   1  -1  -1  -1  -1  -1   1    3   7   1   2   1   1   2   2   1   7  39   2  11   6   2   2   2   0   1   7  0.12 0.02
   76 S     1   0   1   0  -1   1   0  -1  -1  -1  -1   0  -1  -1  -1   2   1  -1   1   0   12   2   7   2   1   6   2   3   1   2   3   5   1   1   2  31   7   0   6   7  0.12 0.02
   77 G     0  -1   0  -1  -2  -1  -1   4  -1  -2  -2   1  -1  -2  -1   0  -1  -2  -2  -1    3   2   2   2   1   1   2  54   1   2   3  13   1   1   2   2   2   0   1   6  0.40 0.04
   78 N    -1   0   5   1  -2   1   0  -1   0  -2  -2   2  -2  -2  -1   0   0  -2  -2  -2    2   1  50   7   1   6   2   2   1   1   2  16   1   1   1   2   2   0   1   2  0.40 0.06
   79 K     1   1  -1  -1  -2   1   0  -1   2  -2  -2   4  -1  -2  -1   0  -1  -2  -1  -2   14   1   1   1   0   4   1   2   6   1   2  57   1   1   1   2   1   0   1   1  0.33 0.06
   80 R    -1   5   0   1  -3   1   0  -2   1  -3  -2   3  -2  -3  -2  -1  -1  -3  -2  -2    1  50   1   8   0   6   1   1   5   1   1  20   0   1   1   1   1   0   0   1  0.50 0.07
   81 T     0  -1   0  -1  -1   0   0  -2  -1   0   0   1   0  -1  -1   0   2  -2   1   0    7   1   5   1   0   5   6   1   0   9   6  12   0   1   1   1  30   0   6   6  0.09 0.03
   82 A     1   0   1   1  -2   0   0   1   2  -1  -1   1  -1  -2  -1   0   0  -2  -1  -1   19   1   9   8   0   1   2  11  11   7   6  12   1   1   1   2   5   0   1   2  0.07 0.02
   83 G     0   1   0   1  -2   0   2   2  -1  -2  -2   2  -1  -2  -1   0  -1  -2  -2  -1    7  10   1   7   1   1  21  17   1   2   3  17   1   1   2   2   2   0   1   5  0.17 0.02
   84 Q    -1   0  -1  -1  -2   5   1  -2   0  -2  -2   0  -1  -3   2  -1  -1  -2  -2  -2    2   1   1   1   0  62   6   2   1   1   2   1   1   1  11   2   1   0   1   2  0.57 0.09
   85 S     1  -1   0  -1   1  -1  -1  -1  -1  -1  -2  -1  -1  -2   3   2   0  -2  -2   0   13   1   5   1   5   1   1   2   0   6   2   1   0   1  20  33   1   0   1   5  0.29 0.04
   86 S     0  -1  -1   0   5   0   2  -2  -1  -2  -2   1  -2   1  -2   1  -1  -2  -1  -2    6   1   0   5  22   0  19   1   0   1   1  16   0  10   1  16   1   0   0   1  0.24 0.05
   87 D    -2  -2   2   6  -4  -1   1  -2   1  -4  -4  -1  -3  -4  -2  -1  -2  -4  -3  -4    0   0  10  81   0   0   0   0   4   0   0   0   0   0   0   0   0   0   0   0  1.03 0.13
   88 Q    -2   0  -1  -1  -4   7   1  -3   0  -4  -3   0  -1  -4  -2  -1  -2  -3  -2  -3    0   0   0   0   0 100   0   0   0   0   0   0   0   0   0   0   0   0   0   0  1.28 0.21
   89 K    -1   2  -1  -1  -3   1   1  -2  -1  -2  -1   4   1  -3  -2  -1   0  -3  -2   0    3   9   0   0   0   4  10   0   0   0   5  52   5   0   0   0   5   0   0   8  0.33 0.08
   90 L    -1  -3  -4  -4  -2  -3  -3  -4  -3   1   4  -3   2   2  -3  -3  -2  -2  -1   0    5   0   0   0   0   0   0   0   0   0  76   0   5  13   0   0   0   0   0   0  0.54 0.10
   91 T    -1  -1  -1   0  -2   1   3  -2  -1   0  -1   1  -1  -2  -2   1   2  -3  -2   1    0   0   0   0   0   4  33   0   0   4   3   8   0   0   0   9  19   0   0  19  0.22 0.06
   92 N    -1   3   3   0  -3   0  -1   3  -1  -3  -3   1  -2  -3  -2   0   0  -3  -3  -3    0  26  29   4   0   0   0  25   0   0   0   8   0   0   0   0   9   0   0   0  0.42 0.07
   93 N    -1  -2   0  -2  -2  -2  -2   4  -2  -2   0  -2   2  -1  -3   0   0  -3  -2  -2    0   0   5   0   0   0   0  53   0   0  10   0  15   3   0   8   6   0   0   0  0.45 0.08
   94 N    -2  -1   7   0  -4  -1  -1  -1   0  -4  -4  -1  -3  -4  -3   0  -1  -5  -3  -4    0   0 100   0   0   0   0   0   0   0   0   0   0   0   0   0   0   0   0   0  1.32 0.19
   95 R     0   3  -2  -2  -2  -1   0  -3  -2   1   3   0   1  -1  -3  -2  -1  -3  -2   0    8  27   0   0   0   0  10   0   0   6  49   0   0   0   0   0   0   0   0   0  0.25 0.07
   96 A     5  -2  -2  -2  -1  -2  -2   0  -2  -2  -2  -1  -2  -3   1   1  -1  -3  -3  -1   87   0   0   0   0   0   0   4   0   0   0   0   0   0   6   3   0   0   0   0  0.64 0.13
   97 L    -2  -3  -4  -4  -2  -3  -4  -4  -3   1   5  -3   3   0  -4  -3  -2  -2  -2   0    0   0   0   0   0   0   0   0   0   0  91   0   9   0   0   0   0   0   0   0  0.73 0.12
   98 A     3   2  -1  -1  -2   0   2  -1  -1  -2  -2   2  -1  -3  -1   0  -1  -2  -2  -1   39  11   1   1   0   1  25   1   0   1   1  14   0   1   1   1   1   0   0   1  0.27 0.06
   99 L     0   1   0  -1  -1  -1  -1  -2   1   0   2   0   0  -1  -1   0   1  -2  -1   0    7  10   6   1   1   1   2   2   5   1  34   5   1   1   1   2  11   0   1   6  0.05 0.02
  100 N     0  -1   4   0   2   0   0  -1  -1  -2  -2   0  -1  -2  -1   3   0  -2  -2  -2    2   1  29   1   5   1   2   2   1   1   2   2   1   1   1  42   2   0   1   2  0.31 0.06
  101 C    -1  -2  -2  -2   7  -1  -2  -2  -2   0  -1  -2   2  -1  -1  -1  -1  -1  -1   1    3   2   2   2  47   2   2   3   1   2   3   2   9   1   2   3   2   0   1  11  0.51 0.06
  102 H    -1   0   1   1  -1   0   1  -1   3  -1  -1   0  -1   1   0   0   0  -1   1  -1    4   3   5   8   1   2  12   4  14   3   5   7   1   8   3   7   3   1   6   3  0.08 0.01
  103 S     1   0   1   0  -1   0   0   0   0  -1  -1   0  -1  -1   0   1   0  -1   1  -1   22   3  13   3   1   3   4   5   1   3   6   4   1   2   3  10   4   1   7   4  0.06 0.01
  104 P     0   0   1   0  -1   0   0   0  -1  -1  -1   0  -1  -1   4   1   0  -1  -1  -1    8   3   8   3   1   3   4   5   1   3   6   4   1   2  23  15   4   1   2   4  0.23 0.01
  105 I     0  -1  -1  -1  -1  -1  -1  -1  -1   2   1  -1   0   0   0  -1   0  -1  -1   1    5   3   3   3   1   3   4   5   1  28  11   4   1   2   3   4   4   1   2  12  0.03 0.01
  106 N     0   0   3   1  -1   0   0   0   0  -1  -1   1  -1  -1   0   0   0  -1  -1  -1    5   3  25   9   1   3   4   5   1   3   6   9   2   3   4   5   4   1   2   4  0.10 0.01
  107 E     0   0   0   2  -1   0   2   0   0  -1  -1   1  -1  -1   0   0   0  -1  -1  -1    5   3   3  21   1   3  15   5   1   3   6   8   2   3   4   5   4   1   2   4  0.11 0.01
  108 K     0   1   0   0  -1   1   0   0   0  -1  -1   3  -1  -1   0   0   0  -1  -1  -1    5   3   3   4   1   6   4   5   1   3   6  34   2   3   4   5   4   1   2   4  0.10 0.01
  109 G     0   0   1   0  -1   0   0   3   0  -1  -1   0  -1  -1   0   0   0  -1  -1  -1    6   4   8   4   1   3   5  28   2   4   7   4   2   3   4   5   4   1   2   5  0.11 0.00
  110 A     1   0   0   0   0   0   0   0   0  -1   0   0   0  -1   0   1   0   0   0   0   25   4   3   4   1   3   5   6   2   4   7   4   2   3   4   9   5   1   2   5  0.05 0.00
  111 E     0   0   0   0  -1   1   3  -1   0   0  -1   0  -1  -1   0   0   0  -1  -1  -1    5   3   3   4   1   3  33   5   1   7   6   4   2   3   4   5   4   1   2   4  0.12 0.01
  112 A     2   0   0   0   0   0   0   0  -1  -1  -1   0   0  -1   0   1   0  -1  -1   0   33   3   3   4   1   3   4   5   1   3   6   4   2   3   4  10   4   1   2   4  0.08 0.01
  113 E     0   1   1   0  -1   0   1   0   0  -1  -1   2  -1  -1   0   0   0  -1  -1  -1   11   8   7   3   1   3   9   4   1   3   5  19   1   2   3   9   4   1   2   4  0.08 0.00
  114 D     0   0   1   3  -1   0   0   0   0  -1  -1   0  -1  -1   0   1   0  -1  -1   0    5   3   8  26   1   3   4   4   1   3   5   3   1   2   3  12   4   1   2   8  0.12 0.01
  115 W    -1   0  -1  -1  -1  -1  -1  -1  -1   0   0  -1   1   1  -1  -1   0   7   1   0    4   7   2   2   1   2   3   3   1   7  11   3   6   8   2   3   8  23   1   3  0.30 0.03
  116 R    -1   5   0  -1  -2   1   1  -1  -1  -2  -2   2  -1  -2  -1   0  -1  -2  -1  -2    2  49   1   2   1   1   6   2   1   2   3  14   1   1   2   7   2   0   1   2  0.37 0.05
  117 Q     1   2  -1  -1  -2   2   0  -1   0  -1   0   2   1  -1  -1   0  -1  -1   1  -1   13  12   1   1   0  11   1   1   0   1   8  20   8   1   1   7   1   0   9   1  0.12 0.03
  118 G     0  -1   1   0  -2   0  -1   5  -1  -3  -3   1  -2  -3  -1   0  -1  -2  -2  -2    5   1   5   4   0   5   1  55   0   1   2  12   0   1   1   1   1   0   1   1  0.48 0.05
  119 K    -1   0   2  -1  -2   0   0  -2  -1   0  -2   2  -1  -1  -2   1   2  -2   2  -1    1   0  13   0   0   0   5   1   0   9   1  23   0   0   0  15  16   0  13   1  0.16 0.05
  120 P    -1  -2  -2   0  -3   0   1  -1  -2  -1  -3  -1  -2  -4   7  -1  -1  -4  -3  -2    4   0   0   5   0   5  12   4   0   6   0   0   0   0  60   0   0   0   0   0  1.11 0.11
  121 V    -1  -3  -4  -4  -2  -3  -3  -4  -4   2   0  -3   0  -2  -3  -2  -1  -4  -2   6    0   0   0   0   0   0   0   0   0   0   0   0   0   0   0   0   0   0   0 100  0.79 0.16
  122 R    -2   7  -1  -3  -4   0  -1  -3  -1  -4  -3   1  -2  -4  -3  -2  -2  -4  -3  -3    0 100   0   0   0   0   0   0   0   0   0   0   0   0   0   0   0   0   0   0  1.29 0.18
  123 V    -1  -3  -4  -4  -2  -3  -3  -4  -4   2   0  -3   0  -2  -3  -2  -1  -4  -2   6    0   0   0   0   0   0   0   0   0   0   0   0   0   0   0   0   0   0   0 100  0.79 0.16
  124 V    -1  -3  -3  -4  -2  -3  -3  -4  -4   4   1  -3   0  -1  -3  -2   0  -3  -2   4    0   0   0   0   0   0   0   0   0  44   0   0   0   0   0   0   5   0   0  51  0.54 0.10
  125 R    -2   7  -1  -3  -4   0  -1  -3  -1  -4  -3   1  -2  -4  -3  -2  -2  -4  -3  -3    0 100   0   0   0   0   0   0   0   0   0   0   0   0   0   0   0   0   0   0  1.29 0.18
  126 N     0  -1   3   1   2   0   0   2  -1  -2  -2  -1  -1  -2  -1   2   0  -2  -2  -2    3   2  20   7   7   1   2  16   1   2   3   2   1   1   2  25   2   0   1   2  0.20 0.03
  127 M    -1   0  -1  -1   2   0   0  -1   1   0   0  -1   2   1  -1   0   0   2   1   0    3   7   1   2   6   1   7   2   4   6   7   2  12   6   2   8   6   4   6   8  0.03 0.01
  128 K    -1   1  -1  -1  -2   1   0  -1  -1  -2  -1   5  -1  -2  -1   0  -1  -2  -1  -2    3   2   1   2   1   1   2   2   1   2   8  64   1   1   2   2   2   0   1   2  0.36 0.07
  129 G     0  -1   1   1  -2  -1   0   4  -1  -2  -2  -1  -2  -2  -1   0  -1  -2   0  -2    2   1   6   8   0   1   6  51   1   1   2   1   1   1   1   7   2   0   6   2  0.41 0.05
  130 G     0   1   0   1  -2   0   2   2  -1  -1  -1   0  -1  -3  -2   0   0  -3  -2   0    4  13   5   9   0   0  17  18   0   4   5   5   0   0   0   5   5   0   0   9  0.13 0.03
  131 K    -1   2   0  -1  -3   1   1  -2  -1  -1  -3   4  -2  -2  -2   0   0  -3   0  -2    0  10   5   0   0   0  10   0   0   5   0  56   0   0   0   4   5   0   5   0  0.41 0.09
  132 H    -2   3   0   1  -3   0   0  -3   5  -1  -1   0  -1  -1  -3  -1   0  -1   3  -2    0  23   3   8   0   0   5   0  28   4   5   0   0   0   0   0   5   0  19   0  0.37 0.09
  133 S     0   1   1  -1  -2   1   1  -1  -1  -2  -2   1  -1  -3  -1   3   1  -3  -2   0    4   6   4   0   0   5  10   0   0   0   0  10   0   0   0  42   7   0   0   9  0.24 0.06
  134 K     1   1   2  -1  -2   0   0  -1  -1  -1  -1   2  -1  -2   1   1   0  -2  -2  -1   20   6  17   1   0   1   1   1   0   1   7  22   0   1   5   6   6   0   0   6  0.14 0.03
  135 Y    -1  -1  -1   0  -2  -1   0  -2   2  -1  -1  -1  -1   1  -2   1  -1   0   6  -1    2   1   1   7   0   1   6   2   5   1   2   1   0   1   1  15   1   0  46   7  0.37 0.07
  136 A     2  -1   0   0  -1  -1  -1  -1  -1   0  -1   0  -1  -1   0   0   0  -2   0   1   35   1   6   6   0   1   1   2   0  10   2   5   0   1   5   4   1   0   6  11  0.09 0.03
  137 P    -1   0  -1  -1  -2  -1  -1  -2  -2  -2  -2   0  -2  -2   6   1   1  -2  -2  -1    2   7   1   1   0   1   1   2   0   1   2   6   0   1  43  11  14   0   1   6  0.66 0.06
  138 A     1  -1   0   0  -2   1   1   2   1  -1  -2   0  -1  -2  -1   1   0  -2  -1  -1   21   1   1   1   0   5  15  15   6   4   2   6   0   1   1  16   1   0   1   1  0.16 0.03
  139 E    -1   1   0   1  -3   1   3   0  -1  -2  -2   3  -2  -3  -1   0  -1  -2  -2  -2    2   6   1   4   0   1  36   6   0   1   2  32   0   1   1   2   1   0   1   1  0.35 0.06
  140 G    -1  -2   1   0  -2  -2  -2   4  -2   0  -2  -1  -1  -2  -2  -1  -1  -2  -2   0    1   1  11   6   0   1   1  49   0  13   1   1   0   1   1   1   1   0   0  10  0.36 0.06
  141 N    -1  -1   4  -1  -2  -1  -1   0   0  -1  -1  -1  -1   0  -2  -1  -1   0   5   0    1   1  34   1   0   1   1   6   0   1   6   1   0   1   1   1   1   0  32  12  0.31 0.08
  142 R    -1   4   0  -2  -2   1  -1  -2  -1   2  -1   0   0  -2  -2  -1  -1  -2  -2   2    1  37   5   1   0   6   1   1   0  19   1   1   0   1   1   1   1   0   0  21  0.22 0.06
  143 Y    -3  -3  -3  -4  -4  -3  -3  -4   1  -2  -2  -3  -2   2  -4  -3  -3   1   8  -2    0   0   0   0   0   0   0   0   0   0   0   0   0   0   0   0   0   0 100   0  1.69 0.23
  144 D    -3  -3   0   7  -5  -1   1  -2  -2  -4  -5  -2  -4  -5  -2  -1  -2  -5  -4  -4    0   0   0 100   0   0   0   0   0   0   0   0   0   0   0   0   0   0   0   0  1.48 0.19
  145 G    -1  -3  -1  -2  -3  -3  -3   6  -3  -5  -5  -2  -4  -4  -3  -1  -2  -3  -4  -4    0   0   0   0   0   0   0 100   0   0   0   0   0   0   0   0   0   0   0   0  1.47 0.17
  146 I    -2  -3  -3  -4  -2  -3  -3  -4  -3   3   3  -3   2   0  -3  -2   0  -3  -2   2    0   0   0   0   0   0   0   0   0  21  52   0   5   0   0   0   7   0   0  16  0.42 0.08
  147 Y    -3  -3  -3  -4  -4  -3  -3  -4   1  -2  -2  -3  -2   3  -4  -3  -3   1   8  -2    0   0   0   0   0   0   0   0   0   0   0   0   0   5   0   0   0   0  95   0  1.58 0.21
  148 K    -1   3  -1  -2  -3   0   0  -3  -1  -1   1   3   2  -2  -2  -1  -1  -3  -2  -1    0  26   0   0   0   0   4   0   0   0  20  34  12   0   0   4   0   0   0   0  0.32 0.08
  149 V    -1  -3  -4  -4  -2  -3  -3  -4  -4   4   1  -3   0  -1  -3  -3  -1  -3  -2   4    0   0   0   0   0   0   0   0   0  43   0   0   0   0   0   0   0   0   0  57  0.63 0.12
  150 V    -1  -1  -1   0  -2   1   4  -2  -1   0  -2   0  -1  -3  -2   1   1  -3  -2   2    0   0   0   0   0   4  41   0   0   0   0   4   0   0   0  14   7   0   0  30  0.30 0.09
  151 K    -2   1   1   2  -4   1   3  -2  -1  -4  -3   4  -2  -4  -2  -1  -1  -4  -3  -3    0   3   7  14   0   0  22   0   0   0   0  55   0   0   0   0   0   0   0   0  0.58 0.11
  152 Y    -1   0  -2  -3   5  -2  -2  -3   0  -2  -2  -2  -2   3  -3   1  -1   3   6  -2    0   7   0   0  20   0   0   0   0   0   0   0   0  10   0  17   0   4  41   0  0.61 0.12
  153 W    -4  -4  -5  -6  -4  -3  -4  -4  -4  -4  -3  -4  -3   0  -5  -4  -4  12   1  -4    0   0   0   0   0   0   0   0   0   0   0   0   0   0   0   0   0 100   0   0  3.39 0.29
  154 P     0   0  -1  -1  -2   1   2  -2  -1  -1  -2   0  -1   1   4   0   0  -2  -1   0    9   3   0   0   0  10  17   0   0   0   0   5   0   9  21   4   6   0   0  14  0.27 0.05
  155 E     0  -1   0   1  -3   2   4  -2  -1  -2  -2   0  -2  -3  -2  -1  -1  -3  -2   0    9   0   3   5   0  10  55   0   0   0   0   3   0   0   0   0   0   0   0  10  0.46 0.09
  156 R    -1   3  -1  -1  -2   0   1  -2  -1   0  -1   3  -1  -2  -2  -1   1  -3  -2   1    0  21   0   0   0   0   7   0   0   5   0  29   0   0   0   0  15   0   0  21  0.23 0.06
  157 G    -1  -1   0   0  -3  -2  -2   6  -2  -4  -4  -2  -3  -1  -3   0  -2  -3  -3  -4    0   4   4   5   0   0   0  77   0   0   0   0   0   5   0   4   0   0   0   0  0.90 0.12
  158 K    -1   0  -1  -2  -3   1   0  -2  -2   0  -2   4  -1  -3   2   1  -1  -3  -2   1    0   0   0   0   0   7   0   0   0   4   0  48   0   0  10  14   0   0   0  17  0.32 0.09
  159 S     0   0   1   0  -2   2   0  -1   3  -2  -3   0  -2  -3  -2   4   0  -3  -2  -1    0   5   7   5   0  12   0   0   9   0   0   0   0   0   0  54   0   0   0   8  0.35 0.10
  160 G    -1  -3  -1  -2  -3  -3  -3   6  -3  -5  -5  -2  -4  -4  -3   0  -2  -3  -4  -4    0   0   0   0   0   0   0  95   0   0   0   0   0   0   0   5   0   0   0   0  1.35 0.16
  161 F    -2  -2   0  -3   3  -2  -3  -3   1   0  -1   0   1   6  -4  -2  -2  -1   2  -1    0   0   6   0   8   0   0   0   4   4   0  10   5  63   0   0   0   0   0   0  0.59 0.12
  162 L    -1   0   2  -1  -2   0  -1   0  -1   1   1   2   0  -2  -2   0   0  -3  -2   0    0   0  17   0   0   4   0   9   0  12  26  21   0   0   0   5   5   0   0   0  0.10 0.05
  163 V    -1  -3  -3  -3  -2  -2   0  -4  -3   2   1  -2   1  -2  -3  -2   1  -3  -2   4    0   0   0   0   0   0  10   0   0   0   6   0   4   0   0   0   8   0   0  72  0.41 0.11
  164 W    -3  -3  -4  -4   4  -3  -4  -4  -2  -2  -1  -4  -1   6  -4  -3  -3   7   4  -2    0   0   0   0  16   0   0   0   0   0   0   0   0  48   0   0   0  21  15   0  1.06 0.14
  165 R    -2   5  -1  -2  -4   1   0  -3  -1  -4  -3   5  -2  -4  -2  -1  -2  -4  -3  -3    0  47   0   0   0   0   0   0   0   0   0  53   0   0   0   0   0   0   0   0  0.85 0.14
  166 Y    -3  -3  -3  -4  -3  -3  -3  -4   0  -2  -1  -3  -1   6  -4  -3  -3   1   7  -2    0   0   0   0   0   0   0   0   0   0   0   0   0  48   0   0   0   0  52   0  1.18 0.16
  167 L    -2   2  -2  -2  -3   1  -1  -3  -2  -1   3   3   0  -2  -2  -2  -1  -3  -2  -1    0  14   0   0   0   5   0   0   0   0  43  38   0   0   0   0   0   0   0   0  0.33 0.09
  168 L    -2  -3  -4  -4  -2  -3  -4  -4  -3   1   4  -3   1   3  -4  -3  -2  -2  -1   1    0   0   0   0   0   0   0   0   0   0  78   0   0  16   0   0   0   0   0   7  0.61 0.11
  169 R    -1   4  -2  -2   2   0   0  -3  -2   0   0   1  -1  -2  -3  -2  -1  -3  -2   2    0  40   0   0   5   0   5   0   0   0   9   8   0   0   0   0   0   0   0  33  0.30 0.09
  170 R    -2   7  -1  -2  -4   0   1  -3  -1  -4  -3   1  -2  -4  -3  -2  -2  -4  -3  -3    0  93   0   0   0   0   7   0   0   0   0   0   0   0   0   0   0   0   0   0  1.19 0.18
  171 D    -1  -1   0   2   4   0  -1  -2  -2   1   0   0  -1  -2   1  -1  -1  -3  -2   0    5   0   3  20  17   5   0   0   0  22   6  11   0   0   8   0   0   0   0   4  0.17 0.05
  172 D    -2  -2   0   5  -4  -1   2  -2  -2  -4  -4  -1  -3  -4   5  -1  -2  -5  -4  -3    0   0   0  48   0   0  16   0   0   0   0   0   0   0  36   0   0   0   0   0  1.02 0.11
  173 T    -1  -2   3   0  -3   1   0   4  -1  -2  -3  -1  -2  -3  -2   0   0  -3  -1  -1    0   0  23   3   0   8   3  46   0   0   0   0   0   0   0   0   6   0   4   8  0.44 0.07
  174 E    -1   0  -1   0  -4   5   4  -3   0  -4  -3   1  -2  -4  -2  -1  -1  -3  -2  -3    0   0   0   0   0  52  40   0   0   0   0   8   0   0   0   0   0   0   0   0  0.81 0.13
  175 P     0  -3  -3  -2  -3  -2  -2  -3  -3  -4  -4  -2  -3  -4   8  -1  -2  -5  -4  -3    6   0   0   0   0   0   0   0   0   0   0   0   0   0  91   3   0   0   0   0  2.08 0.17
  176 E     3  -1  -1   0  -2   1   4   1  -1  -3  -3   0  -2  -3  -1   0  -1  -3  -2  -2   39   0   0   0   0   0  53   8   0   0   0   0   0   0   0   0   0   0   0   0  0.45 0.06
  177 P     0  -2  -2  -2  -2  -2  -2  -2  -2  -2   0  -1   1  -3   7   0  -1  -3  -3  -2    9   0   0   0   0   0   0   0   0   0  10   0  10   0  63   9   0   0   0   0  1.13 0.07
  178 W    -2  -3  -3  -4  -3  -3  -3   0  -3  -3  -2  -3  -2   2  -4  -2   0  11   1  -3    0   0   0   0   0   0   0  10   0   0   0   0   0   9   0   0  10  72   0   0  1.84 0.12
  179 T     0  -1   0  -1  -1  -1  -1  -2  -2  -1  -2   1  -1  -2  -1   2   4  -3  -2   0    0   0   0   0   0   0   0   0   0   0   0  10   0   0   0  24  57   0   0  10  0.37 0.05
  180 R     0   2   0   1  -2   1   2  -1  -1  -3  -3   2  -2  -3  -1   2   0  -3  -2  -2    0  14   0   9   0   0  23   0   0   0   0  14   0   0   0  40   0   0   0   0  0.35 0.03
  181 E    -1  -1  -1   1  -3   1   4  -3  -1   0  -1   0  -1  -2  -2  -1  -1  -3  -2   2    0   0   0   6   0   0  58   0   0   0   0   0   0   0   0   0   0   0   0  36  0.37 0.05
  182 G     1  -1   1  -1  -2  -1  -1   3   3  -2   0   0  -1  -2  -2   0  -1  -3  -1  -2   12   0   6   0   0   0   0  36  13   0  13  11   0   0   0   9   0   0   0   0  0.25 0.02
  183 K    -1   1  -1  -1  -3   0   0   3  -1  -1  -2   4  -2  -3  -2  -1  -1  -3  -2  -2    0   0   0   0   0   0   0  28   0   7   0  65   0   0   0   0   0   0   0   0  0.41 0.05
  184 D     1  -1   0   4  -2   0   2  -1  -1  -3  -3   0  -2  -3  -1   2   0  -4  -3  -2   13   0   0  46   0   0  18   0   0   0   0   0   0   0   0  23   0   0   0   0  0.50 0.04
  185 R    -2   6  -1  -2  -4   1   0  -3  -1  -3  -3   3  -2  -3  -2  -1  -1  -3  -2  -3    0  77   0   0   0   0   0   0   0   0   0  23   0   0   0   0   0   0   0   0  0.79 0.06
  186 T     0  -1  -1  -1  -2  -1  -1  -2  -2   1  -1   1  -1  -2   4   1   2  -3  -2   0    0   0   0   0   0   0   0   0   0  20   0  12   0   0  28  18  22   0   0   0  0.40 0.03
  187 R    -1   4  -1  -2  -3   1   0  -2  -1  -2   0   3  -1  -2  -2   0  -1  -3  -2  -2    0  44   0   0   0   0   0   0   0   0  13  31   0   0   0  12   0   0   0   0  0.39 0.04
  188 Q    -1   2  -1  -1  -3   2   2  -2  -1  -3  -3   3  -2  -4   5  -1  -1  -3  -2  -3    0   8   0   0   0  10  16   0   0   0   0  37   0   0  31   0   0   0   0   0  0.64 0.03
  189 L    -2  -2  -3  -3  -2  -2  -3  -3  -3   1   3  -2   1   2  -3  -2   1  -1   0   1    0   0   0   0   0   0   0   0   0   7  63   0   0  16   0   0  15   0   0   0  0.32 0.03
  190 G     0  -2   3   0   3  -1  -2   4  -1  -3  -3  -1  -2  -3  -2   0  -1  -3  -3  -3    0   0  31   0  14   0   0  56   0   0   0   0   0   0   0   0   0   0   0   0  0.58 0.01
  191 L    -1  -2  -3  -3  -2  -2  -2  -3  -3   1   3  -2   1   0   4  -2  -1  -2  -2   0    0   0   0   0   0   0   0   0   0   0  69   0   0   0  31   0   0   0   0   0  0.54 0.01
  192 T    -1   1  -1  -2  -1  -1  -1  -2  -2   0   1  -1   0  -1  -2   0   3  -2  -2   0    0  14   0   0   0   0   0   0   0   0  31   0   0   0   0   0  56   0   0   0  0.22 0.01
  193 M     0  -1  -1  -2  -1  -1  -2  -2  -2   0   2  -1   5  -1  -2   1   0  -2  -1   0    0   0   0   0   0   0   0   0   0   0  14   0  56   0   0  31   0   0   0   0  0.20 0.01
  194 Q    -1   0  -1  -1  -2   5   1  -2   0   0  -1   1   0  -2  -2  -1  -1  -2  -1   1    0   0   0   0   0  69   0   0   0   0   0   0   0   0   0   0   0   0   0  31  0.35 0.01
  195 Y    -2   3  -2  -3  -3  -1  -1  -3   1  -2  -2   0  -1   2  -3  -2  -2   1   6  -2    0  31   0   0   0   0   0   0   0   0   0   0   0   0   0   0   0   0  69   0  0.59 0.01
  196 P    -1  -2  -2  -2  -3  -1  -1  -2  -2  -3  -3  -1  -3  -4   8  -1  -1  -4  -3  -3    0   0   0   0   0   0   0   0   0   0   0   0   0   0 100   0   0   0   0   0  2.07 0.02
  197 E     0   3   0   2  -3   1   3  -2   0  -3  -3   1  -2  -3  -1   0  -1  -3  -2  -2   14  31   0   9   0   0  46   0   0   0   0   0   0   0   0   0   0   0   0   0  0.42 0.01
  198 G     0  -2  -1  -1  -3  -2  -2   6  -2  -4  -4  -2  -3  -3  -2   0  -2  -3  -3  -3    0   0   0   0   0   0   0 100   0   0   0   0   0   0   0   0   0   0   0   0  1.07 0.01
  199 Y    -2  -2  -2  -3  -3  -2  -2  -3   2  -2  -1  -2  -1   3  -3  -2  -2   2   7  -1    0   0   0   0   0   0   0   0   0   0   0   0   0   0   0   0   0   0 100   0  0.93 0.02
  200 L    -2  -3  -4  -4  -1  -2  -3  -4  -3   3   3  -3   2   0  -3  -3  -1  -2  -1   2    0   0   0   0   0   0   0   0   0  34  66   0   0   0   0   0   0   0   0   0  0.39 0.00
  201 E    -1   0   0   2  -4   2   5  -2   0  -3  -3   1  -2  -3  -1   0  -1  -3  -2  -3    0   0   0   0   0   0 100   0   0   0   0   0   0   0   0   0   0   0   0   0  0.73 0.00
  202 A     4  -1  -1  -2  -1  -1  -1   0  -2  -1  -2  -1  -1  -2  -1   1   2  -3  -2   0   83   0   0   0   0   0   0   0   0   0   0   0   0   0   0   0  17   0   0   0  0.34 0.00
  203 L    -1  -2  -3  -4  -1  -2  -3  -4  -3   2   4  -3   2   0  -3  -2  -1  -2  -1   2    0   0   0   0   0   0   0   0   0   0  82   0   0   0   0   0   0   0   0  18  0.39 0.00
  204 A     4  -1  -2  -2   0  -1  -1   0  -2  -1  -2  -1  -1  -2  -1   1   0  -3  -2   0  100   0   0   0   0   0   0   0   0   0   0   0   0   0   0   0   0   0   0   0  0.40 0.00
  205 N    -1   2   5   1  -2   0   0  -1   0  -3  -3   0  -2  -3  -2   2   0  -3  -2  -3    0  20  59   0   0   0   0   0   0   0   0   0   0   0   0  22   0   0   0   0  0.45 0.00
  206 K    -1   3   0  -1  -3   1   1  -2  -1  -3  -3   4  -1  -3  -1   0  -1  -3  -2  -2    0  20   0   0   0   0   0   0   0   0   0  80   0   0   0   0   0   0   0   0  0.51 0.00
  207 E    -1   0   0   2  -4   2   5  -2   0  -3  -3   1  -2  -3  -1   0  -1  -3  -2  -3    0   0   0   0   0   0 100   0   0   0   0   0   0   0   0   0   0   0   0   0  0.73 0.00
  208 K    -1   4   0  -1  -3   1   0  -2  -1  -3  -2   4  -1  -3  -1   0  -1  -3  -2  -2    0  41   0   0   0   0   0   0   0   0   0  59   0   0   0   0   0   0   0   0  0.53 0.00
  209 S     0   0   0   1  -2   1   4  -1   0  -3  -3   0  -2  -3  -1   3   0  -3  -2  -2    0   0   0   0   0   0  52   0   0   0   0   0   0   0   0  48   0   0   0   0  0.43 0.00
  210 R    -1   4   0  -1  -3   1   0  -2  -1  -3  -2   4  -1  -3  -2   0  -1  -3  -2  -3    0  48   0   0   0   0   0   0   0   0   0  52   0   0   0   0   0   0   0   0  0.55 0.00
  211 K    -1   1   0   1  -4   2   4  -2   0  -3  -3   3  -2  -3  -1   0  -1  -3  -2  -2    0   0   0   0   0   0  52   0   0   0   0  48   0   0   0   0   0   0   0   0  0.50 0.00
  212 R    -1   6   0  -2  -4   1   0  -2   0  -3  -2   2  -1  -3  -2  -1  -1  -3  -2  -3    0 100   0   0   0   0   0   0   0   0   0   0   0   0   0   0   0   0   0   0  0.74 0.00

                      K         Lambda
Standard Ungapped    0.1350     0.3146
Standard Gapped      0.0410     0.2670
PSI Ungapped         0.1350     0.3146
PSI Gapped           0.0410     0.2670
