
Last position-specific scoring matrix computed, weighted observed percentages rounded down, information per position, and relative weight of gapless real matches to pseudocounts
           A  R  N  D  C  Q  E  G  H  I  L  K  M  F  P  S  T  W  Y  V   A   R   N   D   C   Q   E   G   H   I   L   K   M   F   P   S   T   W   Y   V
    1 S    1 -3  1 -2 -3 -2 -2 -3 -3 -3 -4 -2 -3 -4 -3  4  5 -5 -4 -3   10   0   7   0   0   0   0   0   0   0   0   0   0   0   0  39  44   0   0   0  0.87 0.36
    2 G    0 -2  5  1 -5 -2 -3  4  0 -5 -5 -3 -4 -5 -4 -1 -1 -5 -4 -5    6   2  36   7   0   1   0  40   2   0   0   0   0   0   0   3   3   0   0   0  0.98 0.40
    3 S    0  0  3  2  1  0 -1 -1 -2 -4 -3  1 -3 -4 -3  3  0 -4  0 -4    7   4  17  12   3   4   1   3   0   0   2   9   0   0   0  30   5   0   3   0  0.43 0.29
    4 H   -3  2  5  1 -5  1 -2 -2  1 -5 -3  2 -4 -3 -1  0 -2 -5  0 -3    0  13  37   6   0   5   1   3   4   0   2  14   0   1   2   5   2   0   3   1  0.68 0.39
    5 M   -1 -1 -4 -3 -2 -1 -2 -2 -4  1  1  1  6 -3 -3 -1 -1  2 -2  2    3   3   0   1   1   2   2   3   0   8  15   9  28   0   1   4   4   3   1  12  0.47 0.33
    6 A    3 -1  0 -2 -2 -1 -1  0 -3 -2 -1 -2 -3  3  0  1 -1 -4 -2 -1   32   2   4   1   0   2   4   8   0   2   5   2   0  15   5  11   4   0   0   4  0.28 0.26
    7 S    3 -3  0  1 -2  1 -1 -1 -2 -4 -4 -1 -2 -3  3  4  0 -5 -4 -2   22   1   4   7   1   5   3   3   1   0   1   2   1   1  13  29   6   0   0   2  0.51 0.37
    8 M    0 -2  0 -2 -3  0 -1 -1 -1 -1  2 -2  3  0  2 -1  0 -4 -2  0    7   1   6   1   0   6   4   5   1   2  19   1  11   5  12   4   6   0   1   7  0.18 0.19
    9 T    0 -1  0 -1 -3 -1  1 -1 -1  0  1  0  0  0  0  1  1 -3 -1  0   10   2   3   2   0   2  11   3   1   7  15   6   2   3   4  11   8   0   2   8  0.05 0.09
   10 G    0 -1  1  1 -3 -1  0  2  0 -3 -4  1 -1 -3  3  2 -1 -5 -2 -3    6   2   7   6   0   1   5  18   2   1   1   9   2   1  16  17   2   0   1   2  0.37 0.27
   11 G    0 -1  0 -1 -5  2  0  4 -1 -5 -3  2 -2 -5  0  1 -1  0 -4 -3    7   3   3   3   0  10   4  34   1   0   3  11   1   0   4   9   3   1   0   2  0.46 0.31
   12 Q   -1  4  1 -1 -5  4  1 -3  3 -4 -2  0 -1 -4 -2  0 -2 -5 -3 -3    6  20   6   3   0  24   8   1   7   1   4   5   2   1   2   5   2   0   1   2  0.52 0.37
   13 Q    0  1  1  1 -3  3  1  0  3 -2 -3  1  0 -4  1  1 -1 -5 -3 -2    6   9   5   7   0  15   8   7   7   3   1   7   2   0   7  11   2   0   1   2  0.26 0.23
   14 M    0  0  0 -2  1 -1 -1  0 -1  1  1  0  2 -1  2  0  0 -2 -1  1    6   6   4   1   3   2   3   7   1   7  12   5   9   3  10   5   4   0   2  10  0.07 0.10
   15 G    0  2  1  0 -4  0  0  2 -1 -4 -4  1 -1 -3  2  2 -1 -5 -4 -2    5  14   7   4   0   4   6  17   1   1   1   8   2   1  10  15   2   0   0   2  0.31 0.26
   16 R    0  3  1 -1 -3  0  0  0 -2  0 -1  1  0 -2  1  1  0 -4 -2  0    7  16   6   2   0   4   4   6   0   7   4  11   3   1   8  10   5   0   1   6  0.15 0.16
   17 G    0  1  1  1 -4  1  0  2 -1 -1 -2  0  2 -3  1 -1 -1 -2 -2 -1    8   7   7  10   0   5   4  19   2   3   3   5   8   1   7   3   3   0   1   3  0.17 0.17
   18 A    2 -1 -1  0 -2  0 -1  1 -1 -2 -2  0 -2 -3  2  1  0  3 -2 -1   16   4   2   5   0   4   4  12   1   1   4   5   1   1  10  14   6   5   1   3  0.19 0.18
   19 A    1  0  1 -2 -4  0 -1  1 -2 -3 -3  1 -1 -2  0  3  0 -3 -1 -1   11   6   7   1   0   3   3  10   0   1   1   7   2   1   4  29   3   0   3   6  0.28 0.27
   20 Q   -1  0  0  1 -4  3  3 -1  1 -2 -1  1  3 -3 -1  0 -2 -2 -1 -2    4   3   3   7   0  14  19   4   4   2   6  10   9   1   3   6   2   0   2   1  0.27 0.25
   21 R   -1  3  1  0 -4  2  2 -1  2 -3 -2  1 -2 -3 -1  0  0 -1 -3 -2    4  18   7   4   0  11  13   3   5   1   3   7   1   1   3   8   7   1   1   2  0.29 0.24
   22 Q   -2  2  1  2 -3  2  3 -2 -2 -4 -3  0 -3 -4  3 -1 -1 -5 -2 -4    2  11   7  11   1  11  22   4   1   1   2   5   0   0  14   4   3   0   2   1  0.48 0.34
   23 G   -1  2  0  1 -5  1  1  2 -2 -4 -4  1 -3 -4  3  0 -1 -5 -2 -3    4  13   3   6   0   6  11  17   1   1   1   8   0   1  13   7   4   0   1   1  0.34 0.26
   24 A    1 -1  0  2 -3  0  1  0 -3 -2 -1  0 -1 -2  2  1  0 -2 -3 -2   11   3   4  11   0   3  11   8   0   2   6   5   1   1  11  12   6   1   0   2  0.19 0.17
   25 L   -1  1 -1  1 -1  0  2 -1  0 -1  0  0 -1 -1  1  0  0 -3 -2 -1    5   8   2   8   1   2  17   5   2   2  11   6   1   3   6   7   7   0   1   5  0.10 0.11
   26 A    0  3  0  1 -3  1  1  0 -1 -2 -2  0 -1 -4  2  0  0 -4 -2 -2    7  16   4   8   0   5  11   7   1   2   3   5   1   0  10   8   7   0   2   2  0.20 0.18
   27 I    0  0  1  1 -1  1  1  0  1 -1 -2  0 -1 -2  2  1  0 -4 -1 -1    6   4   7  10   1   6   9   7   4   4   4   6   1   1   9  10   6   0   1   4  0.12 0.10
   28 M    0  1  1  0 -3 -2 -1  0 -1 -1 -1  0  2 -1  2  2  1 -4 -2 -1    5   7   8   6   0   0   4   7   1   4   4   4   8   3  10  15   9   0   1   3  0.15 0.17
   29 S    0  4  2 -3  4 -2 -4 -1 -1 -4 -4  0 -3 -4 -3  1  3 -2 -3 -2    7  26   9   1   8   1   0   6   2   1   1   6   0   0   1  11  17   1   1   3  0.55 0.39
   30 R   -3  3  2 -3 -3 -2 -3 -4 -3 -4 -5  3 -5 -6 -4  1  5 -6 -4 -2    1  18  10   1   1   1   1   1   0   1   0  18   0   0   0   8  34   0   1   3  0.90 0.55
   31 V   -4 -6 -7 -7 -1 -6 -7 -7 -7  4  5 -6  0 -3 -7 -6 -5 -6 -5  4    1   0   0   0   1   0   0   0   0  20  49   0   2   0   0   0   0   0   0  26  1.39 0.65
   32 Y   -6 -2 -6 -7 -4 -6 -7 -6  1 -2 -1 -3 -5  7 -7 -6 -6  4  7 -3    1   2   0   0   0   0   0   1   4   3   5   2   0  43   0   0   0   5  34   2  1.93 0.84
   33 V   -3 -7 -8 -8 -1 -7 -7 -8 -8  5 -1 -7  1 -4 -7 -7 -5 -7 -6  6    2   0   0   0   1   0   0   0   0  29   4   0   3   0   0   0   0   0   0  60  1.86 0.84
   34 G   -2  1  0 -4 -1 -3 -4  6 -4 -7 -5  1 -3 -5 -5  1  0 -7 -4 -5    2   9   3   1   1   1   1  52   0   0   1   9   1   1   0  12   5   0   0   1  1.06 0.60
   35 S   -5 -1  7  0 -7  0 -4  3 -1 -8 -6 -2 -7 -6 -3 -2 -5 -8 -2 -7    0   4  52   5   0   4   1  23   2   0   1   2   0   0   2   3   0   0   2   0  1.49 0.77
   36 I   -6 -7 -8 -8 -6 -7 -7 -8 -7  3  6 -7 -1  0 -7 -7 -6 -6 -5  1    0   0   0   0   0   0   0   0   0  17  70   0   1   3   0   0   0   0   0   7  1.72 0.79
   37 Y   -1 -3  3  3 -6 -2 -2 -2  0 -5 -5 -4 -6 -7  5  3 -1 -7 -4 -6    4   1  14  14   0   2   2   3   3   0   1   1   0   0  31  20   3   0   1   0  0.96 0.58
   38 Y   -1  0 -1 -1 -5  1  1 -4  0 -3 -3  0 -3  3  3 -1 -1  4  3 -3    4   4   3   3   0   6  10   1   2   2   2   7   0  14  15   5   3   6  11   1  0.41 0.32
   39 E   -1  0  3  3 -4  0  1  0  0 -4 -4  1 -1 -3 -4  2  0  0  0 -3    4   5  12  19   0   4  10   6   2   0   1   8   1   1   0  14   6   2   4   2  0.36 0.29
   40 L    1 -4 -5 -5  2 -4 -5 -5 -6  2  0 -2  3 -2 -5 -2  4 -3 -3  4   10   0   0   0   4   0   0   1   0  11   7   2   7   2   0   2  25   0   1  27  0.72 0.46
   41 G   -3  1  1  2 -6 -2  0 -3 -3 -4 -5  0 -4 -5 -3  2  5 -7 -2 -3    1   7   7  13   0   2   5   1   0   1   1   6   0   0   1  12  40   0   1   1  0.81 0.55
   42 E   -1 -2  0  3 -5  0  5 -5 -2 -4 -4  1 -4 -7  0 -1 -3 -2 -3 -4    5   1   5  16   0   4  44   0   1   1   2   8   0   0   5   4   1   1   1   1  0.89 0.56
   43 D    0  0  0  3 -3  2  4 -2 -1 -4 -4  1 -2 -5 -1  0 -2 -6 -3 -4    6   6   4  14   0   9  29   3   1   1   1  10   1   0   3   8   2   0   1   1  0.53 0.38
   44 T   -1 -3 -1  5 -3  2  3 -2  0 -2 -3 -1 -1 -2 -5  0  0 -2 -3 -3    5   1   2  28   1   9  22   3   2   2   3   4   2   2   0   6   5   1   1   1  0.57 0.41
   45 I   -5 -7 -8 -8 -6 -7 -8 -8 -8  4  6 -5  1  0 -8 -7 -6 -7 -6  0    0   0   0   0   0   0   0   0   0  18  69   1   2   3   0   0   0   0   0   6  1.70 0.79
   46 R   -1  4 -2 -3 -3  1  2 -4  2 -2 -1  2 -1 -1 -5 -2  0  1  2 -2    5  20   1   0   1   5  16   1   5   3   6  15   1   3   0   2   6   2   6   3  0.39 0.32
   47 Q    0  2  1  3 -4  1  4 -2 -3 -3 -3  1 -2 -5 -1  0 -1 -6 -3 -3    8   9   5  16   0   6  26   2   0   1   2   8   1   0   2   7   3   0   1   2  0.46 0.34
   48 A    0 -3 -4 -5 -1 -3 -1 -6  2  1  4 -3  1  2 -5 -3  0 -4  1  1    8   1   0   0   1   1   4   0   6   9  36   1   3   9   0   1   6   0   6   8  0.50 0.34
   49 F   -6 -8 -9 -9  1 -9 -9 -7 -7 -4 -1 -9 -1  9 -9 -8 -6 -1 -1 -2    0   0   0   0   2   0   0   0   0   1   5   0   2  84   0   0   0   1   1   3  2.91 1.16
   50 A    1  1  0 -3 -2  1  2  1 -1 -3 -4  2 -3 -4 -4  3 -2 -5 -2 -4   10   6   4   1   1   6  14  10   1   2   1  15   1   1   0  24   1   0   2   1  0.43 0.36
   51 P   -1  2 -2  0 -6  4  1 -2  0 -5 -5  3 -4 -5  2  0 -1 -3 -3 -2    5  12   2   5   0  18   8   3   2   0   0  19   0   0  10   7   4   0   1   3  0.51 0.38
   52 F   -1 -5 -6 -7  3 -5 -4 -4  0  1 -1 -6 -2  6 -7 -4 -2  1  6  0    5   0   0   0   6   0   1   1   2   7   5   0   1  34   0   1   2   2  26   6  1.26 0.62
   53 G   -3 -6 -2 -3 -4 -5 -4  7 -4 -7 -7 -3 -6 -4 -3 -4 -4 -6 -4 -7    2   0   2   2   1   0   1  82   0   0   0   2   0   1   2   1   1   0   1   0  2.08 0.89
   54 P   -1  0  0  2 -5  0  2 -2 -1 -2 -4  2 -3 -3  4  0  0 -5 -4 -2    4   5   4  10   0   4  16   2   1   2   1  13   1   1  20   5   7   0   0   3  0.43 0.32
   55 I   -3 -6 -6 -7 -2 -5 -6 -7 -3  6  1 -5 -2 -1 -3 -6 -4 -6 -3  5    2   0   0   0   1   1   0   0   1  39  10   1   0   2   2   0   1   0   1  39  1.36 0.64
   56 K   -1  1  0 -1 -4  1  1 -3 -1  0  0  2 -1 -2 -3  0  1 -3 -1  2    3  10   3   2   0   6   8   1   1   5  11  13   1   1   1   5   9   0   2  18  0.17 0.19
   57 S   -2  2  1  3 -5  0  2 -1 -1 -3 -4  1  0 -4 -3  3 -1 -5 -1 -3    3  14   7  14   0   3  11   3   2   2   1   7   2   1   1  23   3   0   2   2  0.41 0.33
   58 I    1 -5 -5 -5  5 -5 -6 -5 -6  4  0 -4  1 -1 -4 -2 -2 -2 -2  4   10   0   0   1  13   0   0   1   0  21   7   1   3   3   1   2   2   1   2  33  0.89 0.48
   59 D   -2  3 -1  0 -5  0  0 -4  1 -1 -2  3 -2  0 -3 -1  1  1  1  0    3  16   3   6   0   4   4   0   4   4   3  22   1   5   1   3   7   2   4   7  0.28 0.25
   60 M   -2 -4 -6 -4 -3 -5 -6 -6 -6  5  3 -5  4  1 -4 -4 -3  0 -2  4    3   1   0   1   1   0   0   0   0  28  22   0   9   4   1   1   1   1   1  25  0.92 0.47
   61 S    0 -2  0 -3  0 -2 -3 -2  0  2  0  0  3 -2  3  0 -3 -4 -1  2    8   1   4   1   2   1   1   4   2  15   9   6   8   1  13   6   0   0   2  16  0.25 0.21
   62 W   -2  4 -2 -4  0 -1 -3 -3 -1 -1  0  2  1  1 -2 -1  1  0  2 -1    2  22   2   1   2   2   1   2   2   3  10  15   3   6   2   5   8   1   7   3  0.31 0.25
   63 D   -3 -1  3  6 -4 -2  0 -3  0 -3 -3 -1 -4 -4 -3 -1 -2 -4 -2 -3    2   3  12  51   0   2   5   2   2   1   3   3   0   1   1   4   2   0   1   2  1.08 0.49
   64 S   -1  3 -2 -2 -2 -1  0 -2 -2 -3 -4  4 -3 -2  2  0 -2 -1  1 -3    6  18   1   2   1   2   5   4   1   1   2  27   1   2  12   5   2   1   5   1  0.52 0.32
   65 V   -1  1  1  0 -3  0  2 -2  0 -1 -1  1 -1  1 -2 -1  0 -2  0  0    5   7   9   5   0   4  17   2   2   4   5   9   1   6   1   4   6   0   3   8  0.12 0.12
   66 T   -1 -1 -1  0 -3 -1 -2 -1  0 -2 -2  0 -2 -2 -2  2  5 -4 -3 -2    5   3   3   4   0   3   2   4   2   2   3   6   1   2   2  15  39   0   1   3  0.55 0.35
   67 M   -2  0  2 -2 -1 -1  0  5 -2 -4 -2  1  0 -2 -1 -2 -2 -4 -4 -3    3   6   8   2   1   3   5  43   1   1   4   9   2   2   4   1   2   0   0   2  0.63 0.36
   68 K   -1  4  0 -1 -4  2 -1 -2  1 -2 -1  3  0 -1 -3 -1  0 -4 -1 -2    5  20   3   4   0   8   3   3   3   2   7  20   2   2   1   3   6   0   2   3  0.31 0.23
   69 H   -1 -1  1 -3  1 -2 -2 -2  4 -4 -2 -1  0 -1  3  4 -2 -5 -2 -3    3   3   6   1   3   2   2   3   8   1   4   4   2   2  14  36   2   0   2   1  0.59 0.40
   70 K   -3  5 -2 -4  1 -1 -2 -4 -3 -5 -1  5  0 -3 -2 -2 -1 -5 -4 -3    2  32   2   0   3   3   2   1   1   0   6  35   3   1   2   3   3   0   1   2  0.97 0.51
   71 G   -2 -2  0 -5  0 -2 -5  7 -2 -6 -6 -2 -6 -6 -2 -2 -5 -6 -6 -6    3   3   5   0   2   2   0  73   1   0   1   3   0   0   3   2   0   0   0   1  1.71 0.75
   72 F   -6 -5 -6 -4  2 -1 -4 -7 -1 -1 -4 -6 -2  7 -7 -5 -2 -4  7 -2    0   1   0   1   4   3   2   0   2   4   1   0   1  42   0   1   3   0  33   3  1.78 0.79
   73 A    5 -5 -6 -7  4 -6 -6  4 -7 -4 -5 -6 -6 -4 -6 -3 -3 -7 -7 -2   52   0   0   0   8   0   0  32   0   1   1   0   0   1   0   1   1   0   0   3  1.51 0.77
   74 F   -8 -8 -8 -5 -1 -8 -4 -9 -2 -4 -2 -6  0  9 -9 -5 -3  0  4 -5    0   0   0   1   1   0   1   0   1   1   3   0   2  71   0   1   2   1  13   1  2.46 1.02
   75 V   -2 -8 -8 -8  0 -7 -8 -8 -8  4  0 -7 -2 -3 -8 -7 -5 -8 -6  7    4   0   0   0   2   0   0   0   0  20   8   0   1   1   0   0   0   0   0  66  1.84 0.84
   76 E   -3  0  0  1 -2  2  4 -4  2 -3 -3 -1 -2 -3 -5  0  2 -2 -2  0    1   4   4   7   1   7  30   1   5   1   2   4   1   1   0   8  13   1   1   8  0.49 0.38
   77 Y   -8 -8 -8 -9  1 -8 -8 -9 -6 -3 -2 -8  3  8 -9 -8 -7 -4  6 -3    0   0   0   0   3   0   0   0   0   1   3   0   7  59   0   0   0   0  26   2  2.48 1.03
   78 E    1  0 -2  0  0  0  4 -2  0 -3 -3  2 -1 -2  0  0  0 -5  1 -3   11   4   1   5   2   3  27   2   2   1   2  12   2   2   4   8   5   0   5   2  0.33 0.29
   79 V   -3 -1  3  5 -2 -2  1 -4  1 -5 -4 -1 -2 -4 -5  2  2 -6 -1 -3    2   3  13  27   1   2   7   1   3   0   1   4   1   0   0  18  13   0   2   2  0.67 0.45
   80 P   -1  2 -2 -1 -4  0  3 -3  2  0 -1  1 -2 -3  3 -1 -2 -5 -2  0    4  13   1   3   0   4  20   2   5   5   5   9   1   1  13   5   2   0   1   7  0.32 0.27
   81 E    0  3  0  2 -4  1  4 -3 -2 -4 -4  1 -4 -4 -2  1 -1 -6 -4 -3    9  13   3  10   0   5  30   2   1   1   1   8   0   1   1   8   3   0   0   2  0.54 0.39
   82 A    2 -4 -1  5 -3  1  2 -1 -1 -4 -5 -3 -2 -3 -3  2 -2  1 -4 -3   15   0   2  29   1   7  11   4   1   1   1   1   1   1   1  17   2   2   1   2  0.62 0.44
   83 A    6 -4 -7 -7 -1 -3 -4 -4 -7 -2 -3 -6  1 -5 -6 -2 -1 -7 -3  2   69   1   0   0   1   1   1   1   0   2   2   0   3   0   0   2   3   0   1  12  1.48 0.79
   84 Q    0  1  0  1 -2  4  3 -3  0 -1 -1  1  0 -4 -2 -1 -1 -2 -3 -1    7   6   3   8   1  18  18   1   2   3   6  10   3   0   1   4   4   0   0   5  0.30 0.27
   85 L    1  2  2  1 -3  1  0 -3 -1 -2 -1  3 -1 -4 -3 -1 -1 -5 -1 -3   14  12  11   7   0   5   5   1   1   3   7  20   2   0   1   4   4   0   2   1  0.29 0.26
   86 A    7 -7 -5 -7  2 -6 -7 -5 -7 -3 -5 -6 -3 -7 -6 -3 -5 -3 -7  0   83   0   0   0   4   0   0   0   0   2   1   0   1   0   0   1   0   0   0   7  2.07 1.00
   87 L   -2 -1 -6 -6  2 -1 -5 -6 -3  4  3 -1  5 -3 -5 -5 -4 -2  0  2    4   3   0   0   4   3   0   0   1  25  23   5  13   1   0   0   0   1   4  13  0.76 0.44
   88 E   -1  3  0  1 -4  2  3 -3  1 -4 -3  2 -2 -2 -3  0 -1 -3 -2 -3    6  15   5   8   0   8  21   1   3   1   3  15   1   1   1   6   3   0   2   2  0.43 0.31
   89 Q    2  0  0  0 -2  1  2  0  1 -2 -2  1 -2 -2 -3  1  1 -1  0 -2   16   4   5   4   1   5  13   6   4   2   2  11   1   2   1   9   8   1   3   2  0.17 0.17
   90 M   -2 -1 -3 -6 -1 -2 -2 -5 -5 -1  4 -3  6  1 -4 -4 -4 -5  1 -1    3   3   1   0   1   2   3   1   0   3  44   1  21   6   1   1   1   0   4   3  0.96 0.52
   91 N   -4 -3  6  4 -3  2 -2 -3  4 -7 -6 -1 -6 -6 -1  1 -2 -7 -4 -6    1   1  38  19   1   7   2   2  11   0   1   3   0   0   3   9   2   0   0   0  1.16 0.62
   92 S   -2 -1  2 -2 -3 -2 -1  6  2 -6 -5 -1 -2 -4 -2 -1 -2 -6 -3 -6    3   3   9   2   1   2   5  54   4   0   1   4   1   1   3   4   2   0   1   0  1.03 0.55
   93 V   -1  0 -2 -3 -2  1 -2 -3  2  0 -1  3  1  0 -2  0  2 -3  2  0    6   5   1   1   1   5   2   1   5   6   5  19   3   4   1   7  15   0   7   7  0.23 0.23
   94 M   -2  0 -1  0 -2  1  1 -1  0  0  0  1  2 -1  1  0  0 -2 -1  0    1   5   3   5   1   6  13   4   2   7  11   7   6   2   6   5   6   0   2   8  0.07 0.10
   95 L   -3 -3 -7 -7 -1 -6 -6 -4 -6  4  4 -6  2  4 -7 -6 -4 -1  0  2    2   1   0   0   1   0   0   2   0  19  39   0   5  14   0   0   0   1   3  12  0.98 0.51
   96 G   -3  1  1  4  0  0  0  1  2 -4 -2  0  2 -1 -1 -1 -3 -2  0 -4    2   6   8  24   2   5   6  10   6   1   4   6   6   3   4   3   1   1   4   0  0.36 0.28
   97 G   -2 -2  1  2 -6 -2 -1  5  2 -6 -4 -2 -6 -1 -3  0 -1 -6 -2 -6    3   2   7  10   0   2   4  46   5   0   2   2   0   3   2   7   4   0   2   0  0.88 0.53
   98 R   -3  6 -2 -3  0  1 -2 -3  2 -3 -2  3  0 -2 -6 -2 -1  1  0 -3    2  38   2   1   2   5   2   2   4   2   5  15   3   2   0   4   3   2   3   2  0.81 0.50
   99 N   -2  2  0 -2  0  0  0 -2  0  1 -2  1  1 -2  2 -1  1  0  1 -1    3  11   4   2   2   3   6   3   2  10   3  11   4   1  12   4   8   1   4   5  0.17 0.17
  100 I   -2 -3 -6 -6  2 -2 -3 -3 -6  5  3 -3  2 -2 -2 -3 -3 -6 -1  2    3   2   0   0   4   2   2   2   0  27  27   2   4   2   2   2   2   0   2  15  0.73 0.42
  101 K   -2  3  0  1 -1  0  0 -3  0 -2 -1  3 -1  1 -2 -1  0  0  1  0    3  16   4   7   1   3   5   2   2   2   5  19   1   6   2   4   5   1   5   6  0.23 0.21
  102 V    0 -2  0  0  2 -1  0 -2 -2  0  0  0  1  1  1  0  0  4 -1  0    7   0   7   7   6   0   7   0   0   7   7   7   6   6   7   7   7   6   0   7  0.10 0.14
  103 G    0  0  1  1  0  0  0  1  2  0 -2  1  0 -1 -1  0 -1 -3  0 -1    9   3   6   8   3   4   5  14   7   6   3   9   3   3   3   6   4   0   3   3  0.07 0.09
  104 R   -2  3 -1 -2 -4  0 -1 -2  2 -1 -1  1  0  1  1 -1 -2  4  2 -1    2  17   3   2   0   4   3   3   5   3   6  10   2   7   9   4   2   6   7   4  0.24 0.23
  105 P   -1  0  0  0  2  0  0 -1  2  0 -1  0  2  1  0 -1  0  4  1 -1    5   5   5   5   5   5   5   5   5   5   5   5   5   5   5   5   5   5   5   5  0.09 0.08
  106 S   -1  0  0  0  2  0  0 -1  2  0 -1  0  2  1  0 -1  0  4  1 -1    5   5   5   5   5   5   5   5   5   5   5   5   5   5   5   5   5   5   5   5  0.09 0.08
  107 N   -1  0  0  0 -3  0  0 -1  2  0 -1  0  1  0  0  0  0  3  1  0    5   5   5   5   0   5   5   5   5   5   5   5   5   5   5   5   5   5   5   5  0.06 0.08
  108 I   -1  2  0 -1  1  0  0  0  1 -1 -2  2  1  0  1 -1 -1  3  1 -1    5  10   4   3   3   4   6   8   3   4   5  12   3   3   7   4   4   4   4   4  0.12 0.11
  109 G    0  1  0  0  0  0  0  1  0 -2 -1  1 -1 -1  1  0 -1 -3  0 -1    8   9   5   5   2   4   5  13   2   3   5  11   2   2   6   8   3   0   4   3  0.09 0.11
  110 Q   -1  0  0  0 -3  0  0 -1  2  0 -1  0  1  0  0  0  0  3  1  0    5   5   5   5   0   5   5   5   5   5   5   5   5   5   5   5   5   5   5   5  0.06 0.08
  111 A   -1  0  0  0  2  0  0 -1  2  0 -1  0  2  1  0 -1  0  4  1 -1    5   5   5   5   5   5   5   5   5   5   5   5   5   5   5   5   5   5   5   5  0.09 0.08
  112 Q   -1  0  0  0 -3  0  0 -1  2  0 -1  0  1  0  0  0  0  3  1  0    5   5   5   5   0   5   5   5   5   5   5   5   5   5   5   5   5   5   5   5  0.06 0.08
  113 P   -1  0  0  0  2  0  0 -1  2  0 -1  0  2  1  0 -1  0  4  1 -1    5   5   5   5   5   5   5   5   5   5   5   5   5   5   5   5   5   5   5   5  0.09 0.08
  114 I   -1  0  0  0 -3  0  0 -1  2  0 -1  0  1  0  0  0  0  3  1  0    5   5   5   5   0   5   5   5   5   5   5   5   5   5   5   5   5   5   5   5  0.06 0.08
  115 I    0  0  0  0  1  1  0  0  1 -1 -1  0  1  0  1  0  0  2  0  0    7   4   4   5   3   6   6   8   4   4   5   5   4   5   7   7   5   3   3   6  0.04 0.04
  116 D    0  0  0  0  2  0  0 -1  1  0 -1  0  1  0  0  0  0 -2  1  0    5   5   5   5   5   5   5   5   5   5   5   5   5   5   5   5   5   0   5   5  0.03 0.05
  117 Q    0  0  0  0  2  0  0 -1  1  0 -1  0  1  0  0  0  0 -2  1  0    5   5   5   5   5   5   5   5   5   5   5   5   5   5   5   5   5   0   5   5  0.03 0.05
  118 L   -1  0  0  0  2  0  0 -1  2  0 -1  0  2  1  0 -1  0  4  1 -1    5   5   5   5   5   5   5   5   5   5   5   5   5   5   5   5   5   5   5   5  0.09 0.08
  119 A   -1  0  0  0  2  0  0 -1  2  0 -1  0  2  1  0 -1  0  4  1 -1    5   5   5   5   5   5   5   5   5   5   5   5   5   5   5   5   5   5   5   5  0.09 0.08
  120 E    0  0  0  0  2  0  0 -1  1  0 -1  0  1  0  0  0  0 -2  1  0    5   5   5   5   5   5   5   5   5   5   5   5   5   5   5   5   5   0   5   5  0.03 0.05
  121 E   -1  0  0  0 -3  0  0 -1  2  0 -1  0  1  0  0  0  0  3  1  0    5   5   5   5   0   5   5   5   5   5   5   5   5   5   5   5   5   5   5   5  0.06 0.08
  122 A    0  0  0  0  2  0  0 -1  1  0 -1  0  1  0  0  0  0 -2  1  0    5   5   5   5   5   5   5   5   5   5   5   5   5   5   5   5   5   0   5   5  0.03 0.05
  123 R    0  0  0  0 -2  1  0  0  1  0 -1  0  1  0  1  0  0 -2  1  0    6   6   5   6   0   5   6   6   5   6   6   6   5   5   6   6   6   0   5   6  0.03 0.06
  124 A   -2  0  2  2  1  1  0  0  1 -2 -2  0  0 -1  2  0  0  1 -1 -2    4   6   8  11   3   6   6   7   3   3   4   5   2   2   9   8   7   2   2   3  0.14 0.14
  125 F   -1  0  0  0  1  0  0  0  1 -1 -1  0  2  1  2  0  0  2  0 -1    5   4   4   7   3   3   7   7   3   3   6   5   5   6   9   7   6   3   4   5  0.05 0.06
  126 N   -1  0  0  0  2  0  0 -1  2  0 -1  0  2  1  0 -1  0  4  1 -1    5   5   5   5   5   5   5   5   5   5   5   5   5   5   5   5   5   5   5   5  0.09 0.08
  127 R   -2  3  3 -3  1 -2 -3 -4 -3 -2 -3  3 -3 -5 -4  0  4 -6 -4  0    2  16  12   1   3   1   1   1   0   2   2  18   0   0   1   7  25   0   0   6  0.63 0.43
  128 I   -4 -6 -6 -4 -1 -6 -7 -6 -7  5  4 -6 -2 -3 -4 -6 -5 -6 -5  3    1   0   0   1   1   0   0   1   0  27  44   0   0   1   1   0   0   0   0  21  1.29 0.62
  129 Y   -4  0 -6 -7 -1 -3 -6 -5  1 -1 -1 -3 -2  7 -5 -5 -3  2  6 -1    1   5   0   0   2   1   0   1   3   3   5   2   1  38   1   1   2   2  28   4  1.41 0.67
  130 V   -5 -7 -8 -8  1 -7 -7 -7 -8  4  0 -7 -1 -4 -7 -7 -5 -7 -6  7    0   0   0   0   2   0   0   0   0  22   8   0   1   1   0   0   0   0   0  64  1.84 0.83
  131 A   -2  1 -2 -1 -1 -2 -2  5 -3 -4 -4  1 -4 -2 -5  2  0 -6 -4 -5    3   8   2   3   1   1   2  40   1   1   2  10   0   2   0  15   6   0   0   0  0.69 0.44
  132 S   -5  0  7 -1 -7 -1 -5  4 -1 -8 -6 -2  0 -6 -7 -2 -5 -8 -4 -6    0   4  53   4   0   2   0  26   1   0   1   2   3   0   0   2   0   0   1   1  1.59 0.80
  133 V   -5 -7 -7 -6 -3 -6 -5 -8 -7  3  6 -7 -1  0 -5 -5 -5 -6 -4  1    0   0   0   0   1   0   1   0   0  15  67   0   1   3   1   1   0   0   1  10  1.51 0.71
  134 H   -1 -4  2  3 -6 -4 -4 -1  1 -5 -5 -3 -3 -7  6  3 -1 -7 -5 -6    4   1   9  13   0   1   1   5   3   0   1   1   1   0  35  22   3   0   0   0  1.03 0.62
  135 Q   -2  0 -1  0 -5 -1  2 -3  0 -3 -3  1 -3  3  4  0 -1  3  2 -3    3   5   2   5   0   3  12   1   2   1   2   7   0  13  18   6   4   4   8   1  0.39 0.31
  136 D   -1  1  2  2 -4  0  2  0  0 -4 -3  1 -2 -2 -1  2  1 -2  1 -2    4   6  10  12   0   3  12   6   2   0   2   8   1   1   2  15   7   1   5   2  0.25 0.24
  137 L    0 -4 -4 -5  2 -3 -4 -4 -3  2  0 -4  3  1 -5 -3  3 -2 -1  4    9   0   0   0   4   1   1   1   1  10   9   1   7   5   0   1  20   1   2  26  0.57 0.39
  138 S   -3  0  1  3 -4 -1 -1 -3 -3 -5 -5  0 -4 -7 -4  2  5 -7 -5 -4    1   6   7  14   0   2   3   1   0   0   0   6   0   0   1  17  40   0   0   1  0.89 0.58
  139 D   -1 -2  1  2 -7  0  5 -4 -2 -3 -4  1 -3 -4 -2 -1 -2  4 -5 -4    6   2   6  13   0   4  41   1   1   2   1   7   1   1   2   4   2   6   0   1  0.83 0.53
  140 D   -1  0  0  3 -4  3  4 -3  1 -4 -5  1 -1 -4 -2  0 -1 -6 -2 -4    6   5   5  17   0  11  28   2   3   1   0   6   1   1   1   6   4   0   1   1  0.57 0.40
  141 D   -2 -2 -2  5 -4  2  3 -3  0 -4 -2  0  1 -3 -4 -1 -1 -2 -4 -2    4   2   1  33   0   8  21   1   2   1   4   5   3   1   0   4   4   1   0   4  0.68 0.45
  142 I   -5 -7 -8 -8 -6 -7 -8 -8 -8  4  6 -5  0  0 -8 -7 -6 -6 -5  1    0   0   0   0   0   0   0   0   0  19  66   1   2   3   0   0   0   0   0   9  1.62 0.75
  143 K   -2  4 -2 -1 -3  1  3 -4  2 -3 -1  3 -2 -2 -5 -2 -3  0  1 -3    3  24   1   3   1   5  18   1   5   1   6  18   1   1   0   2   1   1   6   1  0.57 0.40
  144 S    0  1  1  3 -2  2  4 -2 -3 -4 -3  1  0 -5 -3  0 -1 -6 -3 -4    6   7   6  17   1   8  26   2   0   1   2   9   2   0   1   6   4   0   1   0  0.50 0.37
  145 V   -1 -4 -5 -5 -1 -3 -1 -5  4  2  3 -3  2  2 -4 -2 -1 -4  1  1    6   0   0   0   1   1   4   0  10  12  31   2   4   7   1   3   3   0   6   9  0.47 0.32
  146 F   -5 -8 -8 -8  1 -8 -6 -8 -7 -3  1 -8  1  9 -8 -7 -7 -5 -2 -2    1   0   0   0   3   0   1   0   0   1  11   0   4  76   0   0   0   0   1   3  2.51 1.02
  147 E    1  1  0 -1 -2  1  2  1 -2 -3 -4  1 -3 -5 -4  3 -1 -6 -3 -4    9   6   4   2   1   5  14  13   1   2   1  10   1   0   0  27   2   0   1   1  0.42 0.35
  148 A    0  3 -2  0 -4  3  1 -2 -1 -3 -4  3 -2 -5  2  0 -1 -5 -2 -2    7  13   1   5   0  15   9   3   1   1   1  18   1   0   9   7   2   0   1   3  0.41 0.32
  149 F   -1 -5 -4 -7  4 -3 -5 -5  1 -1 -1 -4 -4  7 -7 -5 -5 -2  6 -2    5   0   1   0   8   1   1   1   3   3   5   1   0  40   0   1   1   0  27   3  1.50 0.70
  150 G   -4 -7 -3 -6 -2 -3 -3  7 -5 -8 -5 -5 -7 -6 -2 -2 -4 -7 -5 -7    1   0   1   0   1   1   2  84   0   0   1   0   0   0   3   4   1   0   0   0  2.16 0.94
  151 K   -1  0  0  2 -3  1  2 -1 -1 -3 -4  2 -3 -4  3  0  1 -5 -3 -2    4   4   4  10   0   5  17   5   2   1   1  13   0   1  14   8   8   0   1   3  0.35 0.27
  152 I   -4 -6 -6 -7 -1 -5 -6 -4 -2  5  1 -4 -2 -2 -3 -6 -3 -6 -4  5    1   0   0   0   2   1   0   1   1  36  10   1   0   2   2   0   2   0   0  40  1.28 0.61
  153 K   -2  2 -2 -1  0  0  2 -4  0  0  0  2 -2 -2 -2 -1  1 -5 -2  1    1  10   1   2   3   4  16   1   2   6   7  16   1   2   1   4   9   0   1  12  0.23 0.23
  154 S   -1  3  2  2 -5  0  2 -1 -1 -5 -5  1 -2 -2 -3  2  0 -5  1 -4    3  15   8  12   0   3  13   4   1   0   0   8   1   2   1  19   4   0   5   1  0.41 0.32
  155 A    1 -5 -5 -5  5 -5 -4 -3 -5  4 -1 -4  0  0 -3 -1 -2 -3 -1  4   14   0   0   1  10   0   1   2   0  21   5   1   2   4   1   5   2   0   2  28  0.66 0.40
  156 T   -2  3  0  0 -4  0  1 -2  1  0 -2  2 -2  0 -2  0  0  0  0  0    2  19   4   6   0   4   7   2   3   6   2  13   1   4   2   5   7   1   4   7  0.19 0.18
  157 L   -3 -3 -4 -6 -4 -5 -4 -6 -5  5  3 -4  3 -1 -3 -3 -4 -5 -3  4    2   1   1   0   0   0   1   0   0  30  23   1   7   3   1   2   0   0   1  26  0.93 0.47
  158 A    0 -3 -1 -2 -2 -2 -2 -1  0  1  1 -2  2 -1  3 -1  0 -4 -1  2    6   1   4   2   1   1   2   6   2  10  12   2   7   2  15   4   4   0   2  17  0.21 0.18
  159 R   -2  4 -2 -3  0 -1 -2 -3  0 -1  0  2  1  0 -1 -2  1  0  1 -1    3  24   1   1   2   2   2   2   2   4   9  14   4   4   3   2  10   1   5   5  0.30 0.24
  160 D   -4 -2  2  7 -5 -2  0 -2  1 -3 -4 -2 -3 -2 -2 -1 -2 -5 -2 -4    1   2   8  55   0   2   5   3   3   1   2   2   1   2   2   4   3   0   2   2  1.16 0.55
  161 P   -1  3 -2 -2 -4  1  0 -3 -1 -3 -2  4  0 -1  3  0 -1 -2  0 -3    6  19   1   2   0   5   5   2   1   1   3  23   2   3  13   6   3   1   3   1  0.44 0.28
  162 T   -1  1  1  2 -2  1  3 -1  0 -1 -2  1 -1  1 -1  0 -1 -2  0 -1    5   6   7  10   1   5  19   3   3   3   3   8   1   6   3   4   4   0   3   5  0.14 0.13
  163 T   -2 -1  1  0 -3 -1 -2 -1  0 -3 -2  0 -3 -1 -1  2  5 -3 -2 -2    3   4   5   4   0   2   2   4   3   1   4   6   0   3   3  13  39   0   1   2  0.52 0.32
  164 G   -1  0  1 -2 -4  0 -1  5 -1 -4 -4  2 -2 -3 -1 -1 -2 -4 -4 -3    4   6   6   1   0   4   4  46   2   1   2  11   1   1   3   3   2   0   1   1  0.72 0.36
  165 K   -1  3  0 -1 -4  1  0 -2  1 -2 -1  3 -1 -1 -1 -1  0 -3  0  0    4  18   5   3   0   5   4   3   4   2   5  21   1   3   2   3   7   0   3   6  0.25 0.20
  166 H    0 -1  0 -1  0 -1 -2 -1  3 -3 -2 -1  0 -1  3  4 -1 -4 -3 -2    6   3   3   3   2   3   1   4   6   1   5   3   3   2  14  35   3   0   0   3  0.45 0.33
  167 K   -3  5 -1 -3  2 -1 -3 -4 -4 -4 -2  5 -2 -4 -2 -2  0 -5 -4 -3    2  32   3   1   4   2   1   1   0   1   4  37   1   1   2   2   5   0   0   2  1.03 0.51
  168 G   -2 -1 -1 -3  1 -2 -4  7  0 -5 -5 -2 -5 -5 -4 -3 -4 -5 -5 -4    2   3   3   1   3   2   1  71   3   1   1   2   0   0   1   2   1   0   0   2  1.54 0.64
  169 Y   -3 -5 -5 -4  3 -1 -2 -5 -1  0 -2 -3  1  6 -5 -4 -1 -1  5 -1    2   0   0   1   6   3   3   0   1   6   3   2   3  37   0   1   4   0  20   4  1.07 0.52
  170 G    5 -4 -5 -5  4 -5 -5  4 -6 -6 -5 -3 -5 -6 -5 -3 -3 -6 -6 -4   51   1   0   0   8   0   0  33   0   0   1   1   0   0   0   1   1   0   0   1  1.44 0.71
  171 F   -5 -3 -7 -5 -4 -7 -4 -7 -3 -1  0 -5 -2  8 -7 -5 -3 -1  4 -1    1   2   0   1   0   0   1   0   1   3   7   1   1  66   0   1   2   1  11   4  2.01 0.85
  172 I   -2 -7 -8 -8  0 -7 -7 -8 -8  4  0 -7 -1 -3 -7 -6 -5 -7 -6  7    4   0   0   0   2   0   0   0   0  19   6   0   1   1   0   0   0   0   0  67  1.82 0.82
  173 E   -2  0  0  0  1  2  4 -5  2 -2 -3  0 -3 -5 -5  0  3 -3 -2  0    2   5   3   4   3   9  29   0   5   2   2   5   0   0   0   6  16   0   2   7  0.50 0.39
  174 Y   -7 -8 -8 -9 -2 -8 -8 -9 -6 -4 -2 -8  3  8 -9 -8 -7 -4  6 -6    0   0   0   0   1   0   0   0   0   1   3   0   6  62   0   0   0   0  28   0  2.63 1.06
  175 E    1 -1 -1  1 -3 -1  3 -1  0 -3 -3  1 -1 -1 -1  1  0 -4  1 -1   10   2   2   8   0   2  23   4   2   1   2  10   2   3   2  11   7   0   5   4  0.24 0.24
  176 K   -2  0  3  4 -1 -1  0 -3 -1 -5 -4  0 -2 -4 -5  3  2 -6 -2 -5    3   4  15  22   1   2   5   1   1   0   1   5   1   1   0  21  15   0   1   0  0.63 0.43
  177 A    0  3 -1 -1 -3  1  2 -4  2 -1 -2  1 -2 -2  2 -1 -1 -5  0  0    6  17   2   2   0   5  14   1   6   3   3  10   1   2   9   5   3   0   3   9  0.27 0.24
  178 Q    0  2 -1  3 -6  1  4 -2 -4 -3 -4  1 -4 -3 -2  0 -2 -3 -3 -4    7  11   2  14   0   7  33   3   0   1   1   6   0   1   2   7   2   0   1   1  0.58 0.41
  179 S    1 -4 -2  5 -2  0  3 -2 -2 -2 -4 -2 -2 -4 -2  2 -1 -6 -4 -2   11   0   1  29   1   4  16   3   1   2   1   2   1   1   2  18   3   0   0   3  0.59 0.42
  180 S    6 -4 -6 -6  1 -3 -4 -4 -6 -2 -2 -4  2 -3 -5 -2 -1 -7 -3  1   65   1   0   0   3   1   1   1   0   2   5   0   5   1   0   2   3   0   1  10  1.25 0.70
  181 Q    0  1 -1  1 -3  2  3 -3 -1  0 -1  2  0 -4 -3 -1  0 -2 -3  0    9   7   3   8   0  10  20   1   2   5   5  11   2   0   1   3   5   1   1   7  0.24 0.22
  182 D    2  3  1  0 -5  2  1 -4 -2 -2 -3  3 -1 -4 -3 -1 -1 -5 -1 -2   17  14   8   6   0   9   8   0   1   3   2  17   2   0   1   4   3   0   2   2  0.35 0.29
  183 A    7 -6 -6 -7  2 -6 -6 -4 -4 -1 -4 -3 -3 -7 -6 -3 -5 -3 -6 -2   83   0   0   0   3   0   0   1   0   4   1   1   1   0   0   1   0   0   0   3  1.93 0.94
  184 V   -2 -2 -6 -6  2 -2 -4 -6 -3  4  3 -1  4 -2 -6 -4 -3 -1  0  2    3   3   0   0   4   1   1   0   1  25  28   4  12   1   0   1   0   1   3  13  0.74 0.42
  185 S    0  2  0  2 -2  2  3 -3  0 -2 -2  2 -2 -2 -4  0  0 -5 -3 -2    6  11   5   9   1   8  21   1   2   2   4  13   1   2   0   6   5   0   1   2  0.32 0.26
  186 S    1  0  1  0 -2  1  2  0  2 -2 -2  2 -1 -2 -3  1  0 -1  0 -2   15   4   6   5   1   5  12   6   5   2   2  14   2   2   0   9   4   1   3   3  0.16 0.16
  187 M   -2 -4 -5 -6  2 -2 -3 -5 -3  0  4 -3  6  1 -2 -4 -3 -4 -1 -2    3   1   0   0   5   2   2   1   1   4  46   1  20   5   2   1   2   0   2   2  0.95 0.51
  188 N   -4 -1  6  3 -2  1 -2 -2  4 -6 -5  0 -5 -6 -4  0 -1 -6 -5 -6    1   3  44  15   1   6   2   2  10   0   1   6   0   0   1   6   3   0   0   0  1.18 0.63
  189 L   -3 -1  3 -1 -3 -1 -2  6 -1 -6 -5 -1 -3 -1 -3 -2 -3 -5 -1 -5    2   4  12   4   1   3   3  55   2   0   1   4   1   2   1   2   1   0   3   1  1.01 0.54
  190 F   -1  1 -2 -3 -2  1 -1 -3  3  0 -1  2  1  1 -4  0  2 -3  1  0    3   6   1   0   1   5   3   2   8   6   5  15   3   6   0   8  12   0   5   7  0.20 0.22
  191 D   -2  0 -1  1 -2  1  2 -1  0 -1  0  1  1 -2  0  0  0  0 -1  0    1   5   2   9   1   7  16   4   2   4   8  10   4   1   4   5   6   2   2   6  0.12 0.14
  192 L   -4 -4 -6 -6 -1 -5 -6 -4 -5  4  4 -6  2  3 -4 -5 -4  0  0  1    1   1   0   0   1   0   0   1   0  24  38   0   4  14   1   1   1   1   3   9  0.93 0.48
  193 G   -1  0  2  3  1 -1  0  2  2 -3 -1  0  1 -1 -2 -1 -2 -3  0 -4    4   5  10  19   3   2   5  17   5   1   6   5   5   3   1   4   1   0   3   0  0.28 0.24
  194 G   -3 -5  2  2 -7 -4 -1  6  1 -4 -6 -4 -4 -7 -4  0 -2 -7 -5 -7    1   0   9   9   0   1   4  59   3   1   0   1   0   0   1   7   2   0   0   0  1.32 0.69
  195 Q   -4  6  0 -3 -4  1 -2 -3  2 -5 -2  4 -3 -4 -4 -1 -4  2 -1 -4    0  39   4   2   0   6   2   2   5   1   5  21   0   1   1   6   0   2   2   1  0.93 0.56
  196 Y   -1  2  0 -3 -1  1  0 -3  1  1 -2  2  0 -2  3 -1  0 -3 -1  0    3  13   4   1   1   6   6   1   3   8   2  14   2   2  15   3   5   0   2   7  0.26 0.24
  197 L   -4 -7 -7 -8  1 -7 -7 -8 -7  5  4 -7  2 -2 -5 -6 -5 -2 -5  2    1   0   0   0   3   0   0   0   0  36  41   0   5   1   0   0   0   1   0  11  1.37 0.66
  198 R   -3  4  0 -1 -3  0  1 -5  2 -3 -3  3 -3 -1 -5  0  1 -3  0  0    2  24   4   2   1   3   9   0   4   1   2  17   0   3   0   6   9   0   3   8  0.44 0.35
  199 V   -2 -7 -7 -8  3 -7 -7 -5 -8  3  0 -7 -2 -5 -7 -6 -2 -7 -6  7    3   0   0   0   5   0   0   1   0  12   9   0   1   0   0   0   2   0   0  66  1.70 0.80
  200 G   -2  1  1  3 -4  2  3  0  0 -5 -4  2 -2 -4 -3  1 -1 -6 -5 -4    3   8   8  14   0   8  17   7   2   0   1  14   1   1   1  11   4   0   0   1  0.42 0.32
  201 K   -3  1 -3 -5 -4 -2 -2 -6  1  0  0  1 -1  4  1 -4 -4  7  3 -1    1   9   1   0   0   1   2   0   4   5  10   9   1  16   8   0   1  15  10   4  0.70 0.42
  202 A    6 -5 -4 -4 -3 -5 -3  0  0 -5 -6 -3 -5 -4 -4  3 -3 -6 -6 -2   65   0   1   1   0   0   1   5   2   0   0   1   0   1   1  18   1   0   0   2  1.37 0.73
  203 V   -2  2  0  1 -4  1  1 -3 -2  1 -1  3 -2 -1 -2 -1  1 -4 -1  0    3  11   5   8   0   5   7   1   1   8   6  24   0   2   1   2   9   0   2   7  0.24 0.22
  204 T    0 -1  1  0 -4 -1  0 -1 -3 -3 -3  1 -2 -4  4  3  2 -5 -2 -4    7   4   6   4   0   2   5   5   0   1   2  10   1   1  19  20  13   0   1   1  0.43 0.32
  205 P   -2  4 -1 -1 -6  2 -1 -1 -3 -6 -5  2 -2 -6  5 -3 -3 -4 -3 -4    2  25   3   4   0   9   4   5   0   0   1  14   1   0  27   1   1   0   1   1  0.84 0.48
  206 P   -2  0 -2 -1 -6 -2 -1 -3 -5 -4 -4  4 -5 -6  6 -1 -2 -6 -4 -1    2   5   1   3   0   2   4   2   0   1   1  25   0   0  41   4   3   0   1   5  1.08 0.56
  207 M   -1  3  1 -1 -4 -1  2 -3 -2 -3 -2  3  2 -4  0  1 -1 -5 -4 -2    5  15   8   2   0   1  15   1   1   0   4  22   6   0   4  12   3   0   0   3  0.39 0.30
  208 P   -2 -1 -2 -1 -5  0 -1 -4  2 -3 -2  2 -2 -4  6 -2 -2 -5 -3 -1    3   3   1   4   0   3   3   1   6   1   5  14   1   1  46   2   2   0   1   4  0.99 0.48
  209 L    0  1 -1 -1 -3  1  0 -1 -1  0  0  1  0  0 -1  0  0 -3 -1  0    9  11   2   2   0   6   7   3   1   5   9  12   2   4   2   9   7   0   1   9  0.07 0.08
  210 L   -1  0  0 -2 -1  1 -1 -2 -1  1  1  1  2  1  1  0 -1  1 -2  0    2   6   5   1   1   7   2   3   1   8  16   9   7   6   8   9   1   2   1   5  0.09 0.12
  211 T    0  2  0 -1  1  2  0 -1 -1 -2 -2  1 -2 -4  2  2  3 -4 -4 -1    5  10   4   2   3  10   4   3   1   2   2   7   1   0   9  15  19   0   0   3  0.27 0.23
  212 P   -3 -2 -3 -3 -6  0 -3 -2 -3 -6 -6 -4 -1 -2  8  1 -3 -7 -6 -3    1   2   1   1   0   4   1   4   1   0   0   0   2   2  69   9   1   0   0   2  1.84 0.73
  213 A    1  0 -1  1 -4  1  1  2 -2 -4 -4  0 -3 -1  0  1  1 -3  3 -3   11   5   2   8   0   5   8  17   0   0   0   4   0   1   4  14   8   0  13   1  0.26 0.22
  214 T    0  3  0 -2 -4  2 -1 -3  0 -4 -2  0  0 -4  1  1  3 -4  0 -3    6  18   3   2   0  11   2   1   2   0   2   5   2   0   6  12  23   0   4   0  0.37 0.28
  215 P   -4  2  0 -5 -6 -2 -4 -4 -5 -6 -4 -1 -5 -7  8 -2 -4 -7 -6 -6    0  11   4   0   0   2   0   1   0   0   2   3   0   0  74   3   0   0   0   0  2.10 0.69
  216 G    2 -4 -3 -4 -4 -4 -4  7 -4 -6 -6 -4 -5 -5 -4 -2 -4 -5 -5 -5   14   0   0   0   0   0   0  86   0   0   0   0   0   0   0   0   0   0   0   0  1.74 0.47

                      K         Lambda
Standard Ungapped    0.1324     0.3164
Standard Gapped      0.0487     0.2670
PSI Ungapped         0.1591     0.3178
PSI Gapped           0.0487     0.2670
