
Last position-specific scoring matrix computed, weighted observed percentages rounded down, information per position, and relative weight of gapless real matches to pseudocounts
            A   R   N   D   C   Q   E   G   H   I   L   K   M   F   P   S   T   W   Y   V   A   R   N   D   C   Q   E   G   H   I   L   K   M   F   P   S   T   W   Y   V
    1 M    -1  -1  -2  -3  -1   0  -2  -3  -2   1   2  -1   5   0  -2  -1  -1  -1  -1   1    0   0   0   0   0   0   0   0   0   0   0   0   0   0   0   0   0   0   0   0  0.00     0.00
    2 Q    -1   1   0   0  -3   6   2  -2   0  -3  -2   1   0  -3  -1   0  -1  -2  -2  -2    0   0   0   0   0 100   0   0   0   0   0   0   0   0   0   0   0   0   0   0  0.65 0.00
    3 E    -1   0   0   1  -4   4   4  -2   0  -3  -3   1  -1  -3  -1   0  -1  -3  -2  -3    0   0   0   0   0  34  66   0   0   0   0   0   0   0   0   0   0   0   0   0  0.64 0.01
    4 P     3  -2  -2  -2  -1  -1  -1  -1  -2  -2  -2  -1  -2  -3   6   0  -1  -3  -2  -1   52   0   0   0   0   0   0   0   0   0   0   0   0   0  48   0   0   0   0   0  0.86 0.01
    5 L    -2  -2  -4  -4  -1  -2  -3  -4  -3   2   4  -3   2   0  -3  -3  -1  -2  -1   1    0   0   0   0   0   0   0   0   0   0 100   0   0   0   0   0   0   0   0   0  0.49 0.02
    6 A     3  -2  -2  -2  -1  -1  -1  -1  -2  -2  -2  -1  -2  -3   6   0  -1  -3  -2  -1   56   0   0   0   0   0   0   0   0   0   0   0   0   0  44   0   0   0   0   0  0.82 0.03
    7 A     1  -2  -2  -2  -3  -2  -1  -2  -2  -3  -3  -1  -3  -4   7  -1  -1  -4  -3  -2   13   0   0   0   0   0   0   0   0   0   0   0   0   0  87   0   0   0   0   0  1.77 0.06
    8 G     0  -3  -1  -2  -3  -2  -3   6  -3  -4  -4  -2  -3  -4  -3  -1  -2  -3  -4  -4    0   0   0   0   0   0   0 100   0   0   0   0   0   0   0   0   0   0   0   0  1.23 0.08
    9 A     1  -2  -3  -3  -1  -2  -3  -2  -3   1   3  -2   1   2  -3  -1  -1  -1   0   0   23   0   0   0   0   0   0   0   0   0  61   0   0  16   0   0   0   0   0   0  0.29 0.04
   10 V    -1  -2  -2  -3  -1  -2  -2  -3  -2   2   2  -1   2   2  -2   0   0  -2   0   2    0   0   0   0   0   0   0   0   0   9  25   7   7  13   0  16   0   0   0  23  0.13 0.02
   11 I    -1  -3  -4  -4  -1  -3  -3  -4  -4   4   2  -3   1  -1  -3  -2  -1  -3  -2   3    0   0   0   0   0   0   0   0   0  54  13   0   0   0   0   0   0   0   0  33  0.42 0.05
   12 L    -1  -3  -4  -4  -1  -3  -3  -4  -3   3   3  -3   1   0  -3  -3  -1  -2  -1   2    0   0   0   0   0   0   0   0   0  23  54   0   0   0   0   0   0   0   0  23  0.40 0.04
   13 R    -1   3  -1   0  -4   1   3  -2   4  -3  -3   2  -2  -3   2  -1  -1  -3  -1  -3    0  23   0   0   0   0  30   0  16   0   0  18   0   0  13   0   0   0   0   0  0.47 0.04
   14 R    -2   2   3   4  -4   0   2  -2  -1  -4  -3   0  -3  -4  -2   0  -1  -4  -3  -3    0  23  18  38   0   0  21   0   0   0   0   0   0   0   0   0   0   0   0   0  0.54 0.04
   15 F    -2  -3  -3  -4  -2  -3  -3  -4   0   2   0  -3   0   5  -4  -2  -2   1   5   0    0   0   0   0   0   0   0   0   0  21   0   0   0  45   0   0   0   0  34   0  0.62 0.06
   16 A     2  -3  -3  -3  -1  -2  -2  -2  -3   3   0  -2   0  -1  -2  -1   0  -3  -2   4   23   0   0   0   0   0   0   0   0  21   0   0   0   0   0   0   0   0   0  56  0.30 0.04
   17 F     0  -2  -1  -1  -1  -1  -1  -2  -2   1  -1  -1  -1   2  -2   3   3  -2   0   0    0   0   0   0   0   0   0   0   0  13   0   0   0  19   0  41  27   0   0   0  0.24 0.06
   18 N     0   1   1  -1  -2  -1  -1  -1  -1  -2  -2   0  -2  -3   4   3   0  -3  -2   0    0  10   9   0   0   0   0   0   0   0   0   0   0   0  22  47   0   0   0  12  0.41 0.06
   19 A     3  -1  -1   2  -2   0   4  -1  -1  -3  -3   0  -2  -3  -1   0  -1  -3  -2  -2   44   0   0  15   0   0  41   0   0   0   0   0   0   0   0   0   0   0   0   0  0.42 0.06
   20 A     1   0  -1   1  -3   5   3  -2   0  -3  -3   0  -1  -3  -2   0  -1  -3  -2  -2   19   0   0   6   0  51  25   0   0   0   0   0   0   0   0   0   0   0   0   0  0.52 0.07
   21 E    -1   2  -1   0  -4   2   5  -3  -1  -2  -2   1   2  -3  -2  -1  -1  -3  -2  -2    0  13   0   0   0  10  62   0   0   0   0   0  15   0   0   0   0   0   0   0  0.53 0.07
   22 Q     1   2   0  -1  -3   4   1  -2  -1  -3  -3   3  -1  -3  -1   1  -1  -3  -2  -2   13   8   0   0   0  36   0   0   0   0   0  33   0   0   0  10   0   0   0   0  0.42 0.06
   23 L    -1   0  -2  -2  -2   1  -1  -3  -2   0   3   2   2  -1  -2  -1   0  -2  -2   0    0   0   0   0   0  12   0   0   0   0  47  21  12   0   0   0   8   0   0   0  0.21 0.05
   24 I    -2  -3  -4  -4  -2  -2  -3  -4  -3   2   4  -3   3   0  -3  -3  -1  -2  -1   2    0   0   0   0   0   0   0   0   0   9  70   0   8   0   0   0   0   0   0  13  0.46 0.06
   25 R    -2   1  -1   1  -2   0   1  -3  -2   0   3   1   1  -1  -2  -1  -1  -3  -2  -1    0   9   0  10   0   0  13   0   0   0  53  15   0   0   0   0   0   0   0   0  0.18 0.04
   26 D     2   0   0   3  -2   0   3  -1  -1  -3  -3   1  -2  -3  -1   1   0  -3  -2  -2   25   0   0  19   0   0  26   0   0   0   0  15   0   0   0  15   0   0   0   0  0.33 0.04
   27 I     1  -1  -1  -2  -1  -1  -1  -2  -2   2   0   1   0  -2  -2   2   0  -3  -2   2   12   0   0   0   0   0   0   0   0  34   0  15   0   0   0  26   0   0   0  13  0.13 0.04
   28 N    -1  -2   0  -2  -2  -2  -3   0  -2   2   2  -2   3  -1  -3  -2  -1  -3  -2   2    0   0   9   0   0   0   0  10   0  22  13   0  15   0   0   0   0   0   0  31  0.19 0.04
   29 D     0  -2   3   4  -3  -1   0  -1  -1  -2  -2  -1  -2   3  -2   0  -1  -2   0  -2   13   0  27  35   0   0   0   0   0   0   0   0   0  25   0   0   0   0   0   0  0.37 0.06
   30 V    -1  -2  -2  -2  -2  -1   1   1  -2  -1  -1  -2  -1  -1  -2  -1   1   8   0   1    1   1   0   1   0   0  14  12   0   1   1   1   0   0   1   1  13  36   0  17  0.64 0.07
   31 A     2  -1   0   1  -1   2   2  -1  -1  -2  -2   0  -1  -2  -1   1   2  -2  -2  -1   28   1   0   7   0  13  13   1   0   1   1   1   0   0   1  14  17   0   0   1  0.23 0.03
   32 S     0  -1   0   0  -2   2   4  -2  -1   0  -2   0  -1  -2  -1   2   0  -3  -2  -1    1   1   0   1   0  13  42   1   0  13   1   1   0   0   1  23   1   0   0   1  0.31 0.05
   33 Q    -1   0   0   2  -3   4   1  -2  -1  -3  -2   0  -1  -2  -2   1  -1   5  -1  -2    1   1   0  17   0  40   7   1   0   1   1   1   0   0   1  13   1  14   0   1  0.46 0.06
   34 S     1  -1   0   1  -1   0   0  -1  -1  -1  -1   1  -1  -2  -1   1   2  -3  -2   1   12   1   0  13   0   0   1   1   0   1   1  13   0   0   1  17  24   0   0  14  0.15 0.03
   35 P    -1  -2  -1   1  -2   0   2   0  -2  -1  -2  -1  -2  -3   5   0  -1  -3  -2   0    1   1   0   6   0   0  19   7   0   1   1   1   0   0  40   7   1   0   0  14  0.60 0.05
   36 F    -1  -2   2   2  -3  -1   1  -2  -1  -2  -1  -1  -1   4  -2   0  -1  -1   1  -2    1   1  17  14   0   0  13   1   0   1   1   1   0  40   1   7   1   0   0   1  0.27 0.05
   37 R    -1   2   2  -1  -2   3   0  -2   0  -2   0   0  -1  -1  -2   1  -1  -1   2  -2    1  16  13   1   0  24   1   1   0   1  14   1   0   0   1  12   1   0  14   1  0.18 0.04
   38 Q    -1   2   3   0  -3   3   1  -1   0  -3  -3   2  -1  -3  -2   0  -1  -3  -2  -2    1  13  29   1   0  30   1   1   0   1   1  20   0   0   1   1   1   0   0   1  0.41 0.06
   39 M    -1   2  -1  -1  -2   0  -1  -2   0  -1   0   0   2   0  -1   0   1   0   4  -1    2  15   1   2   1   1   2   2   1   1   3   2  16   1   1   8  14   0  25   2  0.14 0.03
   40 V    -1   3   2  -1  -2   0   0  -1  -1   0  -1   2  -1  -2  -1   0   0  -2  -1   1    3  26  14   2   1   1   2   3   1   2   3  15   1   1   2   2   2   0   1  18  0.13 0.02
   41 T    -1  -1  -1  -1  -1   0   1  -1  -1   0   1  -1   0  -1  -1   0   2  -1  -1   0    3   2   2   2   1   1  15   3   1   2  29   2   1   1   2   2  29   0   1   2  0.10 0.02
   42 P     2  -1  -1  -1  -1   2   0  -1  -1  -1  -1   0  -1  -2   3   1   0  -2  -1  -1   27   2   2   2   1  15   2   3   1   2   3   2   1   1  18  15   2   0   1   2  0.25 0.02
   43 G     1  -1  -1  -1  -2  -1  -1   2   0  -2  -2  -1  -1   0   2   0   1   0   4  -1   13   1   1   1   0   1   1  18   1   1   2   1   1   1  14   2  14   0  25   2  0.23 0.03
   44 G     0   1  -1  -1  -2   0  -1   3  -1  -2  -1   1  -1   1  -1   0  -1  -1  -1  -2    3  12   2   2   1   1   2  38   1   2   3  12   1  11   2   2   2   0   1   2  0.22 0.02
   45 Y    -1   1  -1  -1  -2   0   1  -2   3  -2  -1   1  -1   2  -1  -1  -1   0   4  -2    2  12   1   1   0   1  12   2  10   1   2  12   1  11   1   2   1   0  25   2  0.22 0.03
   46 T    -1  -1  -1  -1  -2   3   0  -2  -1  -2  -2   0  -1  -2   5   0   1   5  -1  -2    1   1   1   1   0  27   1   1   0   1   2   1   0   1  32   1  16  10   1   1  0.59 0.06
   47 M    -1   2  -2  -2  -2   0  -1  -2  -1   1   2   1   3  -1  -2  -1  -1  -2  -1   0    1  17   1   1   0   1   1   1   0  11  22  11  25   1   1   1   1   0   1   1  0.15 0.04
   48 S     0  -1   0  -1  -2  -1  -1   1  -1  -3  -3  -1  -2  -3   4   4   0  -3  -2  -2    1   1   1   1   0   1   1  11   0   1   1   1   0   0  21  58   1   0   0   1  0.51 0.07
   49 V    -1  -2  -2  -3  -1  -2  -2  -3  -3   1   3  -2   1   0  -2  -1   1  -2  -1   2    1   1   1   1   0   1   1   1   0   1  53   1   0   0   1   1  11   0   0  25  0.27 0.05
   50 A     2   0  -1  -1  -1   0  -1   1  -1  -2  -2   2  -1  -1  -1   0  -1  -1   2  -1   36   1   1   1   0   1   1  12   1   1   2  23   1   1   1   2   1   0  11   1  0.16 0.04
   51 M    -1   2   1  -1  -2   0  -1  -2   4  -1   0   1   3  -1  -1  -1  -1  -2   0  -1    2  12  11   1   0   1   1   2  22   1   2  11  25   1   1   2   1   0   1   1  0.20 0.05
   52 T    -1   3   0   1  -2   2   0  -2  -1  -2  -2   1  -1  -2  -1   0   2  -2  -2  -1    2  33   1  11   0  12   1   2   1   1   2   1   1   1   1   2  26   0   1   1  0.26 0.04
   53 N     0   3   2  -1  -2   1   0  -1  -1  -1   0   0  -1  -2  -1   1   0  -2  -1  -1   12  27  15   1   0   7   1   2   1   1  13   1   1   1   1  12   1   0   1   1  0.15 0.03
   54 C    -1  -2  -3  -3   4  -2  -3  -3  -3   2   3  -2   1  -1  -2  -2  -1  -2  -1   2    1   1   1   1  13   1   1   1   0   9  39   1   0   0   1   1   1   0   0  30  0.30 0.05
   55 G    -1   2   0   1  -3   2   2   2  -1  -3  -3   3  -2  -3  -1   0  -1  -3  -2  -2    1   9   1   9   0   9  13  23   0   1   1  29   0   0   1   1   1   0   0   1  0.31 0.04
   56 H     0   1   0  -1  -3   0   0  -2   6  -3  -3   3  -2  -2  -2   1  -1  -3   0  -2    8   7   1   1   0   1   1   1  36   1   1  32   0   0   1  10   1   0   0   1  0.42 0.08
   57 L    -2  -2  -3  -3  -2  -2  -3  -3  -1   1   3  -2   1   3  -3  -2  -2   0   3   0    1   1   1   1   0   1   1   1   0   1  60   1   0  15   1   1   1   0  15   1  0.38 0.07
   58 G     0   3  -1  -2  -3  -1  -1   4  -2  -3  -3   0  -2  -3  -2  -1  -1  -3  -2  -3    9  29   1   1   0   1   1  52   0   1   1   1   0   0   1   1   1   0   0   1  0.55 0.07
   59 W    -3  -3  -3  -4  -3  -2  -3  -3  -1  -2  -2  -3  -2   3  -3  -3  -3  10   5  -2    1   1   0   1   0   0   1   1   0   1   1   1   0  11   1   1   1  53  26   1  1.60 0.16
   60 T     0  -1  -1   0  -2   0   2  -2  -1  -1  -2  -1  -1  -2  -1   2   2  -3  -2   1    1   1   0   1   0   0  27   1   0   1   1   1   0   0   1  26  20   0   0  19  0.24 0.07
   61 T    -1  -1  -1  -1  -2  -1  -1  -2  -1  -1  -1   1  -1   3  -1   1   3  -1   0  -1    2   1   1   1   0   1   1   1   0   1   2  11   0  25   1   8  40   0   1   1  0.26 0.08
   62 H    -1  -2  -1   1  -2  -1  -1  -2   4   0   2  -2   0   2  -2  -1  -1  -1   0   0    2   1   1  13   0   1   1   1  17   1  36   1   0  13   1   1   1   0   1   6  0.16 0.05
   63 R     1   1  -1  -1  -2  -1  -1   4  -1  -2  -2  -1  -2  -2  -1   0  -1  -2  -2  -2    9  12   1   2   1   1   2  53   1   2   3   2   1   1   2   2   2   0   1   2  0.44 0.06
   64 Q    -1   1  -1  -1  -2   1   3  -2   2  -2  -1   0  -1   0  -2  -1  -1   0   4  -2    2   8   1   1   0   6  30   2   6   1   8   1   1   1   1   2   1   0  26   1  0.27 0.06
   65 G    -1  -1   2  -1  -2   2   0   4   3  -3  -2  -1  -2  -2  -2   0  -1  -2  -1  -2    2   1  10   1   0  20   1  41  10   1   2   1   1   1   1   2   1   0   1   1  0.39 0.07
   66 Y    -2  -2  -3  -3  -3  -2  -3  -3   0  -2  -1  -2  -1   4  -3  -2  -2   1   7  -2    1   1   1   1   0   1   1   1   0   1   1   1   0  18   1   1   1   0  71   1  1.10 0.17
   67 L    -1   2   1   2   4   1   0  -2  -1  -2  -1   0  -1  -2  -2   0   2  -3  -2  -2    1  21  10  13  12   7   1   1   0   1   6   1   0   0   1   1  23   0   0   1  0.23 0.07
   68 Y    -3  -3   1  -4  -4  -2  -3  -4   0  -3  -2  -3  -2   1  -4  -3  -3   8   7  -3    0   0   9   0   0   0   0   0   0   0   0   0   0   0   0   0   0  29  62   0  1.49 0.22
   69 S     0  -1   2   2  -2   2   2   0  -1  -2  -3   0  -2  -3  -2   1   1  -3  -2  -1    5   0  10  14   0  12  21   7   0   0   0   0   0   0   0  11  13   0   0   7  0.26 0.06
   70 P    -1  -1   2   1  -2  -1  -1   1  -1  -2  -1   1  -1  -3   2   1   1  -3  -2  -1    0   0  12   7   0   0   0  10   0   0   9  18   0   0  11  14  13   0   0   5  0.18 0.05
   71 I    -2   4   2  -1  -4   0  -1   1  -1  -1  -2   2  -2   1  -3  -1  -2  -3  -1  -2    0  43  16   0   0   0   0  10   0   5   0  16   0   9   0   0   0   0   0   0  0.41 0.11
   72 D    -1  -1   3   2  -3   0   2   1   2  -3  -3   1  -2  -3  -2   1   0  -3  -2  -3    0   0  25  10   0   0  16  12   7   0   1  10   0   0   0  10   4   0   0   0  0.32 0.06
   73 P    -2  -3  -3  -3  -3  -2  -2  -3   3  -1  -1  -2  -1   0   5  -2  -2  -1   4   2    0   0   0   0   0   0   0   0  10   0   6   0   0   0  38   0   0   0  23  23  0.72 0.13
   74 Q    -1  -2  -1   3  -3   0   1   1  -1  -2  -1  -1  -2  -1   1   0  -1  -2   2   0    0   0   0  29   0   5   7  12   0   0   5   0   0   0   7  10   0   0  16  10  0.22 0.07
   75 T     1  -1   0   2  -2   2   0  -2  -2  -2  -2   1  -2  -3  -2   2   3  -3  -2  -1    9   0   0  14   0  11   0   0   0   0   0  14   0   0   0  20  26   0   0   6  0.27 0.09
   76 N    -1  -1   1   3  -3   0   2   0  -2  -3  -1   0  -2  -3   3   1  -1  -4  -3  -3    0   0   4  27   0   0  17   6   0   0   8   6   0   0  17  14   0   0   0   0  0.40 0.08
   77 K    -1   3  -1  -1  -3   0   1  -2   2   0  -1   4  -1  -2  -2   0  -1  -3  -1  -2    1  17   0   0   0   0   6   1   9   9   7  40   0   0   0   7   1   0   0   1  0.29 0.09
   78 P    -2   0  -2  -2  -3  -2  -2  -3  -2  -2   0   0  -2   0   6  -2  -2  -2   2  -2    1   6   0   0   0   0   0   1   0   0  11   6   0   6  58   1   0   0   8   0  1.05 0.15
   79 W    -2  -2  -2  -3  -2  -2  -2  -3   1   0   1  -2   0   2  -3  -1   0   7   3  -1    1   0   0   0   0   0   0   1   6   8  20   0   0   9   0   6   9  23  16   0  0.54 0.11
   80 P    -1  -2   0  -1  -3  -1   0   0  -2  -3  -3  -1  -3  -3   7  -1  -1  -3  -3  -3    1   1   6   1   0   1   6   7   0   1   2   1   0   1  66   1   1   0   1   1  1.31 0.15
   81 A     1  -1   2   1  -2   0   1   3  -1  -3  -3  -1  -2  -3   1   0  -1  -2  -2  -2   17   1  13  10   0   1  15  27   0   1   2   1   0   1   5   1   1   0   1   1  0.28 0.06
   82 M    -1  -2  -2  -3  -2  -2  -2   1   2   1   1   0   2   3  -3  -2  -2   4   0  -1    1   0   0   1   0   0   1  17   8  12  17   7   8  17   0   1   1   7   0   1  0.18 0.07
   83 P    -2  -3  -3  -1  -3  -3  -2  -4  -3   2   0  -2  -1  -3   7  -2  -2  -4  -3   0    0   0   0   4   0   0   0   0   0  19  12   0   0   0  60   0   0   0   0   5  1.19 0.20
   84 Q    -1   0   1   2  -3   0  -1  -2  -2  -3  -2   0  -2  -4   5   1  -1  -4  -3  -1    0   7   8  16   0   3   0   0   0   0   4   5   0   0  40  13   0   0   0   4  0.71 0.13
   85 S     1  -2  -1   3   3  -1   0  -2  -2  -2  -2   0  -2   0  -2   0  -1   6  -1   0   17   0   0  30   8   0   3   0   0   0   0   7   0   5   0   7   0  14   0   9  0.37 0.12
   86 F    -2  -3  -4  -4  -2  -3  -2  -4  -3   1   4  -3   1   2  -4  -3  -2  -2   1   2    0   0   0   0   0   0   4   0   0   6  58   0   0  10   0   0   0   0   7  15  0.45 0.13
   87 H     0  -1   1  -1   5   2   2   0   3  -1   0  -1  -1  -2  -2   0  -1  -3  -2  -2    7   0   8   0  17  12  16   9  10   4  11   0   0   0   0   5   0   0   0   0  0.21 0.09
   88 N    -2   2   1   4  -4   1   2  -2  -1  -3  -3   0  -2   0   2   0  -1  -3  -2  -3    0  17   3  34   0   8  11   0   0   0   0   0   0   8   9   7   3   0   0   0  0.43 0.11
   89 L    -1  -2  -2  -3  -2   0   0  -3  -1   2   2  -2   0   1  -3   0  -1  -1   3   1    0   0   0   0   0   7   6   0   0  12  34   0   0   5   0   9   0   0  15  12  0.21 0.09
   90 C     0   0  -3  -3   2  -2  -3  -3  -3   2   1  -2   0   0  -3   0  -1   4  -1   2    8   9   0   0   6   0   0   0   0  13  19   0   0   3   0   8   0   8   0  26  0.21 0.08
   91 Q    -1   0  -1   3  -2   2   2  -2  -1   0   0   0  -1  -2   1  -1  -1  -2  -2  -1    1   4   1  20   0  11  22   1   0   7  13   1   0   1   8   1   1   0   1   4  0.22 0.06
   92 R    -1   4   1  -1  -3   2   1  -2   1  -3  -3   3  -2  -3  -2   0  -1  -3  -2  -2    1  27   7   1   0  11   9   1   3   1   1  25   0   0   1   8   1   0   0   1  0.40 0.09
   93 A     0   0  -1   0  -2   1  -1  -2  -2   1   0   1   0  -2  -2  -1   0  -3  -2   2    7   4   1   8   0  10   1   1   0  10   7  12   0   0   1   1   6   0   0  29  0.09 0.06
   94 A     1  -2  -2  -2   3  -1  -2  -2   1   0   0  -2   1   1  -2   1  -1   3   1   1   20   1   1   1   8   1   1   1   5   4   7   1   7   8   1  13   1   6   5  12  0.12 0.05
   95 T     0  -1   0   0  -2  -1   0  -2  -2   2   1   1   0  -2  -2  -1   2  -3  -2   1    9   0   4   4   0   0   7   0   0  18  18  12   0   0   0   0  22   0   0   6  0.12 0.07
   96 A     2   0  -2  -2  -2   1  -1  -2   1   0   1   0   0   0   0   0  -1  -3  -1   1   31   3   0   0   0  11   0   0   6   3  14   6   0   5   3   5   0   0   0  14  0.11 0.07
   97 A     0   1  -1   0   2   0   1  -1  -2   0  -1   0  -1  -2   0   0   2  -3  -2  -1    6  13   0   7   8   3  12   3   0  12   5   0   0   0   5   7  19   0   0   0  0.12 0.06
   98 G     0  -1   0   0  -3  -1  -2   4  -2  -2   0   2  -1  -3  -2  -1  -2  -3  -3  -1    5   0   5   5   0   0   0  43   0   0  15  22   0   0   0   0   0   0   0   6  0.35 0.11
   99 Y    -2  -3  -3  -1  -3  -2  -3  -3  -1   1   0  -3   1   5  -3  -2  -2   4   4  -1    1   0   0   5   0   0   1   1   0  13   7   1   5  36   0   1   1   8  20   1  0.53 0.12
  100 P    -1  -1  -2   1  -3   2   0   0  -2   1  -1   0  -1  -3   4  -1  -1  -3  -3   0    3   0   0  10   0  13   4   7   0  18   5   8   0   0  26   0   0   0   0   6  0.33 0.09
  101 D    -1  -1   1   3  -3   0   2   2   1  -3  -3   1  -2  -3   0   1   1  -3  -2  -3    0   0   5  19   0   0  14  19   5   0   0  12   0   0   5  11   9   0   0   0  0.30 0.07
  102 F    -2  -2  -1  -2  -3   2  -1   1   4  -2   0  -1  -1   4  -3  -1  -1   3   2  -2    1   1   0   1   0  15   1  12  15   1   8   1   0  28   1   1   5   5   5   1  0.29 0.10
  103 Q    -1   2  -1   1  -2   2   0  -2  -1  -1  -2   2  -1   0   2   0  -1  -2  -1   0    1  13   1  11   0  11   1   1   0   1   1  21   0   7  13   6   1   0   0  13  0.21 0.07
  104 P     3  -2  -2  -2  -2  -2  -2  -2  -2  -2  -2  -2  -2   1   5  -1  -1  -3  -2   0   38   1   1   1   0   1   1   1   0   1   1   1   0   8  38   1   1   0   0   7  0.70 0.13
  105 D    -2  -2   4   5  -4   0   4  -2  -1  -4  -4  -1  -3  -4  -2  -1  -2  -5  -3  -4    0   0  26  42   0   0  33   0   0   0   0   0   0   0   0   0   0   0   0   0  0.90 0.19
  106 A     2  -1  -1  -2  -2   3  -1   0   4  -3  -3  -1  -2   1  -2   2  -1  -3  -1  -2   31   0   0   0   0  23   0   5  14   0   0   0   0   9   0  17   0   0   0   0  0.34 0.14
  107 C     2  -3  -3  -3   5  -2  -3   0  -3   2   1  -2   1  -2  -3  -1  -1  -3  -2   2   27   0   0   0  18   0   0   8   0  14  14   0   3   0   0   0   0   0   0  16  0.30 0.10
  108 L    -2  -3  -3  -3  -2  -3  -3  -4  -3   3   3  -3   1  -1  -3  -2   2  -3  -2   2    0   0   0   0   0   0   0   0   0  32  37   0   0   0   0   0  21   0   0  11  0.41 0.11
  109 I    -1  -3  -4  -4  -2  -3  -4  -4  -4   4   1  -3   2  -1  -3  -3  -1  -3  -2   4    0   0   0   0   0   0   0   0   0  35   8   0   8   0   0   0   0   0   0  49  0.59 0.14
  110 N    -3  -1   7   0  -4   3  -1  -2  -1  -4  -4  -1  -3  -4  -3  -1  -1  -5  -3  -4    0   0  84   0   0  16   0   0   0   0   0   0   0   0   0   0   0   0   0   0  1.26 0.24
  111 R    -2   2  -1   1  -3   2   1  -3  -1  -2  -1   1  -1   1  -2  -1  -1  -1   2  -1    0  17   0  11   0  18  12   0   0   0   5   8   0   9   0   0   0   0  13   8  0.23 0.08
  112 Y    -3  -3  -4  -5  -4  -3  -4  -5   0  -3  -2  -3  -2   3  -4  -3  -3   1   9  -3    0   0   0   0   0   0   0   0   0   0   0   0   0   5   0   0   0   0  95   0  1.83 0.29
  113 A     0   2   1  -1  -3   2   1   0  -1  -3  -1   3  -1  -3   0   1  -1  -3  -2  -2    6  13   8   0   0  11  11   5   0   0   7  25   0   0   5   9   0   0   0   0  0.25 0.06
  114 P    -2  -3  -2   2  -3  -2   0  -3  -3  -1  -1  -2   1  -3   6  -1  -2  -4  -3  -2    0   0   0  16   0   0   5   0   0   5   8   0   8   0  55   5   0   0   0   0  1.02 0.15
  115 G    -1  -3  -1   2  -4  -3  -2   6  -3  -5  -5  -2  -4  -4  -3  -1  -3  -4  -4  -4    0   0   0  13   0   0   0  87   0   0   0   0   0   0   0   0   0   0   0   0  1.31 0.20
  116 A     1  -2   0   3  -3   1   2   2   1  -3  -3  -1  -2  -3  -2   1  -1  -4  -2  -1   11   0   0  28   0   5  14  19   6   0   0   0   0   0   0  13   0   0   0   5  0.34 0.08
  117 K    -1   0  -1  -2   3  -2  -2   4   3  -1  -3   0  -2  -3  -3  -1   1  -3  -2  -2    0   5   0   0  11   0   0  45  11   5   0   6   0   0   0   0  17   0   0   0  0.47 0.12
  118 L    -2  -3  -4  -4  -2  -3  -4  -4  -4   4   3  -3   3  -1  -4  -3  -2  -3  -2   2    0   0   0   0   0   0   0   0   0  48  35   0  10   0   0   0   0   0   0   8  0.58 0.13
  119 S    -1  -2  -1  -2  -2  -2  -2   3  -2   0  -2   0   1  -3   3   1  -1  -3  -3   0    0   0   0   0   0   0   0  33   0   8   0   7   7   0  19  16   0   0   0  11  0.37 0.09
  120 L     1  -2  -2  -2  -2  -1   1   1  -2   0   0  -1  -1   1   4   1  -1  -3  -2  -1   13   0   0   0   0   0  11  10   0   8  11   0   0   8  29  11   0   0   0   0  0.37 0.08
  121 H    -3  -2  -1  -3  -5  -1  -2  -4  10  -5  -4  -2  -3  -3  -4  -2  -3  -4   0  -5    0   0   0   0   0   0   0   0 100   0   0   0   0   0   0   0   0   0   0   0  2.19 0.33
  122 Q     0   1  -2  -2  -2   1   0  -3  -2   2   1   0   0   1  -2  -1  -1  -3  -1   2    8  11   0   0   0  11   7   0   0  18  10   8   0   7   0   0   0   0   0  21  0.12 0.06
  123 D    -3  -3   0   7  -5  -2   0  -3  -2  -5  -5  -2  -4  -5  -3  -1  -2  -6  -4  -5    0   0   0 100   0   0   0   0   0   0   0   0   0   0   0   0   0   0   0   0  1.67 0.26
  124 K    -1   2   0   3  -3   0   1  -2  -2  -2  -1   1  -2  -3   2  -1   1  -3  -2  -2    1  20   0  28   0   0   5   1   0   0   9   7   0   0  11   1  16   0   0   0  0.33 0.08
  125 D     0  -1   0   2  -3   0   3  -2   4   0  -2   1   0  -2  -2   1  -1  -3  -1  -1    5   0   0  11   0   0  27   1  16  11   1   7   5   0   0  13   0   0   0   0  0.24 0.08
  126 E    -1  -1  -1   1  -3   0   4  -2   3  -3  -2   0   1  -3  -2   1  -1  -3  -2  -2    1   0   0   7   0   0  52   1  11   0   1   0   8   0   0  16   0   0   0   0  0.52 0.13
  127 P     2  -2  -2  -2   2   0  -1   0  -2   1   1  -2   0   1   1  -1  -1  -2   1   0   25   0   0   0   8   5   5   7   0  11  19   0   0   8   6   0   0   0   7   0  0.10 0.06
  128 D     1  -1   0   3  -2   0   1   1  -1  -2  -2  -1  -2  -1   2   0  -1  -1   1  -2   13   2   2  30   1   1   7  10   1   2   3   2   1   1   9   2   2   0   9   2  0.22 0.04
  129 L    -2  -3  -2   0  -3  -2  -2  -3   2  -1   1  -2   1   4   3  -2  -2   3   2  -1    0   0   0   8   0   0   0   0   8   0  22   0   5  27  20   0   0   5   7   0  0.42 0.10
  130 R    -1   1  -1   0  -3   1   3   2  -1  -3  -3   0  -2  -2  -2   2   0  -2   1  -3    0  11   0   0   0   7  32  19   0   0   0   0   0   0   0  20   5   0   7   0  0.35 0.10
  131 A     0   1   1   3  -3   0   0  -2  -1  -2  -1   2  -1   0  -2   1  -1  -2   1  -1    6  11   7  23   0   0   0   0   0   0   5  17   0   5   0  11   0   0   7   8  0.17 0.06
  132 P     0  -3  -3  -2   2  -2   1  -3  -3  -3  -3  -2  -3  -4   7  -2  -2  -4  -4  -1    8   0   0   0   5   0  11   0   0   0   0   0   0   0  70   0   0   0   0   7  1.47 0.20
  133 I    -2  -4  -4  -4  -2  -3  -4  -4  -4   6   2  -3   0  -1  -4  -3   0  -3  -2   2    0   0   0   0   0   0   0   0   0  76  12   0   0   0   0   0   7   0   0   5  0.71 0.17
  134 V     0  -3  -4  -4  -2  -3  -3  -3  -3   3   2  -3   1   2  -3  -2  -1  -2  -1   3   11   0   0   0   0   0   0   0   0  22  23   0   0  13   0   0   0   0   0  32  0.35 0.09
  135 S     0  -2   0  -1  -2  -1  -1   1  -2  -3  -4  -1  -3  -4  -2   5   2  -4  -3  -3    0   0   0   0   0   0   0   7   0   0   0   0   0   0   0  86   8   0   0   0  0.83 0.21
  136 V    -2  -3  -4  -4  -2  -3  -3  -4  -3   3   2  -3   2   3  -3  -3  -1  -2  -1   3    0   0   0   0   0   0   0   0   0  17  27   0   5  16   0   0   0   0   0  36  0.43 0.10
  137 S     0  -2   1  -1  -2  -1  -1  -1  -2  -3  -1  -1  -2  -3  -2   5   0  -4  -3  -3    0   0   8   0   0   0   0   0   0   0   8   0   0   0   0  84   0   0   0   0  0.75 0.21
  138 L    -2  -3  -3  -4  -2  -3  -3  -4  -3   0   4  -3   2   5  -4  -1  -2  -1   0  -1    0   0   0   0   0   0   0   0   0   0  53   0   5  34   0   8   0   0   0   0  0.58 0.14
  139 G     0  -3   1  -2  -3  -3  -3   5  -3  -3  -3  -2  -3   1  -3  -1  -2  -3  -2  -1    5   0   8   0   0   0   0  69   0   0   0   0   0  11   0   0   0   0   0   8  0.80 0.15
  140 L     1  -2  -1   0   2   1  -1   1  -2  -2  -1  -1  -1  -3  -2   3   1  -3  -2  -1   13   0   0   5   5   8   0  12   0   0   8   0   0   0   0  38   8   0   0   3  0.24 0.09
  141 P     0  -1  -1   2   3  -1   1   0   2  -3  -3   1  -2  -3   2   1   2  -3  -2  -2    3   0   0  16  11   0   8   7   7   0   0  12   0   0  11   8  18   0   0   0  0.27 0.07
  142 A     3   1  -2  -3   5  -2  -2  -2  -3   1  -1  -1   2  -2  -2   0   1  -3  -2   0   36  11   0   0  20   0   0   0   0  11   0   0   8   0   0   0  14   0   0   0  0.35 0.12
  143 I    -2  -2   0   1  -2  -2  -2  -3  -3   4   0   0   0  -2  -3  -2  -1  -4  -2   3    0   0   8  11   0   0   0   0   0  40   0  11   0   0   0   0   0   0   0  31  0.30 0.11
  144 F    -3  -3  -4  -5  -3  -3  -4  -4  -2  -1   1  -4   5   7  -4  -3  -3   0   2  -1    0   0   0   0   0   0   0   0   0   0   7   0  23  66   0   0   0   0   5   0  1.01 0.20
  145 Q    -1   0  -1   2  -2   2   1  -3  -2   0   1  -1   0  -2  -2   0   0  -3  -2   0    0   5   0  18   0  14  12   0   0   4  25   0   0   0   0   8   8   0   0   7  0.16 0.07
  146 F    -3  -3  -3  -4  -3  -3  -3  -4   2   1   1  -3   1   6  -4  -3   0  -1   1  -1    0   0   0   0   0   0   0   0   8   9  13   0   5  58   0   0   8   0   0   0  0.66 0.15
  147 G    -1   1  -1  -2  -4  -1  -1   3  -1  -4  -3   4  -3  -2   1  -1  -2  -2   2  -3    0   5   0   0   0   0   0  33   0   0   0  40   0   0   8   0   0   0  14   0  0.50 0.13
  148 G     1   0  -1  -1  -2   0   1   3   1  -2  -2   1  -2  -2   2   0   0  -2  -2  -2   11   5   1   1   0   1  16  25   4   1   2   8   0   1  12   5   6   0   1   1  0.25 0.04
  149 L    -1  -1   0  -1   2  -1   1  -2  -2   1   1   0   0  -2   3  -1  -1  -3  -2   0    1   1   7   1   8   0  15   1   0  11  23   5   0   0  18   1   1   0   0   6  0.21 0.06
  150 K    -1   4   1  -1  -3   1   0  -2   3  -3  -3   3  -2  -3  -2   1   0  -3  -2  -3    0  33   5   0   0   4   0   0  11   0   0  26   0   0   0  16   5   0   0   0  0.48 0.12
  151 R    -2   4  -2  -2  -3   1  -1  -3  -2  -2  -1   2  -1  -3   3   0  -1  -4  -2   0    0  42   0   0   0   4   0   0   0   0   8  12   0   0  18   5   0   0   0  11  0.48 0.12
  152 N    -1   1   1   3  -3   0   0   1  -1  -1  -3   1  -2  -3   1   1   0  -4  -3  -2    0   7   6  23   0   0   3  12   0   7   0  13   0   0   7  19   4   0   0   0  0.25 0.07
  153 D    -1  -2  -1   3  -3   0   3   2  -2  -1  -2  -1  -2  -3   1  -1  -1  -3  -3  -1    1   0   0  25   0   0  27  19   0   5   4   0   0   0   7   1   0   0   0   8  0.31 0.08
  154 P     1  -1  -1  -1  -2   0   1  -2  -2  -2  -2   1  -1  -3   5   1   0  -3  -2  -1   17   0   0   0   0   0  15   1   0   0   1  13   3   0  34   8   3   0   0   3  0.56 0.09
  155 L     0  -2  -2  -2  -2  -2  -2  -2  -2   1   0   0  -1  -2   4   0   1  -3  -2   2    3   0   0   0   0   0   0   1   0   7   4   7   0   0  22   5  14   0   0  33  0.33 0.08
  156 K    -1   0  -1  -2  -2   0  -1  -2   1   0   0   1   1  -1  -2   1   1  -3  -1   2    0   5   0   0   0   3   0   0   5   0   8  15   8   3   0  12  15   0   0  27  0.12 0.07
  157 R     2   2  -1  -2  -2   0  -1  -2   0  -2  -2   2  -2  -1   2   1  -1  -3  -2   0   22  17   0   0   0   3   0   0   3   0   0  15   0   3  13  17   0   0   0   8  0.26 0.08
  158 L    -2  -3  -4  -4  -2  -3  -4  -4  -4   3   4  -3   3  -1  -3  -3  -2  -3  -2   2    0   0   0   0   0   0   0   0   0  25  51   0  13   0   0   0   0   0   0  11  0.55 0.12
  159 L    -2   2   0  -2  -3   1  -2  -3  -1  -1   1  -1   2   2   3  -2  -2  -1   3  -2    0  17   8   0   0   7   0   0   0   0  13   0  11  13  14   0   0   0  16   0  0.28 0.09
  160 L    -2  -3  -4  -4  -2  -3  -3  -4  -4   2   4  -3   3  -1  -3  -3  -1  -3  -2   2    0   0   0   0   0   0   0   0   0  12  58   0   8   0   0   0   0   0   0  22  0.56 0.12
  161 E     2   3  -1  -1  -3   0   2  -2   3  -3  -3   0  -2  -3   4  -1  -1  -4  -2  -3   23  21   0   0   0   0  21   0  12   0   0   0   0   0  23   0   0   0   0   0  0.52 0.12
  162 H    -1   2  -1  -2   0   0  -1  -2   4  -3  -3   1  -2  -3   3   3  -1  -4  -2  -3    0  17   0   0   3   3   0   0  17   0   0   8   0   0  19  34   0   0   0   0  0.50 0.12
  163 G    -1   4  -1  -2  -4  -2  -2   6  -2  -5  -4  -1  -3  -4  -3  -1  -2  -4  -4  -4    0  30   0   0   0   0   0  70   0   0   0   0   0   0   0   0   0   0   0   0  1.04 0.18
  164 D    -1  -2   0   5  -3  -1   0  -2  -2  -4  -4  -1  -3  -4  -2   4   0  -4  -3  -3    0   0   0  41   0   0   0   0   0   0   0   0   0   0   0  59   0   0   0   0  0.81 0.19
  165 V    -2  -3  -4  -4  -2  -3  -3  -4  -3   3   3  -3   2   0  -3  -3  -1  -2   1   3    0   0   0   0   0   0   0   0   0  16  44   0   5   0   0   0   0   0   8  28  0.45 0.11
  166 V    -1  -3  -3  -4   2  -2  -3  -4  -2   1   3  -3   2   2  -3  -2   1  -2   1   2    0   0   0   0   5   0   0   0   0   0  42   0   8   8   0   0  11   0   7  20  0.32 0.09
  167 V    -1  -1  -4  -4  -2  -2  -3  -4  -3   3   2  -2   3  -1  -3  -3  -1  -3  -2   3    0   5   0   0   0   0   0   0   0  23  25   0  11   0   0   0   0   0   0  36  0.43 0.11
  168 W    -2  -3  -4  -4  -2  -2  -3  -4  -3   1   3  -3   7  -1  -4  -3  -2   4  -2   0    0   0   0   0   0   0   0   0   0   7  28   0  59   0   0   0   0   6   0   0  0.88 0.21
  169 G     0   1   2  -1   3  -1  -1   1  -2  -2  -2   0  -2  -3  -2   3   2  -3  -2  -2    5   7  11   0   8   0   0  11   0   0   5   7   0   0   0  34  13   0   0   0  0.25 0.08
  170 G    -1  -3  -1   0  -4  -2  -2   6   2  -5  -5  -2  -4  -4   0  -1  -3  -4  -3  -4    0   0   0   7   0   0   0  83   7   0   0   0   0   0   4   0   0   0   0   0  1.16 0.18
  171 E    -2   0  -1   1  -3  -1   3  -3  -1  -2  -2  -1  -2   2   3  -1   1  -2   2  -2    0   5   0   7   0   0  27   0   0   0   0   0   0  15  19   0  16   0  11   0  0.40 0.11
  172 S     4  -2  -1  -2  -2   1  -1  -1  -2  -2  -3  -1  -2  -3  -2   3   2  -3  -2  -1   47   0   0   0   0   8   0   0   0   0   0   0   0   0   0  35  11   0   0   0  0.49 0.14
  173 R     0   6   2  -2  -4   0  -1  -3  -1  -4  -3   1  -2  -4  -3  -1  -2  -4  -3  -3   11  78  11   0   0   0   0   0   0   0   0   0   0   0   0   0   0   0   0   0  1.00 0.20
  174 L    -2  -2  -2  -1  -2  -1   1  -3  -1  -1   2  -1   0   0  -3  -1   2  -1   4  -1    0   0   0   3   0   0  13   0   0   0  37   5   0   0   0   0  18   0  24   0  0.28 0.11
  175 F     0  -3  -4  -4   3  -3  -3  -3   2   1   1  -3  -1   1  -4  -3  -2   9   0  -1    9   0   0   0  10   0   0   0   8  11  15   0   0   6   0   0   0  41   0   0  1.03 0.17
  176 Y    -2  -2   2  -2  -2  -1  -2  -2  -1  -1   0   0  -1   4  -2  -1   2   0   4  -1    1   0  13   0   0   0   0   1   0   0   8   7   0  22   0   1  22   0  22   0  0.31 0.10
  177 H    -3  -2  -1  -3  -5  -1  -2  -4  10  -5  -4  -2  -3  -3  -4  -2  -3  -4   0  -5    0   0   0   0   0   0   0   0 100   0   0   0   0   0   0   0   0   0   0   0  2.19 0.33
  178 G     1  -2  -1  -2   4  -2   0   4  -2  -3  -3  -2  -3  -3  -2   2  -1  -3   0  -3   12   0   0   0  11   0   8  46   0   0   0   0   0   0   0  18   0   0   5   0  0.52 0.11
  179 I    -2  -4  -4  -4  -2  -3  -4  -4  -4   5   2  -3   0  -1  -4  -3  -1  -3  -2   3    0   0   0   0   0   0   0   0   0  60  11   0   0   0   0   0   0   0   0  30  0.68 0.15
  180 Q     0   1   1   0  -3   1  -1  -2  -2  -3  -3  -1  -2  -3   5   0   1  -3  -3  -2    6  11   8   5   0   7   0   1   0   0   1   0   0   0  40   6  12   0   0   1  0.68 0.10
  181 P     0   2  -2  -2   0  -1  -1  -3   1  -1  -2   1  -2  -3   5   0  -1  -4  -2  -1    6  17   0   0   3   0   0   0   5   4   0  10   0   0  41   8   0   0   0   7  0.68 0.12
  182 L    -2   3  -2  -3  -2  -1  -2  -3   1   3   0   0   0   1  -3  -2   0  -3  -1   1    0  33   0   0   0   0   0   0   6  30   8   0   0   9   0   0   7   0   0   9  0.25 0.09
  183 K    -2   3  -1   1  -3   0   0  -3  -2   0   0   4  -1   0  -2  -1  -1  -3  -2  -2    0  16   0   9   0   0   0   0   0   6  16  48   0   6   0   0   0   0   0   0  0.31 0.10
  184 A     1   0  -2  -2  -2  -1  -1  -2  -2   0  -2   1  -1  -2   5   0   0  -3  -2  -1   22   6   0   1   0   0   1   1   0  11   1  11   0   0  35   1   8   0   0   1  0.50 0.06
  185 G     0  -2   2  -1  -2  -1  -1   4  -1  -1  -2  -1  -2  -2  -2   0  -1  -2  -2   1    2   1  20   1   0   1   1  47   0   1   2   1   0   1   1   1   1   0   1  17  0.38 0.06
  186 F     1  -1  -1   1  -1  -1  -1   1  -1  -1   1  -1   0   1  -1   1   0  -1  -1  -1   11   1   1  13   0   1   1  13   0   1  19   1   0  12   1  19   1   0   1   1  0.07 0.02
  187 H     1  -1  -1  -1  -2   0  -1  -1   5  -2  -2   1  -1  -2  -2   1   1   5   0  -2   18   1   1   1   0   1   1   1  31   1   1  12   0   0   1   9  10  12   0   1  0.35 0.06
  188 P    -1  -1  -1  -1  -2  -1  -1  -2  -2  -1  -2   1  -1  -2   6   0  -1  -3  -2   0    2   1   1   1   0   1   1   2   0   1   2  13   0   1  48  10   1   0   1  13  0.74 0.06
  189 L    -1  -1  -2  -2  -1  -1  -1  -2  -2   2   2  -1   3   0  -1  -1  -1  -1  -1   1    3   2   2   2   1   1   2   3   1  16  33   2  23   1   2   2   2   0   1   2  0.15 0.02
  190 T     0  -1   2  -1  -1  -1  -1  -1  -1   0  -1  -1  -1  -1   3   0   1  -2  -1   1    3   2  16   2   1   1   2   3   1   2   3   2   1   1  16   2  18   0   1  24  0.17 0.02
  191 I    -1   3   0   2  -2   0   0   0  -1   0  -1   0  -1  -2   2   0  -1  -2  -1  -1    3  27   2  16   1   1   2  10   1  10   3   2   1   1  13   2   2   0   1   2  0.17 0.02
  192 D     0  -1   0   1  -2   0   3   3  -1  -3  -3   0  -2  -3  -1   0  -1  -2  -2  -2    2   1   1   9   0   1  37  38   0   1   2   1   0   1   1   1   1   0   1   1  0.40 0.04
  193 C     0  -1  -1  -1   2   1  -1   2  -1  -2  -1  -1  -1   0  -1   0   2  -2  -1  -1    2   1   1   1   8  15   1  26   0   1   2   1   0   9   1   1  26   0   1   1  0.18 0.03
  194 R    -2   7  -1  -2  -4   1  -1  -3  -1  -4  -3   2  -2  -3  -3  -1  -2  -3  -2  -3    0 100   0   0   0   0   0   0   0   0   0   0   0   0   0   0   0   0   0   0  1.07 0.11
  195 Y    -1  -3  -3  -4  -2  -3  -3  -4  -2   3   2  -3   1   0  -3  -2  -1  -1   3   3    0   0   0   0   0   0   0   0   0  39  14   0   0   0   0   0   0   0  16  32  0.35 0.05
  196 N     0  -1   5   0  -2   0  -1  -1   0  -3  -3  -1  -2  -3  -2   4   0  -4  -2  -3    0   0  47   0   0   0   0   0   0   0   0   0   0   0   0  53   0   0   0   0  0.59 0.08
  197 L    -2  -3  -4  -4  -2  -3  -3  -4  -3   2   4  -3   2   0  -3  -3  -1  -2  -1   2    0   0   0   0   0   0   0   0   0  14  72   0   0   0   0   0   0   0   0  14  0.47 0.06
  198 T    -1  -2  -1  -2  -1  -1  -1  -2  -2  -1  -2  -1  -1  -3  -2   1   6  -3  -2  -1    0   0   0   0   0   0   0   0   0   0   0   0   0   0   0   0 100   0   0   0  0.77 0.11
  199 F    -2  -3  -3  -4  -2  -3  -3  -4  -2   1   1  -3   3   6  -4  -3  -2   0   2   0    0   0   0   0   0   0   0   0   0  11  11   0  14  64   0   0   0   0   0   0  0.61 0.07
  200 R    -2   7  -1  -2  -4   1  -1  -3  -1  -4  -3   2  -2  -3  -3  -1  -2  -3  -2  -3    0 100   0   0   0   0   0   0   0   0   0   0   0   0   0   0   0   0   0   0  1.07 0.11
  201 Q    -1   4   2  -1  -3   3   0  -2   0  -3  -3   3  -2  -3  -2   0  -1  -3  -2  -3    0  42  16   0   0  18   0   0   0   0   0  24   0   0   0   0   0   0   0   0  0.52 0.05
  202 A     3  -2  -2  -2  -1  -1  -1  -1  -2   1  -1  -1   0  -2  -1   0   0  -3  -2   2   66   0   0   0   0   0   0   0   0   0   0   0   0   0   0   0   0   0   0  34  0.26 0.01
  203 G     2  -2  -2  -2  -1  -2  -2   3  -3   2   0  -2   0  -1  -2   0  -1  -3  -2   1   28   0   0   0   0   0   0  28   0  44   0   0   0   0   0   0   0   0   0   0  0.19 0.00
  204 K    -1   2   0   0  -3   2   3  -2  -1  -3  -3   4  -2  -3  -1   0  -1  -3  -2  -2    0   0   0   0   0   0  28   0   0   0   0  72   0   0   0   0   0   0   0   0  0.48 0.01
  205 K    -1   1   0   0  -3   2   4  -2   0  -3  -3   4  -2  -3  -1   0  -1  -3  -2  -2    0   0   0   0   0   0  44   0   0   0   0  56   0   0   0   0   0   0   0   0  0.49 0.01
  206 E    -1   1   0   1  -4   2   4  -2   0  -3  -3   3  -2  -3  -1   0  -1  -3  -2  -3    0   0   0   0   0   0  56   0   0   0   0  44   0   0   0   0   0   0   0   0  0.52 0.01
  207 N    -1   0   5   1  -3   0   0   0   1  -3  -3   0  -2  -3  -2   1   0  -4  -2  -3    0   0   0   0   0   0   0   0   0   0   0   0   0   0   0   0   0   0   0   0  0.00     0.00
  208 L    -1  -2  -3  -3  -1  -2  -3  -4  -3   1   4  -2   2   0  -3  -2  -1  -2  -1   1    0   0   0   0   0   0   0   0   0   0   0   0   0   0   0   0   0   0   0   0  0.00     0.00
  209 Y    -2  -2  -2  -3  -2  -1  -2  -3   2  -1  -1  -2  -1   3  -3  -2  -2   2   6  -1    0   0   0   0   0   0   0   0   0   0   0   0   0   0   0   0   0   0   0   0  0.00     0.00
  210 F    -2  -3  -3  -3  -2  -3  -3  -3  -1   0   0  -3   0   6  -3  -2  -2   1   3  -1    0   0   0   0   0   0   0   0   0   0   0   0   0   0   0   0   0   0   0   0  0.00     0.00
  211 Q    -1   1   0   0  -3   5   2  -2   0  -3  -2   1   0  -3  -1   0  -1  -2  -1  -2    0   0   0   0   0   0   0   0   0   0   0   0   0   0   0   0   0   0   0   0  0.00     0.00

                      K         Lambda
Standard Ungapped    0.1389     0.3226
Standard Gapped      0.0392     0.2670
PSI Ungapped         0.1281     0.3176
PSI Gapped           0.0392     0.2670
