
Last position-specific scoring matrix computed, weighted observed percentages rounded down, information per position, and relative weight of gapless real matches to pseudocounts
            A   R   N   D   C   Q   E   G   H   I   L   K   M   F   P   S   T   W   Y   V   A   R   N   D   C   Q   E   G   H   I   L   K   M   F   P   S   T   W   Y   V
    1 M    -3  -4  -5  -6  -4  -4  -5  -6  -5   4   3  -4   8  -2  -5  -4  -3  -4  -3   1    0   0   0   0   0   0   0   0   0  21  25   0  45   0   0   0   0   0   0   8  1.25 0.44
    2 K    -2   5   0  -3  -5   1  -2  -4  -3  -3  -4   5   0  -5  -4  -1   1  -5  -4  -4    1  30   4   0   0   4   0   0   0   2   0  45   3   0   0   3   8   0   0   0  0.94 0.40
    3 F    -2  -5  -5  -5  -4  -5  -5  -5  -5   6   1  -5   1   3  -5  -4   0  -4   0   2    2   0   0   0   0   0   0   0   0  50   9   0   3  16   0   0   7   0   2  11  0.91 0.38
    4 A     1  -4  -5  -5  -3  -4  -4  -3  -4   2   4  -4   2   0  -4  -3  -3  -4  -1   2   16   0   0   0   0   0   0   2   0  11  44   0   5   2   0   0   0   0   2  18  0.62 0.31
    5 H    -2  -3   1  -4  -5   4  -3  -5   8   0  -2  -3  -1   3  -5  -3  -4  -4  -1   0    4   0   6   0   0  20   0   0  39   6   2   0   2  15   0   0   0   0   0   7  1.08 0.47
    6 L     0  -4  -4  -4  -3  -4  -4  -4  -4   4   3  -4   2  -1  -4  -2   2  -4  -3   2    9   0   0   0   0   0   0   0   0  32  25   0   4   2   0   2  15   0   0  11  0.57 0.29
    7 A     3  -4  -2  -3  -3  -3  -3   2  -4  -4  -4  -3  -4  -5  -3   4   3  -5  -4  -3   25   0   0   0   0   0   0  13   0   0   0   0   0   0   0  42  20   0   0   0  0.89 0.44
    8 D    -5  -5  -2   8  -7  -4  -2  -5  -5  -7  -7  -4  -7  -7  -5  -4  -5  -8  -7  -7    0   0   0 100   0   0   0   0   0   0   0   0   0   0   0   0   0   0   0   0  2.76 0.83
    9 I    -2  -4   0  -4   3  -3  -4  -4  -4   2   1  -4   2  -2   2  -3   2   7  -2   0    3   0   5   0   8   0   0   0   0  14  17   0   5   0  10   0  17  16   0   5  0.60 0.31
   10 H    -5  -4  -3  -5  -6  -3  -4  -5  11  -6  -6  -4  -5  -5  -5  -4  -5  -6  -2  -6    0   0   0   0   0   0   0   0  96   0   0   0   0   0   0   0   0   0   0   0  3.50 0.93
   11 L    -3  -4  -5  -5  -1  -4  -4  -5  -4   3   5  -4   0   1  -4  -4  -3  -3  -3   0    1   0   0   0   1   0   0   1   0  16  66   0   0   6   0   1   0   0   0   5  0.97 0.37
   12 G    -2  -1  -2   1  -3  -2  -2   6  -3  -3  -3  -1  -3  -4  -3   0  -1  -3  -3  -1    1   3   1   9   0   1   1  60   0   1   2   2   0   1   1   6   5   0   1   6  0.86 0.30
   13 Y     1   0   0  -1  -2   0  -1  -1   1  -2  -2   2  -2   2  -2  -1   0  -1   4  -1   14   4   3   3   0   2   3   5   3   1   2  15   1   8   1   4   5   0  21   5  0.20 0.13
   14 E     0   2   0   0  -2   0   1   0  -1   0   0   1   0  -2  -2   0  -1  -2  -2   0    5  17   5   5   0   4  11   7   1   8   7   7   4   1   1   5   3   0   1   8  0.09 0.06
   15 Q     0  -1   1   1  -2   3   2  -2  -1  -1   0   0  -1  -1   1   0  -1  -2  -1  -1    7   1   9   7   0  16  13   2   0   4  14   5   0   2   7   4   3   0   2   3  0.14 0.10
   16 F     0   1   1   0   0  -1   0  -1  -1  -2   0   1   0   1   0   0  -1  -1   4  -2    7   7   8   5   2   1   6   3   0   1   8   9   3   7   4   5   1   0  22   1  0.17 0.12
   17 H     0  -2   3   3  -3   0   0   1   4  -3  -3  -1  -2  -3  -2   1   0  -3  -2  -3    8   1  17  16   0   3   3  13  12   1   2   1   0   1   1  13   5   0   1   1  0.35 0.17
   18 K     0   1  -1   0  -2   0   0   0  -1  -1   0   2   1  -1   1   0  -1  -2  -2  -1   11   8   1   6   0   2   6   7   0   4  14  17   5   3   6   4   3   0   1   1  0.08 0.07
   19 P    -1   1  -2   1  -3   1   1  -1  -2  -1  -1   0  -2   0   3   0  -1   2  -2   0    2   7   1   8   0   5  11   4   0   4   6   6   0   4  19   8   1   3   0  10  0.22 0.13
   20 Q    -1   1   0   0   0   0   1  -3   1   0   1  -1  -1  -1  -2   0   0   0   0   1    1  10   3   6   2   5  12   1   4   6  14   2   0   2   1   6   3   1   4  16  0.07 0.09
   21 R    -2   5  -1  -2  -3   0   0   0  -2   1   1   0   0   0  -3  -2   0  -3  -2  -2    2  37   2   1   0   2   5   7   0   9  13   3   2   4   1   1   8   0   0   1  0.34 0.21
   22 E     0   2   0   1  -1   1   3   1   2  -3  -2   0  -2  -2  -2  -1  -1  -3  -2  -2    8  12   5   9   2   7  24  10   5   1   5   3   0   1   1   2   3   0   0   2  0.23 0.15
   23 E    -1   1   0   2  -3   2   2  -2  -2   0  -1   1  -1  -3   0   0  -1   1  -2  -1    5   9   2  16   0  11  16   1   0   6   5  10   1   0   3   4   2   2   0   5  0.20 0.13
   24 E    -1  -2   3   5  -4   1   2  -2   1  -4  -3  -2  -3  -4  -1   0  -1  -5  -2  -4    5   2  13  37   0   7  15   2   3   0   3   0   0   0   3   5   2   0   2   0  0.62 0.29
   25 F     0  -1  -3  -3  -3  -1  -3  -3   0   2   0  -2   2   4  -1   0   1  -2   1   1    6   2   0   0   0   4   0   0   3  15   3   1   6  24   3   7  10   0   4  10  0.27 0.19
   26 A     1  -1  -2  -3  -2  -1  -1  -2   1   0   0  -2   0   2  -3   0   0   1   4   1   16   3   1   1   0   2   2   2   3   5  10   1   3   8   1   8   5   2  19   9  0.19 0.14
   27 E     0   1   2   3  -3   0   3  -2  -2  -2  -3   1  -2  -3  -1  -1   0  -3   0  -1    7   8  11  20   0   3  19   1   0   2   1   8   0   0   2   3   4   0   5   5  0.31 0.18
   28 A     2   0   1  -1   0  -1  -1  -1   0   0  -1  -1   0   1  -2   2   2  -3  -2  -1   20   7   6   1   3   2   2   4   2   5   5   0   2   7   0  16  13   0   0   4  0.12 0.13
   29 F    -3  -4  -5  -5  -4  -4  -5  -5  -4   1   3  -4   0   7  -2  -4  -2  -2  -1  -1    2   0   0   0   0   0   0   0   0   6  27   0   2  51   3   0   2   0   0   4  1.08 0.41
   30 K    -1   2   1   2  -4   1   3  -3   0  -2  -1   2  -2  -3  -3   0   0  -4  -1  -3    4  10   5  13   0   5  19   0   2   2   9  18   0   0   0   4   5   0   2   0  0.28 0.18
   31 N     0   2  -1   0  -1   2   3  -3   2  -3  -2   2   0  -1  -3  -1   0   0   0  -2    7  13   1   4   2   9  22   0   6   0   1  14   3   3   0   0   6   1   3   3  0.29 0.20
   32 A     2  -4  -4  -4   3   0  -4  -4  -4   3   2  -3   0   2  -4  -2  -1  -3  -2   2   18   0   0   0   6   5   0   0   0  22  17   0   1  10   0   0   2   0   0  19  0.42 0.25
   33 L     0  -4  -1  -4   2  -3  -3  -3  -3   3   3  -3   2  -1  -4  -2  -2  -3   1   1    6   0   4   0   5   0   1   1   0  20  36   1   7   1   0   3   0   0   6   8  0.43 0.25
   34 E     0   1   1   2  -4   2   3  -2   0  -3  -2   1  -2  -4  -1   0   1   0  -3  -3    7   6   6  12   0   8  25   1   2   0   4  10   1   0   3   5   8   2   0   0  0.31 0.19
   35 I    -1   0  -1   1  -3   1   1  -2  -1   2   0   1  -1  -1  -3   0   1  -3  -1   0    3   4   1   8   0   6   9   2   2  21   9  11   1   2   0   5  12   0   2   2  0.11 0.13
   36 A     4  -3  -3  -3   0  -1   0   0  -3   2   0  -3   1  -3  -3   0  -1  -4  -3   1   39   0   0   0   1   2   7   6   0  17   8   0   3   0   0   4   2   0   0  10  0.37 0.25
   37 V    -1   0   0   0  -3   2   1  -3   0   1   2   2  -1  -2  -3   0  -1  -3  -2   0    3   5   6   4   0   9   9   0   2   9  23  15   0   0   0   5   1   0   0   7  0.14 0.14
   38 Q    -1   2   0   2  -4   2   2  -2   1  -2  -2   2  -1  -4  -2   0   1  -4  -3  -3    3  11   4  13   0   8  16   2   3   2   3  17   1   0   0   8   8   0   0   0  0.32 0.18
   39 E    -1  -1   2  -1  -1   1   3  -1   1   0  -2   1   2  -3  -1   0  -2  -3   0  -2    2   2  10   2   1   7  28   3   4   8   3   7   6   0   3   8   0   0   3   0  0.25 0.19
   40 N    -1   2   2   3  -4   3   1   0   3  -4  -4   2  -3  -4   0   0  -2  -4  -3  -4    3  11   9  15   0  19  10   6   7   0   0  12   0   0   4   5   0   0   0   0  0.45 0.24
   41 V     0  -4  -4  -2  -4  -4  -4  -5  -1   3  -1  -4  -2  -2   5  -3  -2  -5  -4   4    7   0   0   2   0   0   0   0   2  16   3   0   0   1  34   0   1   0   0  32  0.93 0.39
   42 D    -3  -5   0   8  -7  -3  -1  -5   0  -6  -7  -3  -6  -7  -5  -2  -2  -7  -6  -6    2   0   4  86   0   0   2   0   2   0   0   1   0   0   0   2   2   0   0   0  2.12 0.70
   43 F     2  -4  -2  -5   0  -4  -4  -3  -4   2   2  -4   3   4  -4  -3  -1  -3  -1   1   23   0   2   0   2   0   0   1   0  11  21   0   8  23   0   0   2   0   0   7  0.50 0.28
   44 I    -3  -5  -6  -6   0  -5  -5  -6  -5   5   3  -5   1  -2  -5  -5  -3   2  -3   4    0   0   0   0   2   0   0   0   0  33  28   0   2   0   0   0   0   3   0  32  1.00 0.40
   45 L    -1  -5  -5  -5  -3  -4  -5  -5  -4   4   3  -4   1   0  -5  -4  -3  -4   2   4    3   0   0   0   0   0   0   0   0  24  28   0   3   3   0   0   0   0   7  32  0.78 0.34
   46 I    -1  -4  -4  -4  -3   0  -4  -5   3   4   2  -4   1   2  -4  -1  -2  -4  -2   2    3   0   0   0   0   4   0   0  10  35  15   0   2   8   0   6   0   0   0  17  0.56 0.30
   47 A     2  -4  -1  -3  -3  -3  -3   2  -4  -3   0  -3  -3  -4  -3   1   4  -4  -1  -2   21   0   2   0   0   0   0  16   0   0  12   0   0   0   0  12  34   0   2   2  0.54 0.34
   48 G    -3  -6  -4  -5  -6  -5  -6   7  -6  -7  -7  -5  -6  -7  -6  -4  -5  -6  -7  -7    0   0   0   0   0   0   0 100   0   0   0   0   0   0   0   0   0   0   0   0  2.56 0.77
   49 D    -6  -5  -2   8  -7  -4  -2  -5  -5  -7  -8  -4  -7  -7  -5  -4  -5  -8  -7  -7    0   0   0 100   0   0   0   0   0   0   0   0   0   0   0   0   0   0   0   0  2.82 0.85
   50 L    -3  -5  -2  -5   0  -4  -5  -6  -5   3   5  -5  -1  -2  -5  -4  -2  -4  -4   1    1   0   3   0   2   0   0   0   0  19  66   0   0   0   0   0   2   0   0   6  1.04 0.42
   51 F     0  -4  -4  -5   1  -4  -4  -5  -3   0  -1  -2   0   7  -5  -2   0  -2   3   1    8   0   0   0   3   0   0   0   0   4   3   2   2  49   0   3   6   0   9  10  0.92 0.39
   52 H    -4  -3   2   6  -6   0   1  -3   7  -5  -4  -3  -5  -5  -4  -1  -4  -6  -3  -5    0   0   8  44   0   3   9   1  28   0   2   0   0   0   0   3   0   0   0   0  1.32 0.50
   53 S    -1  -1   1   3  -3   0   2   0   0  -2  -3   1  -3  -4  -3   1   2  -4  -3   0    3   3   5  22   0   2  13   8   3   1   0   8   0   0   0  10  14   0   0   7  0.30 0.19
   54 S     0   1   3   0  -3  -1   0   1   1  -2  -2  -1  -2  -1   0   1   0   4  -1  -2    7   8  19   3   0   2   5  13   3   2   3   2   0   2   4  12   4   7   2   3  0.21 0.14
   55 R    -2   2   2   0  -3   0   1  -2   1   0  -2   2   1  -2  -2   0  -1  -3   1   0    1  11  12   5   0   2   8   1   3   9   2  17   4   0   1   7   3   0   6   6  0.17 0.13
   56 P    -1  -1  -3  -2  -3  -2  -2  -1   0  -3  -1   0   0  -4   7  -2  -2  -4  -3  -1    5   4   1   3   0   1   3   4   2   1   6   5   2   1  55   1   2   0   1   4  1.13 0.36
   57 S    -1  -1   2   2  -3  -1   0   0   0  -3  -3  -1  -3  -2   2   3   1  -3  -1  -3    2   3   9  10   0   1   3   6   2   1   2   4   0   2   9  35   8   0   2   1  0.34 0.21
   58 P     0   1   1  -1  -2  -1  -1  -1   1   0   0   1   0   0   3  -1   0  -2   0   0    6   9   8   3   0   0   2   3   4   4  12   8   2   5  14   2   7   0   4   5  0.10 0.08
   59 G    -1   2   0   2  -4   0   3   0  -2  -3  -2   2  -3  -3   0  -1  -1  -3   0  -3    3  15   4  12   0   3  19   6   0   1   3  17   0   0   3   3   4   0   5   0  0.31 0.18
   60 T     3  -3  -1   2   0   0   0  -3  -3  -1  -3  -1  -3  -1  -2   1   2  -4  -1  -1   31   0   3  14   2   5   7   0   0   4   0   2   0   3   1   9  15   0   2   3  0.32 0.24
   61 L     0  -1  -3  -1  -3   1   0  -4  -1   2   3  -2   2  -1  -2  -2  -2   2   0   0    8   3   0   4   0   7   8   0   1  15  32   1   5   2   2   2   0   3   3   5  0.24 0.19
   62 K     1   1   0  -1  -3   0   1  -1   1  -2   0   2  -2  -1  -1  -1  -1  -2   2  -1   13   8   6   2   0   4  12   2   4   1  11  14   0   2   2   1   3   0  10   4  0.12 0.12
   63 K    -1   0  -1   0  -1   2   0   0   1   0   0   0  -1   1  -2   1   0  -3  -1   0    2   5   2   7   1  12   6   6   4   4  12   6   1   9   0  11   5   0   0   7  0.06 0.09
   64 A     3  -3  -2  -2   0  -1  -3  -3  -1  -2   0  -2   0   3  -2  -2   1   0   3   0   33   0   2   2   2   2   0   0   1   0   7   1   2  12   2   0   9   1  14   7  0.33 0.24
   65 I    -1   0  -1  -3  -2  -2  -1  -3  -3   3   2   0   2  -1  -3  -1  -1  -3   0   1    4   6   3   1   0   0   4   1   0  27  21   7   6   0   1   3   3   0   3   9  0.23 0.16
   66 A     1   1   2   1  -3   1   3  -1   0  -2  -2   1  -3  -3  -2   0  -1  -3   0  -3   12  10  14   9   0   4  24   3   1   2   3   8   0   0   0   4   2   0   4   1  0.30 0.18
   67 L     1  -1   0  -2  -2   0   0  -1  -2   0   1   0  -1   3  -3   0   0  -2  -1   0   12   4   4   0   0   4   6   5   0   7  19   5   0  15   0   6   6   0   1   6  0.08 0.10
   68 L    -1  -4  -4  -5  -3  -1  -3  -3  -4   2   4  -4   0   3  -4  -3  -3  -3  -1   1    4   0   0   0   0   3   2   2   0  14  45   0   1  16   0   2   0   0   1  11  0.60 0.29
   69 Q    -2   3   2   0  -4   3   1  -2   0  -4  -3   2  -1  -4   1   0  -1  -1  -3  -2    1  17  12   3   0  16   8   2   2   0   1  16   2   0   6   8   1   1   0   3  0.39 0.23
   70 I     0   2  -1   0  -3   1   0  -2  -2   0   0   2   1  -1   1  -1   0  -3  -2   0    6  15   2   5   0   7   3   2   0   8  11  14   5   2   6   4   4   0   0   6  0.11 0.10
   71 P    -1  -1  -1  -4  -1  -3  -3  -4  -1   0   4  -3   2   1   1  -2  -1  -2   2   0    6   3   3   0   1   0   1   1   1   3  48   0   6   4   6   2   2   0   7   4  0.41 0.23
   72 K    -1   2   1   0   3   1  -1  -2   1  -2  -2   2  -2   0  -2   0   0  -3  -1   0    5  13   8   6   7   6   2   1   4   2   3  17   0   6   0   5   6   0   2   7  0.16 0.13
   73 E    -1   0   1   3  -4   1   3  -1   0  -3  -2   1  -3  -4   1   0   0  -4  -3  -2    3   3   8  21   0   6  19   3   3   1   4  10   0   0   6   4   5   0   0   1  0.35 0.18
   74 H     1   0   0  -1  -1   0  -1  -2   1   1   0   0   0   0  -1   1   0  -2   1   1   13   8   4   2   1   3   1   2   4  11  10   3   2   4   2  11   4   0   6  10  0.04 0.06
   75 S     0  -1   3   1   2   0  -2   3   0  -3  -3   0  -3  -3  -1   1   0  -3  -3  -3    5   2  19   6   5   4   1  28   2   1   1   7   0   1   2  10   4   0   0   1  0.38 0.19
   76 I    -1  -3  -3  -4   2  -3  -3  -4  -3   5   1  -1  -1  -2  -3  -3  -1  -3   0   3    5   1   1   1   5   1   1   1   0  42  11   5   0   1   1   1   2   0   4  19  0.56 0.25
   77 P    -3  -2  -2  -4  -5  -1  -1   0  -1  -5  -5  -1  -5  -6   7  -3  -2   0  -5  -5    2   2   2   0   0   3   4   8   1   0   0   4   0   0  67   1   2   1   0   0  1.69 0.55
   78 V    -2  -4  -4  -5   2  -4  -4  -5  -4   3   1  -4   0   3  -4  -3   1   5   0   4    2   0   0   0   4   0   0   0   0  15  10   0   2  14   0   0  10   7   3  32  0.60 0.29
   79 F    -1  -4  -4  -5  -1  -4  -4  -3   1   2   0  -4  -2   5  -5  -4  -3  -2   5   2    5   0   0   0   1   0   0   2   4  15   9   0   0  27   0   0   0   0  23  14  0.77 0.34
   80 A     1  -3  -3  -4   2  -3  -3  -2  -3   1   1  -3   1   2  -3   1   0   4   1   2   15   0   0   0   5   0   0   3   0   7  12   0   3  10   0  11   4   7   4  20  0.28 0.19
   81 I    -1  -5  -1  -5  -4  -5  -5  -5  -5   6   1  -5   0  -3  -5  -4   0  -5  -4   3    5   0   3   0   0   0   0   0   0  53  10   0   1   0   0   0   5   0   0  23  1.01 0.42
   82 E     1  -1  -1  -3  -3  -2  -1  -3   4  -2   0  -1   1   1   3   0  -2   1   1   1   15   3   2   0   0   0   3   0  13   0  10   2   4   6  17   8   0   2   4  10  0.29 0.21
   83 G    -3  -6  -4  -5  -6  -5  -6   7  -6  -7  -7  -5  -6  -7  -6  -4  -5  -6  -7  -7    0   0   0   0   0   0   0 100   0   0   0   0   0   0   0   0   0   0   0   0  2.56 0.77
   84 N    -5  -4   9   1  -6  -4  -2  -4  -3  -7  -7  -4  -6  -7  -6  -2  -4  -8  -6  -7    0   0  92   5   0   0   1   0   0   0   0   0   0   0   0   2   0   0   0   0  2.53 0.82
   85 H    -6   1  -1  -5  -7  -3  -4  -6  11  -7  -7  -4  -6  -5  -6  -5  -6  -6  -2  -7    0   7   2   0   0   0   0   0  90   0   0   0   0   0   0   0   0   0   0   0  3.31 0.94
   86 D    -5  -5  -2   8  -7  -3   2  -5  -5  -7  -7  -4  -7  -7  -5  -4  -5  -8  -7  -7    0   0   0  89   0   0  11   0   0   0   0   0   0   0   0   0   0   0   0   0  2.42 0.77
   87 R    -2   0   1   3   1  -2  -2  -1   4  -2  -2   0  -1   1  -2   0   0  -2   4  -1    0   5   6  18   3   0   0   5  10   2   2   4   1   5   2   8   5   0  17   5  0.28 0.23
   88 T    -1   2   0  -2  -3  -1  -1  -2  -2  -3   0   1  -2  -3   4   0   1  -3   1  -2    5  12   4   1   0   2   4   2   0   1  11   9   0   0  23   6  10   0   7   3  0.35 0.22
   89 Q     0   0   0   0  -3   2   1   1   1  -2  -1   0  -2  -3   0   1   0  -3  -2  -1    6   5   5   5   0   9  13  14   5   1   8   6   0   1   4  10   3   0   0   4  0.14 0.11
   90 R    -1   4   1   0  -3  -1   0   2  -2  -3  -2   0   0  -3  -2   0   0  -3   0  -2    4  27   5   6   0   1   5  21   0   1   3   5   2   1   1   7   5   0   3   3  0.31 0.19
   91 G    -1  -2   1   1  -2   0   0   0  -2   0   1  -1   1   1  -1  -1   0  -2  -1   0    5   1   7   8   0   4   7  10   0   7  21   4   4   7   2   3   4   0   0   6  0.05 0.08
   92 P    -1   0   2   1  -3   0   2   1   0  -2  -2   0  -2  -2   0   1   1   0  -1  -1    4   4  11   7   0   2  18  10   2   2   4   7   0   2   3   9   8   1   2   3  0.15 0.12
   93 S     2  -2   0  -2  -1   1   2  -2  -1   0  -2   0  -2  -1  -1   2   0  -2   3  -1   17   1   4   1   1   7  13   1   1   8   1   5   0   2   2  15   4   0  15   2  0.22 0.20
   94 V     1  -1   0  -2  -2   1  -1   0   0   0   0  -1   0  -2   2   0   0   3  -2   0   15   3   5   1   0   7   2   9   2   5  10   3   2   1  10   7   6   4   0   9  0.10 0.09
   95 L     0  -1  -3  -3  -2  -1  -2  -3  -2   2   3  -1   1   1  -3  -1  -2  -2   1   0    7   3   1   1   0   3   2   1   0  11  42   4   3   4   1   6   1   0   6   5  0.30 0.20
   96 N     0   0   1   4  -3   0  -1  -1   2  -3  -3   2  -3  -3  -1   1   0  -3  -3  -3    9   5   5  32   0   2   1   3   5   1   2  12   0   1   3  14   4   0   1   1  0.43 0.24
   97 L    -1   0  -3  -3  -2  -2  -1  -2  -1   3   2  -2   0   0  -1  -1  -1   4   0   1    4   6   1   1   0   1   3   3   2  22  21   2   0   4   2   4   2   7   3  11  0.22 0.16
   98 L    -2  -2  -3  -3  -3  -1  -3  -3  -3   1   4  -3   1   4  -2  -1  -1  -2  -1  -1    3   2   1   1   0   2   1   1   0   7  44   1   4  18   2   5   4   0   1   3  0.48 0.26
   99 E    -1   0  -1  -1  -3   0   4  -2   1  -3  -1   1  -1   2   0   1  -2  -3  -2  -3    3   6   2   1   0   3  31   3   4   1   6   8   2  10   5  12   1   0   1   1  0.30 0.22
  100 D     1   2   0   2   1   0   2  -2  -1  -2  -1   1  -2  -1  -1   1   0  -3  -2  -2   11  13   4  12   4   2  16   1   1   1   5   7   0   4   3   9   4   0   0   3  0.18 0.14
  101 F     1  -2   0  -2   0  -1   0  -1   2  -1   0  -1   1   1   0   0   0   2   0   0   12   1   7   1   2   1   6   3   7   2  13   4   6   9   4   9   4   3   2   5  0.05 0.08
  102 G     0  -2   3   1   1   0  -2   4  -1  -2  -2  -1   0  -1  -1  -1   0   1  -2  -3    5   1  17   8   3   5   1  31   2   3   3   3   3   3   2   1   6   2   1   1  0.35 0.21
  103 L    -2  -2   0  -1  -2  -2  -2   0  -1   1   3  -2   2   2   0  -2  -1  -2   0   1    1   1   4   4   0   1   1   8   2   5  31   1   6  12   5   1   3   0   3   8  0.19 0.15
  104 V    -1  -1  -2  -2  -2  -1  -2  -2  -1   2   1  -1   1   2   1   0  -1  -2   0   2    5   3   1   1   0   3   1   3   2  13  14   4   3  10   8   6   1   0   2  18  0.13 0.11
  105 Y    -1   1   3   0  -2   0   0  -2   2   0  -1   0  -1  -1  -1   1   1  -2   1  -1    4   7  17   5   0   3   5   2   5   6   4   6   2   2   3  11   8   0   6   3  0.12 0.11
  106 V    -2   1  -2  -2  -3   1  -2  -2   2   2   1  -1  -1   0   1  -2  -2   2   2   1    1   8   0   2   0   8   1   2   6  15  17   2   0   4   8   3   1   4   8  11  0.18 0.16
  107 I    -2   1  -2  -2  -3   0  -2  -1   1   2   2  -1   1   2  -2  -2   0  -2   2  -1    1   9   0   2   0   5   1   6   4  16  19   3   4  12   2   1   5   0   7   2  0.16 0.16
  108 G    -1   0   0  -1   2  -1  -1   3  -2   0  -2  -1  -2   0   0  -1   0  -2   2  -1    1   5   4   4   5   3   3  31   0   5   1   3   0   4   4   4   5   0  10   6  0.24 0.17
  109 M    -1   2  -1  -1  -2  -1   0  -1  -2   0   1   1   2   0   0  -1   0   0   0  -1    2  13   3   3   0   1   5   5   0   3  19  11   8   5   4   3   7   1   3   4  0.08 0.10
  110 R     0   2   1  -1  -2   0   0  -1   0  -1   0   0  -1  -1   1   1   1  -2  -2  -1    7  15   6   3   0   2   5   3   2   4  14   3   1   2   9  13   9   0   1   2  0.11 0.10
  111 K     0   1   0   1  -2   0   1   0  -1  -1  -1   1  -1  -2   0   1   0  -2  -1   0    5   6   2  11   0   2  10   7   0   3   4  13   0   1   5   9   6   0   3  12  0.09 0.08
  112 E    -1   1   0   1  -2   0   1  -1   0   0  -1   1   0   1   0   0   0   2   0  -1    5   9   4   8   0   2  14   5   2   6   4   7   4   7   4   5   4   3   4   3  0.07 0.06
  113 K    -1   1   2  -1   0   0   0  -1   1   1  -1   2  -1   0   0  -1  -1   0  -1  -1    3   8  11   3   2   2   5   5   5  11   6  15   1   6   5   1   3   1   1   4  0.06 0.08
  114 V    -1  -3  -1  -2  -2  -2  -2   0  -3   2   0  -2  -1  -1   4  -1  -1   3  -2   2    5   1   3   1   0   1   1   9   0  13   9   1   1   2  22   5   4   5   1  15  0.34 0.18
  115 E    -1   0   2   2  -3  -1   1   1   1   0  -2   0   0  -2   0   0   0  -2   1  -2    3   6  10  16   0   1   8  12   4   7   2   4   4   1   4   5   5   0   7   1  0.14 0.11
  116 N     0   1   5   2  -3   0  -1  -1   0  -1   0  -1  -2  -3  -1   0  -1  -3  -3  -2   10   7  30  11   0   5   1   3   2   3  12   1   0   1   2   6   2   0   1   2  0.32 0.21
  117 E     0   0  -1   0   0   0   2   1   1  -1  -2   0  -2   1   1   0   0   1  -1  -1    7   4   2   5   2   4  19  11   5   2   3   4   0   8   6   5   4   2   1   6  0.10 0.09
  118 Y    -2   0   1  -2  -3  -2  -1  -2   2   0   1  -2  -1   4  -1  -2  -1  -1   3   1    1   5   8   2   0   1   3   2   5   3  16   1   0  18   3   1   4   0  14  11  0.24 0.17
  119 L    -1  -1   0  -2   0  -1  -1  -2  -2   2   2  -1   0   0  -1   0   0  -2   1   1    4   4   5   1   2   2   5   1   0  12  23   4   2   2   3   6   4   0   8  12  0.08 0.09
  120 T     0  -1  -1   0   0  -1   0  -1   0   0   0   0  -1   1   0   0   2  -2   0   1    5   2   2   4   2   1   8   5   2   4   7   7   0   8   4   7  16   0   3  14  0.05 0.08
  121 S     1  -2   1   0   1   1  -1  -2  -2   0  -1  -1   0   0  -1   2  -1   2   1   1   10   1   7   5   4   8   3   1   0   7   4   3   3   3   2  18   2   3   5  11  0.09 0.12
  122 E     1  -1  -2   0  -1  -1   2   0   0  -1  -2  -2  -1   0   1   1   2  -3  -2   0   10   2   0   5   2   2  15   6   2   2   3   0   2   5   8  12  16   0   0   8  0.15 0.16
  123 R    -1   3   0  -1  -3   0  -1  -1   0   0   0   2  -1   1  -1  -1   0  -3  -1  -1    5  19   6   3   0   3   2   5   2   6  11  14   0   6   2   3   7   0   2   4  0.10 0.11
  124 L     0  -1  -2   1  -2  -2  -1  -1  -2   1   2   0   0   1   1  -2   0  -2  -1   1    7   2   0  12   0   0   2   4   0   9  21   7   2   7   8   1   6   0   2   8  0.10 0.11
  125 G     0  -1   0   1  -3   0  -2   2   1  -1  -1  -1   1   2   1  -1   0   3   1  -1    6   2   3  10   0   3   1  17   4   2   5   2   5  11   8   1   7   5   4   3  0.14 0.13
  126 N     1   0   2   1  -2  -1   0   0  -2   1  -1  -1  -1  -1  -2   0  -1  -3  -2   1   15   6  11  11   0   2   5   5   0  12   6   2   0   2   1   8   2   0   0  11  0.09 0.12
  127 G    -1   0   0   1   0  -1   0   2  -2  -1   0   0  -1   0  -1   0   1   3   0   0    2   4   3   8   2   1   5  17   0   4   9   5   0   6   3   8   9   4   3   6  0.06 0.08
  128 E     0  -1  -1   0   0   1   1   0   0   0  -1   1   0  -2   3   0   0  -2   0  -1    8   3   2   6   2   7  10   6   2   8   4   9   3   1  15   4   4   0   5   4  0.13 0.09
  129 Y    -1   0  -1   0  -2  -1  -1   0   3   1  -1  -1  -1   1  -2   0  -1   1   1   1    4   7   3   6   0   1   2   6   9   8   5   4   0   6   1   9   3   2   7  17  0.07 0.10
  130 L     0  -1  -2  -2   0   0   0  -1  -1   1   2  -2   1   1  -3  -2   0  -2   0   1    6   4   1   1   2   4   7   5   2   7  29   1   4   7   1   1   5   0   2  11  0.13 0.12
  131 V    -2  -2  -3  -1  -2  -3  -3  -3   0   2   3  -3   2   2  -3  -2   0  -2   0   2    2   2   1   4   0   1   1   1   2  15  29   1   4  11   1   3   6   0   2  16  0.31 0.19
  132 K    -1   0  -1   0   1   1   0   0  -2   0   1   2  -1  -1   1   0  -1  -3  -2  -1    3   5   3   5   3   8   5   7   0   6  16  18   0   3   6   5   3   0   0   4  0.08 0.10
  133 G    -1  -2   2   0   0  -1   0   3   1  -1  -3   1  -2  -3   1   1  -1  -3   0  -2    4   1  10   3   2   1   5  27   4   4   1   9   0   1   7  13   3   0   3   2  0.27 0.18
  134 V     0   0   0  -1  -2   1   0   1  -1   0  -1   0  -1   0  -2   0   0  -2   1   0    8   6   5   2   0   9   6  11   0   6   4   5   1   6   1   8   6   0   6   8  0.05 0.06
  135 Y     0  -1   0   0   0  -1  -1  -1   0   0  -1  -1  -1   1   1   1   1  -2   2   0    7   4   5   4   2   1   1   3   3   4   6   3   0   8   8  16   9   0   8   7  0.08 0.08
  136 K     0   1   0   1  -2   0   0   0  -1  -1   0   1  -1   0  -1   0   1   0  -1   0    6   8   2   8   0   3   4   9   0   3  12  10   1   4   1   5  10   2   2   9  0.03 0.05
  137 D    -1   0   1   4   0   0   1  -1  -2  -1  -1   1  -2  -2   0  -1   2  -3  -3  -2    4   6   7  25   2   2   8   4   0   3   5   8   0   2   4   3  13   0   1   1  0.25 0.17
  138 L     0   0   0   1  -2  -1  -1   0  -2   1   0   0   0   0  -2   0   0  -2  -1   1   11   6   4   9   0   1   1   9   0   9  10   4   3   4   1   4   7   0   2  15  0.03 0.06
  139 E     1   1   1   2  -1   1   2  -1  -2  -2  -3   0  -2   0  -1   1   0  -3  -2  -1   14   7   5  11   2   4  16   4   0   1   1   6   0   5   2  11   7   0   0   4  0.16 0.13
  140 I    -1  -3  -4  -4  -3  -3  -4  -1  -3   4   2  -3   0   2  -3  -2  -2   1   0   3    4   1   1   1   0   0   1   4   0  34  16   1   1   7   1   2   1   2   3  20  0.50 0.27
  141 H    -1  -2  -1  -1   2  -2   1   0   3  -1  -1  -1  -2   1   0   0  -2  -1   4   0    4   1   2   4   5   1  11   7   9   3   6   2   0   7   5   7   1   0  20   7  0.22 0.18
  142 G     0  -3  -2  -3  -4   1  -2   5  -3  -3  -1  -1  -1  -3  -2   0  -1  -4   0  -2    8   0   1   0   0   6   3  52   0   0   7   2   2   0   2   5   3   0   4   2  0.69 0.34
  143 M    -2  -3  -3   0  -3   0  -2  -3   1   2   3  -2   2   2  -3  -2  -1  -2   1   1    1   1   1   5   0   5   2   1   4  14  28   1   4  11   1   2   3   0   5  10  0.26 0.18
  144 K     0   0  -1   3  -3   2   0   0   1  -3  -2   0  -1  -3   2   1   0  -3  -1  -3    7   3   1  18   0  12   5   8   3   1   4   6   2   1   9  14   4   0   2   1  0.25 0.18
  145 Y    -1  -1   1   0  -3   1   0  -2   4  -3  -2   0  -2   0  -1   0  -2   4   4  -3    6   3   8   6   0   6   7   2  14   1   5   6   0   3   2   6   1   5  19   1  0.36 0.24
  146 M    -1   1  -2  -1  -2  -1  -2  -3   0   3   1   0   2   0  -3  -2  -1  -3   1   2    5   8   0   3   0   3   2   1   3  21  11   5   7   3   1   2   2   0   5  18  0.18 0.16
  147 S     0   1  -2   1  -3  -1   0  -1  -1  -3  -2   0  -1  -4   4   2   1  -4  -3  -3    9  10   0   7   0   2   4   4   1   1   4   7   1   0  23  14  11   0   0   1  0.38 0.23
  148 S     0   3   1   2  -4   2   0  -2  -2  -3  -2   2  -2  -1   0   0   0   1  -3  -2    8  18   5  13   0   9   5   1   0   0   3  12   0   3   5   4   7   2   0   2  0.26 0.20
  149 A     0   0   0   1   0   0   1  -1   0  -1   0   0   0  -2  -1   0   0   0   2  -1    7   5   4  10   2   2  13   3   1   3  14   3   4   0   2   7   6   1   9   3  0.06 0.10
  150 W     0   2  -1  -2   1   2  -1  -2  -1  -1   1   1  -1   0  -3   0   1   3   1  -1    6  15   2   1   3  10   2   3   1   2  17   7   0   3   0   6  10   4   5   2  0.15 0.18
  151 F    -1   3  -2  -4  -3   1  -2  -4  -1   1   3  -1   2   2  -2  -1  -3  -3  -1  -1    5  17   2   0   0   7   2   0   2   8  31   3   6  10   2   3   0   0   2   1  0.31 0.25
  152 E    -1  -1   2   3  -4   2   2  -2  -1  -2  -3   0   0  -2   0  -1   0  -4  -2  -1    4   2  10  20   0  11  17   2   1   2   2   5   3   1   5   3   6   0   1   6  0.29 0.21
  153 A     0   1   1   0  -3   0   1  -1   2   0  -1   0  -2   0  -1  -1  -1   5   0  -1   12   8   8   5   0   4  12   4   5   6   4   6   0   5   2   2   3   9   2   2  0.15 0.13
  154 N    -1   0   1  -2  -1   0  -1  -4   0   0   3  -2   2  -1  -3  -2   0  -3   2   0    4   5   7   2   1   5   5   0   3   3  36   2   5   1   0   1   6   0   9   5  0.24 0.21
  155 K     0   1   1   1  -2   0   0  -1   1  -1   0   1  -1  -1   0   0  -1   1   1  -1    9  10   7   8   0   4   4   5   3   5  10  10   0   2   3   5   3   2   7   3  0.05 0.06
  156 E    -3   0   0   1  -1  -1   4  -2   1  -2  -4   2  -3  -1  -3   1  -1   4  -2  -4    1   5   4   6   1   0  36   2   3   3   1  15   0   3   0  10   2   6   1   1  0.52 0.33
  157 I     0  -1   0   0   1   1   1  -3   2   0   1   0  -1   0  -1  -1   0  -3   0   0   10   1   4   4   4   7  12   0   7   5  15   6   0   4   2   2   6   0   2   9  0.06 0.10
  158 L    -2  -1  -3  -1   0  -1   0  -3  -3   3   3   0   2   0  -3  -1  -2   1  -1   1    1   2   0   3   2   2   6   2   0  18  31   6   5   3   0   5   0   2   2   9  0.25 0.19
  159 K     1   1  -1   0  -3   1   1  -1  -2  -3  -1   2   0  -3   2   1   0  -4  -3  -1   12   6   2   6   0   6   7   3   0   0   5  19   2   0  11  12   5   0   0   4  0.21 0.17
  160 R     0   2   1   0  -3   1   0  -1   0  -1  -1   1   0  -1   0   0   0   0  -2  -1    7  12   8   4   0   7   6   3   2   4   7  13   3   3   4   4   7   2   0   4  0.09 0.08
  161 L     0   0  -2  -2   0  -2   0  -1  -2   2   2  -1   3   1  -2  -1  -1  -2  -1   0    7   4   1   2   2   1   6   4   0  14  24   5   9   6   1   4   3   0   2   5  0.13 0.12
  162 F     0   2   1   1  -3  -1   0  -1   0  -1  -1   2  -2   1  -2   0  -1   1   1  -1    9  17   7   7   0   0   6   3   2   5   5  14   0   7   1   6   4   2   4   2  0.13 0.13
  163 R     0   3   0   0  -4   0   0  -3   1  -4  -4   0  -1  -4   4   1   1   1  -1  -3    6  16   5   6   0   4   6   1   4   0   1   4   1   0  25  10   9   2   2   0  0.47 0.27
  164 P     1  -1   0   0  -3   0   2  -1   0  -2  -1   0  -2  -2   3   1   0  -4  -3  -3   10   2   4   5   0   3  19   4   2   2   9   6   0   2  16  11   5   0   0   0  0.26 0.20
  165 T     1  -1   2  -1  -3  -1   0  -1   1  -1  -2   0  -2  -2   2   2   0   0  -1  -1   14   3  13   3   0   0   6   2   3   4   2   7   0   2   9  19   6   2   1   4  0.19 0.17
  166 D     0   0   0   3   1   1   1   0   1  -2  -2   2  -2  -2   1   0  -2   1  -1  -2    8   5   2  18   4   6   8   6   3   2   3  15   0   2   6   5   1   2   2   2  0.18 0.14
  167 N     0   0   1   1  -3   1   0   0  -1  -1  -2   1  -2   1   1  -1   0   1  -2   0    8   4  10  11   0   6   6   6   1   3   2  10   0   7   7   3   6   2   0   8  0.09 0.10
  168 A    -1   0   4  -2   0  -1  -2  -3  -2  -2   0   2  -3  -1   0   1   0  -3   2  -1    5   3  26   0   2   2   0   0   0   2   8  16   0   2   5  11   6   0   8   3  0.32 0.28
  169 I    -3  -5  -5  -2   0  -5  -5  -6  -5   6   1  -5   1  -1  -5  -5  -3  -5  -4   3    1   0   0   2   2   0   0   0   0  57  12   0   2   2   0   0   0   0   0  19  1.19 0.52
  170 L     1  -4  -5  -5   1  -4  -4  -3  -4   1   4  -4   0   3  -4  -2  -1  -4  -2   1   16   0   0   0   4   0   0   1   0   5  48   0   1  12   0   2   2   0   0   8  0.63 0.36
  171 M     1  -4  -4  -4   1  -4  -4  -2  -4   3   2  -4   4  -1  -4  -3  -1  -4  -3   3   10   0   0   0   3   0   0   3   0  17  24   0  10   2   0   0   3   0   0  26  0.54 0.31
  172 L     1  -3  -1  -3   0  -1  -3   2   2   0   2  -3   2   1  -3   0  -1  -3  -1   0   13   0   3   0   2   2   0  16   7   3  23   0   6   6   0   9   3   0   2   5  0.18 0.18
  173 H    -5  -4  -1  -5  -6  -4  -4  -6  11  -6  -6  -5  -5  -5  -6  -5  -5  -6   0  -6    0   0   3   0   0   0   0   0  91   0   0   0   0   0   0   0   0   0   2   0  3.44 1.09
  174 Q    -3  -2  -2  -3  -4   5  -2   0   5  -1   0  -1  -1  -3   1   0  -3   1   1  -3    1   0   0   1   0  34   1   7  14   4  11   2   2   0   8   7   1   2   5   1  0.60 0.38
  175 G     1  -2   1  -2  -2  -1  -1   1   2  -2  -1  -2  -2  -1   3   0   1  -3  -1  -1   15   1   9   1   0   2   3  11   5   2   5   1   0   2  14   7  12   0   2   6  0.21 0.15
  176 V    -2   0  -2  -3   0  -2  -2  -3  -1   2   2  -2   2   0   0  -1  -1  -2  -2   2    2   5   1   1   2   1   1   2   1  16  23   1   7   3   6   5   3   0   1  20  0.25 0.16
  177 R    -1   1   1   1  -2   1   0  -2   1  -1  -1   1  -1  -2   1   0   0   1  -1   0    4  11   7   9   0   5   4   1   4   3   5  10   1   1   8   9   6   3   2   7  0.12 0.09
  178 E    -1   0   0  -1  -3   1   1   2  -1  -1  -3   1   0  -2   3   1   0  -3  -3  -1    2   4   5   2   0   6   9  16   1   3   1  10   3   2  17   9   5   0   0   5  0.24 0.16
  179 V     0  -2   0  -2   0  -2  -2   2   0   1   0  -1   1   3  -1  -1  -1  -2   1   0    8   2   4   2   2   1   1  16   3  12   5   4   3  17   3   4   3   0   3   6  0.11 0.12
  180 S     0  -1   1  -2   0  -1  -1  -1   0   1   0   1  -1   0  -1   1   0  -2   1   0    5   2   7   1   2   0   3   4   2  13   8  11   0   4   2  17   5   0   6   6  0.06 0.11
  181 E    -1   0  -2   0  -3   0   2   0   3  -1  -2   0  -3  -1   4  -1   1  -3  -1  -2    5   5   0   6   0   3  13   8   8   3   2   5   0   2  20   4  11   0   2   2  0.30 0.20
  182 A     0  -2  -1   0   1  -1  -2  -2   3   0  -1   0  -1  -1  -2   1   1   4   2   0    9   0   2   5   3   3   1   2   9   5   4   7   2   1   2  13   9   6  10   8  0.14 0.15
  183 R    -1   0   1   3  -3  -1   2   0   1   0  -1   0  -1  -3  -2   0   0   2  -2   0    2   4   6  18   0   1  17   6   3   6   5   6   2   0   1   8   4   3   0   7  0.17 0.15
  184 G    -1  -1  -1   2  -3  -2  -2   1   1  -1   0  -2   2  -1   1   1   0   2   2  -2    3   4   2  17   0   1   1  14   3   3   9   1   6   1   6  11   5   3   8   1  0.16 0.16
  185 E     0   0  -1   1  -2   1   2   1   0  -1  -2   0   0  -2   1   1   0   0  -1   0   10   5   2   6   0   6  16  11   2   2   3   2   2   0   6   9   7   1   2   7  0.11 0.10
  186 D     0   2   1   3   0   0   0  -2   1  -1  -2   1  -1  -1  -1   0  -1  -3  -1  -2    9  16   7  19   2   4   5   1   4   5   3   6   1   3   2   7   2   0   2   1  0.19 0.15
  187 Y     1  -2  -1   1   2   0  -1  -2   1   0  -1  -2   2  -2   3   0   0  -3   2  -1   11   1   2   9   6   6   2   2   4   7   4   1   9   0  15   6   5   0   8   2  0.20 0.18
  188 F     1  -2  -1  -1   1  -1   1  -3   1   0   1   0   0   1   0   0   0   2   0  -1   19   0   2   2   4   0  10   0   5   5  19   6   2   6   4   4   4   3   2   2  0.10 0.14
  189 E     1  -1  -1  -1  -3   2   4  -1   0  -3  -1  -2  -2   0   0   0   1  -4  -1   0   11   2   2   1   0   9  31   4   2   0   5   0   0   4   3   5   9   0   2   7  0.28 0.25
  190 I     0  -3  -1  -4  -3  -2  -2  -4  -2   4   2   0   1   0  -2  -1  -1  -4  -3   2    6   0   4   0   0   2   2   0   1  29  22   6   2   4   2   3   3   0   0  14  0.35 0.25
  191 G     0  -2   2   1  -3   1   2   2  -2  -2  -2   0  -2  -1   2   0   0   2  -3  -1    7   0  10   6   0   6  13  15   0   2   4   5   0   3  12   4   4   3   0   5  0.20 0.17
  192 L     0  -1  -2  -1  -3   0   2  -2   2   1   2  -2   0  -1   1  -1   0  -3  -1  -1    8   3   0   2   0   4  15   3   7   9  25   0   1   2   6   3   7   0   2   2  0.16 0.19
  193 G     0  -1   1   3  -3   1   1   0   1  -2  -2  -1  -2  -2  -3   1   2  -4  -1   0    8   3   7  17   0   5  10   7   3   0   3   2   0   1   0   9  14   0   1   9  0.20 0.18
  194 D    -1  -2   1   5  -4  -2   1  -4  -1  -2   1   0   1   1  -1  -1  -3  -4  -2  -1    4   2   5  34   0   0   7   0   2   2  17   5   5   8   3   3   0   0   1   5  0.40 0.29
  195 L     0  -1  -4  -5  -3  -4  -4  -3  -1   1   4  -2  -1   4  -4   0  -3   2   0  -1    9   3   0   0   0   0   0   2   2   7  39   2   0  20   0   7   0   3   3   2  0.50 0.33
  196 P    -1  -1  -1   0   0  -2  -2   0  -1  -1  -2  -2  -3  -2   6  -3  -1  -4  -1   0    3   4   3   6   2   1   2   7   2   5   4   2   0   2  45   0   3   0   2   7  0.80 0.38
  197 E    -1   0   1   1  -4   2   2  -2   2  -2  -3   2   0   1  -1   0  -1  -3   0   0    2   5   6   9   0  13  11   2   5   0   0  15   3   7   2   5   3   0   3   9  0.20 0.18
  198 G     0  -2   3   1  -3  -1  -1   3   0  -1  -2   1  -1   1  -3   0  -1  -3  -2  -2    6   0  15  10   0   2   2  25   2   3   4  13   1   8   0   5   2   0   0   2  0.28 0.21
  199 Y    -1  -4  -4  -2  -4  -4  -2  -4   2   0   1  -4   1   5  -4  -3  -3   1   4   2    6   0   0   3   0   0   2   0   4   4  10   0   4  29   0   0   0   2  14  20  0.63 0.35
  200 L    -1   1  -1   5  -5   0   0  -3   0  -5  -3   2  -4  -5   0   0  -1  -6  -5  -5    5   9   1  41   0   3   3   1   2   0   3  16   0   0   5   8   3   0   0   0  0.71 0.41
  201 Y     2  -2  -4  -5  -4  -3  -2  -4   2  -2   2  -2  -1   2  -4  -3  -1  -2   6   0   18   1   0   0   0   0   2   0   5   0  20   2   1   6   0   0   3   0  34   5  0.73 0.42
  202 Y    -2  -5  -5  -6  -4  -5  -5  -6  -4   4   0  -5   1  -2  -5  -2  -3   0   4   5    3   0   0   0   0   0   0   0   0  24   5   0   3   0   0   3   0   1  17  43  0.98 0.48
  203 A     3  -4  -5  -5  -3  -4  -4  -3  -5   3   3  -4   4  -1  -4  -3  -3   1  -3   1   27   0   0   0   0   0   0   2   0  15  34   0  10   2   0   0   0   2   0   9  0.65 0.39
  204 L    -1  -4   0  -4   3  -3  -2  -1   1  -2   3  -4   1   3  -4   1  -3   5   0  -1    5   0   5   0   6   0   2   4   3   0  30   0   4  12   0  14   0  10   3   3  0.43 0.31
  205 G    -3  -6  -4  -5  -6  -5  -6   7  -5  -7  -7  -5  -6  -6  -6  -4  -5  -6  -6  -6    0   0   0   0   0   0   0  98   0   0   0   0   0   0   0   0   0   0   0   0  2.52 0.86
  206 H    -6  -4  -3   0  -7  -4  -4  -6  11  -7  -7  -5  -6  -5  -6  -5  -6  -6  -3  -7    0   0   0   6   0   0   0   0  91   0   0   0   0   0   0   0   0   0   0   0  3.47 1.10
  207 I    -1  -3  -1   0  -3  -2   1  -4  -3   3   2  -3   0   1  -4  -2   1  -3   0   2    5   0   2   6   0   0  11   0   0  25  17   0   1   6   0   0  10   0   4  12  0.29 0.23
  208 H    -6  -4  -4  -5  -7  -4  -4  -6  11  -7  -7  -5  -6  -5  -6  -5  -6  -6  -3  -7    0   0   0   0   0   0   0   0  98   0   0   0   0   0   0   0   0   0   0   0  3.82 1.17
  209 K    -2   2   1   0   1   3   1  -2   2  -3  -3   1  -1  -3  -3   0   0  -3   0  -1    2  14   7   6   4  16  10   2   6   0   2  10   1   0   0   5   7   0   3   5  0.27 0.21
  210 R     0   2  -3  -1   2  -2   1  -2   1  -2  -1   1  -3   0   5   0  -2  -4  -1  -2    7  12   0   2   5   0   8   2   4   2   7   8   0   4  28   6   0   0   2   2  0.43 0.26
  211 Y     0   1  -2  -1  -3   4   0  -2  -2  -1  -1   0   2   2  -3   0  -1   3   1  -1    6   7   0   4   0  23   4   2   0   3   5   5   6  12   0   6   3   5   5   5  0.24 0.22
  212 E    -1   0   0  -2   0   0   2  -3   1   2  -2   1  -2  -2   1  -1   2   1   0   0    4   5   4   1   2   3  16   1   4  14   2   8   0   0   6   3  17   2   3   6  0.15 0.16
  213 T     0   1  -1  -1  -2   1  -1  -1   0   2   0  -1   0   0   0  -1   0   1   1   0   10  10   2   4   0   7   3   4   3  16   8   1   2   5   4   2   6   2   6   5  0.04 0.08
  214 S    -1   0   0  -2  -3   3   1  -1   1  -2  -1   1   0  -3   0   2   1  -3   0  -2    2   5   3   0   0  14  10   4   4   2   7   9   2   0   5  23   7   0   3   0  0.22 0.20
  215 Y    -2   0  -1   2  -3  -2  -1  -1   1   1   0  -1  -1   2  -1  -1  -1   2   3   0    2   7   3  15   0   0   3   4   4  10  12   2   0   8   2   2   3   3  12   7  0.12 0.13
  216 S     0   0   2   2  -3   1   2   1   1  -3  -1   0   0  -1  -2   0  -1  -3  -1  -2    9   5  13  11   0   7  15  10   4   0   7   4   2   2   0   4   2   0   1   2  0.17 0.13
  217 G    -1  -1   3   2  -4   0  -1   4   1  -4  -4   0  -1  -4  -2  -1  -2  -4  -1  -4    3   2  19  13   0   4   3  34   4   0   1   4   2   0   2   4   0   0   2   1  0.54 0.28
  218 S     0  -2   0  -2  -1  -2   0   2  -2   0  -2   0  -2  -1   2   2   1  -3  -1   0    4   1   4   1   2   0   5  21   0   6   1   8   0   3   9  17  12   0   2   6  0.21 0.16
  219 P     0  -1  -1  -2  -3   0  -1  -3   1   1   0   0  -1   0   3  -1   0   3   0   0    7   4   3   1   0   5   4   1   5   8  12   4   0   3  18   1   8   5   4   8  0.21 0.14
  220 V     0  -5  -5  -5   0  -5  -5  -5  -4   5   0  -5   0   0  -5  -4  -2  -4   2   4    6   0   0   0   2   0   0   0   0  39   6   0   2   3   0   0   2   0   8  32  0.85 0.41
  221 V     0   1  -1  -2  -3   0  -2  -3   1   1  -1   0   0  -1  -2   1   1  -3   1   2    8   8   2   2   0   4   0   0   4  10   4   6   1   2   1  12   8   0   6  21  0.12 0.16
  222 Y    -4  -4  -4  -5  -5   2  -4  -3   1  -1  -2  -4  -3   1  -5   1   0   2   7   0    0   0   0   0   0  11   0   2   3   4   3   0   0   4   0  10   7   3  48   6  1.06 0.52
  223 P     2  -4  -3  -2   4  -3  -3  -4  -4  -2  -3  -3  -4  -5   6   3   0  -6  -5  -4   16   0   0   2   9   0   0   0   0   3   2   0   0   0  37  29   4   0   0   0  1.06 0.50
  224 G    -1  -5  -3  -4  -5  -4  -5   6  -5  -6  -6  -2  -5  -6   3  -1  -2  -6  -6  -6    4   0   0   0   0   0   0  72   0   0   0   3   0   0  16   4   2   0   0   0  1.58 0.60
  225 S     1  -4  -1  -3  -4  -3  -3  -3  -4  -4  -5  -3  -4  -2   1   6   1  -5  -1  -1   11   0   2   0   0   0   0   0   0   0   0   0   0   2   6  66   7   0   2   4  1.07 0.57
  226 L    -1  -4  -3  -4  -4  -3  -3   0  -4  -2   1  -3  -2  -3   4   1   4  -4   1  -1    2   0   0   0   0   0   0   8   0   1  15   0   0   0  19  13  33   0   6   3  0.58 0.38
  227 E    -2  -2   0   1  -3   1   2  -3   1   1   0  -1   1   0  -3   0  -1   2  -2   1    1   0   4   8   0   8  18   0   3  11  11   3   4   5   0   5   3   3   0  12  0.13 0.13
  228 R     1   2  -2  -3   1   3  -1  -3   0   1   0   0  -1   0   2  -2  -1  -3  -2   0   15  13   0   0   3  20   0   1   2  13   8   3   0   4   9   0   3   0   0   4  0.22 0.20
  229 W    -1  -1  -1  -3  -3   1  -2  -3   2  -1   1  -1   3  -1  -3  -2   1   4   5  -1    6   2   3   0   0   7   0   1   5   2  13   4   8   0   0   0  13   7  23   4  0.36 0.24
  230 D     0  -1  -1   1  -3   0  -1  -2   0  -3  -2   0  -3  -3  -1   4   1   2  -1  -2    5   2   0  10   0   3   2   1   2   0   4   6   0   0   3  45   8   3   2   3  0.42 0.27
  231 F     1   0  -3  -2  -3  -2   0  -2  -2  -1   1  -2   1   5   0  -1  -2  -2   1  -1   14   5   0   2   0   0   8   3   0   2  15   0   3  31   4   3   0   0   3   4  0.30 0.21
  232 G    -1   0   1   0   0  -2   0   4  -2  -2  -2   0  -3  -4  -3   3  -1  -4  -3  -3    2   4   6   3   2   0   6  31   0   3   3   5   0   0   0  31   1   0   0   1  0.44 0.25
  233 D    -2  -2  -2   3   0   0   5  -3  -2  -2  -4   0   0  -4   1  -1   0  -4  -4  -1    1   0   0  14   3   3  49   0   0   2   1   4   3   0   7   3   6   0   0   4  0.71 0.34
  234 Y     0   1   1  -2  -2  -1  -1   0  -1   1   0  -1  -1   0  -2   0   0  -2   3   0   10  10   8   0   0   0   2   8   0  13   7   2   0   3   0   6   7   0  16   7  0.10 0.12
  235 E     0   0   2   1   0   1   3   1   3  -3  -3   0  -2  -3  -2   0  -1  -3  -2  -1    7   5  11   7   3   6  23  12   9   0   1   4   0   0   0   4   3   0   0   4  0.27 0.16
  236 V     0   1  -1   1  -2   1  -1   1  -1  -1  -2   0  -1  -2   3   0   0  -2   0   0    8   8   1  10   0   9   1  11   0   4   3   7   0   1  14   3   7   0   5   8  0.14 0.09
  237 R    -1   3   0   2  -3   1   0  -2  -1   0  -1   2   0  -2   0   0  -1  -3  -1  -1    5  22   4  12   0   4   4   1   0   6   5  16   4   1   5   4   1   0   3   3  0.19 0.11
  238 Y    -1  -1   0  -1  -2  -1  -1   0  -1   0   1   2  -1   0   1  -1  -1  -1   3   0    4   1   4   3   0   1   1   7   0   4  20  20   0   4   7   1   1   0  13   8  0.12 0.12
  239 E     0   0  -1  -1  -2  -1   0   0  -2  -1  -2   3   0   1  -1   1   1  -2  -1   0    9   4   1   1   0   1   7   7   0   3   1  25   4   7   3  11   8   0   0   7  0.13 0.11
  240 W    -1  -2  -2   0  -3  -1   1   1   3   0  -2   1  -2  -1   2  -2  -2   6   3  -2    4   1   1   4   0   1  10  12   9   8   1   9   0   0  11   1   1  12  14   1  0.35 0.18
  241 D    -2   0   4   2   0   0   2  -2  -1  -1  -2   2  -2  -3  -2   1  -1  -3  -3   0    1   3  24  10   2   1  17   1   0   3   4  15   0   0   1  10   1   0   0   7  0.31 0.17
  242 G     0  -2   0   1  -3  -2   0   4  -2  -1   0  -1  -2  -2  -2   0   0  -3  -1  -1    8   1   3  10   0   0   5  39   0   5  10   3   0   0   1   4   4   0   3   4  0.30 0.14
  243 I     0  -1  -2  -2  -2  -1  -1  -1  -2   2   2  -2   0   0  -2  -1   0  -2   1   2    8   3   1   1   0   3   5   5   0  18  24   1   0   2   1   1   4   0   6  15  0.12 0.09
  244 K    -1  -1   0   0  -2   0   2  -2   1   1   1  -1   1  -2   0   0   1  -2  -2  -1    1   1   3   4   0   2  19   1   4  14  22   3   3   1   3   6  10   0   0   1  0.12 0.11
  245 F    -1   0  -1  -2  -2   0   0  -1  -1   2   1   0   0   1  -2  -1  -1  -1   1   1    2   4   3   1   0   4   5   6   0  17  20   9   0   9   1   2   1   0   5  10  0.06 0.06
  246 K    -1   1   1   0  -2   0   1  -2   3   0  -1   2  -1   0  -1   1  -1  -2   0  -1    2   7   9   5   0   1   8   2   9   8   6  16   1   4   1  14   1   0   3   4  0.10 0.07
  247 E     0   0   1   2  -2   0   2  -1   2  -1  -1  -1  -1  -2  -1   1   0  -2  -1  -1    5   5   7  14   0   1  20   4   7   5   4   1   1   1   1  10   5   0   1   6  0.15 0.08
  248 R     1   1  -1   0   0   0   2  -1  -1  -1  -1   2   0   1  -1   0   0  -1   0  -1   13   7   1   6   3   4  15   2   1   1   5  15   3   7   1   2   4   0   4   6  0.08 0.06
  249 Y     0   0   0   0  -2  -1  -1   0  -1   0   0   0  -1   2   0   0   0  -1   1   0    7   7   5   7   1   1   2   7   1   4   8   4   1  16   5   6   8   0   7   5  0.04 0.04
  250 G    -1  -2   1   1  -2  -1  -1   3  -2   2   0  -1  -1  -2   0   0   0  -2  -2   0    2   1   7   8   1   1   2  28   1  18   9   2   1   1   4   5   4   0   1   4  0.16 0.09
  251 V     0  -1   0   1  -2   0   2  -1  -1   0  -2  -1  -1  -2   3   0   1  -2  -2   0    5   2   4   6   1   1  23   5   1   9   3   2   1   1  19   4   9   0   1   6  0.26 0.10
  252 N    -1   0   1   2  -2  -1   1  -2   1   1   0  -1  -1  -1  -1  -1   0  -2   0   0    2   4  10  17   1   1  12   2   5  10  10   1   1   1   1   2   8   0   5   8  0.10 0.07
  253 K     0   3   0  -2  -3   0  -1  -2  -2  -1  -3   5  -2  -3  -1   0   0  -3  -3  -1    7  13   5   1   0   1   1   1   0   5   1  48   0   1   3   4   5   0   0   3  0.49 0.22
  254 G    -1  -2   1  -2  -3  -2  -2   5  -2  -3  -3   0  -3  -1   2   0   0  -3  -3  -3    1   1   8   1   0   1   1  50   0   1   1   6   0   3   9   8   8   0   0   1  0.61 0.21
  255 F    -1  -2  -2  -2  -2  -2  -1  -3   1   0   1  -2  -1   5  -2  -2   0   3   4  -1    4   1   1   1   0   1   5   2   3   3  13   1   1  35   1   2   5   4  15   1  0.45 0.17
  256 Y    -2   1   0  -2   1   0  -2  -3   1   0  -1  -1  -1   3  -2  -2  -1   4   5  -2    2  10   5   1   4   4   1   2   3   6   5   1   0  11   1   1   4   7  29   1  0.39 0.16
  257 I    -1   0   0  -1  -2   0   0  -1   1   1   2  -1   0  -1  -2  -1   0  -2   1   0    2   4   5   1   0   5   7   5   5  15  27   1   1   1   1   4   7   0   6   2  0.07 0.07
  258 V    -1   0  -2  -2  -2  -2  -2  -1  -2   2   1  -2   0   0  -2   0  -1  -2  -1   4    2   5   1   1   0   1   1   6   0  10  12   1   1   5   1   9   1   0   1  41  0.22 0.13
  259 E    -1   2   1   1  -3   0   4  -2  -1  -1  -1   2  -2  -3   0  -1  -1  -3  -2  -2    2  10   7   7   0   1  35   2   0   5   5  15   0   1   3   2   1   0   1   1  0.34 0.15
  260 D    -1  -2   0   3  -2   0   1  -1  -2   2   0  -1  -1  -1   0  -1  -1  -3  -2   0    4   1   3  27   0   5   7   6   0  20   8   3   0   3   3   1   3   0   1   3  0.17 0.11
  261 F    -2  -1  -2  -1  -3  -2  -2  -1   1   2   0   0  -1   5   0   0  -2  -1   1   0    1   4   1   3   0   1   1   4   4  16   8   7   0  31   5   7   1   0   4   3  0.24 0.15
  262 K     0   1  -1   0  -2   1   1   0   0  -2  -1   2  -2  -2  -2   2   0  -2   0  -2    3  10   1   4   0   5  12   5   3   1   7  15   0   0   1  22   4   0   5   1  0.18 0.11
  263 P    -1  -2  -2  -2  -3   0  -2   3  -2   0   0   1   1  -3   5  -1  -2  -3  -3  -1    1   1   1   1   0   5   1  23   0   6   9  11   5   1  30   1   1   0   0   4  0.49 0.17
  264 R    -1   1  -1   2  -2   1   2   0  -1  -1  -2   0  -1   0  -1   0   1  -2  -1   0    2  11   1  17   0   7  16   7   0   3   2   1   0   5   1   4  12   0   1   7  0.15 0.09
  265 F    -1   0  -1  -2  -2  -1  -1  -1  -1  -1   1   2   1   3  -1  -1   0  -1   2  -1    3   3   3   1   0   1   1   6   0   1  13  22   4  21   3   1   8   0   7   1  0.17 0.12
  266 V    -1  -1   0  -2  -2  -2  -1  -1  -3   4   0  -1   0  -2  -3  -2   0  -3  -2   3    1   4   5   1   0   1   3   6   0  38   4   3   0   1   1   1   4   0   0  26  0.31 0.17
  267 E    -2   1   3   3  -3   0   2  -2   1  -3  -3   1  -3  -3   4   0  -1  -3  -2  -3    1   8  16  17   0   1  16   1   3   1   1   9   0   1  19   4   1   0   0   1  0.47 0.16
  268 I    -2  -1  -3  -4  -2  -3  -3  -4  -3   5   2  -3   0  -1  -3  -3  -2  -3   0   3    1   4   0   1   0   0   1   1   0  47  18   1   0   0   1   1   1   0   3  20  0.57 0.22
  269 K    -2   4   0   1  -3   0   3  -2  -1  -1  -3   3  -2  -3   0  -1   0  -3  -2  -2    1  29   5   5   0   1  20   1   0   5   1  18   0   1   5   1   5   0   0   1  0.41 0.17
  270 V    -1  -1   0  -1   2  -1  -1  -1  -1   1  -1   0  -1  -1   2   0   1  -2   1   1    3   3   5   3   5   1   4   4   0  11   1   7   0   1  10   4  13   0   8  16  0.09 0.08
  271 R    -1   5  -1  -2  -3   3   0  -3  -1  -3  -2   2  -2  -3  -2   0  -2  -3  -3  -3    4  44   0   1   0  15   5   1   0   1   4  14   0   0   1   9   1   0   0   1  0.61 0.23
  272 P    -2   0   0   3  -3  -1   2  -2  -2  -3  -2   0  -2   0   5  -1  -1  -3   1  -3    1   4   3  17   0   1  15   1   0   1   4   4   0   4  33   1   3   0   6   1  0.58 0.17
  273 F    -3   1  -1  -3  -3  -1  -3  -3  -2  -1   0  -1  -1   7  -3  -3  -2  -1   1   0    1  11   3   1   0   4   1   1   0   1   8   4   0  56   1   1   1   0   0   8  0.73 0.26
  274 I     0  -3  -3  -3   1  -2  -3  -3  -3   3   0  -1   0  -1  -3  -1   1  -3   0   3    6   0   0   0   4   0   1   1   0  25   6   4   0   0   0   5   8   0   3  35  0.32 0.16
  275 D    -2   0   1   3  -4   0   4  -3  -2  -3  -3   2  -1  -1  -3   0   2  -4  -3  -3    0   4   5  18   0   0  34   0   0   0   0  15   3   3   0   4  16   0   0   0  0.50 0.23
  276 V    -1  -1  -3  -4  -2  -2  -1  -4  -3   2   1   0   3   0  -3  -1  -1   2  -2   4    4   3   0   0   0   0   3   0   0   7  12   9  10   4   0   3   0   4   0  41  0.32 0.19
  277 K    -1  -1   2   2  -3  -1   1  -2   2  -1  -2   2  -2  -3   0   1   0  -4  -2   1    4   0  10  14   0   0   9   0   7   4   0  19   0   0   4   8   7   0   0  13  0.19 0.12
  278 I     0  -4  -2  -4  -2  -3  -4  -2  -4   4   2  -3   0  -2  -1  -2   0  -4  -3   3    7   0   3   0   0   0   0   4   0  43  18   0   0   0   3   0   5   0   0  18  0.44 0.21
  279 K     0   1   0   3  -3   0   2  -2  -2  -1  -2   3  -2  -3   0  -1   0  -3  -3  -1    7   5   3  19   0   0  14   1   0   6   1  30   0   0   4   1   4   0   0   3  0.31 0.15
  280 G    -2  -2   4   1  -3  -2  -2   2  -1  -2   1  -1  -2  -2   0  -1  -2  -3   1  -1    1   0  28  10   0   0   1  20   0   0  16   3   0   0   5   1   0   0   7   6  0.28 0.16
  281 S     0  -1   1   1  -2   0   1   0  -1   0  -1   1  -1  -2  -2   1   0  -2   0   0    6   0   9   6   0   4  12   7   0  10   3  10   0   0   0  13   5   0   4   7  0.08 0.06
  282 E    -1   0  -1   2  -3   2   3  -1  -1  -2  -1   1  -2  -3   0   0   0  -3   0  -1    3   3   0  15   0   8  31   4   0   0   8   7   0   0   3   5   4   0   3   5  0.27 0.14
  283 E     0  -1   3   2  -3   0   3  -1  -1  -3  -3   0  -3  -4  -1   0   1  -4  -3  -1    7   2  23   9   0   3  30   4   0   0   0   2   0   0   3   4   8   0   0   4  0.39 0.17
  284 E     0   1   0   2  -3   1   3  -2  -1  -2  -3   1  -2  -4   0   2  -1  -4  -3  -1    4   7   3  13   0   5  32   0   0   3   0   7   0   0   4  17   0   0   0   5  0.36 0.16
  285 I    -2   0  -3   0  -2  -2  -3   0  -2   4   0  -2  -1  -1   0  -2  -2  -3   1   2    1   9   0   6   0   0   0  11   0  40   4   0   0   0   5   1   0   0   7  16  0.25 0.16
  286 R    -2   2   0   0  -3   0   1  -3   1  -1  -1   3   0   1  -1  -1  -1  -2   2  -2    0  12   5   6   0   3  10   0   4   5   3  24   4   8   3   0   3   0   8   0  0.18 0.11
  287 K     0   0   2  -1  -3   2  -1   0  -2  -1  -3   3  -2  -3  -2   2   0  -4  -3  -1    6   0  11   0   0  10   0   7   0   4   0  30   0   0   0  23   3   0   0   4  0.30 0.17
  288 A     1  -1   0  -1   1  -1  -2  -1  -2   1   1   0   1   0  -2   0   0   3  -1   0   17   3   5   3   4   0   0   3   0  15  18   7   3   3   0   5   5   4   0   3  0.07 0.08
  289 I    -2   0  -3  -1  -2  -1   0  -2  -3   3   1  -2   0   2   0  -2  -2  -3  -1   2    0   5   0   4   0   3   8   4   0  24  17   0   0  10   4   0   0   0   0  21  0.18 0.13
  290 K    -2   1   3   3  -4   2   2  -2  -1  -4  -3   3  -2  -4  -2  -1   0  -4  -3  -3    0   7  22  18   0  11  10   0   0   0   3  23   0   0   0   0   6   0   0   0  0.49 0.19
  291 R    -1   1  -1   1  -4   1   4  -3  -2  -3  -1   3  -2  -4  -2   0   0  -4  -3  -3    2   7   0   6   0   5  34   0   0   0   7  28   0   0   0   3   8   0   0   0  0.46 0.19
  292 L     0  -1   0  -2  -2  -2  -2   0   2   0   1  -1   0   2  -3   0  -1  -1   3  -1    6   3   5   0   0   0   0   9   8   8  22   5   0  12   0  10   0   0  13   0  0.13 0.10
  293 I     1   0  -3  -3  -2  -2   0  -3  -3   2   4  -1   0  -1  -3  -2  -2  -3  -2   1   14   5   0   0   0   0   7   0   0  11  53   4   0   0   0   0   0   0   0   6  0.34 0.16
  294 P    -2   1   1   3  -4   1   3  -3  -2  -1  -3  -1  -3  -4   3   0  -2  -4  -3  -3    0   8   8  22   0   6  27   0   0   5   0   0   0   0  17   7   0   0   0   0  0.54 0.18
  295 L    -1   2   0   0  -3   1   2  -2   3  -1   0   2  -1  -2  -2  -1  -1  -3  -2   0    5  13   4   3   0   4  22   0   9   0   9  15   0   0   0   0   0   0   0  14  0.20 0.10
  296 I    -1   1  -2  -3  -2  -2  -2  -3  -3   4   1   0   0  -1  -3  -2   0  -3  -2   2    4  13   0   1   0   0   1   1   0  43  15   6   0   0   1   1   5   0   0   9  0.28 0.13
  297 P     0  -2  -2   0  -3  -1   1   1   1  -1   0  -2  -1  -3   5  -1  -1  -3  -2   1    9   0   0   4   0   0  11  14   5   0  11   0   0   0  30   0   0   0   0  13  0.41 0.13
  298 K    -1   4  -1   0  -4   2   2  -3  -1  -3  -2   3  -2  -4   1  -1  -2  -4  -3  -2    5  25   0   5   0  10  11   0   0   0   4  31   0   0   5   0   0   0   0   3  0.44 0.16
  299 N     0  -1   3   1  -2  -1   1   0  -1   0  -2   0  -1  -3  -2   0  -1  -4  -2   2   10   0  27   5   0   0  13   6   0   4   0   6   0   0   0   7   0   0   0  24  0.20 0.11
  300 A     1  -2   0   1  -2  -2  -2  -2  -2   0   0  -2  -1  -2  -3   2  -1  -3   1   3   11   0   6   9   0   0   0   0   0   0   5   0   0   0   0  19   0   0   6  42  0.21 0.14
  301 Y    -1   2   2  -2  -3  -1   0  -3   3  -3  -2   0   1   2  -3  -2  -2   6   4  -3    5  17  13   0   0   0   4   0   8   0   0   5   6   7   0   0   0  12  24   0  0.46 0.16
  302 V    -1   0   0  -2  -2  -2   0  -3  -3   1   3  -2   0  -1   1  -2  -1  -3  -2   2    6   6   5   0   0   0  10   0   0   7  44   0   0   0   6   0   0   0   0  16  0.21 0.11
  303 R    -1   3  -1   2  -3   0   1  -1   2   0  -1   2  -1  -3  -2   0  -1  -3  -2  -1    0  23   0  14   0   0  12   5   6  12   5  13   0   0   0   6   0   0   0   5  0.19 0.09
  304 L    -1   1  -2  -3  -2  -2  -3  -1  -3   3   2  -2   0   2  -3  -1   0  -2  -1   2    0  11   0   0   0   0   0   4   0  25  18   0   0  12   0   6   7   0   0  16  0.18 0.10
  305 N    -1   1   3   1  -3   1   3  -2  -1  -2  -3   2   0  -3  -2   0  -1  -4  -3  -1    0   6  23   5   0   6  22   0   0   0   0  19   5   0   0   7   0   0   0   8  0.34 0.13
  306 I     0  -2  -2  -2  -2  -2  -2   3  -2   2   0  -1  -1  -1  -2   0   0  -2   1   0    6   0   0   0   0   0   0  28   0  24   7   6   0   0   0   8   7   0   7   5  0.17 0.09
  307 G     0   2   2   3  -3   1   1   1  -1  -4  -3   2  -3  -4  -2  -1  -1  -4  -3  -3   10  15  10  27   0   6   4  11   0   0   0  17   0   0   0   0   0   0   0   0  0.39 0.12
  308 W    -1   2   1  -2  -3  -1  -1  -2   2   1  -2   1  -1  -2  -3   1   1   6  -1   0    0  12   7   0   0   0   0   0   6  14   0  11   0   0   0  18   9  17   0   7  0.33 0.13
  309 R     0   1  -1   1  -2  -1  -1  -2  -2   0   1   0   1  -2   1   1   0  -3  -2   0    7   8   0  11   0   0   0   0   0   5  17   9   6   0   6  16   6   0   0   9  0.09 0.06
  310 K    -1   1   2   1  -3   0   1  -2  -1  -3  -3   3   1  -3  -2   2   1  -4  -3  -2    0   3  14   7   0   0   5   0   0   0   0  30   6   0   0  26   9   0   0   0  0.36 0.15
  311 P     1  -2  -1   0  -3   1   0  -2   3  -2  -1  -1  -2  -3   5   1  -1  -4  -2  -1   11   0   0   6   0   7   6   0  12   0   6   0   0   0  33  12   0   0   0   7  0.52 0.14
  312 F     0  -2  -2  -2  -2  -2  -1  -1  -3   1   2  -2   0   1  -2   0   0  -2  -1   2    9   0   0   0   0   0   6   5   0   6  26   0   0   8   0  12   6   0   0  22  0.13 0.08
  313 D     0  -1   1   4  -3   0   2  -2  -2  -1  -3   1  -2  -3  -2   2  -1  -4  -3  -1    4   0   5  34   0   0  12   0   0   6   0  13   0   0   0  20   0   0   0   6  0.38 0.14
  314 L     0   0  -1  -2  -2  -1  -1   0   1   0   0   1   0   1  -2   1  -1  -2   1   0    5   6   0   0   0   0   0   7   6   5  13  14   0   8   0  15   0   0   6  11  0.04 0.05
  315 T     0   0  -1   3  -3   0   3  -2  -2  -2  -3  -1  -2  -3  -2   1   1  -4  -3   0    6   7   0  19   0   0  32   0   0   0   0   0   0   0   0  13  12   0   0  11  0.34 0.13
  316 E    -2   0  -1   3  -3   0   3  -3  -1  -1  -1   1  -2  -2  -2   1  -1   4   1  -2    0   5   0  19   0   0  31   0   0   6   7   7   0   0   0  11   0   7   7   0  0.32 0.12
  317 I    -2  -3  -3  -3  -2  -3  -3  -4  -3   5   1  -3   0   2   1   1  -1  -3  -1   1    0   0   0   0   0   0   0   0   0  57   6   0   0  10   7  15   0   0   0   5  0.43 0.17
  318 K    -1   2  -1   1  -3   0   3  -1   2  -3  -3   3  -2  -4   1  -1   0  -4  -2  -3    4  11   0   7   0   0  23   5   7   0   0  30   0   0   6   0   7   0   0   0  0.36 0.12
  319 E     0   2   1   1  -3   0   4  -2  -1  -3  -3   1  -2  -4   1   1  -1  -4  -3  -1    8  13   7   5   0   0  39   0   0   0   0   7   0   0   7  10   0   0   0   5  0.38 0.12
  320 L    -2  -2  -2   0  -2  -2  -1  -4  -1   2   2   0   2   2  -3  -2  -1  -1   3   1    0   0   0   6   0   0   5   0   0  22  19   7   7   8   0   0   0   0  16   9  0.20 0.08
  321 L     0   2   1  -2  -2  -1   0  -3  -2   0   3  -1   0  -1  -3   0  -1  -3  -2   1   10  16   8   0   0   0   6   0   0   0  44   0   0   0   0   7   0   0   0   9  0.15 0.08
  322 N    -1  -1   2   0  -3   0   1   3  -1  -3  -3   1  -2  -3   2   0   1  -3  -2  -2    1   0  16   1   0   0  16  32   0   0   1  10   0   0   9   1  10   0   0   1  0.35 0.07
  323 V     3  -1  -2  -2  -1   1  -1  -1  -2  -1   0  -1  -1  -2  -1   1   0  -3  -2   1   50   0   0   1   0  10   1   1   0   0  10   1   0   0   0   9   1   0   0  14  0.24 0.09
  324 E     0  -2  -2  -1  -2   0   2   0  -2   1   2  -1   2  -1  -2  -1  -1  -2  -2   1    8   0   0   1   0   0  26  10   0   9  24   1   9   0   0   1   1   0   0  10  0.12 0.05
  325 Y     0   0  -2  -3  -2  -2  -2   0  -1   0   0  -2  -1   3  -3  -1   0   0   4   1    7   9   0   0   0   0   0   9   0   0   7   0   0  18   0   0  10   0  25  16  0.22 0.08
  326 L     1  -2   0  -2  -1  -1  -2  -2  -2   1   1   0   2  -1  -2   0   0  -3  -2   2   15   0   8   0   0   0   0   0   0   9  20   7  10   0   0   5   7   0   0  19  0.11 0.05
  327 K    -2   5  -1  -2  -3   0   0  -2   3  -3  -3   4  -2  -3  -2  -1  -1  -3  -2  -3    1  46   0   1   0   0   1   1  10   0   1  36   0   0   0   1   1   0   0   1  0.64 0.13
  328 I    -1  -3  -4  -4  -2  -3  -3  -4  -4   4   0  -3   0  -1   1  -3  -1  -4  -2   4    0   0   0   0   0   0   0   0   0  30   0   0   0   0   8   0   0   0   0  62  0.58 0.15
  329 D    -2   2   4   3  -4   2   0  -2   2  -4  -4   1  -2  -4  -2   0  -1  -4  -2  -3    0  18  40  17   0   9   0   0   5   0   0  11   0   0   0   0   0   0   0   0  0.54 0.10
  330 T    -1  -2  -1   3  -2  -1  -1  -2  -2   0  -2  -1  -2  -2   4   1   2  -3   1  -1    0   0   0  21   0   0   0   0   0  10   0   0   0   0  27  11  23   0   8   0  0.46 0.09
  331 W     2   1  -2  -2  -1  -1  -2  -2  -1   0   0  -1   0   0  -2   0   1   4   2   1   26  10   0   1   0   0   1   1   0   6  11   1   0   0   1   1  11   8  11  11  0.14 0.04
  332 R    -2   3   1  -2  -3   0   0  -3  -1   1  -1   1   2   1  -3  -1  -1  -2  -1   0    0  29  10   0   0   0   8   0   0  21   0  10  11  11   0   0   0   0   0   0  0.19 0.07
  333 I    -1  -2  -2  -1  -2  -1   3  -4  -2   3   1  -2   0  -1  -3  -2  -1  -3  -2   2    0   0   0   0   0   0  31   0   0  42  11   0   0   0   0   0   0   0   0  16  0.31 0.09
  334 K    -1   2  -1  -1  -3   0   1  -2  -1  -2  -2   4  -1   1  -2  -1   1  -3  -1   0    0   8   0   0   0   0  11   0   0   0   0  52   0   9   0   0  10   0   0  10  0.33 0.10
  335 E    -2   2   0   4  -4   3   4  -2  -1  -4  -3   0  -2  -4  -2  -1  -1  -3  -3  -3    0  12   0  26   0  23  39   0   0   0   0   0   0   0   0   0   0   0   0   0  0.64 0.10
  336 R    -1   2   2  -1  -2  -1  -1   2  -1  -2  -2   0  -2  -3  -2   0   4  -3  -2  -2    0  15  14   0   0   0   0  23   0   0   0   0   0   0   0   0  48   0   0   0  0.36 0.07
  337 T    -1  -1  -1  -2  -2  -1  -1   1  -2   1   2   1   0  -1  -2  -1   1  -3  -2   0    0   0   0   0   0   0   0  17   0  11  31  19   0   0   0   0  21   0   0   0  0.11 0.02
  338 D    -2  -2   1   6  -4  -1   1  -2  -2  -3  -4  -1  -3  -4   4  -1  -1  -5  -3  -3    0   0   0  78   0   0   0   0   0   0   0   0   0   0  22   0   0   0   0   0  0.96 0.06
  339 E    -1   2   0   3  -4   1   5  -2  -1  -4  -3   1  -2  -4  -2   0  -1  -3  -2  -3    0  19   0  17   0   0  64   0   0   0   0   0   0   0   0   0   0   0   0   0  0.62 0.05
  340 E    -1   0   0   1  -4   2   5  -2   0  -3  -3   2  -2  -4  -1   0  -1  -3  -2  -3    0   0   0   0   0   0  76   0   0   0   0  24   0   0   0   0   0   0   0   0  0.65 0.04
  341 S     0   2  -1  -2  -1   0  -1  -2  -2   0  -1   0  -1  -2  -2   2   2  -3  -2   1    0  23   0   0   0   0   0   0   0   0   0   0   0   0   0  25  24   0   0  28  0.18 0.02
  342 G     1  -2  -1  -2  -1  -2  -2   2  -2   2   0  -2   0  -2  -2   0   2  -3  -2   1   14   0   0   0   0   0   0  25   0  37   0   0   0   0   0   0  24   0   0   0  0.18 0.02
  343 K    -1   2   0   0  -4   1   3  -2  -1  -3  -3   5  -2  -3  -1   0  -1  -3  -2  -3    0   0   0   0   0   0  23   0   0   0   0  77   0   0   0   0   0   0   0   0  0.54 0.04
  344 H    -1  -2  -2  -3  -1  -2  -2  -3   3   3   1  -2   0  -1  -3  -2   0  -3  -1   3    0   0   0   0   0   0   0   0  17  17   0   0   0   0   0   0   0   0   0  66  0.26 0.01
  345 H     2   0   0  -1  -2   0   0  -1   5  -2  -2   2  -1  -2  -1   0  -1  -3   0  -2   39   0   0   0   0   0   0   0  30   0   0  31   0   0   0   0   0   0   0   0  0.29 0.01
  346 H    -2  -1  -1  -2  -3  -1  -1  -3   7  -2  -1  -2  -1   4  -3  -2  -2  -1   2  -2    0   0   0   0   0   0   0   0  61   0   0   0   0  39   0   0   0   0   0   0  0.60 0.02
  347 H    -2   0   1  -1  -3   0   0  -2   8  -3  -3  -1  -2  -1  -2  -1  -2  -3   2  -3    0   0   0   0   0   0   0   0 100   0   0   0   0   0   0   0   0   0   0   0  0.87 0.01
  348 H    -2   0   1  -1  -3   0   0  -2   7  -3  -3  -1  -2  -1  -2  -1  -2  -2   2  -3    0   0   0   0   0   0   0   0   0   0   0   0   0   0   0   0   0   0   0   0  0.00     0.00
  349 H    -2   0   1  -1  -3   0   0  -2   7  -3  -3  -1  -2  -1  -2  -1  -2  -2   2  -3    0   0   0   0   0   0   0   0   0   0   0   0   0   0   0   0   0   0   0   0  0.00     0.00

                      K         Lambda
Standard Ungapped    0.1407     0.3200
Standard Gapped      0.0378     0.2670
PSI Ungapped         0.1236     0.3174
PSI Gapped           0.0378     0.2670
