
Last position-specific scoring matrix computed, weighted observed percentages rounded down, information per position, and relative weight of gapless real matches to pseudocounts
            A   R   N   D   C   Q   E   G   H   I   L   K   M   F   P   S   T   W   Y   V   A   R   N   D   C   Q   E   G   H   I   L   K   M   F   P   S   T   W   Y   V
    1 M    -1  -1  -2  -3  -2   0  -2  -3  -2   1   2  -1   6   0  -3  -2  -1  -2  -1   1    0   0   0   0   0   0   0   0   0   0   0   0 100   0   0   0   0   0   0   0  0.36 0.01
    2 G     3  -2  -1  -2  -1  -1  -1   4  -2  -2  -2  -1  -2  -3  -1   1  -1  -3  -2  -1   50   0   0   0   0   0   0  50   0   0   0   0   0   0   0   0   0   0   0   0  0.52 0.00
    3 S     0  -1   0  -1  -2  -1  -1  -1  -2  -3  -3  -1  -2  -3   6   3   0  -3  -2  -2    0   0   0   0   0   0   0   0   0   0   0   0   0   0  50  50   0   0   0   0  0.91 0.00
    4 S     1  -2  -1  -1  -1  -1  -1  -1  -2   1   0  -1   0  -2  -2   2   1  -3  -2   2    0   0   0   0   0   0   0   0   0   0   0   0   0   0   0  50   0   0   0  50  0.18 0.00
    5 H    -2   0   4   0  -3   0   0  -1   6  -3  -3   0  -2  -2  -2   0  -1  -3   0  -3    0   0  50   0   0   0   0   0  50   0   0   0   0   0   0   0   0   0   0   0  0.59 0.00
    6 H     0  -1   1  -1  -2   0   0  -1   6  -3  -3   0  -2  -2  -1   3   0  -3   0  -2    0   0   0   0   0   0   0   0  50   0   0   0   0   0   0  50   0   0   0   0  0.44 0.00
    7 H    -2   0   4   0  -3   0   0  -1   6  -3  -3   0  -2  -2  -2   0  -1  -3   0  -3    0   0  50   0   0   0   0   0  50   0   0   0   0   0   0   0   0   0   0   0  0.59 0.00
    8 H    -2   0   4   0  -3   0   0  -1   6  -3  -3   0  -2  -2  -2   0  -1  -3   0  -3    0   0  50   0   0   0   0   0  50   0   0   0   0   0   0   0   0   0   0   0  0.59 0.00
    9 H    -2  -1   1   4  -3   0   1  -2   6  -3  -3  -1  -2  -2  -2  -1  -1  -3   0  -3    0   0   0  50   0   0   0   0  50   0   0   0   0   0   0   0   0   0   0   0  0.63 0.00
   10 H     0  -1   1  -1  -2   0   0  -1   6  -3  -3   0  -2  -2  -1   3   0  -3   0  -2    0   0   0   0   0   0   0   0  50   0   0   0   0   0   0  50   0   0   0   0  0.44 0.00
   11 S     0  -1   1   4  -2   0   1  -1  -1  -3  -3   0  -2  -3  -1   3   0  -4  -2  -2    0   0   0  50   0   0   0   0   0   0   0   0   0   0   0  50   0   0   0   0  0.49 0.00
   12 S     0  -1   1   4  -2   0   1  -1  -1  -3  -3   0  -2  -3  -1   3   0  -4  -2  -2    0   0   0  50   0   0   0   0   0   0   0   0   0   0   0  50   0   0   0   0  0.49 0.00
   13 G     0  -3  -1  -2   7  -2  -3   4  -3  -2  -2  -2  -2  -3  -3  -1  -1  -3  -3  -2    0   0   0   0  50   0   0  50   0   0   0   0   0   0   0   0   0   0   0   0  0.75 0.00
   14 L    -1  -2  -3  -4  -1  -2  -3  -4  -3   2   3  -2   1   0  -3  -2  -1  -2  -1   3    0   0   0   0   0   0   0   0   0   0  50   0   0   0   0   0   0   0   0  50  0.32 0.00
   15 V    -1  -3  -3  -3  -1  -3  -3  -4  -3   4   1  -3   1  -1  -3  -2   0  -3  -1   3    0   0   0   0   0   0   0   0   0  50   0   0   0   0   0   0   0   0   0  50  0.35 0.00
   16 P    -1  -2  -3  -2  -2  -2  -2  -3  -3   1  -1  -2  -1  -2   6  -1  -1  -3  -2   2    0   0   0   0   0   0   0   0   0   0   0   0   0   0  50   0   0   0   0  50  0.79 0.00
   17 R     0   4   0  -1  -2   1   0  -1  -1  -3  -2   1  -2  -3  -2   2   0  -3  -2  -2    0  57   0   0   0   0   0   0   0   0   0   0   0   0   0  43   0   0   0   0  0.43 0.00
   18 G     2  -1  -1   0  -2   1   3   3  -1  -3  -3   0  -2  -3  -1   0  -1  -3  -2  -2   29   0   0   0   0   0  43  28   0   0   0   0   0   0   0   0   0   0   0   0  0.37 0.00
   19 S     1  -1   1   3  -1   0   0  -1  -1  -3  -3   0  -2  -3  -1   3   1  -3  -2  -2    0   0   0  29   0   0   0   0   0   0   0   0   0   0   0  71   0   0   0   0  0.42 0.01
   20 H    -1   1   0   0  -3   1   3  -2   5  -3  -3   3  -2  -3  -1   0  -1  -3   0  -3    0   0   0   0   0   0  29   0  28   0   0  43   0   0   0   0   0   0   0   0  0.42 0.00
   21 M    -1  -2  -2  -1  -2   0   2  -3  -2   2   1  -1   3  -1  -2  -1  -1  -2  -1   1    0   0   0   0   0   0  29   0   0  43   0   0  28   0   0   0   0   0   0   0  0.17 0.00
   22 L    -2  -2  -3  -3  -2  -2  -3  -4  -1   3   2  -2   1   1  -3  -2  -1   0   4   1    0   0   0   0   0   0   0   0   0  43  28   0   0   0   0   0   0   0  29   0  0.30 0.00
   23 E    -1  -1   0   4  -4   1   4  -2  -1  -3  -3   0  -3  -3  -1   0  -1  -4  -3  -3    0   0   0  41   0   0  59   0   0   0   0   0   0   0   0   0   0   0   0   0  0.68 0.00
   24 D    -1  -2  -1   2  -1  -1  -1  -2  -2   0   2  -1   1  -1  -2   0   3  -2  -2   0    0   0   0  19   0   0   0   0   0   0  41   0   0   0   0   0  40   0   0   0  0.18 0.00
   25 P     0  -1   0  -1  -1  -1  -1  -1  -1  -2  -2  -1  -1  -3   3   3   3  -3  -2  -1    0   0   0   0   0   0   0   0   0   0   0   0   0   0  19  40  41   0   0   0  0.45 0.00
   26 G     0  -1   4   0  -3  -1  -1   4  -1  -4  -4  -1  -3  -3  -2   0  -1  -3  -3  -3    0   0  41   0   0   0   0  59   0   0   0   0   0   0   0   0   0   0   0   0  0.66 0.00
   27 E    -1   0   0   1  -3   4   4  -2   0  -3  -3   1  -1  -3  -1   0  -1  -3  -2  -2    0   0   0   0   0  41  59   0   0   0   0   0   0   0   0   0   0   0   0   0  0.62 0.01
   28 G     0  -1   0   0  -3   0   3   4  -1  -4  -3   0  -3  -3  -2   0  -1  -3  -3  -3    0   0   0   0   0   0  41  59   0   0   0   0   0   0   0   0   0   0   0   0  0.60 0.00
   29 Q    -1   1   0   0  -3   6   2  -2   0  -3  -2   1   0  -3  -1   0  -1  -2  -2  -2    0   0   0   0   0 100   0   0   0   0   0   0   0   0   0   0   0   0   0   0  0.67 0.01
   30 D    -2  -2   1   6  -4   0   2  -1  -1  -3  -4  -1  -3  -4  -2   0  -1  -4  -3  -3    0   0   0 100   0   0   0   0   0   0   0   0   0   0   0   0   0   0   0   0  0.94 0.01
   31 I    -1  -3  -3  -3  -1  -3  -3  -4  -3   3   3  -3   2   0  -3  -3  -1  -2  -1   2    0   0   0   0   0   0   0   0   0  59  41   0   0   0   0   0   0   0   0   0  0.37 0.00
   32 W    -1  -2  -1  -2  -2  -1  -2  -1  -2  -3  -2  -2  -2   0  -2   2   0   9   1  -2    0   0   0   0   0   0   0   0   0   0   0   0   0   0   0  41   0  59   0   0  1.16 0.01
   33 D    -1  -1   1   5  -4   1   4  -2  -1  -3  -3   0  -3  -4  -1   0  -1  -4  -3  -3    0   0   0  59   0   0  41   0   0   0   0   0   0   0   0   0   0   0   0   0  0.72 0.00
   34 M    -1   3  -1  -3  -2   0  -1  -3  -1   0   1   1   4  -1  -2  -1  -1  -2  -1   0    0  41   0   0   0   0   0   0   0   0   0   0  59   0   0   0   0   0   0   0  0.28 0.01
   35 L    -2  -3  -4  -4  -1  -2  -3  -4  -3   3   4  -3   2   0  -3  -3  -1  -2  -1   1    0   0   0   0   0   0   0   0   0  32  68   0   0   0   0   0   0   0   0   0  0.41 0.01
   36 D    -1  -1   0   4  -4   1   4  -2  -1  -3  -3   0  -3  -4  -1   0  -1  -4  -3  -3    0   0   0  42   0   0  58   0   0   0   0   0   0   0   0   0   0   0   0   0  0.70 0.02
   37 K    -1   3   0  -1  -2   1   0  -2  -1  -2  -2   3  -1  -3  -1   0   2  -3  -2  -2    0  26   0   0   0   0   0   0   0   0   0  42   0   0   0   0  32   0   0   0  0.37 0.01
   38 G     1  -1   3   0  -2   0   1   3  -1  -3  -3   0  -2  -3  -2   0  -1  -3  -2  -2   26   0  32   0   0   0  15  27   0   0   0   0   0   0   0   0   0   0   0   0  0.34 0.01
   39 N     1  -1   4   4  -2   0   0  -1   0  -3  -3  -1  -2  -3  -2   0   0  -4  -2  -2   26   0  42  32   0   0   0   0   0   0   0   0   0   0   0   0   0   0   0   0  0.43 0.01
   40 P    -1  -2  -2  -2  -3  -1  -1  -2  -2  -3  -3  -1  -2  -4   7   0   2  -4  -3  -2    0   0   0   0   0   0   0   0   0   0   0   0   0   0  78   0  22   0   0   0  1.56 0.06
   41 F     1  -2  -1  -2  -2  -2  -2   2  -1  -2  -1  -2  -1   3  -2   1  -1   0   3  -1   22   0   0   0   0   0   0  18   0   0   0   0   0  26   0  17   0   0  17   0  0.25 0.02
   42 Q     0   0   2   0  -2   3   1  -1   0  -2  -2   2  -1  -3  -1   2   2  -3  -2  -2    0   0  17   0   0  26   0   0   0   0   0  22   0   0   0  18  17   0   0   0  0.32 0.03
   43 F    -2  -3  -3  -4  -2  -3  -3  -4  -2   3   1  -3   2   5  -4  -3  -2   0   2   1    0   0   0   0   0   0   0   0   0  31   0   0  14  55   0   0   0   0   0   0  0.50 0.06
   44 Y    -2   2  -2  -3  -3  -1  -1  -3   0  -2  -1   1  -1   4  -3  -2  -2   1   5  -2    0  14   0   0   0   0   0   0   0   0   0  18   0  30   0   0   0   0  38   0  0.47 0.05
   45 L    -2  -3  -4  -4  -2  -3  -3  -4  -3   1   4  -3   2   3  -3  -3  -2  -1   0   0    0   0   0   0   0   0   0   0   0   0  85   0   0  15   0   0   0   0   0   0  0.51 0.05
   46 T    -1  -1   2  -1  -2  -1  -1  -2  -2   0   1  -1   3  -2  -2   0   4  -3  -2   0    0   0  16   0   0   0   0   0   0   0  14   0  18   0   0   0  52   0   0   0  0.28 0.05
   47 R     1   3  -1  -1  -2   0   0  -1  -1  -3  -3   3  -2  -3   3   1   0  -3  -2  -2   14  22   0   0   0   0   0   0   0   0   0  34   0   0  15  14   0   0   0   0  0.40 0.03
   48 V    -1  -3  -2  -3  -1  -2  -2  -3  -3   3   1  -2   0  -1  -2   1   0  -3  -2   3    0   0   0   0   0   0   0   0   0  45   0   0   0   0   0  18   0   0   0  37  0.29 0.04
   49 S     0  -2   0   3  -2  -1   0   2  -1  -3  -3  -1  -2  -3  -1   3   2  -3  -3  -2    0   0   0  33   0   0   0  15   0   0   0   0   0   0   0  38  14   0   0   0  0.40 0.04
   50 G     2  -2  -1   1  -2  -2  -1   3  -2  -2  -2  -2  -2   2  -2   0  -1  -2  -1  -2   30   0   0  14   0   0   0  38   0   0   0   0   0  18   0   0   0   0   0   0  0.33 0.03
   51 V    -1  -2  -2  -3  -1  -2  -2  -3  -1   2   2  -2   1   1  -3   0  -1  -1   3   2    0   0   0   0   0   0   0   0   0  23  30   0   0   0   0  14   0   0  18  14  0.21 0.03
   52 K    -1   0  -1   0  -3   0   2  -2  -1  -3  -3   3  -2  -3   5   1  -1  -3  -2  -3    0   0   0   0   0   0  18   0   0   0   0  36   0   0  30  15   0   0   0   0  0.60 0.04
   53 P     0   2  -1   2  -3   0   2  -2  -1  -3  -3   0  -2  -4   5  -1  -1  -4  -3  -3    8  18   0  14   0   0  16   0   0   0   0   0   0   0  44   0   0   0   0   0  0.79 0.04
   54 K    -1   2  -1  -1  -2   1   2  -2  -1  -3  -2   2  -2  -2  -2   1   1   5  -1  -2    0  15   0   0   0   0  18   0   0   0   0  22   0   0   0  16  14  14   0   0  0.37 0.03
   55 Y     0  -1   0   2  -3   2   2  -2   3  -3  -2   0  -2   0  -2   0  -1  -1   3  -2   14   0   0  18   0  15  16   0  14   0   0   0   0   0   0   0   0   0  22   0  0.30 0.03
   56 N    -1  -1   5   0  -3   0   1  -1   0  -3  -2  -1  -2   2  -2   1   0  -2   0  -2    0   0  52   0   0   0  15   0   0   0   0   0   0  18   0  14   0   0   0   0  0.40 0.05
   57 S     0  -1  -1  -1  -1   0   1  -2  -1   0  -1  -1   2  -2  -2   2   2  -3  -2   1    0   0   0   0   0   0  14   0   0   0   0   0  18   0   0  38  14   0   0  16  0.19 0.04
   58 G     0  -1   0  -1  -2  -1  -1   3   3  -3  -3   0  -2  -3   3   2   0  -3  -1  -3    0   0   0   0   0   0   0  33  16   0   0   8   0   0  14  30   0   0   0   0  0.42 0.04
   59 A     2  -2  -1  -1   6   0   1  -1  -2  -2  -2  -1  -2  -3  -2   2   0  -3  -2  -1   22   0   0   0  30   0  18   0   0   0   0   0   0   0   0  29   0   0   0   0  0.40 0.05
   60 L    -1   1  -3  -3  -2  -2  -2  -4  -3   2   2  -1   1  -1  -3  -2  -1  -3  -1   2    0  15   0   0   0   0   0   0   0  14  38   0   0   0   0   0   0   0   0  33  0.26 0.03
   61 H     0  -1   0  -1  -2   0   2  -2   4  -2   0  -1  -1  -2  -2   2   1  -3  -1  -1    0   0   0   0   0   0  18   0  22   0  16   0   0   0   0  30  14   0   0   0  0.23 0.04
   62 I    -2  -3  -2   2  -2  -2  -2  -3  -3   3   3  -2   1   0  -3  -2  -1  -3  -2   1    0   0   0  18   0   0   0   0   0  37  45   0   0   0   0   0   0   0   0   0  0.28 0.04
   63 K    -1   1   2   2  -3   2   0  -2  -1  -2  -1   3   2  -3  -2   0  -1  -3  -2  -2    0   0  14  15   0  14   0   0   0   0   0  38  18   0   0   0   0   0   0   0  0.29 0.04
   64 D    -1  -1   0   4  -3   2   3  -2  -1   0  -2   0  -1  -3  -2  -1  -1  -3  -2  -1    0   0   0  37   0  16  29   0   0  18   0   0   0   0   0   0   0   0   0   0  0.42 0.04
   65 I    -1  -3  -3  -3  -1  -2  -3  -3  -3   4   2  -2   1  -1  -3  -1   1  -3  -2   2    0   0   0   0   0   0   0   0   0  52  16   0   0   0   0   0  18   0   0  14  0.31 0.04
   66 L    -2  -3  -4  -4  -2  -3  -3  -4  -3   3   4  -3   2   0  -3  -3  -1  -2  -1   1    0   0   0   0   0   0   0   0   0  30  70   0   0   0   0   0   0   0   0   0  0.48 0.05
   67 S     1   0   0   2  -2   0   2  -1  -1  -3  -3   2  -2  -3  -1   2   0  -3  -2  -2   15   0   0  14   0   0  14   0   0   0   0  18   0   0   0  38   0   0   0   0  0.31 0.03
   68 P    -1  -1   0   4  -3   0   2  -2  -1  -3  -3  -1  -2  -3   5  -1  -1  -3  -2  -2    1   1   1  34   0   1  15   1   0   1   1   1   0   1  39   1   1   0   0   1  0.77 0.04
   69 L    -1  -1  -1  -2  -1  -1  -1  -2  -2   2   2  -1   1   0  -1   0   0  -2  -1   1    2   2   1   2   1   1   2   2   1  35  25   2   1   1   2  16   2   0   1   2  0.09 0.01
   70 F    -1  -1  -1  -1  -1  -1  -1  -1  -1   0   1  -1   0   4  -1  -1  -1   0   1   0    4   2   2   2   1   2   3   3   1   2  18   3   1  42   2   3   3   1   1   3  0.17 0.01
   71 G     0  -2   0  -1  -2  -1  -1   5  -1  -2  -2  -1  -2  -2  -1   0  -1  -2  -2  -2    2   2   1   2   1   1   2  71   1   2   3   2   1   1   2   2   2   0   1   2  0.62 0.03
   72 T    -1   2   0   2  -2   2   2  -2  -1  -2  -2   0  -1  -3  -2   0   3  -3  -2  -2    0  15   0  14   0  16  14   0   0   0   0   0   0   0   0   0  41   0   0   0  0.34 0.04
   73 L    -1  -3  -3  -3  -2  -2  -3  -4  -3   2   3  -2   1   0   3  -2  -1  -2  -2   2    0   0   0   0   0   0   0   0   0  14  56   0   0   0  15   0   0   0   0  14  0.39 0.03
   74 V    -1   0  -2  -1  -2   0   1  -3  -2   2   0   2   0  -2  -2  -1  -1  -3  -2   2    0   0   0   0   0   0  14   0   0  15   0  34   0   0   0   0   0   0   0  37  0.18 0.04
   75 S     1   2   2  -1  -2   2   0  -1  -1  -3  -3   0  -1  -3  -1   2   0  -3  -2  -2   14  18  15   0   0  16   0   0   0   0   0   0   0   0   0  36   0   0   0   0  0.31 0.04
   76 S     2  -1   0  -1  -1  -1  -1  -1  -1  -2  -2  -1  -1  -3  -1   4   3  -3  -2  -1   14   0   0   0   0   0   0   0   0   0   0   0   0   0   0  56  30   0   0   0  0.42 0.05
   77 A     1  -3  -3  -3  -1  -2  -3  -2  -3   3   1  -2   0   0  -3  -1  -1   6  -1   2   22   0   0   0   0   0   0   0   0  33  15   0   0   0   0   0   0  16   0  14  0.32 0.03
   78 Q    -1   0  -1  -2  -3   4   0  -3   3  -1   2   0   0  -2  -2  -1  -1  -2  -1  -1    0   0   0   0   0  52   0   0  15   0  33   0   0   0   0   0   0   0   0   0  0.36 0.06
   79 F    -2  -3  -3  -3  -2  -3  -3  -3  -2   1   0  -3   0   6  -3   0  -1   0   2   0    0   0   0   0   0   0   0   0   0  14   0   0   0  71   0  14   0   0   0   0  0.56 0.06
   80 N    -1  -1   5   1  -2   0  -1  -1   0  -3  -3  -1  -2  -3  -2   3   0  -4  -2  -3    0   0  66   0   0   0   0   0   0   0   0   0   0   0   0  34   0   0   0   0  0.65 0.07
   81 Y    -2  -3  -3  -4  -3  -3  -3  -4   0  -1   0  -3  -1   6  -4  -3  -2   1   5  -1    0   0   0   0   0   0   0   0   0   0   0   0   0  63   0   0   0   0  37   0  0.89 0.07
   82 C    -1  -2  -2  -3   7   2  -2  -3  -2   0   0  -1   5  -2  -3  -1  -1  -2  -2  -1    0   0   0   0  38  18   0   0   0   0   0   0  44   0   0   0   0   0   0   0  0.55 0.08
   83 F    -1  -3  -3  -4  -2  -2  -3  -4  -1   1   1  -3   0   3  -3  -2  -1   0   3   3    0   0   0   0   0   0   0   0   0   0  15   0   0  22   0   0   0   0  18  44  0.33 0.04
   84 D    -2  -2   1   6  -4   0   3  -2  -1  -4  -4  -1  -3  -4  -2  -1  -1  -4  -3  -3    0   0   0  82   0   0  18   0   0   0   0   0   0   0   0   0   0   0   0   0  0.97 0.07
   85 V    -1  -3  -3  -4  -1  -3  -3  -4  -3   3   3  -3   1   2  -3  -2  -1  -2   0   2    0   0   0   0   0   0   0   0   0  29  34   0   0  15   0   0   0   0   0  22  0.34 0.03
   86 D    -1  -1   3   5  -3   0   2   1  -1  -4  -4  -1  -3  -4  -2   0  -1  -4  -3  -3    0   0  24  47   0   0  15  14   0   0   0   0   0   0   0   0   0   0   0   0  0.60 0.04
   87 W    -3  -3  -4  -4  -3  -3  -4  -3  -2  -2  -1  -4  -1   5  -4  -3  -3   9   2  -2    0   0   0   0   0   0   0   0   0   0   0   0   0  49   0   0   0  51   0   0  1.51 0.09
   88 L    -2  -3  -4  -4  -2  -3  -3  -4  -3   1   5  -3   2   0  -3  -3  -2  -2  -1   1    0   0   0   0   0   0   0   0   0   0 100   0   0   0   0   0   0   0   0   0  0.61 0.06
   89 V    -1  -3  -3  -4  -1  -2  -3  -4  -3   3   3  -3   3   0  -3  -2  -1  -2  -1   2    0   0   0   0   0   0   0   0   0  23  48   0  14   0   0   0   0   0   0  14  0.38 0.03
   90 K     0   2   0  -1  -3   0   1   3  -1  -3  -3   2  -2  -3  -2   1  -1  -3  -2  -3    0  18   0   0   0   0  16  29   0   0   0  22   0   0   0  14   0   0   0   0  0.36 0.03
   91 Q     1   0   2   0  -2   4   1  -1   3  -3  -3   0  -1  -3  -2   1   0  -3  -1  -2   14   0  16   0   0  41   0   0  14   0   0   0   0   0   0  15   0   0   0   0  0.37 0.05
   92 Y    -2  -2  -2  -3   4  -2  -2  -3   4  -2  -1  -2  -1   4  -3  -2  -2   1   6  -2    0   0   0   0  14   0   0   0  16   0   0   0   0  18   0   0   0   0  52   0  0.67 0.06
   93 P     1  -2  -2  -2  -3  -1  -1  -2   4  -3  -3  -1  -2  -1   6  -1  -1  -2   2  -2   16   0   0   0   0   0   0   0  18   0   0   0   0   0  52   0   0   0  14   0  0.95 0.06
   94 P     1   0  -1  -1  -2   2   0  -1  -1  -3  -3   1  -2  -3   5   1   0  -3  -2  -2   14   0   0   0   0  18   0   0   0   0   0  14   0   0  38  16   0   0   0   0  0.66 0.04
   95 E     0  -1   2   0  -2   0   2   1  -1  -1   0  -1  -1  -2  -2   1   0  -3  -2   0    0   0  18   0   0   0  22  14   0   0  14   0   0   0   0  15   0   0   0  16  0.13 0.02
   96 F     0  -3  -3  -3  -2  -3  -3  -3  -2   2   1  -3   0   4  -3  -2  -1  -1   1   2   14   0   0   0   0   0   0   0   0  14  15   0   0  38   0   0   0   0   0  18  0.28 0.03
   97 R    -1   4   2  -1  -3   0   2  -2  -1  -2   0   1  -1  -2   3  -1  -1  -3  -2  -2    0  38  14   0   0   0  18   0   0   0  14   0   0   0  16   0   0   0   0   0  0.36 0.04
   98 K    -1   0   2   2  -3   0   2  -2  -1   0  -2   2  -1  -3  -2   0   1  -3  -2  -1    0   0  18  14   0   0  15   0   0  14   0  22   0   0   0   0  16   0   0   0  0.21 0.03
   99 K    -1   0  -2  -2  -2   0  -1  -3  -1   1  -1   3  -1  -1   3  -1  -1  -2   2   1    0   0   0   0   0   0   0   0   0  18   0  36   0   0  14   0   0   0  15  16  0.22 0.04
  100 P    -1  -1  -1   2  -3   2   0  -2  -2  -3  -3  -1  -2  -4   6   0   1  -4  -3  -2    0   0   0  16   0  14   0   0   0   0   0   0   0   0  52   0  18   0   0   0  0.95 0.05
  101 I    -1  -3  -3  -4  -1  -3  -3  -4  -3   4   2  -3   1   0  -3  -2  -1  -3  -2   3    0   0   0   0   0   0   0   0   0  56  14   0   0   0   0   0   0   0   0  30  0.42 0.04
  102 L    -1   1  -2  -3  -2  -1  -2  -3  -2   1   2  -1   3  -1  -3  -1   1  -2  -1   1    0  16   0   0   0   0   0   0   0   0  36   0  14   0   0   0  15   0   0  18  0.19 0.03
  103 L    -1  -3  -3  -3  -2  -2  -3   1  -3   2   3  -3   1   0  -3  -2  -1  -2  -2   2    0   0   0   0   0   0   0  18   0  16  52   0   0   0   0   0   0   0   0  14  0.27 0.03
  104 V    -1  -2  -2  -2  -1   2  -1  -3  -2   2   1  -1   1  -1  -2  -1   1  -3  -2   3    0   0   0   0   0  18   0   0   0  14  14   0   0   0   0   0  16   0   0  38  0.19 0.03
  105 H    -2   0   0  -2  -3   0  -1  -3   7  -1  -2   1  -1  -1  -2  -1  -1  -2   3   0    0   0   0   0   0   0   0   0  52   0   0  18   0   0   0   0   0   0  14  15  0.50 0.06
  106 G     0  -3  -1  -2  -3  -2  -3   6  -2  -4  -4  -2  -3  -4  -3  -1  -2  -3  -4  -4    0   0   0   0   0   0   0 100   0   0   0   0   0   0   0   0   0   0   0   0  1.22 0.07
  107 D    -1  -1   0   4  -2   0   2  -1  -1  -2  -2   0  -2  -2  -1   1   2  -3  -2  -2    1   1   1  37   0   1  15   1   0   1   1   1   0   1   1  17  19   0   0   1  0.36 0.03
  108 K    -1   0  -1  -1  -2   0   1   1  -1   1  -1   3  -1  -2  -1  -1  -1  -2  -2  -1    1   1   1   1   0   1  15  16   0  19   1  39   0   1   1   1   1   0   0   1  0.15 0.02
  109 R     1   2   0   2  -2   0   0  -1  -1  -1  -1   0   2  -2  -1   1   0  -2  -2  -1   16  23   1  15   0   1   1   1   0   1   1   1  19   1   1  17   1   0   0   1  0.14 0.02
  110 E    -1  -1   0   2  -3   1   3   1  -1  -3  -3   0  -2  -3   3   0  -1  -3  -2  -2    1   1   1  16   0   1  42  16   0   1   1   1   0   1  16   1   1   0   0   1  0.44 0.03
  111 A     2   1   0   2  -1   0   0  -1  -1  -2  -2   0  -1  -2  -1   1   0  -2  -2  -1   42  15   1  16   0   1   1   1   0   1   1   1   0   1   1  17   1   0   0   1  0.22 0.03
  112 K     1   2  -1  -1  -2   2   0  -2  -1  -2   0   2   0  -2  -2   1   0  -3  -2  -1   15  18   0   0   0  14   0   0   0   0  16  22   0   0   0  14   0   0   0   0  0.20 0.02
  113 A     3  -2  -2  -1  -2  -1   1  -1  -2  -2  -2  -1  -2  -3   4   0  -1  -3  -2  -1   56   0   0   0   0   0  14   0   0   0   0   0   0   0  29   0   0   0   0   0  0.59 0.05
  114 H    -2   2   0   3  -3   0   2  -2   3  -2  -1   0   2  -1  -2  -1  -1  -1   2  -2    0  16   0  23   0   0  14   0  14   0   0   0  18   0   0   0   0   0  14   0  0.25 0.04
  115 L    -2  -2  -2   2  -2  -2  -2  -3  -3   2   3  -2   1   0  -3  -2  -1  -2  -2   1    0   0   0  18   0   0   0   0   0  14  67   0   0   0   0   0   0   0   0   0  0.32 0.04
  116 H     1  -1  -1  -2  -1  -1  -1  -2   4   0   1  -1   0  -1  -1   0   1  -2   0   0   19   1   1   1   0   1   1   1  23   1  31   1   0   1   1   1  16   0   0   1  0.14 0.02
  117 A     2   0  -1  -1  -1   0   0  -1  -1  -1  -2   1  -1  -2  -1   2   2  -2  -2  -1   39   1   1   1   0   1   1   1   0   1   1  16   0   1   1  15  19   0   0   1  0.22 0.02
  118 Q    -1  -1  -1  -2   4   4   0  -3  -1   1   1   0   0  -2  -2  -1  -1  -2  -2   0    0   0   0   0  15  52   0   0   0  14  18   0   0   0   0   0   0   0   0   0  0.32 0.06
  119 A     2   1  -1  -2  -1  -1  -1   1  -2  -1  -1   0   2  -2  -2   0   1  -3  -2  -1   41  14   0   0   0   0   0  14   0   0   0   0  16   0   0   0  15   0   0   0  0.20 0.03
  120 K    -1   1   2  -1  -3   0   0  -2  -1  -1  -2   4  -1  -3  -2  -1  -1  -3  -2   0    0   0  16   0   0   0   0   0   0   0   0  66   0   0   0   0   0   0   0  18  0.35 0.05
  121 P    -1  -1   2  -1  -3  -1  -1  -2   3   1  -1   1  -1   2   4  -1  -1  -2   0  -1    0   0  15   0   0   0   0   0  16  18   0  14   0  14  22   0   0   0   0   0  0.28 0.03
  122 Y    -1  -1  -2  -2   4   2  -1  -3  -1  -1   0   1   0   0   3  -1  -1  -1   3  -1    0   0   0   0  16  15   0   0   0   0  18  14   0   0  14   0   0   0  22   0  0.26 0.03
  123 E     1   1  -1  -1  -2   2   2  -1  -1  -3  -3   3  -2  -3   3   0  -1  -3  -2  -2   23   0   0   0   0  14  14   0   0   0   0  34   0   0  16   0   0   0   0   0  0.39 0.03
  124 N    -2   0   5   0  -3   2   0  -1   0  -2   0   2  -1  -2  -2   0  -1  -3  -2  -2    0   0  52   0   0  14   0   0   0   0  15  18   0   0   0   0   0   0   0   0  0.38 0.05
  125 I    -1  -3  -3  -4  -1  -3  -3  -4  -3   3   1  -3   0  -1  -3  -2  -1   6  -1   4    0   0   0   0   0   0   0   0   0  22   0   0   0   0   0   0   0  14   0  63  0.49 0.05
  126 S     0   0   0  -1  -2   0   0  -2  -2   0  -1   3  -1  -2  -1   2   3  -3  -2   0    0   0   0   0   0   0   0   0   0  14   0  34   0   0   0  22  29   0   0   0  0.23 0.04
  127 L     0  -2  -3  -4  -1  -2  -3  -3  -3   1   4  -2   1   0  -3  -2  -1  -2  -1   2   14   0   0   0   0   0   0   0   0   0  71   0   0   0   0   0   0   0   0  15  0.35 0.04
  128 C    -1  -2  -2  -3   5  -2  -3  -3   3   2   0  -2   0   0  -3  -2  -1  -1   3   2    0   0   0   0  22   0   0   0  14  32   0   0   0   0   0   0   0   0  16  15  0.31 0.04
  129 Q     0   2   0   0  -3   3   2   1  -1  -3  -3   2  -2  -3  -2   1  -1  -3  -2  -3    0  14   0   0   0  22  18  15   0   0   0  14   0   0   0  16   0   0   0   0  0.34 0.03
  130 A     2  -2  -2  -3  -1  -2  -2  -2  -3   2   0  -2   0  -2   3   0   0  -3  -2   2   38   0   0   0   0   0   0   0   0  18   0   0   0   0  14   0   0   0   0  30  0.27 0.03
  131 K    -1   2   0  -1  -2   0   0  -2   0  -2  -2   3  -1  -1  -2   1   2  -1   2  -2    0  14   0   0   0   0   0   0   0   0   0  36   0   0   0  15  18   0  16   0  0.28 0.04
  132 L    -1  -2  -3  -4  -2  -2  -3  -4  -3   1   3  -2   4   0  -3  -2  -1  -2  -1   2    0   0   0   0   0   0   0   0   0   0  52   0  32   0   0   0   0   0   0  16  0.42 0.05
  133 D    -1  -2  -1   3  -3  -1  -1  -2  -2  -3  -4  -1  -3  -4   7  -1  -1  -4  -3  -3    0   0   0  22   0   0   0   0   0   0   0   0   0   0  78   0   0   0   0   0  1.63 0.08
  134 I    -1  -2  -2  -2  -1  -1  -2  -2  -2   3   1  -2   3  -1  -2  -1   1  -2  -1   2    1   1   1   1   0   1   1   1   0  53   2   1  16   1   1   1  15   0   1   1  0.20 0.03
  135 A     2  -2  -1  -1  -2  -1  -1  -1  -2  -2  -2  -1  -2  -3   6   1   0  -3  -2  -1   24   1   1   1   0   1   1   1   0   1   1   1   0   1  48  16   1   0   0   1  0.81 0.04
  136 F    -3  -3  -4  -4  -3  -3  -4  -4  -2  -1   0  -4  -1   7  -4  -3  -3   6   3  -2    0   0   0   0   0   0   0   0   0   0   0   0   0  84   0   0   0  16   0   0  1.04 0.08
  137 G     2  -2  -1  -2  -2  -2  -2   5  -2  -3  -3  -2  -2  -3  -2   0  -1  -3  -3  -2   32   0   0   0   0   0   0  68   0   0   0   0   0   0   0   0   0   0   0   0  0.75 0.05
  138 T     0  -1   0  -1  -1  -1  -1  -2  -2  -1  -2  -1  -1  -3  -1   2   5  -3  -2  -1    0   0   0   0   0   0   0   0   0   0   0   0   0   0   0  18  82   0   0   0  0.57 0.07
  139 H    -2  -1   0  -1  -3   0  -1  -2   8  -4  -3  -1  -2  -2  -2   1  -1  -3   1  -3    0   0   0   0   0   0   0   0  86   0   0   0   0   0   0  14   0   0   0   0  1.03 0.10
  140 H    -2  -1   0  -2  -4   0  -1  -3   9  -4  -3  -1  -2  -2  -3  -1  -2  -3   1  -4    0   0   0   0   0   0   0   0 100   0   0   0   0   0   0   0   0   0   0   0  1.33 0.11
  141 T     0  -1   0  -1  -1  -1  -1  -1  -2  -1  -2  -1  -1  -3  -1   3   5  -3  -2  -1    0   0   0   0   0   0   0   0   0   0   0   0   0   0   0  30  70   0   0   0  0.53 0.07
  142 K    -1   2  -1  -1  -4   1   0  -2  -1  -3  -3   6  -2  -4  -1  -1  -1  -3  -2  -3    0   0   0   0   0   0   0   0   0   0   0 100   0   0   0   0   0   0   0   0  0.73 0.08
  143 M     1  -2  -3  -3  -2  -1  -2  -3  -2   2   2  -2   5   0  -3  -1  -1  -2  -1   1   14   0   0   0   0   0   0   0   0  16  18   0  52   0   0   0   0   0   0   0  0.34 0.06
  144 M    -1  -2  -2  -3  -2  -1  -2  -3  -2   3   1  -2   5  -1  -3   0  -1  -2  -2   1    0   0   0   0   0   0   0   0   0  33   0   0  52   0   0  15   0   0   0   0  0.33 0.07
  145 L    -2  -3  -3  -4  -2  -3  -3  -4  -3   3   2  -3   1   4  -3  -3  -1  -1   1   2    0   0   0   0   0   0   0   0   0  34  22   0   0  29   0   0   0   0   0  16  0.36 0.03
  146 L    -2  -2   3  -1  -2  -2  -2  -2  -1   0   3  -2   1  -1  -3  -1  -1  -3  -2   0    0   0  34   0   0   0   0   0   0   0  66   0   0   0   0   0   0   0   0   0  0.32 0.05
  147 L    -1  -2  -2  -2  -2  -1   1   1  -2   0   1  -2   0   4  -3  -2  -1  -1   1   1    0   0   0   0   0   0  15  14   0   0  22   0   0  34   0   0   0   0   0  14  0.17 0.03
  148 Y    -2  -2  -2   1  -3  -2  -2  -3   1  -2  -1  -2  -1   4  -3  -2  -2   1   7  -2    0   0   0  15   0   0   0   0   0   0   0   0   0  16   0   0   0   0  69   0  0.77 0.07
  149 E    -1  -1   0   4  -3   0   3  -2  -1  -3  -3   0  -3  -4   3   1  -1  -4  -3  -3    0   0   0  34   0   0  38   0   0   0   0   0   0   0  14  14   0   0   0   0  0.59 0.04
  150 E    -2   2   3   4  -4   0   3  -2  -1  -3  -3   0  -3  -4  -2   0  -1  -4  -3  -3    0  14  18  45   0   0  22   0   0   0   0   0   0   0   0   0   0   0   0   0  0.59 0.04
  151 G     0  -2  -1  -1  -3  -2  -2   6  -2  -4  -4  -2  -3  -3  -2   1  -1  -3  -3  -3    0   0   0   0   0   0   0  84   0   0   0   0   0   0   0  16   0   0   0   0  0.96 0.06
  152 L    -1  -3  -3  -4   6  -2  -3  -3  -3   1   2  -3   2   2  -3  -2  -1  -2   0   1    0   0   0   0  34   0   0   0   0   0  22   0  14  15   0   0   0   0   0  14  0.43 0.04
  153 R    -1   5   0  -1  -4   2   0  -2   3  -3  -3   3  -2  -3  -2  -1  -1  -3  -1  -3    0  51   0   0   0  16   0   0  15   0   0  18   0   0   0   0   0   0   0   0  0.57 0.05
  154 V    -1  -3  -3  -4  -1  -3  -3  -4  -4   4   1  -3   1  -1  -3  -2  -1  -3  -2   4    0   0   0   0   0   0   0   0   0  34   0   0   0   0   0   0   0   0   0  66  0.46 0.05
  155 V    -1  -3  -3  -4  -1  -3  -3  -4  -3   3   1  -3   0   3  -3  -2  -1  -2   0   4    0   0   0   0   0   0   0   0   0  15   0   0   0  18   0   0   0   0   0  66  0.38 0.05
  156 I    -1  -3  -3  -4  -1  -3  -3  -4  -3   4   2  -3   1   0  -3  -2  -1  -3  -1   3    0   0   0   0   0   0   0   0   0  52  18   0   0   0   0   0   0   0   0  30  0.41 0.04
  157 H    -1  -1   0  -1  -3   0  -1  -2   7  -3  -3  -1  -2  -2   3   2  -1  -3   0  -3    0   0   0   0   0   0   0   0  52   0   0   0   0   0  18  29   0   0   0   0  0.67 0.07
  158 T     0  -1   0  -1  -1  -1  -1  -2  -2  -1  -2  -1  -1  -3  -1   2   5  -3  -2  -1    0   0   0   0   0   0   0   0   0   0   0   0   0   0   0  18  82   0   0   0  0.57 0.07
  159 S     3  -1   2  -1  -1  -1  -1   0  -1  -2  -2  -1  -2  -3  -1   2   0  -3  -2  -1   59   0  18   0   0   0   0   0   0   0   0   0   0   0   0  22   0   0   0   0  0.37 0.05
  160 N    -2  -1   7   1  -3   0  -1  -1   0  -4  -4  -1  -3  -4  -3   0   0  -4  -3  -3    0   0 100   0   0   0   0   0   0   0   0   0   0   0   0   0   0   0   0   0  1.00 0.09
  161 L    -2  -3  -4  -4  -2  -3  -3  -4  -3   1   4  -3   2   3  -3  -3  -2  -1   0   0    0   0   0   0   0   0   0   0   0   0  82   0   0  18   0   0   0   0   0   0  0.51 0.05
  162 I    -1  -3  -2  -3  -1  -2  -3  -3  -2   3   0  -2   0   0  -3  -1   1  -2   2   3    0   0   0   0   0   0   0   0   0  37   0   0   0   0   0   0  18   0  14  31  0.26 0.04
  163 H    -1   1   0   0  -3   1   3  -2   5  -3  -3   0  -2  -3   3   1  -1  -3  -1  -3    0   8   0   0   0   0  30   0  29   0   0   0   0   0  15  18   0   0   0   0  0.46 0.04
  164 A     1  -2  -1   3  -2  -1   1  -2  -2   0  -1  -1   2  -2   3  -1  -1  -3  -2   0   14   0   0  29   0   0   8   0   0   0   0   0  18   0  16   0   0   0   0  14  0.26 0.03
  165 D    -2  -2   1   6  -4   0   3  -2  -1  -4  -4  -1  -3  -4  -2  -1  -1  -4  -3  -3    0   0   0  82   0   0  18   0   0   0   0   0   0   0   0   0   0   0   0   0  0.97 0.07
  166 W    -2  -3  -3  -4  -3  -2  -3  -3  -3  -3  -2  -3  -2   0  -4  -2   1  11   1  -3    0   0   0   0   0   0   0   0   0   0   0   0   0   0   0   0  18  82   0   0  2.11 0.12
  167 H    -2  -1   4   0  -3   0   1  -2   6   0  -2  -1  -1  -2  -2  -1  -1  -3   0  -1    0   0  33   0   0   0  15   0  36  16   0   0   0   0   0   0   0   0   0   0  0.41 0.05
  168 Q    -1  -1   3  -1  -3   2  -1   1  -1  -1   0  -1   0   2  -2  -1  -1  -2  -1  -2    0   0  29   0   0  22   0  16   0   0  18   0   0  15   0   0   0   0   0   0  0.18 0.03
  169 K    -1   2  -1  -2  -3   0   0  -2  -1  -2  -1   4   2  -3   3  -1  -1  -3  -2  -2    0  14   0   0   0   0   0   0   0   0   0  52  16   0  18   0   0   0   0   0  0.46 0.05
  170 T     0  -1   0  -1  -1   2   0  -1  -1  -2  -2   0  -1  -3  -1   3   4  -3  -2  -1    0   0   0   0   0  18   0   0   0   0   0   0   0   0   0  30  52   0   0   0  0.41 0.05
  171 Q    -1   1   0  -1  -3   7   1  -2   0  -3  -3   1  -1  -4  -2  -1  -1  -2  -2  -3    0   0   0   0   0 100   0   0   0   0   0   0   0   0   0   0   0   0   0   0  0.95 0.10
  172 G     1  -2  -1  -2  -2   1  -1   4  -2  -1  -2  -1  -1  -3  -2   0  -1  -3  -2   0   16   0   0   0   0  15   0  51   0   0   0   0   0   0   0   0   0   0   0  18  0.41 0.04
  173 I    -2  -3  -3  -4   4  -3  -3  -4  -3   3   2  -3   1   2  -3  -2  -1  -2   0   1    0   0   0   0  18   0   0   0   0  38  29   0   0  15   0   0   0   0   0   0  0.36 0.04
  174 W    -3  -3  -4  -5  -3  -3  -3  -3  -2  -2  -2  -3  -2   3  -4  -3  -3  10   4  -3    0   0   0   0   0   0   0   0   0   0   0   0   0  16   0   0   0  69  15   0  1.89 0.10
  175 L    -1  -1  -2  -3   4  -1  -2  -3  -1   1   2   1   2   0  -3  -2  -1  -1   2   0    0   0   0   0  18   0   0   0   0  14  22  16  14   0   0   0   0   0  15   0  0.21 0.03
  176 S     0  -1   2   0  -2   2   0  -1  -1  -3  -3   0  -2  -3  -1   3   2  -3  -2  -2    0   0  15   0   0  14   0   0   0   0   0   0   0   0   0  55  16   0   0   0  0.39 0.05
  177 P    -1  -2  -1   2  -3  -1  -1  -2  -2  -3  -3  -1  -2  -3   7  -1  -1  -3  -3  -2    1   1   1  15   0   1   1   1   0   1   1   1   0   1  71   1   1   0   0   1  1.35 0.06
  178 L    -2  -1  -3  -3  -2  -2  -2  -3  -2   1   3   0   1   4  -3  -2  -2  -1   1   0    0   0   0   0   0   0   0   0   0   0  56  14   0  30   0   0   0   0   0   0  0.33 0.04
  179 Y    -1  -2  -2  -3  -2  -2  -2   1   0  -1   2  -2   0   1   2  -2  -2   0   5  -1    0   0   0   0   0   0   0  15   0   0  32   0   0   0  14   0   0   0  38   0  0.35 0.04
  180 P    -1  -1  -2  -2  -3  -1  -1  -3  -2  -1  -2   1  -2  -2   6  -1  -1   6  -1   0    0   0   0   0   0   0   0   0   0   0   0  18   0   0  52   0   0  14   0  15  0.97 0.06
  181 R     1   3  -1  -2  -2   0   0  -2  -1   1  -1   3  -1  -2  -2  -1  -1  -3  -2  -1   14  22   0   0   0   0   0   0   0  18   0  45   0   0   0   0   0   0   0   0  0.28 0.04
  182 I     1  -2  -1   1  -2  -2  -2   2  -3   2   1  -2   0  -1  -2  -1  -1  -3  -2   1   16   0   0  14   0   0   0  18   0  38  14   0   0   0   0   0   0   0   0   0  0.13 0.03
  183 A     2  -1   2   2  -2   0   0  -1  -1  -1  -2   1  -1  -2  -2   0  -1  -2   1   0   30   0  16  14   0   0   0   0   0   0   0  18   0   0   0   0   0   0   8  14  0.13 0.03
  184 D    -1  -1   1   5  -3   1   3  -2  -1  -3  -3   0  -3  -4  -2   1  -1  -4  -3  -3    0   0   0  58   0   8  18   0   0   0   0   0   0   0   0  15   0   0   0   0  0.66 0.05
  185 G     1  -1  -1  -1  -2  -1  -1   4  -2  -3  -3   1  -2  -3  -2   1  -1  -3  -3  -2   14   0   0   0   0   0   0  56   0   0   0  14   0   0   0  16   0   0   0   0  0.55 0.04
  186 T    -1  -1   1   3  -2   0   0  -2  -1  -1   0   1  -1  -2  -2   0   2  -3  -2  -1    0   0   8  29   0   0   0   0   0   0  18  16   0   0   0   0  30   0   0   0  0.22 0.03
  187 H    -1  -1   0  -1  -2   0  -1  -2   6  -1  -1  -1  -1  -2   3   0   1  -2   0   0    1   1   1   1   0   1   1   1  38   1   2   1   0   1  15   1  15   0   1  16  0.33 0.03
  188 K    -1   0  -1  -1  -2   0   0   1  -1  -2  -2   2  -2  -3   5   0   0  -2  -2  -2    1   1   1   1   0   1   1  15   0   1   2  31   0   1  31   1   9   0   1   1  0.47 0.03
  189 S     1   2   0  -1  -1   0   0  -1  -1  -2  -2   2  -1  -2  -1   2   0  -2  -2  -1   16  16   1   1   0   1   1   1   0   1   2  16   0   1   1  39   1   0   1   1  0.23 0.02
  190 G     0  -2   0  -1  -2  -1  -1   5  -2  -3  -3  -1  -2  -2  -1   1  -1  -2  -2  -2    1   1   1   1   0   1   1  68   0   1   2   1   0   1   1  17   1   0   1   1  0.63 0.04
  191 E    -1  -1   0   2  -2   1   3  -1  -1  -1  -1   0  -1  -2  -1   0   0  -2  -1   0    3   2   1  17   1   1  39   2   1   2   3   2   1   1   2   2   2   0   1  18  0.21 0.02
  192 S     0  -1   0   0  -1   0   0  -1  -1   1   0   0   0  -1   0   2   1  -1  -1   0    4   2   2   3   1   2   3   4   1  18   4   3   1   2   2  40   3   1   2   3  0.09 0.01
  193 P     0  -1  -1  -1  -2  -1  -1   2  -1  -1   0  -1  -1  -2   5   0  -1  -2  -2  -1    2   2   1   2   1   1   2  18   1   2  17   2   1   1  34  10   2   0   1   2  0.43 0.02
  194 T     0   1  -1  -2   4  -1  -1  -2  -2   0  -1   0  -1  -2  -1   0   3  -2  -2   1    1  16   1   1  15   1   1   1   0   1   1   1   0   1   1   1  37   0   0  19  0.20 0.03
  195 H    -1  -1   0  -1  -2   2   0   3   4  -3  -3  -1  -2  -2   3  -1  -1  -2  -1  -2    1   1   1   1   0  16   1  30  23   1   1   1   0   1  19   1   1   0   0   1  0.42 0.03
  196 F    -3  -3  -4  -4  -3  -4  -4  -4  -2  -1   0  -4   0   7  -4  -3  -3   1   3  -1    0   0   0   0   0   0   0   0   0   0   0   0   0 100   0   0   0   0   0   0  1.05 0.09
  197 K    -1   1   0   0  -3   4   2  -2   0  -3  -3   4  -1  -4  -1   0  -1  -3  -2  -3    0   0   0   0   0  31  14   0   0   0   0  55   0   0   0   0   0   0   0   0  0.55 0.06
  198 A     1   2   0   2  -2   3   0   1  -1  -3  -3   0  -2  -3  -2   0  -1  -3  -2  -2   22  18   0  15   0  30   0  14   0   0   0   0   0   0   0   0   0   0   0   0  0.30 0.03
  199 N    -1  -2   2   6  -3  -1   1  -1  -1  -3  -4  -1  -3  -4  -2   1  -1  -4  -3  -3    0   0   7  75   0   0   0   0   0   0   0   0   0   0   0  18   0   0   0   0  0.80 0.06
  200 L    -2  -3  -4  -4  -2  -3  -3  -4  -3   1   4  -3   2   3  -3  -3  -2  -1   0   0    0   0   0   0   0   0   0   0   0   0  84   0   0  16   0   0   0   0   0   0  0.51 0.05
  201 I    -1  -3  -3  -3  -1  -2  -3  -4  -3   3   3  -2   3   0  -3  -2   0  -2  -1   2    0   0   0   0   0   0   0   0   0  47  31   0  14   0   0   0   8   0   0   0  0.34 0.04
  202 S     1  -1   0   2  -2   0   3  -1  -1  -2   0   0  -1  -2  -1   2   0  -3  -2  -1   16   0   0  14   0   0  34   0   0   0  14   0   0   0   0  22   0   0   0   0  0.25 0.03
  203 Y    -2  -2  -3  -4  -3  -2  -3  -4   1  -2  -2  -2  -2   3  -4  -2  -2   2   8  -2    0   0   0   0   0   0   0   0   0   0   0   0   0   0   0   0   0   0 100   0  1.23 0.11
  204 L    -2  -3  -4  -4  -2  -3  -3  -4  -3   1   5  -3   2   0  -3  -3  -2  -2  -1   1    0   0   0   0   0   0   0   0   0   0 100   0   0   0   0   0   0   0   0   0  0.61 0.06
  205 T    -1   0   3   0  -2   0  -1  -1  -1  -1  -1   1   2  -2  -2   1   1  -3  -2   0    0   0  33   0   0   0   0   0   0   0   0  16  15   0   0  15   7   0   0  14  0.19 0.03
  206 A     1  -1   2  -1  -2   0   1  -1  -1   0  -1  -1   2  -2  -2   1   0  -3  -2   1   22   0  16   0   0   0  14   0   0   0   0   0  15   0   0  18   0   0   0  14  0.14 0.03
  207 Y    -2  -2  -3  -4  -3  -2  -3  -4   1  -1   1  -2  -1   2  -3  -2  -2   2   7  -1    0   0   0   0   0   0   0   0   0   0  14   0   0   0   0   0   0   0  86   0  0.94 0.09
  208 N    -2   4   3  -1  -3   1   0  -2   4  -3  -3   3  -2  -3  -2   0  -1  -3  -1  -3    0  31  22   0   0   0   0   0  18   0   0  29   0   0   0   0   0   0   0   0  0.47 0.04
  209 A     1  -2   1  -2  -2  -1  -2  -2   3   1   1  -2   0  -1  -2  -1  -1   5   0   0   22   0  15   0   0   0   0   0  16  14  18   0   0   0   0   0   0  14   0   0  0.22 0.03
  210 P     0   0  -1  -1  -2   0   0  -1  -1  -2  -2   1  -2  -3   5   1   1  -3  -2  -2    1   1   1   1   0   1   1   1   0   1   1  19   0   1  38  15  16   0   0   1  0.59 0.03
  211 S    -1  -1   2   2  -3   3   1  -2   0  -3  -3   0  -2  -1   1   1  -1  -2   2  -2    0   0  14  18   0  29   0   0   0   0   0   0   0   0   8  14   0   0  16   0  0.33 0.04
  212 L    -1  -2  -3  -3  -1  -2  -2  -3  -2   2   3  -2   1   0  -2  -2  -1  -2  -1   2    1   1   1   1   0   1   1   1   0  19  53   1   0   1   1   1   1   0   0  15  0.27 0.02
  213 K    -1   1   0   4  -3   3   1  -1  -1  -3  -2   3  -2  -3  -1   0  -1  -3  -2  -2    1   1   1  34   0  23   1   1   0   1   1  30   0   1   1   1   1   0   0   1  0.39 0.03
  214 E    -1  -1  -1   0  -3   1   4  -3  -1   0  -2   0  -1  -3   3   0   1  -3  -2  -1    0   0   0   0   0   0  56   0   0  14   0   0   0   0  14   0  15   0   0   0  0.43 0.05
  215 W    -2  -3   1  -3  -2  -2  -3  -3  -2  -1   2  -3   0   0  -4  -2  -2   9   1  -1    0   0  14   0   0   0   0   0   0   0  34   0   0   0   0   0   0  52   0   0  1.12 0.08
  216 I     1  -2  -3  -3  -2  -2  -2  -3  -3   4   1   1   0  -1  -2  -1  -1  -3  -2   2   14   0   0   0   0   0   0   0   0  70   0  15   0   0   0   0   0   0   0   0  0.25 0.05
  217 D     2  -1   0   3  -2   2   3  -1  -1  -3  -3   0  -2  -3  -1   0  -1  -3  -2  -2   29   0   0  22   0  15  34   0   0   0   0   0   0   0   0   0   0   0   0   0  0.41 0.04
  218 V    -1   2  -2  -1  -2   0   1  -3  -1   1   1   1   0   2  -2  -1  -1  -2   0   1    0  14   0   0   0   0  18   0   0   8  15  16   0  14   0   0   0   0   0  14  0.11 0.02
  219 I    -1  -3  -3  -4  -2  -3  -3  -4  -3   3   2  -3   1   2  -3  -2  -1  -2   0   2    0   0   0   0   0   0   0   0   0  36  31   0   0  14   0   0   0   0   0  18  0.34 0.03
  220 H    -1   2   2   0  -3   3   1  -2   3  -3  -3   3  -1  -3  -2   0  -1  -3  -1  -3    0  14  18   0   0  23   0   0  14   0   0  30   0   0   0   0   0   0   0   0  0.42 0.04
  221 K    -1   1   2  -1  -3   0   1  -2  -1  -1  -1   3   2   2  -2  -1  -1  -2   0  -2    0   0  14   0   0   0   8   0   0   0   0  44  16  18   0   0   0   0   0   0  0.22 0.04
  222 H     1  -2  -1  -2  -2  -1  -1  -2   4  -1  -1  -1  -1   2  -2   1  -1  -1   3   0   18   0   0   0   0   0   0   0  22   0   0   0   0  14   0  14   0   0  16  15  0.21 0.03
  223 D    -2  -2   1   6  -4  -1   1  -2  -2  -4  -4  -1  -3  -4   3  -1  -1  -5  -4  -3    0   0   0  82   0   0   0   0   0   0   0   0   0   0  18   0   0   0   0   0  1.00 0.07
  224 L    -2  -3  -3  -4  -2  -3  -3  -4  -1   0   3  -3   1   5  -4  -3  -2   0   3   0    0   0   0   0   0   0   0   0   0   0  41   0   0  45   0   0   0   0  14   0  0.52 0.05
  225 S     1  -1   0  -1  -1   0  -1  -1  -1  -3  -3  -1  -2  -3  -1   5   1  -3  -2  -2    0   0   0   0   0   0   0   0   0   0   0   0   0   0   0 100   0   0   0   0  0.64 0.08
  226 E     2  -1   0   2  -2   2   4  -1  -1  -3  -3   0  -2  -3  -1   0  -1  -3  -2  -2   30   0   0  14   0  15  41   0   0   0   0   0   0   0   0   0   0   0   0   0  0.42 0.04
  227 T     1  -2  -1  -2  -1  -1  -2  -2  -2   3   0  -1   0  -1  -1   0   2  -2  -1   1   16   1   1   1   0   1   1   1   0  46   2   1   0   1   1   1  23   0   1   1  0.14 0.03
  228 N    -1   2   4   0  -2   0   0  -1   0  -2  -2   0  -1  -2  -1   1   2  -2  -2  -2    1  16  37   1   0   1   1   1   0   1   2   1   0   1   1  17  16   0   1   1  0.29 0.03
  229 V     1  -2  -2   1  -1  -2  -1  -2  -3   1   1  -2   0  -1  -2  -1  -1  -3  -2   3   16   0   0  15   0   0   0   0   0   0  18   0   0   0   0   0   0   0   0  51  0.18 0.04
  230 Y    -2   3  -2  -1  -3   0   1  -3   0   0  -1   0  -1   2  -3  -1  -1   0   3  -1    0  30   0   0   0   0  18   0   0  16   0   0   0  14   0   0   0   0  22   0  0.25 0.04
  231 L    -2  -3  -4  -4  -2  -3  -3  -4  -2   1   3  -3   1   5  -4  -3  -2   0   1   0    0   0   0   0   0   0   0   0   0   0  52   0   0  48   0   0   0   0   0   0  0.54 0.05
  232 I    -1  -3  -4  -4  -1  -3  -3  -4  -4   4   2  -3   1   0  -3  -3  -1  -3  -2   3    0   0   0   0   0   0   0   0   0  68  14   0   0   0   0   0   0   0   0  18  0.45 0.05
  233 G     1  -2  -1  -2  -2  -2  -2   4  -1  -2  -2  -2  -2   2  -2  -1  -2  -1   3  -2   14   0   0   0   0   0   0  52   0   0   0   0   0  15   0   0   0   0  18   0  0.49 0.04
  234 S     1  -1   0  -1  -1   0  -1  -1  -1  -3  -3  -1  -2  -3  -1   5   1  -3  -2  -2    0   0   0   0   0   0   0   0   0   0   0   0   0   0   0 100   0   0   0   0  0.64 0.08
  235 T     0  -2  -1  -2  -1  -2  -2  -3  -3   1   0  -2   0  -2  -2   0   4  -3  -2   3    0   0   0   0   0   0   0   0   0   0   0   0   0   0   0   0  56   0   0  44  0.37 0.06
  236 P    -1  -3  -3  -2  -3  -2  -2  -3  -3  -3  -3  -1  -3  -4   8  -1  -2  -4  -3  -3    0   0   0   0   0   0   0   0   0   0   0   0   0   0 100   0   0   0   0   0  2.23 0.10
  237 G     0  -2   0  -1  -3  -2  -2   6  -2  -4  -4  -2  -3  -3  -2   1  -1  -3  -3  -3    0   0   0   0   0   0   0  82   0   0   0   0   0   0   0  18   0   0   0   0  0.92 0.06
  238 R    -2   3  -1  -2  -3   0   0  -2   3  -3  -2   3  -2   0  -2  -1  -1  -1   4  -2    0  22   0   0   0   0   0   0  14   0   0  34   0   0   0   0   0   0  30   0  0.43 0.05
  239 F    -2   1  -1  -3  -3  -1  -2  -3   5  -1  -1  -1  -1   5  -3  -2  -2   0   2  -2    0  14   0   0   0   0   0   0  30   0   0   0   0  56   0   0   0   0   0   0  0.56 0.06
  240 Q    -1   0   0   0  -3   4   3  -2   0  -2  -2   0  -1  -3  -1   0   2  -3  -2  -2    0   0   0   0   0  41  30   0   0   0   0   0   0   0   0   0  30   0   0   0  0.48 0.06
  241 G     0  -2   0   2  -3  -1  -1   5  -2  -4  -4  -1  -3  -3  -2   1  -1  -3  -3  -3    0   0   0  15   0   0   0  66   0   0   0   0   0   0   0  18   0   0   0   0  0.72 0.05
  242 S     0  -1   0  -1  -2   0   1  -1  -1  -2  -2  -1  -2   2   3   3   0  -2  -1  -2    0   0   0   0   0   0  16   0   0   0   0   0   0  14  15  55   0   0   0   0  0.36 0.05
  243 Q    -1  -1   2   0  -3   2   1   2   2  -2  -2   0  -2  -3   3   0  -1  -3  -2   0    0   0  14   0   0  14  16  18   8   0   0   0   0   0  15   0   0   0   0  14  0.26 0.03
  244 K    -1   2  -1  -1  -2   0   1  -3  -1  -1   2   2   0  -2  -2  -1   1  -3  -2  -1    0  14   0   0   0   0  16   0   0   0  33  22   0   0   0   0  15   0   0   0  0.17 0.03
  245 D    -1  -1   2   3  -2   2   0   1  -1  -2   0  -1  -1  -2  -2   1  -1  -3  -2  -2    0   0  14  22   0  15   0  14   0   0  18   0   0   0   0  16   0   0   0   0  0.20 0.03
  246 N     0   2   3   0  -2   0   0  -1   3  -3  -3   2  -2  -3  -2   2   0  -3  -1  -3    0  15  22   0   0   0   0   0  14   0   0  14   0   0   0  34   0   0   0   0  0.34 0.04
  247 W    -3  -3  -4  -4  -3  -3  -3  -3  -3  -3  -2  -3  -2   3   3  -3  -3  10   2  -3    0   0   0   0   0   0   0   0   0   0   0   0   0  18  15   0   0  66   0   0  1.75 0.10
  248 G     0  -3  -1  -2  -3  -2  -2   6  -1  -4  -3  -2  -3  -1  -3  -1  -2  -1   3  -3    0   0   0   0   0   0   0  82   0   0   0   0   0   0   0   0   0   0  18   0  0.90 0.06
  249 H    -2  -1   3  -1  -3   0  -1  -2   7  -2   0  -1  -1  -2  -3  -1  -2  -3   1  -2    0   0  18   0   0   0   0   0  66   0  16   0   0   0   0   0   0   0   0   0  0.69 0.07
  250 F     1  -2  -1  -2  -2  -1  -2   1  -1  -1   0  -1   2   3   3  -1  -1  -1   0  -1   16   1   1   1   0   1   1  17   0   1   2   1  15  23  16   1   1   0   1   1  0.20 0.02
  251 R    -1   5   0  -1  -3   1   0  -2  -1  -2  -2   3  -1  -2  -1  -1  -1  -2  -2  -2    1  53   1   1   0   1   1   1   0   1   2  31   0   1   1   1   1   0   1   1  0.49 0.04
  252 L    -1  -2  -3  -3  -1  -2  -2  -3  -2   1   4  -2   2   0  -2  -2  -1  -1  -1   0    1   1   1   1   0   1   1   1   0   1  83   1   0   1   1   1   1   0   1   1  0.37 0.04
  253 K     1   3  -1  -1  -2   0   0  -1  -1  -2  -1   3  -1   2  -1   0  -1  -1   0  -1   16  24   1   1   0   1   1   1   0   1   2  31   0  16   1   1   1   0   1   1  0.19 0.02
  254 K    -1   3   0  -1  -3   1   0  -2  -1  -3  -3   4  -2  -3  -1   1   1  -3  -2  -2    0  15   0   0   0   0   0   0   0   0   0  56   0   0   0  14  14   0   0   0  0.41 0.05
  255 L    -2  -3  -4  -4  -2  -3  -3  -4  -3   3   3  -3   1   0  -3  -3  -1  -2  -1   2    0   0   0   0   0   0   0   0   0  45  55   0   0   0   0   0   0   0   0   0  0.46 0.05
  256 L    -2  -2  -3  -2  -2  -1   1  -4  -2   1   4  -2   1   0  -3  -2  -1  -2  -2   0    0   0   0   0   0   0  18   0   0   0  82   0   0   0   0   0   0   0   0   0  0.38 0.05
  257 K     1   1   0  -1  -2   3   1  -1  -1  -3  -3   4  -1  -3  -1   1   0  -3  -2  -2   14   0   0   0   0  23   0   0   0   0   0  48   0   0   0  15   0   0   0   0  0.38 0.04
  258 D     0   0  -1   2  -3   1   3  -2  -1  -2   0   2  -1  -2  -2  -1  -1  -3  -2  -2    8   0   0  14   0   0  30   0   0   0  18  30   0   0   0   0   0   0   0   0  0.25 0.03
  259 H    -1   0   0  -1   4   0   0  -2   6  -3  -3   2  -2  -2  -2   1  -1  -3   0  -2    0   0   0   0  14   0   0   0  36   0   0  31   0   0   0  18   0   0   0   0  0.41 0.05
  260 A     3  -2  -1   3  -1  -1   0  -1  -2   0  -1  -1  -1  -2  -1   0  -1  -3  -2   0   55   0   0  31   0   0   0   0   0  14   0   0   0   0   0   0   0   0   0   0  0.29 0.05
  261 S     2  -2  -1  -1  -2  -1   1   2  -1  -2  -2  -1  -2   1   1   1  -1  -2  -1  -2   29   0   0   0   0   0  16  18   0   0   0   0   0  14   8  14   0   0   0   0  0.22 0.02
  262 S     0   0   0   2  -1   0   0  -1  -1  -2  -2   1  -1  -2  -1   3   2  -2  -2  -1    1   1   1  15   0   1   1   1   0   1   1  16   0   1   1  39  19   0   0   1  0.26 0.03
  263 M     0   1  -1  -1  -1   0  -1  -1   0  -1  -1   0   2   0  -1   1   1  -1   2  -1    9  15   1   1   0   1   1   1   0   1   1   1  15   1   1  19  16   0  16   1  0.13 0.02
  264 P     1  -1  -1   0  -3   0   3  -2  -1  -3  -3   1  -2  -3   5   0  -1  -3  -3  -2   18   0   0   0   0   0  30   0   0   0   0  16   0   0  36   0   0   0   0   0  0.68 0.04
  265 N    -1   0   2  -1  -2  -1  -1  -2   3   0  -1  -1  -1   3  -2   1  -1  -1   1  -1    0   8  14   0   0   0   0   0  15  14   0   0   0  30   0  18   0   0   0   0  0.17 0.03
  266 A     1   1   0   3  -2   0   2   0  -1  -3  -3   0  -2  -3  -2   0   1  -3  -2  -2   14  14   0  32   0   0  16   8   0   0   0   0   0   0   0   0  15   0   0   0  0.31 0.03
  267 E    -1   2   0   2  -3   1   4  -2  -1  -3  -3   0  -2  -3  -2   0   1  -3  -2  -2    0  14   0  14   0   0  53   0   0   0   0   0   0   0   0   0  18   0   0   0  0.49 0.05
  268 S     2   3   0  -1   3   0  -1  -1  -1  -2  -2   0  -2  -3  -2   3   0  -3  -2  -2   18  29   0   0   8   0   0   0   0   0   0   0   0   0   0  44   0   0   0   0  0.33 0.04
  269 W    -1  -1  -1   2   4  -1  -1  -2  -2   0  -1   1  -1  -1  -2  -1  -1   7   0  -1    1   1   1  16  16   1   1   1   0  15   1  19   0   1   1   1   1  23   0   1  0.36 0.03
  270 P    -1  -2  -1  -2  -3  -1  -1  -3   4   0  -2  -1  -1  -2   6  -1   1  -3  -1  -1    0   0   0   0   0   0   0   0  18  16   0   0   0   0  51   0  15   0   0   0  0.86 0.06
  271 V    -1  -3  -3  -4   4  -3  -3  -3  -1   1   1  -3   0   3  -3  -2  -1  -1   3   2    0   0   0   0  16   0   0   0   0   0  14   0   0  15   0   0   0   0  18  36  0.31 0.04
  272 V    -1  -3  -3  -4  -1  -3  -3  -4  -3   3   2  -3   1  -1  -3  -2  -1  -3  -1   4    0   0   0   0   0   0   0   0   0  30  18   0   0   0   0   0   0   0   0  52  0.39 0.04
  273 G     1  -2  -1  -2   6  -2  -2   2  -1  -2  -2  -2  -2  -1  -2   1  -1  -1   2  -2   15   0   0   0  32   0   0  22   0   0   0   0   0   0   0  16   0   0  14   0  0.41 0.04
  274 Q    -1   1   0  -1  -3   7   1  -2   0  -3  -3   1  -1  -4  -2  -1  -1  -2  -2  -3    0   0   0   0   0 100   0   0   0   0   0   0   0   0   0   0   0   0   0   0  0.95 0.10
  275 F    -1  -3  -2  -3   6  -2  -2  -2  -2  -1  -1  -2  -1   4  -3   1   1  -1   1  -1    0   0   0   0  31   0   0   0   0   0   0   0   0  37   0  14  18   0   0   0  0.44 0.05
  276 S     1  -1   0  -1  -1   0  -1  -1  -1  -3  -3  -1  -2  -3  -1   5   1  -3  -2  -2    0   0   0   0   0   0   0   0   0   0   0   0   0   0   0 100   0   0   0   0  0.64 0.08
  277 S     1  -1   0  -1  -1   0  -1  -1  -1  -3  -3  -1  -2  -3  -1   5   1  -3  -2  -2    0   0   0   0   0   0   0   0   0   0   0   0   0   0   0 100   0   0   0   0  0.64 0.08
  278 V    -1  -3  -3  -4  -1  -2  -3  -4  -3   4   2  -3   3   0  -3  -2  -1  -3  -1   2    0   0   0   0   0   0   0   0   0  56  14   0  16   0   0   0   0   0   0  14  0.39 0.04
  279 G     0  -3  -1  -2  -3  -2  -3   6  -2  -4  -4  -2  -3  -4  -3  -1  -2  -3  -4  -4    0   0   0   0   0   0   0 100   0   0   0   0   0   0   0   0   0   0   0   0  1.22 0.07
  280 S     1  -1   0  -1  -1   0  -1  -1  -1  -3  -3  -1  -2  -3  -1   5   1  -3  -2  -2    0   0   0   0   0   0   0   0   0   0   0   0   0   0   0 100   0   0   0   0  0.64 0.08
  281 L    -2   2  -3  -3  -2  -2  -2  -4  -2   1   3  -1   1   2  -3  -2  -2  -1   0   0    0  18   0   0   0   0   0   0   0   0  66   0   0  16   0   0   0   0   0   0  0.33 0.04
  282 G     1  -2  -1  -1  -2  -1  -2   5  -2  -3  -3  -1  -2  -3  -2   0  -1  -2  -2  -2   19   1   1   1   0   1   1  68   0   1   1   1   0   1   1   1   1   0   0   1  0.66 0.04
  283 A     2   2  -1  -1  -1   0  -1  -1  -1  -2  -2   0  -1  -2   4   1   0  -2  -2  -1   30  19   1   1   0   1   1   1   0   1   1   1   0   1  24  16   1   0   0   1  0.39 0.03
  284 D     1   0   2   4  -2   0   1  -1  -1  -2  -2   1  -2  -3  -1   0  -1  -3  -2  -2   16   1  15  41   0   1   1   1   0   1   1  16   0   1   1   1   1   0   0   1  0.35 0.03
  285 E    -1  -1  -1   2  -3   2   3  -2  -1  -2  -2   0  -2  -3   3  -1  -1  -3  -2   0    0   0   0  14   0  16  41   0   0   0   0   0   0   0  15   0   0   0   0  14  0.44 0.04
  286 S    -1  -1   2   0  -2   2   3  -2  -1   0  -2   0  -1  -3  -2   2   0  -3  -2  -1    0   0  18   0   0  14  30   0   0  15   0   0   0   0   0  22   0   0   0   0  0.26 0.03
  287 K     1   1   2  -1  -2   0   0  -1  -1  -1   0   3   0  -2  -1   0  -1  -2  -2  -1   15   1  16   1   0   1   1   1   0   1  20  38   0   1   1   1   1   0   0   1  0.13 0.02
  288 W    -2  -2  -3  -3  -2  -2  -3  -2  -2  -3  -2  -3  -2   0  -3  -2  -2  11   2  -3    1   1   1   1   0   1   1   1   0   1   1   1   0   1   1   1   1  85   0   1  2.15 0.10
  289 L    -2  -2  -3  -4  -2  -2  -3  -4  -1   2   3  -2   3   3  -3  -2  -1   0   3   1    0   0   0   0   0   0   0   0   0  14  37   0  18  15   0   0   0   0  16   0  0.34 0.03
  290 C    -1   1  -2  -2   5   1  -1  -2  -2   2   0   0   0  -1  -2  -1  -1  -2  -2   1    1  16   1   1  23  15   1   1   0  35   1   1   0   1   1   1   1   0   0   1  0.20 0.03
  291 S     2  -1  -1  -1  -2   1   0   2  -1  -3  -3  -1  -2  -3   3   2   0  -3  -2  -2   30   0   0   0   0  14   0  15   0   0   0   0   0   0  18  22   0   0   0   0  0.39 0.03
  292 E    -1  -1  -1   2  -3   2   4  -2  -1  -2   0   0  -1  -2  -2  -1  -1  -3  -2  -2    0   0   0  14   0  15  52   0   0   0  18   0   0   0   0   0   0   0   0   0  0.43 0.04
  293 F    -3  -3  -4  -4  -3  -3  -4  -4  -2   0   1  -3   0   7  -4  -3  -2   0   2  -1    0   0   0   0   0   0   0   0   0   0  16   0   0  84   0   0   0   0   0   0  0.83 0.07
  294 K    -1   0  -1  -2  -2  -1  -1   1  -2   0   0   2   0  -2  -2   0   3  -3  -2   1    0   0   0   0   0   0   0  14   0   0  15  22   0   0   0   0  34   0   0  14  0.14 0.03
  295 E    -1  -1   3   2  -3   2   2   2   0  -4  -3   0  -2  -3  -2   0  -1  -3  -3  -3    0   0  29  16   0  15  22  18   0   0   0   0   0   0   0   0   0   0   0   0  0.44 0.04
  296 S     0  -2   0  -1  -1  -1  -1   2  -2   1  -2  -1  -1  -2  -2   4   1  -3  -2  -1    0   0   0   0   0   0   0  16   0  18   0   0   0   0   0  66   0   0   0   0  0.31 0.05
  297 M    -1  -1  -2  -2  -1  -1  -2  -2  -1   1   2  -1   4   2  -2  -1  -1  -1   0   0    2   2   1   2   1   1   2   2   1   2  25   2  33  17   2   2   2   0   1   2  0.17 0.02
  298 L     0  -1   0  -1  -1   0   0  -1  -1   0   1   0   0  -1   0   2   0  -1  -1   0    4   2   2   2   1   2   3   3   1   2  26   3   1   2   2  36   3   1   1   3  0.08 0.01
  299 T     1  -1   0  -1  -1   0   0  -1  -1  -1  -1   0  -1  -1   3   1   1  -1  -1  -1   12   2   2   2   1   2   3   3   1   2   4   3   1   2  21  18  17   1   1   3  0.25 0.01
  300 L    -1  -2  -2  -2  -2  -2  -2   1  -2   0   2  -2   1  -1   3  -1  -1  -2  -2   0    1   1   1   1   0   1   1  16   0   1  45   1   0   1  19   1   1   0   0   9  0.25 0.02
  301 G     1   1  -1  -1  -2   0   1   1  -1   0  -1   1  -1  -2  -1   0  -1  -2  -2   0   19   9   1   1   0   1  16  15   0  15   1  15   0   1   1   1   1   0   0   1  0.10 0.01
  302 K     0   1   0  -1  -2   1   1   1  -1  -2  -2   3  -1  -3  -1   0   1  -2  -2  -2    1   1   1   1   0   1   9  16   0   1   1  48   0   1   1   1  15   0   0   1  0.26 0.03
  303 E     1  -1   0   4  -2   1   3  -1  -1  -2  -2   0  -2  -3  -1   0  -1  -3  -2  -2   16   1   1  33   0   1  38   1   0   1   1   1   0   1   1   1   1   0   0   1  0.42 0.03
  304 S     0  -1   2   2  -2   0   0   1  -1  -2  -2  -1  -2  -2  -1   2   2  -2  -2  -2    1   1  16  15   0   1   1   9   0   1   1   1   0   1   1  29  19   0   0   1  0.26 0.02
  305 K     1   1  -1  -1  -2   0   0  -1  -1  -2  -2   2  -1  -2   3   0   1  -2  -2  -1   19   9   1   1   0   1   1   1   0   1   1  30   0   1  16   1  15   0   0   1  0.28 0.02
  306 T     0  -1   0  -1  -1  -1  -1   2  -2  -2  -2  -1  -1  -2   3   2   3  -2  -2  -1    1   1   1   1   0   1   1  19   0   1   1   1   0   1  15  16  38   0   0   1  0.33 0.03
  307 P    -1   2  -2  -2  -2  -1  -1  -2  -2  -1  -2   0  -1  -2   6  -1  -1  -3  -2   0    1  19   1   1   0   1   1   1   0   1   1   1   0   1  53   1   1   0   0  15  0.85 0.04
  308 G    -1   0  -1  -2  -3  -1  -1   4  -2  -2   0   2  -1  -3  -2  -1  -1  -3  -3  -2    0   0   0   0   0   0   0  52   0   0  14  34   0   0   0   0   0   0   0   0  0.43 0.04
  309 K    -1   2  -1  -1   4   2   0   1  -1  -3  -3   3  -2  -3  -2  -1  -1  -3  -2  -2    0   8   0   0  16  15   0  14   0   0   0  47   0   0   0   0   0   0   0   0  0.37 0.04
  310 S     1   0  -1  -1  -2   3   0  -1  -1  -3  -2   2  -1  -3   3   2   0  -3  -2  -2   18   0   0   0   0  30   0   0   0   0   0  15   0   0  14  22   0   0   0   0  0.38 0.04
  311 S     0   2  -1  -1  -2   0   1   1  -1  -2  -2   0   1  -3   3   1  -1  -3  -2  -2    8  16   0   0   0   0  18  14   0   0   0   0  14   0  15  14   0   0   0   0  0.25 0.03
  312 V     1  -2  -1   1  -2  -2  -1   1  -2   1  -1  -2  -1  -2   2  -1  -1  -3  -2   1   15   0   0  14   0   0   0  16   0  18   0   0   0   0  14   0   0   0   0  22  0.18 0.02
  313 P    -1   0   2  -1  -3   0   0  -2  -1  -3  -3   3  -2  -3   5   1  -1  -4  -3  -3    0   0  16   0   0   0   0   0   0   0   0  34   0   0  36  14   0   0   0   0  0.68 0.05
  314 L    -2  -2  -3  -3  -2  -2  -3  -3  -2   0   2  -2   3   2   3  -2  -2   6   0   0    0   0   0   0   0   0   0   0   0   0  37   0  15  14  18   0   0  16   0   0  0.48 0.04
  315 Y    -1   0  -1  -2  -2   0  -1  -2   3  -2  -2   2  -1   1  -2  -1  -1   1   5  -2    1   1   1   1   0   1   1   1   8   1   1  30   0   1   1   1   1   0  48   1  0.41 0.05
  316 L    -2  -3  -3  -4  -2  -2  -3  -4  -3   3   3  -3   3   2  -3  -3  -1  -1   0   1    0   0   0   0   0   0   0   0   0  33  38   0  14  16   0   0   0   0   0   0  0.36 0.04
  317 I    -1  -3  -4  -4  -1  -3  -3  -4  -4   4   2  -3   1   0  -3  -3  -1  -3  -2   3    0   0   0   0   0   0   0   0   0  69  16   0   0   0   0   0   0   0   0  15  0.45 0.05
  318 Y    -2  -3  -3  -4  -3  -3  -3  -3   0  -1  -1  -3  -1   5  -4  -3  -2   6   5  -2    0   0   0   0   0   0   0   0   0   0   0   0   0  49   0   0   0  14  36   0  0.91 0.07
  319 P    -1  -3  -3  -2  -3  -2  -2  -3  -3  -3  -3  -1  -3  -4   8  -1  -2  -4  -3  -3    0   0   0   0   0   0   0   0   0   0   0   0   0   0 100   0   0   0   0   0  2.23 0.10
  320 S     0  -1   0  -1  -1  -1  -1  -1  -2  -2  -2  -1  -1  -3  -1   3   4  -3  -2  -1    0   0   0   0   0   0   0   0   0   0   0   0   0   0   0  52  48   0   0   0  0.49 0.06
  321 V    -1  -2  -2  -2  -2  -1   1  -3  -2   2   0  -2   0   0  -2  -2  -1  -2   2   4    0   0   0   0   0   0  18   0   0   0   0   0   0   0   0   0   0   0  14  68  0.26 0.05
  322 E    -1   0   0   0  -4   3   4   1  -1  -3  -3   2  -2  -4  -2   0  -1  -3  -2  -3    0   0   0   0   0  18  52  14   0   0   0  16   0   0   0   0   0   0   0   0  0.51 0.05
  323 N    -2  -1   4   4  -4   1   3  -1   0  -4  -4   0  -3  -4  -2   0  -1  -4  -3  -3    0   0  36  30   0   0  34   0   0   0   0   0   0   0   0   0   0   0   0   0  0.63 0.05
  324 V    -1  -3  -3  -4  -1  -3  -3  -4  -3   2   0  -3   0   3  -3  -2  -1  -2   0   4    0   0   0   0   0   0   0   0   0   0   0   0   0  18   0   0   0   0   0  82  0.42 0.06
  325 R     1   4  -1  -2  -2   2   0  -2  -1  -1  -2   1  -1  -3  -2  -1  -1  -3  -2   1   14  52   0   0   0  16   0   0   0   0   0   0   0   0   0   0   0   0   0  18  0.36 0.05
  326 T     0  -1  -1  -1   4   2  -1   1  -2  -2  -2  -1  -1  -3  -2   1   4  -3  -2  -1    0   0   0   0  14  16   0  14   0   0   0   0   0   0   0   0  56   0   0   0  0.36 0.05
  327 S     1  -1   0  -1  -1   0  -1  -1  -1  -3  -3  -1  -2  -3  -1   5   1  -3  -2  -2    0   0   0   0   0   0   0   0   0   0   0   0   0   0   0 100   0   0   0   0  0.64 0.08
  328 L    -1  -2  -2  -3   4  -1  -2  -3   3   0   2  -2   2  -1   3  -2  -1  -2  -1   0    0   0   0   0  15   0   0   0  14   0  37   0  16   0  18   0   0   0   0   0  0.34 0.04
  329 E    -1  -1  -1   2  -3   2   3  -3  -1  -1   2   0   0  -2  -2  -1  -1  -3  -2  -1    0   0   0  14   0  15  37   0   0   0  34   0   0   0   0   0   0   0   0   0  0.29 0.04
  330 G     0  -1  -1  -2  -3  -1  -2   6  -2  -4  -4   1  -3  -4  -2  -1  -2  -3  -3  -3    0   0   0   0   0   0   0  82   0   0   0  18   0   0   0   0   0   0   0   0  0.89 0.06
  331 Y    -2  -2  -3  -4  -3  -2  -3  -3   0  -2  -1  -3   2   2  -4  -2  -2   8   6  -2    0   0   0   0   0   0   0   0   0   0   0   0  14   0   0   0   0  34  52   0  1.13 0.08
  332 P     2  -1  -1  -1  -2   2   0  -1  -1  -1   0  -1  -1  -2   4   1   0  -3  -2  -1   30   0   0   0   0  16   0   0   0   0  14   0   0   0  22  18   0   0   0   0  0.35 0.03
  333 A     3  -2  -1  -1  -1  -1  -1   3  -2  -3  -3  -1  -2  -3  -1   2   0  -3  -2  -2   37   0   0   0   0   0   0  29   0   0   0   0   0   0   0  34   0   0   0   0  0.42 0.04
  334 G     0  -2   0  -1  -3  -2  -2   6  -2  -4  -4  -2  -3  -3  -2   1  -1  -3  -3  -3    0   0   0   0   0   0   0  82   0   0   0   0   0   0   0  18   0   0   0   0  0.92 0.06
  335 G     0  -2   2  -1   4  -2  -2   4  -2  -3  -3  -1  -2  -3  -2   1  -1  -3  -3  -3    0   0  14   0  15   0   0  55   0   0   0   0   0   0   0  16   0   0   0   0  0.59 0.04
  336 S     1  -2  -1  -2   4  -1  -1  -1  -2  -2  -2  -1  -2  -2  -2   3   0   6  -1  -2   14   0   0   0  14   0   0   0   0   0   0   0   0   0   0  53   0  18   0   0  0.51 0.06
  337 L    -1  -2  -2  -3  -1  -2  -2  -3  -2   3   3  -2   1   0  -2  -2  -1  -2  -1   2    1   1   1   1   0   1   1   1   0  31  38   1   0   1   1   1   1   0   1  16  0.23 0.02
  338 P    -1  -2  -1  -1  -2  -1  -1  -2   3  -2  -2  -1  -2  -3   7  -1  -1  -3  -1  -2    1   1   1   1   0   1   1   1  16   1   2   1   0   1  67   1   1   0   1   1  1.24 0.05
  339 Y    -2  -2  -2  -3  -3  -2  -2  -3   0  -1  -1  -2  -1   5  -3   0  -1   1   6  -1    0   0   0   0   0   0   0   0   0   0   0   0   0  34   0  14   0   0  52   0  0.67 0.06
  340 S    -1   2   2  -1  -3   0  -1   2   4  -3  -3   0  -2  -3   3   1  -1  -3  -1  -3    0  15  16   0   0   0   0  22  18   0   0   0   0   0  14  14   0   0   0   0  0.37 0.03
  341 I    -2  -1   1  -2  -2  -1  -2  -3  -2   3   1   0   0   2  -3  -2  -1  -2   0   1    0   0  15   0   0   0   0   0   0  38  14  14   0  18   0   0   0   0   0   0  0.14 0.03
  342 Q    -1   0   2  -1  -2   4   1  -2   0  -2   0   2   0  -2  -2   1   0  -3  -2  -2    0   0  14   0   0  41   0   0   0   0  16  14   0   0   0  15   0   0   0   0  0.28 0.04
  343 T    -1  -2   2  -1  -2  -1  -2   1  -1  -1  -1  -1  -1   0  -2   0   3  -1   3   1    0   0  14   0   0   0   0  16   0   0   0   0   0   0   0   0  36   0  18  15  0.20 0.04
  344 A     1  -1   1  -1  -2   0  -1  -2   3   0   1   1   0  -2  -2   0  -1  -3  -1   1   22   0  14   0   0   0   0   0  15   0  18  16   0   0   0   0   0   0   0  14  0.09 0.02
  345 E     1  -1   0   2  -3   3   3  -2  -1  -3  -3   0  -2  -3  -1   0   1  -3  -2  -2   15   0   0  14   0  18  37   0   0   0   0   0   0   0   0   0  16   0   0   0  0.38 0.04
  346 K     1   3  -1  -1  -3   1   0  -2  -1  -3  -3   4  -2  -3  -1   0  -1  -3  -2  -2   16  15   0   0   0   0   0   0   0   0   0  69   0   0   0   0   0   0   0   0  0.49 0.06
  347 Q     1   0  -1  -1  -3   4   1  -2  -1  -3  -3   2  -1  -3   3   0  -1  -3  -2  -2   16   0   0   0   0  52   0   0   0   0   0  18   0   0  14   0   0   0   0   0  0.50 0.05
  348 N     0   1   2   0  -2   0   0  -1  -1  -2  -2   2  -2  -2   3   2   0  -3  -2  -2    1   9  15   1   0   1   1   1   0   1   1  16   0   1  15  35   1   0   0   1  0.31 0.02
  349 W    -2  -2  -3  -3  -3   1  -2  -3  -1  -2  -2  -2  -1   3  -4  -2  -2   9   4  -2    0   0   0   0   0  16   0   0   0   0   0   0   0  14   0   0   0  52  18   0  1.31 0.08
  350 L    -2  -2  -3  -4  -2  -2  -3  -4  -2   1   3  -3   1   1  -3  -2  -1  -1   3   1    0   0   0   0   0   0   0   0   0   0  66   0   0   0   0   0   0   0  18  16  0.39 0.04
  351 H    -1   1   0   0  -4   3   3  -2   4  -3  -3   3  -2  -3  -2  -1  -1  -3  -1  -3    0   0   0   0   0  15  34   0  22   0   0  29   0   0   0   0   0   0   0   0  0.50 0.05
  352 S     0  -1   0   2  -2   0   0   1  -2  -2  -1   1   2  -2   1   1   1  -3  -2  -1    0   0   0  14   0   0   0  15   0   0   0  14  18   0   8  14  16   0   0   0  0.17 0.03
  353 Y    -2  -2   1  -2  -2  -2  -2  -3   0   0   2  -2   0   2  -3  -2  -1   1   6  -1    0   0  15   0   0   0   0   0   0   0  34   0   0   0   0   0   0   0  51   0  0.44 0.06
  354 F    -2   2  -3  -3  -2  -1  -2  -3  -2   0   2  -1   2   3  -3  -2  -2   6   1  -1    0  18   0   0   0   0   0   0   0   0  30   0  15  22   0   0   0  14   0   0  0.37 0.04
  355 H     1  -1   2  -1   6   2  -1  -2   4  -2  -2  -1  -2  -3  -2   0  -1  -3  -1  -2   14   0  18   0  31  14   0   0  22   0   0   0   0   0   0   0   0   0   0   0  0.42 0.05
  356 K    -1   3   0  -1  -3   3   1  -2  -1  -3  -3   5  -2  -3  -2  -1  -1  -3  -2  -3    0  14   0   0   0  14   0   0   0   0   0  71   0   0   0   0   0   0   0   0  0.59 0.06
  357 W    -3  -3  -4  -5  -3  -3  -4  -3  -3  -3  -2  -4  -2   3  -4  -3  -3  11   2  -3    0   0   0   0   0   0   0   0   0   0   0   0   0  18   0   0   0  82   0   0  2.24 0.12
  358 S     0   2   0  -1  -2   0   0  -2  -1  -1  -2   3  -1  -3  -2   1   0  -3  -2   0    0  15   0   0   0   0   0   0   0   0   0  47   0   0   0  22   0   0   0  16  0.29 0.04
  359 A     4  -2  -1  -2  -1  -1  -1   0  -2  -2  -2  -1  -1  -3  -1   3   0  -3  -2  -1   71   0   0   0   0   0   0   0   0   0   0   0   0   0   0  29   0   0   0   0  0.45 0.06
  360 E    -1  -1   2   2  -2   0   2  -2  -1  -1  -1  -1   4  -2  -2   1   0  -3  -2  -1    0   0  15  14   0   0  22   0   0   0   0   0  34   0   0  14   0   0   0   0  0.24 0.04
  361 T     1  -1   0   1  -2   0   0  -2   3  -1  -1   1  -1  -2  -2   0   2  -3  -1   1   15   0   0  14   0   0   0   0  14   0   0  16   0   0   0   0  22   0   0  18  0.14 0.03
  362 S     1   2   0  -1  -2   0   0  -1  -1  -2  -2   2  -1  -3  -1   3   2  -3  -2  -1   16  14   0   0   0   0   0   0   0   0   0  15   0   0   0  37  18   0   0   0  0.29 0.03
  363 G     1   3  -1  -2  -3  -1  -1   3  -1  -3  -2   0  -2   1  -2  -1  -1  -2  -1  -2   14  34   0   0   0   0   0  38   0   0   0   0   0  14   0   0   0   0   0   0  0.35 0.04
  364 R    -2   6  -1  -2  -4   1  -1  -3  -1  -4  -3   2  -2  -3  -3  -1  -2  -3  -2  -3    0 100   0   0   0   0   0   0   0   0   0   0   0   0   0   0   0   0   0   0  1.00 0.09
  365 S     0   2   0  -1  -2   2   0   1  -1  -3  -3   0  -1  -3  -2   2   2  -3  -2  -2    0  18   0   0   0  16   0  14   0   0   0   0   0   0   0  36  15   0   0   0  0.30 0.04
  366 N    -1   4   4   0  -3   0  -1   2   0  -4  -3   1  -2  -3  -2   0  -1  -3  -2  -3    0  44  38   0   0   0   0  18   0   0   0   0   0   0   0   0   0   0   0   0  0.51 0.05
  367 A     4  -2  -2  -2  -1  -1  -1  -1  -2   0  -1  -1  -1  -2  -1   1   2  -3  -2   1   66   0   0   0   0   0   0   0   0   0   0   0   0   0   0   0  18   0   0  16  0.33 0.05
  368 M     1  -2  -2  -3  -1  -1  -2  -2  -2   1   1  -2   5  -1  -2  -1   2  -2  -2   1   16   0   0   0   0   0   0   0   0   0   0   0  51   0   0   0  18   0   0  15  0.27 0.06
  369 P    -1  -3  -3  -2  -3  -2  -2  -3  -3  -3  -3  -1  -3  -4   8  -1  -2  -4  -3  -3    0   0   0   0   0   0   0   0   0   0   0   0   0   0 100   0   0   0   0   0  2.23 0.10
  370 H    -2  -1   0  -2  -4   0  -1  -3   9  -4  -3  -1  -2  -2  -3  -1  -2  -3   1  -4    0   0   0   0   0   0   0   0 100   0   0   0   0   0   0   0   0   0   0   0  1.33 0.11
  371 I    -1  -3  -2  -3   4  -2  -3  -3  -3   4   1  -2   0  -1  -3   1   0  -3  -2   2    0   0   0   0  15   0   0   0   0  66   0   0   0   0   0  18   0   0   0   0  0.32 0.05
  372 K    -1   2  -1  -1  -4   1   0  -2  -1  -3  -3   6  -2  -4  -1  -1  -1  -3  -2  -3    0   0   0   0   0   0   0   0   0   0   0 100   0   0   0   0   0   0   0   0  0.73 0.08
  373 T     0  -2  -1  -2  -1  -1  -1  -2  -2  -1  -1  -1  -1   2  -2   2   4  -2   0  -1    0   0   0   0   0   0   0   0   0   0   0   0   0  18   0  14  68   0   0   0  0.41 0.06
  374 Y    -2  -2  -3  -4  -3  -2  -3  -4   1  -2  -1  -2  -1   4  -4  -2  -2   2   7  -2    0   0   0   0   0   0   0   0   0   0   0   0   0  14   0   0   0   0  86   0  1.07 0.09
  375 M    -1  -2  -2  -3  -2  -1  -2  -3  -2   1   1  -2   5  -1  -2  -1   2  -2  -2   1    0   0   0   0   0   0   0   0   0   0   0   0  56   0   0   0  29   0   0  15  0.36 0.07
  376 R    -2   5   0  -2  -4   1   0  -3   4  -3  -3   3  -2  -3  -2  -1  -1  -3  -1  -3    0  66   0   0   0   0   0   0  18   0   0  15   0   0   0   0   0   0   0   0  0.69 0.06
  377 P    -1  -2  -2  -2   4  -2  -2  -2  -1  -1  -1  -2  -1   4   4  -1  -1   0   3  -1    1   1   1   1  19   1   1   1   0   1   1   1   0  30  23   1   1   0  15   1  0.46 0.03
  378 S     2  -1   3   0  -1   0   0   0  -1  -2  -2   0  -1  -2  -1   3   0  -3  -2  -2   19   1  29   1   0   1   1   1   0   1   1   1   0   1   1  39   1   0   0   1  0.30 0.03
  379 P    -1  -2   2   2  -2  -1  -1  -2  -1  -1   0  -1  -1  -1   4   0   1  -2   2  -1    0   0  16  14   0   0   0   0   0   0  14   0   0   0  22   0  18   0  15   0  0.31 0.03
  380 D    -1  -1   3   5  -3   0   2  -1  -1  -3  -3   0  -2  -3  -1   0  -1  -3  -2  -3    1   1  19  54   0   1  15   1   0   1   1   1   0   1   1   1   1   0   0   1  0.58 0.04
  381 F    -1  -1  -1   1  -2  -1  -1   1  -1  -1  -1   1  -1   4  -2  -1  -1  -1   1  -2    1   1   1  15   0   1   1  17   0   1   1  16   0  41   1   1   1   0   0   1  0.20 0.03
  382 S     0   1   0   0  -3   3   2  -2   0  -3  -3   3  -1  -3  -1   2   0  -3  -2  -2    0   0   0   0   0  29  16   0   0   0   0  34   0   0   0  22   0   0   0   0  0.42 0.04
  383 K    -1   0  -1  -1  -2   0   2  -2  -1   0   0   3   0  -2  -2   1   0  -3  -2   0    0   0   0   0   0   0  18   0   0   0  16  37   0   0   0  14   0   0   0  15  0.16 0.03
  384 I     1  -3  -3  -3  -1  -2  -3  -3  -3   3   3  -2   1   0  -3  -2  -1  -2  -1   2   15   0   0   0   0   0   0   0   0  29  42   0   0   0   0   0   0   0   0  14  0.28 0.03
  385 A     2   1  -2  -1  -2   0   1  -2  -1   0  -1   0  -1  -1  -2   0  -1  -1   2   0   37  16   0   0   0   0  18   0   0  15   0   0   0   0   0   0   0   0  14   0  0.14 0.03
  386 W    -3  -3  -4  -5  -3  -3  -4  -3  -3  -3  -2  -4  -2   0  -4  -3  -3  11   2  -4    0   0   0   0   0   0   0   0   0   0   0   0   0   0   0   0   0 100   0   0  2.85 0.14
  387 F    -2  -2  -3  -3   4   1  -2  -3  -2   0   0  -2   0   5  -3  -2  -2   0   1   1    0   0   0   0  18  15   0   0   0   0   0   0   0  51   0   0   0   0   0  16  0.40 0.05
  388 L    -2  -3  -4  -4  -2  -2  -3  -4  -3   2   4  -3   2   0  -3  -3  -1  -2  -1   2    0   0   0   0   0   0   0   0   0   0  86   0   0   0   0   0   0   0   0  14  0.51 0.05
  389 V    -1  -2  -3  -4  -1  -2  -3  -4  -2   2   3  -3   1   1  -3  -2  -1  -1   3   3    0   0   0   0   0   0   0   0   0   0  44   0   0   0   0   0   0   0  18  38  0.33 0.04
  390 T     0  -2   0  -1  -1  -1  -1  -2  -2  -1  -2  -1  -1  -3  -2   1   6  -3  -2   0    0   0   0   0   0   0   0   0   0   0   0   0   0   0   0   0 100   0   0   0  0.70 0.09
  391 S     1  -1   0  -1  -1   0  -1  -1  -1  -3  -3  -1  -2  -3  -1   5   1  -3  -2  -2    0   0   0   0   0   0   0   0   0   0   0   0   0   0   0 100   0   0   0   0  0.64 0.08
  392 A     4  -2  -1  -2  -1  -1  -1   0  -2  -2  -2  -1  -1  -3  -1   2   0  -3  -2  -1   86   0   0   0   0   0   0   0   0   0   0   0   0   0   0  14   0   0   0   0  0.49 0.06
  393 N    -2  -1   7   1  -3   0  -1  -1   0  -4  -4  -1  -3  -4  -3   0   0  -4  -3  -3    0   0 100   0   0   0   0   0   0   0   0   0   0   0   0   0   0   0   0   0  1.00 0.09
  394 L    -2  -3  -4  -4  -2  -3  -3  -4  -3   1   5  -3   2   0  -3  -3  -2  -2  -1   1    0   0   0   0   0   0   0   0   0   0 100   0   0   0   0   0   0   0   0   0  0.61 0.06
  395 S     1  -1   0  -1  -1   0  -1  -1  -1  -3  -3  -1  -2  -3  -1   5   1  -3  -2  -2    0   0   0   0   0   0   0   0   0   0   0   0   0   0   0 100   0   0   0   0  0.64 0.08
  396 K    -1   2   0  -1  -3   3   1  -2  -1  -3  -3   5  -2  -4  -1  -1  -1  -3  -2  -3    0   0   0   0   0  18   0   0   0   0   0  82   0   0   0   0   0   0   0   0  0.63 0.07
  397 A     4  -2  -2  -2  -1  -1  -1  -1  -2  -2  -2  -1  -1  -3   3   1   2  -3  -2  -1   66   0   0   0   0   0   0   0   0   0   0   0   0   0  16   0  18   0   0   0  0.45 0.05
  398 A     5  -2  -2  -2  -1  -1  -1   0  -2  -2  -2  -1  -1  -3  -1   1   0  -3  -2  -1  100   0   0   0   0   0   0   0   0   0   0   0   0   0   0   0   0   0   0   0  0.58 0.07
  399 W    -3  -3  -4  -5  -3  -3  -4  -3  -3  -3  -2  -4  -2   0  -4  -3  -3  11   2  -4    0   0   0   0   0   0   0   0   0   0   0   0   0   0   0   0   0 100   0   0  2.85 0.14
  400 G     0  -3  -1  -2  -3  -2  -3   6  -2  -4  -4  -2  -3  -4  -3  -1  -2  -3  -4  -4    0   0   0   0   0   0   0 100   0   0   0   0   0   0   0   0   0   0   0   0  1.22 0.07
  401 A     2  -2  -1  -1   4  -1   1  -1  -2  -2  -2  -1  -1  -3  -1   1   3  -3  -2  -1   37   0   0   0  14   0  15   0   0   0   0   0   0   0   0   0  34   0   0   0  0.30 0.04
  402 L    -1  -3  -3  -4  -1  -3  -3  -4  -3   2   3  -3   1   2  -3  -2  -1  -2   0   2    0   0   0   0   0   0   0   0   0   0  52   0   0  14   0   0   0   0   0  34  0.36 0.04
  403 E     0   0   2   1  -3   2   3  -1   0  -3  -3   0  -2  -3  -1   2   0  -3  -2  -2    0   0  14   0   0  14  38   0   0   0   0   0   0   0   0  34   0   0   0   0  0.44 0.04
  404 K    -1   4  -1  -1  -4   1   0  -2  -1  -3  -3   5  -2  -3  -2  -1  -1  -3  -2  -3    0  34   0   0   0   0   0   0   0   0   0  66   0   0   0   0   0   0   0   0  0.65 0.06
  405 N    -1   0   5   1  -3   0   0  -1   0  -3  -3   2  -2  -3  -2   1   0  -4  -2  -3    0   0  66   0   0   0   0   0   0   0   0  18   0   0   0  16   0   0   0   0  0.60 0.06
  406 G     0  -2   2  -1  -2  -1  -1   2  -2  -1  -2  -1  -1  -3   3   1   1  -3  -2   0    0   0  14   0   0   0   0  22   0   0   0   0   0   0  18  14  16   0   0  15  0.31 0.03
  407 T     0   2   2   0  -2   0   1  -1   0  -2  -2   0  -1  -2  -1   1   1  -2  -2  -1   10  16  15   1   0   1  16   1   0   1   2   1   0   1   1  16  15   0   1   1  0.20 0.02
  408 Q    -1   0  -1  -1   4   4   1   2   0  -2  -2   0  -1  -3  -1   0  -1  -2  -2  -2    1   1   1   1  14  53   1  17   0   1   2   1   0   1   1   1   1   0   1   1  0.36 0.04
  409 L    -1  -2  -3  -3  -1  -2  -2  -3  -2   1   4  -2   2   0  -2  -2  -1  -1  -1   0    1   1   1   1   0   1   1   1   0   1  83   1   0   1   1   1   1   0   1   1  0.37 0.04
  410 M    -1   3  -1  -2  -2   0  -1  -2  -1   0   1   0   5  -1  -2  -1  -1  -2  -1   0    1  31   1   1   0   1   1   1   0   1   2   1  53   1   1   1   1   0   1   1  0.29 0.05
  411 I    -1  -2  -3  -2  -1  -2  -2  -3  -3   5   1  -2   1   0  -2  -2  -1  -2  -1   2    1   1   1   1   0   1   1   1   0  83   2   1   0   1   1   1   1   0   1   1  0.35 0.05
  412 R     0   6  -1  -2  -3   0  -1  -2  -1  -3  -2   2  -2  -3  -2  -1  -1  -3  -2  -2   14  86   0   0   0   0   0   0   0   0   0   0   0   0   0   0   0   0   0   0  0.76 0.07
  413 S     0  -1   4   0  -2   0   0  -1  -1  -3  -3   0  -2  -3  -1   4   1  -3  -2  -2    0   0  32   0   0   0   0   0   0   0   0   0   0   0   0  68   0   0   0   0  0.53 0.06
  414 Y    -2  -2  -3  -4  -3  -2  -3  -4   1  -2  -2  -2  -2   2  -4  -2  -2   6   7  -2    0   0   0   0   0   0   0   0   0   0   0   0   0   0   0   0   0  15  85   0  1.20 0.10
  415 E    -1  -1  -1   1  -4   2   6  -3  -1  -4  -3   0  -2  -4  -2  -1  -1  -3  -3  -3    0   0   0   0   0   0 100   0   0   0   0   0   0   0   0   0   0   0   0   0  0.94 0.09
  416 L     3  -2  -2  -3  -1  -1  -2  -1  -2   0   2  -2   3  -1  -2   0  -1  -2  -2   0   48   0   0   0   0   0   0   0   0   0  37   0  15   0   0   0   0   0   0   0  0.25 0.04
  417 G     0  -3  -1  -2  -3  -2  -3   6  -2  -4  -4  -2  -3  -4  -3  -1  -2  -3  -4  -4    0   0   0   0   0   0   0 100   0   0   0   0   0   0   0   0   0   0   0   0  1.22 0.07
  418 V    -1  -3  -3  -4  -1  -3  -3  -4  -4   2   0  -3   0  -1  -3  -2   0  -3  -2   5    0   0   0   0   0   0   0   0   0   0   0   0   0   0   0   0   0   0   0 100  0.54 0.08
  419 L    -2  -3  -4  -4  -2  -3  -3  -4  -3   1   5  -3   2   0  -3  -3  -2  -2  -1   1    0   0   0   0   0   0   0   0   0   0 100   0   0   0   0   0   0   0   0   0  0.61 0.06
  420 F    -2  -3  -3  -4  -2  -3  -3  -4  -1   1   1  -3   0   5  -4  -3  -2   0   4   0    0   0   0   0   0   0   0   0   0  15  16   0   0  51   0   0   0   0  18   0  0.54 0.05
  421 L    -1  -1  -2  -2  -2  -1  -2  -3   4   0   3  -2   1   1  -2  -2  -1  -1   3   0    1   1   1   1   0   1   1   1  19   1  52   1   0   1   1   1   1   0  16   1  0.24 0.03
  422 P     0  -2  -1  -1  -2  -1  -1  -2  -2  -2  -2  -1  -2  -3   7   1  -1  -3  -2  -2    1   1   1   1   0   1   1   1   0   1   1   1   0   1  67  19   1   0   0   1  1.24 0.05
  423 S     0   3   0  -1  -2   0   0  -1  -1  -2  -2   2  -1  -2  -1   2   0  -2  -2  -2    1  33   1   1   0   1   1   1   0   1   1  16   0   1   1  38   1   0   0   1  0.32 0.03
  424 A     1   2  -1  -2   4  -1  -1  -1  -2  -1  -1   0  -1  -2   3   0  -1  -2  -2   0   24  19   1   1  16   1   1   1   0   1   1   1   0   1  15   1   1   0   0  15  0.23 0.02
  425 L    -1  -2  -2  -2  -1  -2  -2  -3  -2   2   2  -2   1   2  -2  -1   1  -1   0   1    1   1   1   1   0   1   1   1   0  31  27   1   0  16   1   1  15   0   0   1  0.17 0.02
  426 G     1  -1  -1  -1  -2  -1  -1   3  -1  -1  -1   1   2  -2  -1   0  -1  -2  -2  -1   19   1   1   1   0   1   1  38   0   1   1  15  16   1   1   1   1   0   0   1  0.25 0.02
  427 L     0  -1  -1  -1  -1   0   1  -1  -1   0   1  -1   0  -1  -1   0   2  -1  -1   0    3   2   2   2   1   1  16   2   1   2  25   2   1   1   2   2  32   0   1   2  0.11 0.01
  428 D    -1  -1   3   4  -3   2   1  -1  -1  -3  -3   0  -2  -3   3   0  -1  -3  -2  -2    1   1  19  37   0  15   1   1   0   1   1   1   0   1  16   1   1   0   0   1  0.47 0.03
  429 S     0  -1   0  -1  -1  -1  -1   1  -2  -1  -2  -1  -1  -2  -1   2   4  -2  -2  -1    1   1   1   1   0   1   1  16   0   1   1   1   0   1   1  15  57   0   0   1  0.33 0.04
  430 F    -2   2  -2  -2  -2  -1  -2  -2   0  -1   0  -1   2   4  -2  -1  -1   0   3  -1    1  19   1   1   0   1   1   1   0   1   1   1  15  37   1   1   1   0  16   1  0.29 0.03
  431 K    -1   1  -1  -1  -3   1   0  -2  -1  -2  -2   4  -2  -3   3   0  -1  -3  -2  -2    1   1   1   1   0   1   1   1   0   1   1  72   0   1  15   1   1   0   0   1  0.49 0.05
  432 V     1  -2  -2  -2  -1  -1  -2  -2  -2   1   1  -1   0  -1  -1   0   1  -2  -1   2   16   1   1   1   0   1   1   1   0   1  15   1   0   1   1   1  16   0   0  42  0.14 0.02
  433 K     0   1   0  -1  -2   1   0  -1  -1  -2  -2   4  -1  -2  -1   0   2  -2  -1  -1    2   2   1   2   1   1   2   2   1   2   3  54   1   1   2   2  20   0   1   2  0.25 0.03
  434 Q    -1   2  -1  -1   4   4   0  -1   0  -2  -1   1  -1  -2  -1   0  -1  -2  -1  -1    2  17   1   2  19  38   2   2   1   2   3   2   1   1   2   2   2   0   1   2  0.29 0.03
  435 K    -1   4   0   0  -2   1   2  -1   0  -2  -2   3  -1  -2  -1   0  -1  -2  -1  -2    2  35   1   2   1   1  16   2   1   2   3  24   1   1   2   2   2   0   1   2  0.31 0.02
  436 F    -1  -1  -1  -1  -1   0   1  -1  -1  -1  -1  -1  -1   3  -1   0   2  -1   0  -1    2   2   1   2   1   1  17   2   1   2   3   2   1  23   2   2  34   0   1   2  0.15 0.02
  437 F    -2  -2  -2  -2  -2  -2  -2  -2  -1  -1   0  -2   0   5  -2  -2  -1   6   2  -1    2   2   1   2   1   1   2   2   1   2   3   2   1  57   2   2   2  15   1   2  0.51 0.04
  438 A     1  -1  -1  -1  -1   1   0   1   0  -2  -2   0  -1  -1  -1   1   2  -1   2  -1   15   1   1   1   0  15   1  15   0   1   1   1   0   1   1   9  19   0  16   1  0.16 0.02
  439 G     0   2   2  -1  -2  -1  -1   4  -1  -3  -3   0  -2  -3  -2   1  -1  -2  -2  -2    1  19  15   1   0   1   1  45   0   1   1   1   0   1   1   9   1   0   0   1  0.40 0.03
  440 S    -1   0   2   4  -2   0   1  -1  -1  -2  -3   1  -2  -3  -1   2   0  -3  -2  -2    1   1  15  34   0   1   1   1   0   1   1  16   0   1   1  23   1   0   0   1  0.34 0.03
  441 Q    -1   5   0  -1  -3   2   0  -2  -1  -3  -2   1  -1  -3  -2   0   1  -3  -2  -2    0  62   0   0   0  14   0   0   0   0   0   0   0   0   0   8  15   0   0   0  0.54 0.05
  442 E    -1   2   0   4  -3   0   3  -2  -1  -3  -3   0  -2  -3  -1   0  -1  -3  -2  -2    1  19   1  45   0   1  23   1   0   1   1   1   0   1   1   1   1   0   0   1  0.48 0.03
  443 P     0  -2  -1  -1  -2  -1   1   3  -2  -3  -3  -1  -2  -3   5  -1  -1  -3  -2  -2    1   1   1   1   0   1  15  34   0   1   1   1   0   1  38   1   1   0   0   1  0.71 0.03
  444 M    -1  -2  -2  -3   5  -2  -2  -2  -2   2   1  -2   3  -1  -2  -1  -1  -2  -1   2    1   1   1   1  19   1   1   1   0  15   1   1  23   1   1   1   1   0   0  31  0.24 0.03
  445 A     2  -2  -2  -2  -1  -1  -2  -1  -2   2  -1  -1  -1  -2   3   1   0  -3  -2   1   41   0   0   0   0   0   0   0   0  30   0   0   0   0  14  15   0   0   0   0  0.26 0.04
  446 T     1   1   0  -1  -2  -1  -1   3  -2  -3  -3   0  -2  -3  -2   2   1  -3  -2  -2   14  15   0   0   0   0   0  34   0   0   0   0   0   0   0  23  14   0   0   0  0.34 0.03
  447 F    -2  -2   2  -2  -2  -2  -3  -3  -1   0   1  -2   0   5  -3  -2  -1  -1   1   1    0   0  18   0   0   0   0   0   0   0  14   0   0  52   0   0   0   0   0  16  0.35 0.05
  448 P    -1   2   2  -1  -3  -1  -1  -2  -2  -3  -3   0  -3  -4   7  -1  -1  -4  -3  -3    0  16  15   0   0   0   0   0   0   0   0   0   0   0  69   0   0   0   0   0  1.35 0.07
  449 V    -1  -3  -3  -4  -1  -2  -3  -4  -3   3   2  -2   3  -1  -3  -2  -1  -3  -1   3    0   0   0   0   0   0   0   0   0  15  14   0  16   0   0   0   0   0   0  55  0.36 0.04
  450 P    -1  -3  -3  -2   4  -2  -2  -3  -3  -3  -3  -2  -3  -4   7  -1  -1  -4  -3  -3    0   0   0   0  16   0   0   0   0   0   0   0   0   0  84   0   0   0   0   0  1.81 0.09
  451 Y    -2  -3  -3  -4  -3  -2  -3  -3   0  -1  -1  -3  -1   5  -4  -2  -2   6   6  -2    0   0   0   0   0   0   0   0   0   0   0   0   0  34   0   0   0  16  51   0  0.96 0.07
  452 D    -2  -1   1   5  -3   2   1  -2  -1  -3  -3  -1  -2  -4  -2   0   1  -4  -3  -3    0   0   0  67   0  14   0   0   0   0   0   0   0   0   0   0  18   0   0   0  0.68 0.06
  453 L    -2  -2  -3  -4  -2  -2  -3  -4  -2   1   3  -3   1   3  -3  -2  -1   0   3   1    0   0   0   0   0   0   0   0   0   0  55   0   0  16   0   0   0   0  15  14  0.37 0.04
  454 P    -1  -3  -3  -2  -3  -2  -2  -3  -3  -3  -3  -1  -3  -4   8  -1  -2  -4  -3  -3    0   0   0   0   0   0   0   0   0   0   0   0   0   0 100   0   0   0   0   0  2.23 0.10
  455 P    -1  -2  -3  -2  -2  -2  -2  -3  -3  -1   2  -2   0  -2   7  -2  -1  -3  -2  -1    0   0   0   0   0   0   0   0   0   0  36   0   0   0  64   0   0   0   0   0  1.15 0.04
  456 E    -1   0  -1  -1  -2   0   2  -2  -2   0  -1   1  -1  -2  -2   0   1  -3  -2   2    0   0   0   0   0   0  28   0   0   0   0  17   0   0   0   0  17   0   0  38  0.17 0.02
  457 L    -1  -2  -2  -1  -3  -1   1  -3  -2  -1   1  -1  -1  -2   6  -1  -1  -3  -2  -1    0   0   0   0   0   0  20   0   0   0  28   0   0   0  53   0   0   0   0   0  0.87 0.04
  458 Y    -2  -2  -3  -4  -3  -2  -2  -4   1  -2  -1  -2  -1   3  -3  -2  -2   2   8  -2    0   0   0   0   0   0   0   0   0   0   0   0   0   0   0   0   0   0 100   0  1.12 0.07
  459 G     2  -1   0   0  -2   0   2   3  -1  -3  -3   0  -2  -3  -1   2   0  -3  -2  -2   17   0   0   0   0   0  20  28   0   0   0   0   0   0   0  36   0   0   0   0  0.36 0.02
  460 S     1  -2   0   2  -2  -1   0  -1  -2  -3  -3  -1  -2  -3   5   2   0  -4  -3  -2   18   0   0  20   0   0   0   0   0   0   0   0   0   0  34  28   0   0   0   0  0.63 0.03
  461 K    -1   1   0   2  -3   1   2  -2  -1  -3  -3   3  -2  -3  -1   0   1  -3  -2  -2    0   0   0  17   0   0  17   0   0   0   0  47   0   0   0   0  18   0   0   0  0.37 0.03
  462 D    -2  -2   1   6  -4  -1   1  -2  -1  -4  -4  -1  -3  -4  -2  -1  -1  -5  -3  -4    0   0   0 100   0   0   0   0   0   0   0   0   0   0   0   0   0   0   0   0  1.09 0.06
  463 R    -1   3  -1   0  -3   1   3  -2  -1  -1  -2   2  -1  -3  -2  -1  -1  -3  -2   0    0  28   0   0   0   0  38   0   0   0   0  17   0   0   0   0   0   0   0  17  0.34 0.03
  464 P    -1  -3  -3  -2  -3  -2  -2  -3  -3   1  -2  -2  -2  -3   7  -1  -1  -4  -3  -1    0   0   0   0   0   0   0   0   0  20   0   0   0   0  80   0   0   0   0   0  1.54 0.05
  465 W    -3  -3  -4  -4  -3  -3  -3  -3  -2  -2  -1  -3  -1   4  -4  -3  -3  10   2  -2    0   0   0   0   0   0   0   0   0   0   0   0   0  36   0   0   0  64   0   0  1.70 0.07
  466 I     0  -2  -1  -2  -1  -1  -2  -2  -2   2   1  -1   1  -1  -2   1   0  -2  -1   2    2   1   1   1   0   1   1   1   0  29  19   1   0   1   1  19   1   0   1  20  0.11 0.01
  467 W    -1  -2  -2  -2  -2  -1  -2  -2  -2  -1   0  -2   2   0  -2  -1   1   9   1  -1    2   1   1   1   0   1   1   1   0   1   2   1  18   1   1   1  20  45   1   1  0.83 0.04
  468 N    -1  -1   3   5  -3   0   1  -1   0  -3  -3  -1  -2  -3  -1   0  -1  -3  -2  -2    2   1  28  54   0   1   1   1   0   1   2   1   0   1   1   1   1   0   1   1  0.54 0.03
  469 I    -1   2  -1  -2  -2   0  -1  -2  -1   2  -1   2   0  -2  -2   1   0  -3  -2   0    0  21   0   0   0   0   0   0   0  33   0  23   0   0   0  23   0   0   0   0  0.14 0.01
  470 P    -1  -1  -1  -1  -3  -1  -1   2  -2  -3  -3   2  -2  -4   6  -1  -1  -3  -3  -3    0   0   0   0   0   0   0  21   0   0   0  23   0   0  57   0   0   0   0   0  1.04 0.03
  471 Y    -1  -2  -2  -3  -2  -1  -2  -3   4   0  -1  -2  -1   2  -3  -2  -1   1   6   1    0   0   0   0   0   0   0   0  23   0   0   0   0   0   0   0   0   0  54  23  0.50 0.03
  472 V     0  -2  -1  -1  -1   0   2  -2  -2   2   0  -1   0  -1  -2   1   0  -3  -2   2    0   0   0   0   0   0  23   0   0  23   0   0   0   0   0  21   0   0   0  33  0.14 0.01
  473 K    -1   2   3   0  -3   1   0  -1  -1  -3  -3   4  -2  -3  -1   0  -1  -3  -2  -3    0   0  23   0   0   0   0   0   0   0   0  77   0   0   0   0   0   0   0   0  0.49 0.03
  474 A     2   3  -1  -1  -1   0   0  -1  -1  -2  -2   2  -1  -2  -1   0   0  -2  -1  -1   35  24   1   1   0   1   1   2   0   1   2  22   1   1   1   2   1   0   1   1  0.21 0.01
  475 P    -1  -1  -1  -1  -2  -1  -1  -2  -2  -2  -2  -1  -2  -2   6   0   2  -2  -2  -1    2   1   1   1   0   1   1   2   0   1   2   1   0   1  57   1  24   0   1   1  0.95 0.02
  476 D    -2  -2   1   6  -4  -1   1  -2  -1  -3  -4  -1  -3  -4  -2   0  -1  -5  -3  -3    0   0   0 100   0   0   0   0   0   0   0   0   0   0   0   0   0   0   0   0  1.04 0.04
  477 T    -1   0  -1  -2  -1  -1  -1  -2  -2   2   0   1   0  -2  -2   0   2  -3  -2   2    0   0   0   0   0   0   0   0   0  23   0  23   0   0   0   0  33   0   0  21  0.16 0.01
  478 H    -2  -1   0   2  -3  -1   0  -3   5  -1   1  -1  -1   0  -2  -1  -2  -1   3  -2    0   0   0  23   0   0   0   0  33   0  23   0   0   0   0   0   0   0  21   0  0.32 0.02
  479 G     0  -3  -1  -2  -3  -2  -2   6  -2  -4  -4  -2  -3  -3  -2   0  -2  -3  -3  -3    0   0   0   0   0   0   0 100   0   0   0   0   0   0   0   0   0   0   0   0  1.12 0.03
  480 N    -1  -1   3  -1   5   2   0  -2   0  -2  -2  -1  -1   0  -2   0  -1  -1   3  -2    0   0  33   0  23  21   0   0   0   0   0   0   0   0   0   0   0   0  23   0  0.35 0.02
  481 M    -1  -2  -3  -3  -1  -2  -3  -3  -3   3   1  -2   4  -1  -3  -2  -1  -2  -1   3    0   0   0   0   0   0   0   0   0  23   0   0  33   0   0   0   0   0   0  44  0.32 0.02
  482 W    -3  -3  -4  -5  -3  -2  -3  -3  -3  -3  -2  -3  -2   1  -4  -3  -3  11   2  -3    0   0   0   0   0   0   0   0   0   0   0   0   0   0   0   0   0 100   0   0  2.58 0.07
  483 V     0  -2  -2  -2  -1  -2  -2  -2  -3   1  -1  -1   0  -2   4   0   2  -3  -2   2    0   0   0   0   0   0   0   0   0   0   0   0   0   0  29   0  28   0   0  43  0.44 0.01
  484 P    -1  -2  -2  -2  -3  -1  -1  -2  -2  -3  -3  -1  -3  -4   8  -1  -1  -4  -3  -3    0   0   0   0   0   0   0   0   0   0   0   0   0   0 100   0   0   0   0   0  2.09 0.03
  485 S     0  -1   4   0  -2   0   0   0   0  -3  -3   0  -2  -3  -1   3   1  -3  -2  -2    0   0  40   0   0   0   0   0   0   0   0   0   0   0   0  60   0   0   0   0  0.43 0.00

                      K         Lambda
Standard Ungapped    0.1338     0.3173
Standard Gapped      0.0410     0.2670
PSI Ungapped         0.1338     0.3173
PSI Gapped           0.0410     0.2670
