
Last position-specific scoring matrix computed, weighted observed percentages rounded down, information per position, and relative weight of gapless real matches to pseudocounts
            A   R   N   D   C   Q   E   G   H   I   L   K   M   F   P   S   T   W   Y   V   A   R   N   D   C   Q   E   G   H   I   L   K   M   F   P   S   T   W   Y   V
    1 M    -1  -2  -3  -4  -2  -1  -2  -3  -2   1   3  -2   6   0  -3  -2  -1  -2  -1   1    0   0   0   0   0   0   0   0   0   0  32   0  68   0   0   0   0   0   0   0  0.40 0.02
    2 K    -1  -1  -1  -2  -2  -1  -1  -3   4   2   0   1   0  -1  -2  -1   1  -3   0   1    0   0   0   0   0   0   0   0  27  44   0  14   0   0   0   0  15   0   0   0  0.15 0.01
    3 D    -1  -2   1   5  -3  -1   1  -2  -1  -2  -3  -1  -2  -3  -2   0   2  -4  -3  -2    0   0   0  73   0   0   0   0   0   0   0   0   0   0   0   0  27   0   0   0  0.66 0.02
    4 D    -2  -2   1   6  -4   0   1  -2  -1  -3  -4  -1  -3  -4  -2   0  -1  -5  -3  -3    0   0   0 100   0   0   0   0   0   0   0   0   0   0   0   0   0   0   0   0  1.00 0.02
    5 Q    -1   0  -1   0  -3   3   4  -2   0  -2  -2   0  -1   3  -2  -1  -1  -1   0  -2    0   0   0   0   0  29  44   0   0   0   0   0   0  27   0   0   0   0   0   0  0.38 0.01
    6 R    -1   3  -1   0   4   1   2  -2  -1  -3  -2   3  -2  -3  -2  -1  -1  -3  -2  -2    0  29   0   0  17   0  27   0   0   0   0  27   0   0   0   0   0   0   0   0  0.39 0.01
    7 W    -3  -3  -4  -4  -3  -2  -3  -3  -1  -2  -2  -3  -2   2  -4  -3  -2  10   5  -3    0   0   0   0   0   0   0   0   0   0   0   0   0   0   0   0   0  73  27   0  1.82 0.03
    8 Q    -1   3  -1  -1  -3   4   1  -2   0  -2   0   1   0  -2  -2  -1  -1  -2  -2  -2    0  27   0   0   0  56   0   0   0   0  17   0   0   0   0   0   0   0   0   0  0.40 0.02
    9 S     3   2  -1  -1  -1   0  -1   0  -1  -2  -2   0  -1  -3  -1   2   0  -3  -2  -1   54  17   0   0   0   0   0   0   0   0   0   0   0   0   0  29   0   0   0   0  0.30 0.01
   10 V    -1  -3  -3  -3  -1  -3  -3  -4  -3   4   1  -3   1  -1  -3  -2   0  -3  -1   3    0   0   0   0   0   0   0   0   0  54   0   0   0   0   0   0   0   0   0  46  0.38 0.01
   11 L    -1  -1  -2  -2  -2   4   0  -3  -1   2   2   0   1  -1  -2  -1  -1  -2  -1   1    0   0   0   0   0  44   0   0   0  27  29   0   0   0   0   0   0   0   0   0  0.22 0.01
   12 A     3  -1   3   0  -1   0  -1   0  -1  -2  -2  -1  -2  -3  -1   2   0  -3  -2  -1   46   0  27   0   0   0   0   0   0   0   0   0   0   0   0  27   0   0   0   0  0.32 0.01
   13 R    -1   4   3   0  -3   1   0  -2   0  -3  -3   3  -2  -3  -2   0  -1  -3  -2  -3    0  46  27   0   0   0   0   0   0   0   0  27   0   0   0   0   0   0   0   0  0.49 0.01
   14 D    -2  -2   1   6  -4   0   1  -2  -1  -3  -4  -1  -3  -4  -2   0  -1  -5  -3  -3    0   0   0 100   0   0   0   0   0   0   0   0   0   0   0   0   0   0   0   0  1.00 0.02
   15 P     4  -2  -2  -2  -1  -1  -1   0  -2  -2  -2  -1  -1  -3   4   1   0  -3  -2  -1   71   0   0   0   0   0   0   0   0   0   0   0   0   0  29   0   0   0   0   0  0.59 0.02
   16 N     2   3   3   0  -2   0   0  -1   0  -3  -2   1  -2  -3  -2   1   0  -3  -2  -2   27  27  29   0   0   0   0   0   0   0   0   0   0   0   0  17   0   0   0   0  0.29 0.01
   17 A     2  -2  -2  -3  -1  -2  -2  -1   0  -1  -1  -2  -1   4  -2   0  -1   0   4  -1   46   0   0   0   0   0   0   0   0   0   0   0   0  27   0   0   0   0  27   0  0.31 0.01
   18 D    -2  -1   4   6  -4   0   1  -1  -1  -3  -4  -1  -3  -4  -2   0  -1  -4  -3  -3    0   0  27  73   0   0   0   0   0   0   0   0   0   0   0   0   0   0   0   0  0.79 0.02
   19 G     0  -2   3   0  -3  -1  -2   5  -1  -4  -4  -1  -3  -3  -2   0  -1  -3  -3  -3    0   0  27   0   0   0   0  73   0   0   0   0   0   0   0   0   0   0   0   0  0.78 0.02
   20 E    -1   2  -1   0  -3   3   3  -2  -1  -3  -2   1  -1  -2  -2  -1  -1   7   0  -3    0  17   0   0   0  27  29   0   0   0   0   0   0   0   0   0   0  27   0   0  0.65 0.01
   21 F    -2  -3  -3  -4  -3  -4  -4  -3  -1   0   0  -3   0   7  -4  -3  -2   1   3  -1    0   0   0   0   0   0   0   0   0   0   0   0   0 100   0   0   0   0   0   0  0.83 0.03
   22 V    -1  -3  -3  -4  -1  -3  -3  -3  -3   2   1  -3   0   3  -3  -2  -1  -1   1   3    0   0   0   0   0   0   0   0   0   0   0   0   0  27   0   0   0   0   0  73  0.32 0.02
   23 F    -2  -3  -3  -4  -2  -3  -3  -3   0   1   0  -3   0   5  -3  -2  -1   1   4   1    0   0   0   0   0   0   0   0   0   0   0   0   0  46   0   0   0   0  27  27  0.46 0.01
   24 A     4  -2  -2  -2  -1  -1  -1   0  -2  -2  -2  -1  -1  -2  -1   1   0  -3  -2   0  100   0   0   0   0   0   0   0   0   0   0   0   0   0   0   0   0   0   0   0  0.45 0.02
   25 V     0  -3  -3  -3  -1  -2  -3  -3  -3   3   1  -3   1  -1  -3  -2   0  -3  -1   4    0   0   0   0   0   0   0   0   0   0   0   0   0   0   0   0   0   0   0 100  0.40 0.02
   26 R    -1   4  -1  -2  -3   0   0  -3  -1  -1   1   3   0  -2  -2  -1  -1  -3  -2  -1    0  46   0   0   0   0   0   0   0   0  27  27   0   0   0   0   0   0   0   0  0.33 0.01
   27 T     0  -1   0  -1  -1  -1  -1  -1  -2  -1  -2  -1  -1  -2  -1   3   4  -3  -2  -1    0   0   0   0   0   0   0   0   0   0   0   0   0   0   0  27  73   0   0   0  0.44 0.02
   28 T     0  -1   0  -1  -1  -1  -1  -2  -2  -1  -1  -1  -1  -2  -1   1   5  -3  -2   0    0   0   0   0   0   0   0   0   0   0   0   0   0   0   0   0 100   0   0   0  0.54 0.02
   29 G     0  -3  -1  -2  -3  -2  -2   6  -2  -4  -4  -2  -3  -3  -2   0  -2  -3  -3  -3    0   0   0   0   0   0   0 100   0   0   0   0   0   0   0   0   0   0   0   0  1.09 0.02
   30 I    -1  -3  -3  -3  -1  -3  -3  -4  -3   4   1  -3   1  -1  -3  -2  -1  -3  -1   3    0   0   0   0   0   0   0   0   0  56   0   0   0   0   0   0   0   0   0  44  0.38 0.01
   31 F    -2  -3  -3  -4  -3  -3  -3  -3   0  -1   0  -3   0   6  -4  -2  -2   1   5  -1    0   0   0   0   0   0   0   0   0   0   0   0   0  73   0   0   0   0  27   0  0.74 0.02
   32 C    -1  -4  -3  -4   9  -3  -4  -3  -3  -1  -2  -3  -2  -3  -3  -1  -1  -3  -3  -1    0   0   0   0 100   0   0   0   0   0   0   0   0   0   0   0   0   0   0   0  1.37 0.03
   33 R    -1   5   0  -2  -4   1   0  -2   0  -3  -2   3  -2  -3  -2  -1  -1  -3  -2  -3    0  73   0   0   0   0   0   0   0   0   0  27   0   0   0   0   0   0   0   0  0.67 0.02
   34 P    -1  -2  -2  -2  -3  -2  -1  -2  -2  -3  -3  -1  -3  -4   8  -1  -1  -4  -3  -3    0   0   0   0   0   0   0   0   0   0   0   0   0   0 100   0   0   0   0   0  2.10 0.03
   35 S     1  -1   1   0  -1   0   0   0  -1  -3  -3   0  -2  -3  -1   4   1  -3  -2  -2    0   0   0   0   0   0   0   0   0   0   0   0   0   0   0 100   0   0   0   0  0.50 0.02
   36 C    -1  -4  -3  -4   9  -3  -4  -3  -3  -1  -2  -3  -2  -3  -3  -1  -1  -3  -3  -1    0   0   0   0 100   0   0   0   0   0   0   0   0   0   0   0   0   0   0   0  1.37 0.03
   37 R    -1   4  -1  -1  -3   1   0  -2  -1  -3  -3   3  -2  -3   4  -1  -1  -3  -2  -3    0  46   0   0   0   0   0   0   0   0   0  27   0   0  27   0   0   0   0   0  0.66 0.01
   38 A     2  -1  -1  -1  -1  -1  -1  -1  -2   0  -1  -1  -1  -2  -1   3   1  -3  -2   1   29   0   0   0   0   0   0   0   0   0   0   0   0   0   0  44   0   0   0  27  0.22 0.01
   39 R    -1   6  -1  -2  -4   1   0  -2   0  -3  -2   3  -2  -3  -2  -1  -1  -3  -2  -3    0  83   0   0   0   0   0   0   0   0   0  17   0   0   0   0   0   0   0   0  0.72 0.02
   40 H    -1   2  -1  -2  -2   0  -1  -3   5   0  -1   0  -1  -2   4  -1  -1  -3   0   1    0  17   0   0   0   0   0   0  29   0   0   0   0   0  27   0   0   0   0  27  0.42 0.01
   41 A     3  -2  -2  -2  -2  -1  -1  -1  -2  -2  -2  -1  -2  -3   6   0  -1  -3  -3  -1   46   0   0   0   0   0   0   0   0   0   0   0   0   0  54   0   0   0   0   0  0.98 0.02
   42 L    -2   0  -2  -3  -2  -1  -2  -3  -2   0   2   1   1   3  -3  -2  -1  -1   1   0    0   0   0   0   0   0   0   0   0   0  46  27   0  27   0   0   0   0   0   0  0.21 0.01
   43 R     1   4  -1  -2  -2   1   0  -1  -1  -3  -2   3  -1  -3  -2   0  -1  -3  -2  -2   27  46   0   0   0   0   0   0   0   0   0  27   0   0   0   0   0   0   0   0  0.40 0.01
   44 E    -1   3   0   1  -4   2   4  -2   0  -3  -3   2  -2  -3  -1   0  -1  -3  -2  -3    0  27   0   0   0   0  56   0   0   0   0  17   0   0   0   0   0   0   0   0  0.54 0.01
   45 N    -2  -1   6   1  -3   0   0  -1   0  -4  -4   0  -2  -3  -2   1   0  -4  -2  -3    0   0 100   0   0   0   0   0   0   0   0   0   0   0   0   0   0   0   0   0  0.81 0.03
   46 V     0  -3  -3  -3  -1  -2  -3  -3  -3   3   1  -3   1  -1  -3  -2   0  -3  -1   4    0   0   0   0   0   0   0   0   0   0   0   0   0   0   0   0   0   0   0 100  0.40 0.02
   47 S     0   4  -1  -2   5   0  -1  -2  -1  -2  -2   1  -2  -3  -2   2   0  -3  -2  -2    0  44   0   0  27   0   0   0   0   0   0   0   0   0   0  29   0   0   0   0  0.41 0.01
   48 F    -2  -3  -3  -4  -2  -3  -3  -4  -2   2   1  -3   0   6  -4  -3  -2   0   2   0    0   0   0   0   0   0   0   0   0  27   0   0   0  73   0   0   0   0   0   0  0.56 0.02
   49 Y    -2  -2  -3  -4  -2  -2  -3  -3   0   0   2  -3   0   5  -3  -2  -2   1   5   0    0   0   0   0   0   0   0   0   0   0  27   0   0  44   0   0   0   0  29   0  0.51 0.01
   50 A     3  -2  -2  -2  -2  -1  -1  -1  -2  -2  -2  -1  -2  -3   6   0  -1  -3  -3  -1   46   0   0   0   0   0   0   0   0   0   0   0   0   0  54   0   0   0   0   0  0.98 0.02
   51 N    -1  -1   5   1  -2   0  -1  -1   0  -3  -3   0  -2  -3  -2   1   2  -4  -2  -2    0   0  73   0   0   0   0   0   0   0   0   0   0   0   0   0  27   0   0   0  0.56 0.02
   52 A     4  -1  -1  -2  -1  -1  -1   0  -2  -1  -2  -1  -1  -2  -1   1   2  -3  -2   0   73   0   0   0   0   0   0   0   0   0   0   0   0   0   0   0  27   0   0   0  0.35 0.01
   53 S     2   0   0   0  -2   2   3  -1  -1  -2  -2   0  -1  -3  -1   2   0  -3  -2  -2   27   0   0   0   0  17  27   0   0   0   0   0   0   0   0  29   0   0   0   0  0.32 0.01
   54 E     2   0  -1   0  -2   4   3  -1   0  -3  -2   1  -1  -3  -1   0  -1  -3  -2  -2   27   0   0   0   0  44  29   0   0   0   0   0   0   0   0   0   0   0   0   0  0.41 0.01
   55 A     4  -2  -2  -2  -1  -1  -1   0  -2  -2  -2  -1  -1  -2  -1   1   0  -3  -2   0  100   0   0   0   0   0   0   0   0   0   0   0   0   0   0   0   0   0   0   0  0.45 0.02
   56 L    -1  -1  -2  -3  -2   2  -1  -3  -2   1   3  -1   2   0  -3  -2  -1  -2  -1   0    0   0   0   0   0  27   0   0   0   0  73   0   0   0   0   0   0   0   0   0  0.29 0.01
   57 A     2   2   0   2  -2   0   0   3  -1  -3  -3   0  -2  -3  -2   0  -1  -3  -2  -2   29  27   0  17   0   0   0  27   0   0   0   0   0   0   0   0   0   0   0   0  0.30 0.01
   58 A     4  -1  -1  -1  -1   0   2   0  -1  -2  -2   0  -1  -3  -1   1   0  -3  -2  -1   73   0   0   0   0   0  27   0   0   0   0   0   0   0   0   0   0   0   0   0  0.35 0.01
   59 G     0  -2   3   0  -3  -1  -2   5  -1  -4  -4  -1  -3  -3  -2   0  -1  -3  -3  -3    0   0  27   0   0   0   0  73   0   0   0   0   0   0   0   0   0   0   0   0  0.78 0.02
   60 F    -2  -3  -3  -4  -3  -4  -4  -3  -1   0   0  -3   0   7  -4  -3  -2   1   3  -1    0   0   0   0   0   0   0   0   0   0   0   0   0 100   0   0   0   0   0   0  0.83 0.03
   61 R    -2   6  -1  -2  -4   1   0  -3   0  -3  -2   2  -2  -3  -2  -1  -1  -3  -2  -3    0 100   0   0   0   0   0   0   0   0   0   0   0   0   0   0   0   0   0   0  0.82 0.02
   62 P     2  -2  -2  -2  -2  -1  -1  -1  -2  -3  -3  -1  -2  -3   7   0  -1  -4  -3  -2   27   0   0   0   0   0   0   0   0   0   0   0   0   0  73   0   0   0   0   0  1.38 0.02
   63 C    -1  -4  -3  -4   9  -3  -4  -3  -3  -1  -2  -3  -2  -3  -3  -1  -1  -3  -3  -1    0   0   0   0 100   0   0   0   0   0   0   0   0   0   0   0   0   0   0   0  1.37 0.03
   64 K    -1   2   0  -1  -3   1   1  -2  -1  -3  -3   5  -2  -3  -1   0  -1  -3  -2  -3    0   0   0   0   0   0   0   0   0   0   0 100   0   0   0   0   0   0   0   0  0.58 0.02
   65 R    -2   6  -1  -2  -4   1   0  -3   0  -3  -2   2  -2  -3  -2  -1  -1  -3  -2  -3    0 100   0   0   0   0   0   0   0   0   0   0   0   0   0   0   0   0   0   0  0.82 0.02
   66 C    -1  -4  -3  -4   9  -3  -4  -3  -3  -1  -2  -3  -2  -3  -3  -1  -1  -3  -3  -1    0   0   0   0 100   0   0   0   0   0   0   0   0   0   0   0   0   0   0   0  1.37 0.03
   67 Q    -1   3   0  -1  -3   4   1  -2   0  -3  -2   3  -1  -3  -2   0  -1  -3  -2  -3    0  27   0   0   0  46   0   0   0   0   0  27   0   0   0   0   0   0   0   0  0.52 0.01
   68 P    -1  -2  -2  -2  -3  -2  -1  -2  -2  -3  -3  -1  -3  -4   8  -1  -1  -4  -3  -3    0   0   0   0   0   0   0   0   0   0   0   0   0   0 100   0   0   0   0   0  2.10 0.03
   69 D    -2  -1   3   5  -4   0   2  -1  -1  -3  -4   0  -3  -4  -2   0  -1  -4  -3  -3    0   0  27  59   0   0  15   0   0   0   0   0   0   0   0   0   0   0   0   0  0.69 0.01
   70 K     1   0   2   0  -2   1   2  -1  -1  -3  -3   2  -2  -3  -1   0   0  -3  -2  -2   27   0  17   0   0   0  27   0   0   0   0  29   0   0   0   0   0   0   0   0  0.29 0.01
   71 A     3   0  -1  -1  -1   0   0   0  -1  -2  -2   2  -1  -3  -1   2   0  -3  -2  -1   46   0   0   0   0   0   0   0   0   0   0  27   0   0   0  27   0   0   0   0  0.28 0.01
   72 N     0   2   3   0  -2   0  -1  -1   0  -1  -1   0   3  -2  -2   2   0  -3  -2  -1    0  17  29   0   0   0   0   0   0   0   0   0  27   0   0  27   0   0   0   0  0.21 0.01
   73 P     2  -2  -2  -2  -2  -1  -1  -1  -2  -2  -3  -1  -2  -3   7   0  -1  -4  -3  -2   32   0   0   0   0   0   0   0   0   0   0   0   0   0  68   0   0   0   0   0  1.28 0.02
   74 R    -1   2   0   3  -4   3   3  -2   0  -3  -3   1  -2  -3  -2   0  -1  -3  -2  -3    0  14   0  27   0  32  27   0   0   0   0   0   0   0   0   0   0   0   0   0  0.51 0.01
   75 Q    -1   0  -1  -1  -2   4   1  -2  -1  -3  -2   0  -1  -1  -2   2   0   7   0  -2    0   0   0   0   0  46   0   0   0   0   0   0   0   0   0  27   0  27   0   0  0.62 0.02
   76 H    -1   2   3   0  -3   1   2  -2   5  -3  -3   0  -2  -3  -2   0  -1  -3   0  -3    0  17  27   0   0   0  27   0  29   0   0   0   0   0   0   0   0   0   0   0  0.44 0.01
   77 R    -2   5  -1  -2  -3   0  -1  -3  -1  -3  -2   1  -2  -1  -3  -1  -2   7   0  -3    0  73   0   0   0   0   0   0   0   0   0   0   0   0   0   0   0  27   0   0  0.85 0.02
   78 L     0  -2  -2  -2  -1  -2  -2  -2  -2   1   3  -2   1  -1  -2   1   0  -2  -1   2    0   0   0   0   0   0   0   0   0   0  46   0   0   0   0  27   0   0   0  27  0.18 0.01
   79 D    -2  -2   1   6  -4   0   1  -2  -1  -3  -4  -1  -3  -4  -2   0  -1  -5  -3  -3    0   0   0 100   0   0   0   0   0   0   0   0   0   0   0   0   0   0   0   0  1.00 0.02
   80 K    -1   1  -2  -2  -2   0  -1  -3  -2   1   1   3   0  -1  -2  -1  -1  -3  -2   1    0   0   0   0   0   0   0   0   0   0  27  46   0   0   0   0   0   0   0  27  0.15 0.01
   81 I    -1  -3  -3  -3  -1  -3  -3  -4  -3   4   1  -3   1   0  -3  -2  -1  -3  -1   3    0   0   0   0   0   0   0   0   0  73   0   0   0   0   0   0   0   0   0  27  0.40 0.01
   82 T     3  -1  -1  -2  -1  -1  -1  -1  -2  -1  -1  -1  -1  -2  -1   1   4  -3  -2   0   44   0   0   0   0   0   0   0   0   0   0   0   0   0   0   0  56   0   0   0  0.35 0.01
   83 H    -1   3   0  -1   4   1   2  -2   5  -3  -3   0  -2  -2  -2  -1  -1  -3   0  -2    0  27   0   0  17   0  27   0  29   0   0   0   0   0   0   0   0   0   0   0  0.39 0.01
   84 A     4  -2  -2  -2  -1  -1  -1  -1   0  -1  -2  -1  -1   0  -1   1   0  -1   4  -1   73   0   0   0   0   0   0   0   0   0   0   0   0   0   0   0   0   0  27   0  0.33 0.02
   85 C    -1  -3  -3  -4   7  -2  -3  -3  -3   2   1  -3   3  -1  -3  -2  -1  -2  -2   1    0   0   0   0  46   0   0   0   0  27   0   0  27   0   0   0   0   0   0   0  0.51 0.02
   86 R    -2   5   0   3  -4   1   0  -2  -1  -3  -3   2  -2  -3  -2  -1  -1  -3  -2  -3    0  73   0  27   0   0   0   0   0   0   0   0   0   0   0   0   0   0   0   0  0.61 0.02
   87 L    -1   0  -2  -3  -2  -1  -2  -3  -2   1   3   2   1   0  -2  -2  -1  -2  -1   0    0   0   0   0   0   0   0   0   0   0  73  27   0   0   0   0   0   0   0   0  0.26 0.01
   88 L    -2  -2   2  -1  -2  -2  -2  -3  -2   2   3  -2   1   0  -3  -1  -1  -3  -2   1    0   0  27   0   0   0   0   0   0  27  46   0   0   0   0   0   0   0   0   0  0.21 0.01
   89 E     1  -1  -1   0  -2   0   3  -2  -1  -2  -1   0  -1   3  -2   0  -1  -1   0  -1   27   0   0   0   0   0  46   0   0   0   0   0   0  27   0   0   0   0   0   0  0.26 0.01
   90 Q    -1   0   0   3  -3   4   1  -2   0  -2  -2   0  -1  -3  -1   0   2  -3  -2  -2    0   0   0  27   0  46   0   0   0   0   0   0   0   0   0   0  27   0   0   0  0.41 0.01
   91 E    -1  -1   0   1  -4   1   4   3  -1  -4  -3   0  -2  -3  -2   0  -1  -3  -2  -3    0   0   0   0   0   0  73  27   0   0   0   0   0   0   0   0   0   0   0   0  0.57 0.02
   92 T     0   0   0  -1  -1   0   0  -2  -2  -1  -2   2  -1  -3  -1   1   4  -3  -2  -1    0   0   0   0   0   0   0   0   0   0   0  27   0   0   0   0  73   0   0   0  0.38 0.02
   93 P     0  -2  -2  -1  -2  -1  -1  -2  -2   0  -1  -1  -1  -2   6  -1   0  -2  -2   1    2   1   1   1   1   1   2   2   1   1   2   2   1   1  47   2   2   0   1  29  0.66 0.01
   94 V    -1  -2  -1   3  -2  -2  -1  -3  -3   2   2  -2   1  -1  -2  -2  -1  -3  -2   2    0   0   0  27   0   0   0   0   0   0  27   0   0   0   0   0   0   0   0  46  0.20 0.01
   95 T     0  -2   0  -1  -1  -1  -1   3  -2  -1  -2  -1  -1  -3  -2   1   4  -3  -2  -1    0   0   0   0   0   0   0  27   0   0   0   0   0   0   0   0  73   0   0   0  0.42 0.02
   96 L    -1  -2  -4  -4  -1  -2  -3  -4  -3   2   4  -3   2   0  -3  -2  -1  -2  -1   2    0   0   0   0   0   0   0   0   0   0  73   0   0   0   0   0   0   0   0  27  0.38 0.01
   97 E     1  -1   0   1  -2   1   4  -1  -1  -3  -3   0  -2  -3  -1   2   0  -3  -2  -2   17   0   0   0   0   0  56   0   0   0   0   0   0   0   0  27   0   0   0   0  0.42 0.01
   98 A     2  -2  -1  -1  -1  -1  -1   3  -2  -2  -2  -1  -1   2  -2   2   0  -2   0  -1   29   0   0   0   0   0   0  27   0   0   0   0   0  17   0  27   0   0   0   0  0.26 0.01
   99 L    -2  -2  -4  -4  -1  -2  -3  -4  -3   2   4  -3   2   0  -3  -3  -1  -2  -1   1    0   0   0   0   0   0   0   0   0   0 100   0   0   0   0   0   0   0   0   0  0.50 0.02
  100 A     4  -2  -2  -2  -1  -1  -1   0  -2  -2  -2  -1  -1  -2  -1   1   0  -3  -2   0  100   0   0   0   0   0   0   0   0   0   0   0   0   0   0   0   0   0   0   0  0.45 0.02
  101 D     1  -1   0   5  -2   2   1  -1  -1  -3  -3   0  -2  -3  -1   0  -1  -3  -3  -2   27   0   0  56   0  17   0   0   0   0   0   0   0   0   0   0   0   0   0   0  0.47 0.01
  102 Q     1   0  -1  -1  -2   4   1  -2  -1   1  -1   0   0  -2  -2   0  -1  -2  -2   0   17   0   0   0   0  56   0   0   0  27   0   0   0   0   0   0   0   0   0   0  0.25 0.02
  103 V    -1  -3  -3  -4   5  -3  -3  -3  -3   2   2  -3   1  -1  -3  -2  -1  -3  -2   3    0   0   0   0  27   0   0   0   0   0  27   0   0   0   0   0   0   0   0  46  0.36 0.01
  104 A     3  -1  -1  -2  -2  -1  -1   3   4  -2  -2  -1  -2  -2  -2   0  -1  -3  -1  -2   46   0   0   0   0   0   0  27  27   0   0   0   0   0   0   0   0   0   0   0  0.36 0.01
  105 M    -1  -2  -2  -3  -2  -1  -2   2   0   0   0  -2   4   1  -3  -1  -1   0   4  -1    0   0   0   0   0   0   0  27   0   0   0   0  46   0   0   0   0   0  27   0  0.27 0.02
  106 S     1  -1   0  -1  -1   0   0  -1  -1  -2  -2   0  -1  -3  -1   4   3  -3  -2  -1    0   0   0   0   0   0   0   0   0   0   0   0   0   0   0  73  27   0   0   0  0.43 0.02
  107 P    -1  -3  -3  -2  -3  -2  -2  -3  -3   1  -1  -2  -1  -2   7  -1  -1  -4  -3   0    0   0   0   0   0   0   0   0   0  27   0   0   0   0  73   0   0   0   0   0  1.30 0.02
  108 F    -2   2  -2  -3  -3  -1  -2  -3   0  -1  -1  -1  -1   5  -3  -2  -2   1   4  -1    0  27   0   0   0   0   0   0   0   0   0   0   0  46   0   0   0   0  27   0  0.47 0.01
  109 H    -2   0   0  -1  -3   3   0  -2   7  -3  -3   0  -1  -2  -2  -1  -2  -3   1  -3    0   0   0   0   0  27   0   0  73   0   0   0   0   0   0   0   0   0   0   0  0.74 0.03
  110 L    -1  -2  -3  -4  -1  -2  -3  -4  -3   1   4  -2   4   0  -3  -2  -1  -2  -1   1    0   0   0   0   0   0   0   0   0   0  73   0  27   0   0   0   0   0   0   0  0.42 0.01
  111 H    -2   0   0   0  -3   1   3  -2   7  -4  -3   0  -2  -2  -2  -1  -2  -3   1  -3    0   0   0   0   0   0  27   0  73   0   0   0   0   0   0   0   0   0   0   0  0.73 0.02
  112 R    -2   6  -1  -2  -4   1   0  -3   0  -3  -2   2  -2  -3  -2  -1  -1  -3  -2  -3    0 100   0   0   0   0   0   0   0   0   0   0   0   0   0   0   0   0   0   0  0.82 0.02
  113 L    -1  -2  -2  -3  -1  -2  -2  -3  -3   1   3  -2   2   0  -2  -1   2  -2  -1   1    0   0   0   0   0   0   0   0   0   0  73   0   0   0   0   0  27   0   0   0  0.31 0.01
  114 F    -2  -3  -3  -4  -2  -3  -3  -4  -2   0   2  -3   1   6  -4  -3  -2   0   2   0    0   0   0   0   0   0   0   0   0   0  27   0   0  73   0   0   0   0   0   0  0.58 0.02
  115 K    -1   2   0  -1  -3   3   1  -2   0  -3  -3   4  -1  -3  -1   0  -1  -3  -2  -2    0   0   0   0   0  27   0   0   0   0   0  73   0   0   0   0   0   0   0   0  0.52 0.02
  116 A     4   0  -1  -2  -1   0   0   0  -2  -2  -2   2  -1  -3  -1   1   0  -3  -2  -1   73   0   0   0   0   0   0   0   0   0   0  27   0   0   0   0   0   0   0   0  0.32 0.01
  117 T     0  -2  -1  -2  -1  -1  -2  -2  -2   2   0  -2   0  -1  -2   1   2  -3  -2   2    0   0   0   0   0   0   0   0   0  27   0   0   0   0   0  17  29   0   0  27  0.19 0.01
  118 T     0   0  -1  -2  -1   0  -1  -2  -2   0  -1   2   0  -2  -1   0   3  -3  -2   1    0   0   0   0   0   0   0   0   0   0   0  27   0   0   0   0  46   0   0  27  0.21 0.01
  119 G     0  -3  -1  -2  -3  -2  -2   6  -2  -4  -4  -2  -3  -3  -2   0  -2  -3  -3  -3    0   0   0   0   0   0   0 100   0   0   0   0   0   0   0   0   0   0   0   0  1.09 0.02
  120 M     1  -2  -2  -3  -1  -1  -2  -2  -2   2   1  -2   4  -1  -2  -1  -1  -2  -1   1   27   0   0   0   0   0   0   0   0  27   0   0  46   0   0   0   0   0   0   0  0.21 0.02
  121 T     0  -2   0  -1  -1  -1  -1   3  -2  -1  -2  -1  -1  -3  -2   1   4  -3  -2  -1    0   0   0   0   0   0   0  27   0   0   0   0   0   0   0   0  73   0   0   0  0.42 0.02
  122 P    -1  -2  -3  -2  -3  -2  -2  -3  -3  -1   1  -2  -1  -2   7  -1  -1  -3  -3  -1    0   0   0   0   0   0   0   0   0   0  27   0   0   0  73   0   0   0   0   0  1.31 0.02
  123 K    -1   1  -2  -2  -2   0  -1  -3  -2   1   1   3   0  -1  -2  -1  -1  -3  -2   1    0   0   0   0   0   0   0   0   0   0  27  46   0   0   0   0   0   0   0  27  0.15 0.01
  124 A     3  -1  -1   0  -1   0   2   2  -1  -2  -2   0  -2  -3  -1   1  -1  -3  -2  -1   56   0   0   0   0   0  27  17   0   0   0   0   0   0   0   0   0   0   0   0  0.32 0.01
  125 W    -2  -2  -3  -4  -2  -2  -3  -3  -1  -1   1  -3   0   2  -4  -3  -2   9   4  -1    0   0   0   0   0   0   0   0   0   0  27   0   0   0   0   0   0  46  27   0  1.05 0.02
  126 Q     1   0  -1  -1  -2   4   0  -2  -1   1  -1   0   0  -2  -2   0  -1  -2  -2   0   27   0   0   0   0  46   0   0   0  27   0   0   0   0   0   0   0   0   0   0  0.21 0.01
  127 Q    -1   3   0  -1  -3   5   1  -2   0  -3  -2   2  -1  -3  -2   0  -1  -2  -2  -3    0  27   0   0   0  73   0   0   0   0   0   0   0   0   0   0   0   0   0   0  0.62 0.02
  128 A     4  -1  -1  -1  -1   3   0   0  -1  -2  -2   0  -1  -3  -1   1   0  -3  -2  -1   73   0   0   0   0  27   0   0   0   0   0   0   0   0   0   0   0   0   0   0  0.34 0.02
  129 W    -1  -1  -2  -3  -2   2  -1  -3  -2   0  -1  -1  -1   0  -3  -2  -1   9   1   1    0   0   0   0   0  27   0   0   0   0   0   0   0   0   0   0   0  46   0  27  0.86 0.02
  130 R    -2   6  -1  -2  -4   1   0  -3   0  -3  -2   2  -2  -3  -2  -1  -1  -3  -2  -3    0 100   0   0   0   0   0   0   0   0   0   0   0   0   0   0   0   0   0   0  0.82 0.02
  131 A     3  -2  -2  -2  -1  -1  -1  -1  -2   1  -1  -1   0  -2  -1   0   0  -3  -2   2   64   0   0   0   0   0   0   0   0   0   0   0   0   0   0   0   0   0   0  36  0.24 0.00
  132 R    -2   6   0  -2  -4   1   0  -2   0  -3  -2   2  -1  -3  -2  -1  -1  -3  -2  -3    0 100   0   0   0   0   0   0   0   0   0   0   0   0   0   0   0   0   0   0  0.74 0.00
  133 R    -2   6   0  -2  -4   1   0  -2   0  -3  -2   2  -1  -3  -2  -1  -1  -3  -2  -3    0 100   0   0   0   0   0   0   0   0   0   0   0   0   0   0   0   0   0   0  0.74 0.00

                      K         Lambda
Standard Ungapped    0.1321     0.3246
Standard Gapped      0.0410     0.2670
PSI Ungapped         0.1321     0.3246
PSI Gapped           0.0410     0.2670
