
Last position-specific scoring matrix computed, weighted observed percentages rounded down, information per position, and relative weight of gapless real matches to pseudocounts
            A   R   N   D   C   Q   E   G   H   I   L   K   M   F   P   S   T   W   Y   V   A   R   N   D   C   Q   E   G   H   I   L   K   M   F   P   S   T   W   Y   V
    1 M    -1  -1  -2  -3  -1   0  -2  -3  -2   1   2  -1   5   0  -2  -1  -1  -1  -1   1    0   0   0   0   0   0   0   0   0   0   0   0 100   0   0   0   0   0   0   0  0.33 0.00
    2 G     0  -2   0  -1  -3  -2  -2   6  -2  -4  -4  -2  -3  -3  -2   0  -2  -3  -3  -3    0   0   0   0   0   0   0 100   0   0   0   0   0   0   0   0   0   0   0   0  1.04 0.00
    3 K    -1   2   0  -1  -3   1   1  -2  -1  -3  -2   5  -1  -3  -1   0  -1  -3  -2  -2    0   0   0   0   0   0   0   0   0   0   0 100   0   0   0   0   0   0   0   0  0.51 0.00
    4 S     1  -1   1   0  -1   0   0   0  -1  -2  -2   0  -1  -2  -1   4   1  -3  -2  -2    0   0   0   0   0   0   0   0   0   0   0   0   0   0   0 100   0   0   0   0  0.45 0.00
    5 E    -1   0   0   2  -4   2   5  -2   0  -3  -3   1  -2  -3  -1   0  -1  -3  -2  -2    0   0   0   0   0   0 100   0   0   0   0   0   0   0   0   0   0   0   0   0  0.73 0.00
    6 L    -1  -2  -3  -4  -1  -2  -3  -4  -3   2   4  -2   2   0  -3  -2  -1  -2  -1   1    0   0   0   0   0   0   0   0   0   0 100   0   0   0   0   0   0   0   0   0  0.45 0.00
    7 S     1  -1   1   0  -1   0   0   0  -1  -2  -2   0  -1  -2  -1   4   1  -3  -2  -2    0   0   0   0   0   0   0   0   0   0   0   0   0   0   0 100   0   0   0   0  0.45 0.00
    8 G     0  -2   0  -1  -3  -2  -2   6  -2  -4  -4  -2  -3  -3  -2   0  -2  -3  -3  -3    0   0   0   0   0   0   0 100   0   0   0   0   0   0   0   0   0   0   0   0  1.04 0.00
    9 R    -1   5   0  -2  -3   1   0  -2   0  -3  -2   2  -1  -3  -2  -1  -1  -3  -2  -3    0 100   0   0   0   0   0   0   0   0   0   0   0   0   0   0   0   0   0   0  0.74 0.00
   10 L    -1  -2  -3  -4  -1  -2  -3  -4  -3   2   4  -2   2   0  -3  -2  -1  -2  -1   1    0   0   0   0   0   0   0   0   0   0 100   0   0   0   0   0   0   0   0   0  0.45 0.00
   11 N    -2   0   6   1  -3   0   0   0   1  -3  -3   0  -2  -3  -2   1   0  -4  -2  -3    0   0 100   0   0   0   0   0   0   0   0   0   0   0   0   0   0   0   0   0  0.72 0.00
   12 W    -3  -3  -4  -4  -2  -2  -3  -3  -2  -3  -2  -3  -1   1  -4  -3  -2  11   2  -3    0   0   0   0   0   0   0   0   0   0   0   0   0   0   0   0   0 100   0   0  2.29 0.00
   13 Q    -1   1   0   0  -3   5   2  -2   0  -3  -2   1   0  -3  -1   0  -1  -2  -1  -2    0   0   0   0   0 100   0   0   0   0   0   0   0   0   0   0   0   0   0   0  0.64 0.00
   14 A     4  -1  -2  -2   0  -1  -1   0  -2  -1  -1  -1  -1  -2  -1   1   0  -3  -2   0  100   0   0   0   0   0   0   0   0   0   0   0   0   0   0   0   0   0   0   0  0.40 0.00
   15 L    -1  -2  -3  -4  -1  -2  -3  -4  -3   2   4  -2   2   0  -3  -2  -1  -2  -1   1    0   0   0   0   0   0   0   0   0   0 100   0   0   0   0   0   0   0   0   0  0.45 0.00
   16 A     4  -1  -2  -2   0  -1  -1   0  -2  -1  -1  -1  -1  -2  -1   1   0  -3  -2   0  100   0   0   0   0   0   0   0   0   0   0   0   0   0   0   0   0   0   0   0  0.40 0.00
   17 G     0  -2   0  -1  -3  -2  -2   6  -2  -4  -4  -2  -3  -3  -2   0  -2  -3  -3  -3    0   0   0   0   0   0   0 100   0   0   0   0   0   0   0   0   0   0   0   0  1.04 0.00
   18 L    -1  -2  -3  -4  -1  -2  -3  -4  -3   2   4  -2   2   0  -3  -2  -1  -2  -1   1    0   0   0   0   0   0   0   0   0   0 100   0   0   0   0   0   0   0   0   0  0.45 0.00
   19 K    -1   2   0  -1  -3   1   1  -2  -1  -3  -2   5  -1  -3  -1   0  -1  -3  -2  -2    0   0   0   0   0   0   0   0   0   0   0 100   0   0   0   0   0   0   0   0  0.51 0.00
   20 A     4  -1  -2  -2   0  -1  -1   0  -2  -1  -1  -1  -1  -2  -1   1   0  -3  -2   0  100   0   0   0   0   0   0   0   0   0   0   0   0   0   0   0   0   0   0   0  0.40 0.00
   21 S     1  -1   1   0  -1   0   0   0  -1  -2  -2   0  -1  -2  -1   4   1  -3  -2  -2    0   0   0   0   0   0   0   0   0   0   0   0   0   0   0 100   0   0   0   0  0.45 0.00
   22 G     0  -2   0  -1  -3  -2  -2   6  -2  -4  -4  -2  -3  -3  -2   0  -2  -3  -3  -3    0   0   0   0   0   0   0 100   0   0   0   0   0   0   0   0   0   0   0   0  1.04 0.00
   23 A     4  -1  -2  -2   0  -1  -1   0  -2  -1  -1  -1  -1  -2  -1   1   0  -3  -2   0  100   0   0   0   0   0   0   0   0   0   0   0   0   0   0   0   0   0   0   0  0.40 0.00
   24 E    -1   0   0   2  -4   2   5  -2   0  -3  -3   1  -2  -3  -1   0  -1  -3  -2  -2    0   0   0   0   0   0 100   0   0   0   0   0   0   0   0   0   0   0   0   0  0.73 0.00
   25 Q    -1   1   0   0  -3   5   2  -2   0  -3  -2   1   0  -3  -1   0  -1  -2  -1  -2    0   0   0   0   0 100   0   0   0   0   0   0   0   0   0   0   0   0   0   0  0.64 0.00
   26 N    -2   0   6   1  -3   0   0   0   1  -3  -3   0  -2  -3  -2   1   0  -4  -2  -3    0   0 100   0   0   0   0   0   0   0   0   0   0   0   0   0   0   0   0   0  0.72 0.00
   27 L    -1  -2  -3  -4  -1  -2  -3  -4  -3   2   4  -2   2   0  -3  -2  -1  -2  -1   1    0   0   0   0   0   0   0   0   0   0 100   0   0   0   0   0   0   0   0   0  0.45 0.00
   28 Y    -2  -2  -2  -3  -2  -1  -2  -3   2  -1  -1  -2  -1   3  -3  -2  -2   2   7  -1    0   0   0   0   0   0   0   0   0   0   0   0   0   0   0   0   0   0 100   0  0.85 0.00
   29 N    -2   0   6   1  -3   0   0   0   1  -3  -3   0  -2  -3  -2   1   0  -4  -2  -3    0   0 100   0   0   0   0   0   0   0   0   0   0   0   0   0   0   0   0   0  0.72 0.00
   30 V     0  -3  -3  -3  -1  -2  -2  -3  -3   3   1  -2   1  -1  -2  -2   0  -3  -1   4    0   0   0   0   0   0   0   0   0   0   0   0   0   0   0   0   0   0   0 100  0.34 0.00
   31 F    -2  -3  -3  -3  -2  -3  -3  -3  -1   0   0  -3   0   6  -4  -2  -2   1   3  -1    0   0   0   0   0   0   0   0   0   0   0   0   0 100   0   0   0   0   0   0  0.73 0.00
   32 N    -2   0   6   1  -3   0   0   0   1  -3  -3   0  -2  -3  -2   1   0  -4  -2  -3    0   0 100   0   0   0   0   0   0   0   0   0   0   0   0   0   0   0   0   0  0.72 0.00
   33 A     4  -1  -2  -2   0  -1  -1   0  -2  -1  -1  -1  -1  -2  -1   1   0  -3  -2   0  100   0   0   0   0   0   0   0   0   0   0   0   0   0   0   0   0   0   0   0  0.40 0.00
   34 V     0  -3  -3  -3  -1  -2  -2  -3  -3   3   1  -2   1  -1  -2  -2   0  -3  -1   4    0   0   0   0   0   0   0   0   0   0   0   0   0   0   0   0   0   0   0 100  0.34 0.00
   35 F    -2  -3  -3  -3  -2  -3  -3  -3  -1   0   0  -3   0   6  -4  -2  -2   1   3  -1    0   0   0   0   0   0   0   0   0   0   0   0   0 100   0   0   0   0   0   0  0.73 0.00
   36 E    -1   0   0   2  -4   2   5  -2   0  -3  -3   1  -2  -3  -1   0  -1  -3  -2  -2    0   0   0   0   0   0 100   0   0   0   0   0   0   0   0   0   0   0   0   0  0.73 0.00
   37 G     0  -2   0  -1  -3  -2  -2   6  -2  -4  -4  -2  -3  -3  -2   0  -2  -3  -3  -3    0   0   0   0   0   0   0 100   0   0   0   0   0   0   0   0   0   0   0   0  1.04 0.00
   38 T     0  -1   0  -1  -1  -1  -1  -2  -2  -1  -1  -1  -1  -2  -1   1   5  -2  -2   0    0   0   0   0   0   0   0   0   0   0   0   0   0   0   0   0 100   0   0   0  0.46 0.00
   39 K    -1   2   0  -1  -3   1   1  -2  -1  -3  -2   5  -1  -3  -1   0  -1  -3  -2  -2    0   0   0   0   0   0   0   0   0   0   0 100   0   0   0   0   0   0   0   0  0.51 0.00
   40 Y    -2  -2  -2  -3  -2  -1  -2  -3   2  -1  -1  -2  -1   3  -3  -2  -2   2   7  -1    0   0   0   0   0   0   0   0   0   0   0   0   0   0   0   0   0   0 100   0  0.85 0.00
   41 V     0  -3  -3  -3  -1  -2  -2  -3  -3   3   1  -2   1  -1  -2  -2   0  -3  -1   4    0   0   0   0   0   0   0   0   0   0   0   0   0   0   0   0   0   0   0 100  0.34 0.00
   42 L    -1  -2  -3  -4  -1  -2  -3  -4  -3   2   4  -2   2   0  -3  -2  -1  -2  -1   1    0   0   0   0   0   0   0   0   0   0 100   0   0   0   0   0   0   0   0   0  0.45 0.00
   43 Y    -2  -2  -2  -3  -2  -1  -2  -3   2  -1  -1  -2  -1   3  -3  -2  -2   2   7  -1    0   0   0   0   0   0   0   0   0   0   0   0   0   0   0   0   0   0 100   0  0.85 0.00
   44 E    -1   0   0   2  -4   2   5  -2   0  -3  -3   1  -2  -3  -1   0  -1  -3  -2  -2    0   0   0   0   0   0 100   0   0   0   0   0   0   0   0   0   0   0   0   0  0.73 0.00
   45 K    -1   2   0  -1  -3   1   1  -2  -1  -3  -2   5  -1  -3  -1   0  -1  -3  -2  -2    0   0   0   0   0   0   0   0   0   0   0 100   0   0   0   0   0   0   0   0  0.51 0.00
   46 P    -1  -2  -2  -1  -3  -1  -1  -2  -2  -3  -3  -1  -2  -4   7  -1  -1  -4  -3  -2    0   0   0   0   0   0   0   0   0   0   0   0   0   0 100   0   0   0   0   0  2.03 0.00
   47 K    -1   2   0  -1  -3   1   1  -2  -1  -3  -2   5  -1  -3  -1   0  -1  -3  -2  -2    0   0   0   0   0   0   0   0   0   0   0 100   0   0   0   0   0   0   0   0  0.51 0.00
   48 H    -2   0   1  -1  -3   0   0  -2   8  -3  -3  -1  -2  -1  -2  -1  -2  -2   2  -3    0   0   0   0   0   0   0   0 100   0   0   0   0   0   0   0   0   0   0   0  0.84 0.00
   49 L    -1  -2  -3  -4  -1  -2  -3  -4  -3   2   4  -2   2   0  -3  -2  -1  -2  -1   1    0   0   0   0   0   0   0   0   0   0 100   0   0   0   0   0   0   0   0   0  0.45 0.00
   50 K    -1   2   0  -1  -3   1   1  -2  -1  -3  -2   5  -1  -3  -1   0  -1  -3  -2  -2    0   0   0   0   0   0   0   0   0   0   0 100   0   0   0   0   0   0   0   0  0.51 0.00
   51 N    -2   0   6   1  -3   0   0   0   1  -3  -3   0  -2  -3  -2   1   0  -4  -2  -3    0   0 100   0   0   0   0   0   0   0   0   0   0   0   0   0   0   0   0   0  0.72 0.00
   52 L    -1  -2  -3  -4  -1  -2  -3  -4  -3   2   4  -2   2   0  -3  -2  -1  -2  -1   1    0   0   0   0   0   0   0   0   0   0 100   0   0   0   0   0   0   0   0   0  0.45 0.00
   53 Y    -2  -2  -2  -3  -2  -1  -2  -3   2  -1  -1  -2  -1   3  -3  -2  -2   2   7  -1    0   0   0   0   0   0   0   0   0   0   0   0   0   0   0   0   0   0 100   0  0.85 0.00
   54 A     4  -1  -2  -2   0  -1  -1   0  -2  -1  -1  -1  -1  -2  -1   1   0  -3  -2   0  100   0   0   0   0   0   0   0   0   0   0   0   0   0   0   0   0   0   0   0  0.40 0.00
   55 Q    -1   1   0   0  -3   5   2  -2   0  -3  -2   1   0  -3  -1   0  -1  -2  -1  -2    0   0   0   0   0 100   0   0   0   0   0   0   0   0   0   0   0   0   0   0  0.64 0.00
   56 V     0  -3  -3  -3  -1  -2  -2  -3  -3   3   1  -2   1  -1  -2  -2   0  -3  -1   4    0   0   0   0   0   0   0   0   0   0   0   0   0   0   0   0   0   0   0 100  0.34 0.00
   57 V     0  -3  -3  -3  -1  -2  -2  -3  -3   3   1  -2   1  -1  -2  -2   0  -3  -1   4    0   0   0   0   0   0   0   0   0   0   0   0   0   0   0   0   0   0   0 100  0.34 0.00
   58 L    -1  -2  -3  -4  -1  -2  -3  -4  -3   2   4  -2   2   0  -3  -2  -1  -2  -1   1    0   0   0   0   0   0   0   0   0   0 100   0   0   0   0   0   0   0   0   0  0.45 0.00
   59 P    -1  -2  -2  -1  -3  -1  -1  -2  -2  -3  -3  -1  -2  -4   7  -1  -1  -4  -3  -2    0   0   0   0   0   0   0   0   0   0   0   0   0   0 100   0   0   0   0   0  2.03 0.00
   60 D    -2  -2   1   6  -3   0   2  -1  -1  -3  -4  -1  -3  -3  -1   0  -1  -4  -3  -3    0   0   0 100   0   0   0   0   0   0   0   0   0   0   0   0   0   0   0   0  0.92 0.00
   61 D    -2  -2   1   6  -3   0   2  -1  -1  -3  -4  -1  -3  -3  -1   0  -1  -4  -3  -3    0   0   0 100   0   0   0   0   0   0   0   0   0   0   0   0   0   0   0   0  0.92 0.00
   62 V     0  -3  -3  -3  -1  -2  -2  -3  -3   3   1  -2   1  -1  -2  -2   0  -3  -1   4    0   0   0   0   0   0   0   0   0   0   0   0   0   0   0   0   0   0   0 100  0.34 0.00
   63 I    -1  -3  -3  -3  -1  -3  -3  -4  -3   4   2  -3   1   0  -3  -2  -1  -3  -1   3    0   0   0   0   0   0   0   0   0 100   0   0   0   0   0   0   0   0   0   0  0.38 0.00
   64 K    -1   2   0  -1  -3   1   1  -2  -1  -3  -2   5  -1  -3  -1   0  -1  -3  -2  -2    0   0   0   0   0   0   0   0   0   0   0 100   0   0   0   0   0   0   0   0  0.51 0.00
   65 E    -1   0   0   2  -4   2   5  -2   0  -3  -3   1  -2  -3  -1   0  -1  -3  -2  -2    0   0   0   0   0   0 100   0   0   0   0   0   0   0   0   0   0   0   0   0  0.73 0.00
   66 I    -1  -3  -3  -3  -1  -3  -3  -4  -3   4   2  -3   1   0  -3  -2  -1  -3  -1   3    0   0   0   0   0   0   0   0   0 100   0   0   0   0   0   0   0   0   0   0  0.38 0.00
   67 F    -2  -3  -3  -3  -2  -3  -3  -3  -1   0   0  -3   0   6  -4  -2  -2   1   3  -1    0   0   0   0   0   0   0   0   0   0   0   0   0 100   0   0   0   0   0   0  0.73 0.00
   68 N    -2   0   6   1  -3   0   0   0   1  -3  -3   0  -2  -3  -2   1   0  -4  -2  -3    0   0 100   0   0   0   0   0   0   0   0   0   0   0   0   0   0   0   0   0  0.72 0.00
   69 P    -1  -2  -2  -1  -3  -1  -1  -2  -2  -3  -3  -1  -2  -4   7  -1  -1  -4  -3  -2    0   0   0   0   0   0   0   0   0   0   0   0   0   0 100   0   0   0   0   0  2.03 0.00
   70 L    -1  -2  -3  -4  -1  -2  -3  -4  -3   2   4  -2   2   0  -3  -2  -1  -2  -1   1    0   0   0   0   0   0   0   0   0   0 100   0   0   0   0   0   0   0   0   0  0.45 0.00
   71 I    -1  -3  -3  -3  -1  -3  -3  -4  -3   4   2  -3   1   0  -3  -2  -1  -3  -1   3    0   0   0   0   0   0   0   0   0 100   0   0   0   0   0   0   0   0   0   0  0.38 0.00
   72 D    -2  -2   1   6  -3   0   2  -1  -1  -3  -4  -1  -3  -3  -1   0  -1  -4  -3  -3    0   0   0 100   0   0   0   0   0   0   0   0   0   0   0   0   0   0   0   0  0.92 0.00
   73 L    -1  -2  -3  -4  -1  -2  -3  -4  -3   2   4  -2   2   0  -3  -2  -1  -2  -1   1    0   0   0   0   0   0   0   0   0   0 100   0   0   0   0   0   0   0   0   0  0.45 0.00
   74 S     1  -1   1   0  -1   0   0   0  -1  -2  -2   0  -1  -2  -1   4   1  -3  -2  -2    0   0   0   0   0   0   0   0   0   0   0   0   0   0   0 100   0   0   0   0  0.45 0.00
   75 T     0  -1   0  -1  -1  -1  -1  -2  -2  -1  -1  -1  -1  -2  -1   1   5  -2  -2   0    0   0   0   0   0   0   0   0   0   0   0   0   0   0   0   0 100   0   0   0  0.46 0.00
   76 T     0  -1   0  -1  -1  -1  -1  -2  -2  -1  -1  -1  -1  -2  -1   1   5  -2  -2   0    0   0   0   0   0   0   0   0   0   0   0   0   0   0   0   0 100   0   0   0  0.46 0.00
   77 Q    -1   1   0   0  -3   5   2  -2   0  -3  -2   1   0  -3  -1   0  -1  -2  -1  -2    0   0   0   0   0 100   0   0   0   0   0   0   0   0   0   0   0   0   0   0  0.64 0.00
   78 W    -3  -3  -4  -4  -2  -2  -3  -3  -2  -3  -2  -3  -1   1  -4  -3  -2  11   2  -3    0   0   0   0   0   0   0   0   0   0   0   0   0   0   0   0   0 100   0   0  2.29 0.00
   79 G     0  -2   0  -1  -3  -2  -2   6  -2  -4  -4  -2  -3  -3  -2   0  -2  -3  -3  -3    0   0   0   0   0   0   0 100   0   0   0   0   0   0   0   0   0   0   0   0  1.04 0.00
   80 V     0  -3  -3  -3  -1  -2  -2  -3  -3   3   1  -2   1  -1  -2  -2   0  -3  -1   4    0   0   0   0   0   0   0   0   0   0   0   0   0   0   0   0   0   0   0 100  0.34 0.00
   81 S     1  -1   1   0  -1   0   0   0  -1  -2  -2   0  -1  -2  -1   4   1  -3  -2  -2    0   0   0   0   0   0   0   0   0   0   0   0   0   0   0 100   0   0   0   0  0.45 0.00
   82 P    -1  -2  -2  -1  -3  -1  -1  -2  -2  -3  -3  -1  -2  -4   7  -1  -1  -4  -3  -2    0   0   0   0   0   0   0   0   0   0   0   0   0   0 100   0   0   0   0   0  2.03 0.00
   83 A     2  -2   0   4  -2  -1   1   0  -1  -2  -2  -1  -2  -3  -1   1  -1  -3  -2  -1   50   0   0  50   0   0   0   0   0   0   0   0   0   0   0   0   0   0   0   0  0.40 0.00
   84 F    -2  -3  -3  -3  -2  -3  -3  -3  -1   0   0  -3   0   6  -4  -2  -2   1   3  -1    0   0   0   0   0   0   0   0   0   0   0   0   0 100   0   0   0   0   0   0  0.73 0.00
   85 A     4  -1  -2  -2   0  -1  -1   0  -2  -1  -1  -1  -1  -2  -1   1   0  -3  -2   0  100   0   0   0   0   0   0   0   0   0   0   0   0   0   0   0   0   0   0   0  0.40 0.00
   86 I    -1  -3  -3  -3  -1  -3  -3  -4  -3   4   2  -3   1   0  -3  -2  -1  -3  -1   3    0   0   0   0   0   0   0   0   0 100   0   0   0   0   0   0   0   0   0   0  0.38 0.00
   87 E    -1   0   0   2  -4   2   5  -2   0  -3  -3   1  -2  -3  -1   0  -1  -3  -2  -2    0   0   0   0   0   0 100   0   0   0   0   0   0   0   0   0   0   0   0   0  0.73 0.00
   88 N    -2   0   6   1  -3   0   0   0   1  -3  -3   0  -2  -3  -2   1   0  -4  -2  -3    0   0 100   0   0   0   0   0   0   0   0   0   0   0   0   0   0   0   0   0  0.72 0.00
   89 T     0  -1   0  -1  -1  -1  -1  -2  -2  -1  -1  -1  -1  -2  -1   1   5  -2  -2   0    0   0   0   0   0   0   0   0   0   0   0   0   0   0   0   0 100   0   0   0  0.46 0.00
   90 E    -1   0   0   2  -4   2   5  -2   0  -3  -3   1  -2  -3  -1   0  -1  -3  -2  -2    0   0   0   0   0   0 100   0   0   0   0   0   0   0   0   0   0   0   0   0  0.73 0.00
   91 T     0  -1   0  -1  -1  -1  -1  -2  -2  -1  -1  -1  -1  -2  -1   1   5  -2  -2   0    0   0   0   0   0   0   0   0   0   0   0   0   0   0   0   0 100   0   0   0  0.46 0.00
   92 H    -2   0   1  -1  -3   0   0  -2   8  -3  -3  -1  -2  -1  -2  -1  -2  -2   2  -3    0   0   0   0   0   0   0   0 100   0   0   0   0   0   0   0   0   0   0   0  0.84 0.00
   93 K    -1   2   0  -1  -3   1   1  -2  -1  -3  -2   5  -1  -3  -1   0  -1  -3  -2  -2    0   0   0   0   0   0   0   0   0   0   0 100   0   0   0   0   0   0   0   0  0.51 0.00
   94 I    -1  -3  -3  -3  -1  -3  -3  -4  -3   4   2  -3   1   0  -3  -2  -1  -3  -1   3    0   0   0   0   0   0   0   0   0 100   0   0   0   0   0   0   0   0   0   0  0.38 0.00
   95 L    -1  -2  -3  -4  -1  -2  -3  -4  -3   2   4  -2   2   0  -3  -2  -1  -2  -1   1    0   0   0   0   0   0   0   0   0   0 100   0   0   0   0   0   0   0   0   0  0.45 0.00
   96 F    -2  -3  -3  -3  -2  -3  -3  -3  -1   0   0  -3   0   6  -4  -2  -2   1   3  -1    0   0   0   0   0   0   0   0   0   0   0   0   0 100   0   0   0   0   0   0  0.73 0.00
   97 G     0  -2   0  -1  -3  -2  -2   6  -2  -4  -4  -2  -3  -3  -2   0  -2  -3  -3  -3    0   0   0   0   0   0   0 100   0   0   0   0   0   0   0   0   0   0   0   0  1.04 0.00
   98 E    -1   0   0   2  -4   2   5  -2   0  -3  -3   1  -2  -3  -1   0  -1  -3  -2  -2    0   0   0   0   0   0 100   0   0   0   0   0   0   0   0   0   0   0   0   0  0.73 0.00
   99 I    -1  -3  -3  -3  -1  -3  -3  -4  -3   4   2  -3   1   0  -3  -2  -1  -3  -1   3    0   0   0   0   0   0   0   0   0 100   0   0   0   0   0   0   0   0   0   0  0.38 0.00
  100 K    -1   2   0  -1  -3   1   1  -2  -1  -3  -2   5  -1  -3  -1   0  -1  -3  -2  -2    0   0   0   0   0   0   0   0   0   0   0 100   0   0   0   0   0   0   0   0  0.51 0.00
  101 R    -1   5   0  -2  -3   1   0  -2   0  -3  -2   2  -1  -3  -2  -1  -1  -3  -2  -3    0 100   0   0   0   0   0   0   0   0   0   0   0   0   0   0   0   0   0   0  0.74 0.00
  102 Q    -1   1   0   0  -3   5   2  -2   0  -3  -2   1   0  -3  -1   0  -1  -2  -1  -2    0   0   0   0   0 100   0   0   0   0   0   0   0   0   0   0   0   0   0   0  0.64 0.00
  103 D    -2  -2   1   6  -3   0   2  -1  -1  -3  -4  -1  -3  -3  -1   0  -1  -4  -3  -3    0   0   0 100   0   0   0   0   0   0   0   0   0   0   0   0   0   0   0   0  0.92 0.00
  104 G     0  -2   0  -1  -3  -2  -2   6  -2  -4  -4  -2  -3  -3  -2   0  -2  -3  -3  -3    0   0   0   0   0   0   0 100   0   0   0   0   0   0   0   0   0   0   0   0  1.04 0.00
  105 W    -3  -3  -4  -4  -2  -2  -3  -3  -2  -3  -2  -3  -1   1  -4  -3  -2  11   2  -3    0   0   0   0   0   0   0   0   0   0   0   0   0   0   0   0   0 100   0   0  2.29 0.00
  106 V     0  -3  -3  -3  -1  -2  -2  -3  -3   3   1  -2   1  -1  -2  -2   0  -3  -1   4    0   0   0   0   0   0   0   0   0   0   0   0   0   0   0   0   0   0   0 100  0.34 0.00
  107 E    -1   0   0   2  -4   2   5  -2   0  -3  -3   1  -2  -3  -1   0  -1  -3  -2  -2    0   0   0   0   0   0 100   0   0   0   0   0   0   0   0   0   0   0   0   0  0.73 0.00
  108 G     0  -2   0  -1  -3  -2  -2   6  -2  -4  -4  -2  -3  -3  -2   0  -2  -3  -3  -3    0   0   0   0   0   0   0 100   0   0   0   0   0   0   0   0   0   0   0   0  1.04 0.00
  109 K    -1   2   0  -1  -3   1   1  -2  -1  -3  -2   5  -1  -3  -1   0  -1  -3  -2  -2    0   0   0   0   0   0   0   0   0   0   0 100   0   0   0   0   0   0   0   0  0.51 0.00
  110 D    -2  -2   1   6  -3   0   2  -1  -1  -3  -4  -1  -3  -3  -1   0  -1  -4  -3  -3    0   0   0 100   0   0   0   0   0   0   0   0   0   0   0   0   0   0   0   0  0.92 0.00
  111 P    -1  -2  -2  -1  -3  -1  -1  -2  -2  -3  -3  -1  -2  -4   7  -1  -1  -4  -3  -2    0   0   0   0   0   0   0   0   0   0   0   0   0   0 100   0   0   0   0   0  2.03 0.00
  112 S     1  -1   1   0  -1   0   0   0  -1  -2  -2   0  -1  -2  -1   4   1  -3  -2  -2    0   0   0   0   0   0   0   0   0   0   0   0   0   0   0 100   0   0   0   0  0.45 0.00
  113 A     4  -1  -2  -2   0  -1  -1   0  -2  -1  -1  -1  -1  -2  -1   1   0  -3  -2   0  100   0   0   0   0   0   0   0   0   0   0   0   0   0   0   0   0   0   0   0  0.40 0.00
  114 G     0  -2   0  -1  -3  -2  -2   6  -2  -4  -4  -2  -3  -3  -2   0  -2  -3  -3  -3    0   0   0   0   0   0   0 100   0   0   0   0   0   0   0   0   0   0   0   0  1.04 0.00
  115 R    -1   5   0  -2  -3   1   0  -2   0  -3  -2   2  -1  -3  -2  -1  -1  -3  -2  -3    0 100   0   0   0   0   0   0   0   0   0   0   0   0   0   0   0   0   0   0  0.74 0.00
  116 G     0  -2   0  -1  -3  -2  -2   6  -2  -4  -4  -2  -3  -3  -2   0  -2  -3  -3  -3    0   0   0   0   0   0   0 100   0   0   0   0   0   0   0   0   0   0   0   0  1.04 0.00
  117 N    -2   0   6   1  -3   0   0   0   1  -3  -3   0  -2  -3  -2   1   0  -4  -2  -3    0   0 100   0   0   0   0   0   0   0   0   0   0   0   0   0   0   0   0   0  0.72 0.00
  118 A     4  -1  -2  -2   0  -1  -1   0  -2  -1  -1  -1  -1  -2  -1   1   0  -3  -2   0  100   0   0   0   0   0   0   0   0   0   0   0   0   0   0   0   0   0   0   0  0.40 0.00
  119 H    -2   0   1  -1  -3   0   0  -2   8  -3  -3  -1  -2  -1  -2  -1  -2  -2   2  -3    0   0   0   0   0   0   0   0 100   0   0   0   0   0   0   0   0   0   0   0  0.84 0.00
  120 E    -1   0   0   2  -4   2   5  -2   0  -3  -3   1  -2  -3  -1   0  -1  -3  -2  -2    0   0   0   0   0   0 100   0   0   0   0   0   0   0   0   0   0   0   0   0  0.73 0.00
  121 R    -1   5   0  -2  -3   1   0  -2   0  -3  -2   2  -1  -3  -2  -1  -1  -3  -2  -3    0 100   0   0   0   0   0   0   0   0   0   0   0   0   0   0   0   0   0   0  0.74 0.00
  122 S     1  -1   1   0  -1   0   0   0  -1  -2  -2   0  -1  -2  -1   4   1  -3  -2  -2    0   0   0   0   0   0   0   0   0   0   0   0   0   0   0 100   0   0   0   0  0.45 0.00
  123 C     0  -3  -3  -3   9  -3  -4  -3  -3  -1  -1  -3  -1  -2  -3  -1  -1  -2  -2  -1    0   0   0   0 100   0   0   0   0   0   0   0   0   0   0   0   0   0   0   0  1.19 0.00
  124 K    -1   2   0  -1  -3   1   1  -2  -1  -3  -2   5  -1  -3  -1   0  -1  -3  -2  -2    0   0   0   0   0   0   0   0   0   0   0 100   0   0   0   0   0   0   0   0  0.51 0.00
  125 L    -1  -2  -3  -4  -1  -2  -3  -4  -3   2   4  -2   2   0  -3  -2  -1  -2  -1   1    0   0   0   0   0   0   0   0   0   0 100   0   0   0   0   0   0   0   0   0  0.45 0.00
  126 F    -2  -3  -3  -3  -2  -3  -3  -3  -1   0   0  -3   0   6  -4  -2  -2   1   3  -1    0   0   0   0   0   0   0   0   0   0   0   0   0 100   0   0   0   0   0   0  0.73 0.00
  127 T     0  -1   0  -1  -1  -1  -1  -2  -2  -1  -1  -1  -1  -2  -1   1   5  -2  -2   0    0   0   0   0   0   0   0   0   0   0   0   0   0   0   0   0 100   0   0   0  0.46 0.00
  128 P    -1  -2  -2  -1  -3  -1  -1  -2  -2  -3  -3  -1  -2  -4   7  -1  -1  -4  -3  -2    0   0   0   0   0   0   0   0   0   0   0   0   0   0 100   0   0   0   0   0  2.03 0.00
  129 G     0  -2   0  -1  -3  -2  -2   6  -2  -4  -4  -2  -3  -3  -2   0  -2  -3  -3  -3    0   0   0   0   0   0   0 100   0   0   0   0   0   0   0   0   0   0   0   0  1.04 0.00
  130 L    -1  -2  -3  -4  -1  -2  -3  -4  -3   2   4  -2   2   0  -3  -2  -1  -2  -1   1    0   0   0   0   0   0   0   0   0   0 100   0   0   0   0   0   0   0   0   0  0.45 0.00
  131 L    -1  -2  -3  -4  -1  -2  -3  -4  -3   2   4  -2   2   0  -3  -2  -1  -2  -1   1    0   0   0   0   0   0   0   0   0   0 100   0   0   0   0   0   0   0   0   0  0.45 0.00
  132 K    -1   2   0  -1  -3   1   1  -2  -1  -3  -2   5  -1  -3  -1   0  -1  -3  -2  -2    0   0   0   0   0   0   0   0   0   0   0 100   0   0   0   0   0   0   0   0  0.51 0.00
  133 A     4  -1  -2  -2   0  -1  -1   0  -2  -1  -1  -1  -1  -2  -1   1   0  -3  -2   0  100   0   0   0   0   0   0   0   0   0   0   0   0   0   0   0   0   0   0   0  0.40 0.00
  134 Y    -2  -2  -2  -3  -2  -1  -2  -3   2  -1  -1  -2  -1   3  -3  -2  -2   2   7  -1    0   0   0   0   0   0   0   0   0   0   0   0   0   0   0   0   0   0 100   0  0.85 0.00
  135 R    -1   5   0  -2  -3   1   0  -2   0  -3  -2   2  -1  -3  -2  -1  -1  -3  -2  -3    0 100   0   0   0   0   0   0   0   0   0   0   0   0   0   0   0   0   0   0  0.74 0.00
  136 T     0  -1   0  -1  -1  -1  -1  -2  -2  -1  -1  -1  -1  -2  -1   1   5  -2  -2   0    0   0   0   0   0   0   0   0   0   0   0   0   0   0   0   0 100   0   0   0  0.46 0.00
  137 I    -1  -3  -3  -3  -1  -3  -3  -4  -3   4   2  -3   1   0  -3  -2  -1  -3  -1   3    0   0   0   0   0   0   0   0   0 100   0   0   0   0   0   0   0   0   0   0  0.38 0.00
  138 G     0  -2   0  -1  -3  -2  -2   6  -2  -4  -4  -2  -3  -3  -2   0  -2  -3  -3  -3    0   0   0   0   0   0   0 100   0   0   0   0   0   0   0   0   0   0   0   0  1.04 0.00
  139 G     0  -2   0  -1  -3  -2  -2   6  -2  -4  -4  -2  -3  -3  -2   0  -2  -3  -3  -3    0   0   0   0   0   0   0 100   0   0   0   0   0   0   0   0   0   0   0   0  1.04 0.00
  140 I    -1  -3  -3  -3  -1  -3  -3  -4  -3   4   2  -3   1   0  -3  -2  -1  -3  -1   3    0   0   0   0   0   0   0   0   0 100   0   0   0   0   0   0   0   0   0   0  0.38 0.00
  141 N    -2   0   6   1  -3   0   0   0   1  -3  -3   0  -2  -3  -2   1   0  -4  -2  -3    0   0 100   0   0   0   0   0   0   0   0   0   0   0   0   0   0   0   0   0  0.72 0.00
  142 D    -2  -2   1   6  -3   0   2  -1  -1  -3  -4  -1  -3  -3  -1   0  -1  -4  -3  -3    0   0   0 100   0   0   0   0   0   0   0   0   0   0   0   0   0   0   0   0  0.92 0.00
  143 E    -1   0   0   2  -4   2   5  -2   0  -3  -3   1  -2  -3  -1   0  -1  -3  -2  -2    0   0   0   0   0   0 100   0   0   0   0   0   0   0   0   0   0   0   0   0  0.73 0.00
  144 E    -1   0   0   2  -4   2   5  -2   0  -3  -3   1  -2  -3  -1   0  -1  -3  -2  -2    0   0   0   0   0   0 100   0   0   0   0   0   0   0   0   0   0   0   0   0  0.73 0.00
  145 I    -1  -3  -3  -3  -1  -3  -3  -4  -3   4   2  -3   1   0  -3  -2  -1  -3  -1   3    0   0   0   0   0   0   0   0   0 100   0   0   0   0   0   0   0   0   0   0  0.38 0.00
  146 L    -1  -2  -3  -4  -1  -2  -3  -4  -3   2   4  -2   2   0  -3  -2  -1  -2  -1   1    0   0   0   0   0   0   0   0   0   0 100   0   0   0   0   0   0   0   0   0  0.45 0.00
  147 P    -1  -2  -2  -1  -3  -1  -1  -2  -2  -3  -3  -1  -2  -4   7  -1  -1  -4  -3  -2    0   0   0   0   0   0   0   0   0   0   0   0   0   0 100   0   0   0   0   0  2.03 0.00
  148 F    -2  -3  -3  -3  -2  -3  -3  -3  -1   0   0  -3   0   6  -4  -2  -2   1   3  -1    0   0   0   0   0   0   0   0   0   0   0   0   0 100   0   0   0   0   0   0  0.73 0.00
  149 W    -3  -3  -4  -4  -2  -2  -3  -3  -2  -3  -2  -3  -1   1  -4  -3  -2  11   2  -3    0   0   0   0   0   0   0   0   0   0   0   0   0   0   0   0   0 100   0   0  2.29 0.00
  150 V     0  -3  -3  -3  -1  -2  -2  -3  -3   3   1  -2   1  -1  -2  -2   0  -3  -1   4    0   0   0   0   0   0   0   0   0   0   0   0   0   0   0   0   0   0   0 100  0.34 0.00
  151 V     0  -3  -3  -3  -1  -2  -2  -3  -3   3   1  -2   1  -1  -2  -2   0  -3  -1   4    0   0   0   0   0   0   0   0   0   0   0   0   0   0   0   0   0   0   0 100  0.34 0.00
  152 F    -2  -3  -3  -3  -2  -3  -3  -3  -1   0   0  -3   0   6  -4  -2  -2   1   3  -1    0   0   0   0   0   0   0   0   0   0   0   0   0 100   0   0   0   0   0   0  0.73 0.00
  153 E    -1   0   0   2  -4   2   5  -2   0  -3  -3   1  -2  -3  -1   0  -1  -3  -2  -2    0   0   0   0   0   0 100   0   0   0   0   0   0   0   0   0   0   0   0   0  0.73 0.00
  154 G     0  -2   0  -1  -3  -2  -2   6  -2  -4  -4  -2  -3  -3  -2   0  -2  -3  -3  -3    0   0   0   0   0   0   0 100   0   0   0   0   0   0   0   0   0   0   0   0  1.04 0.00
  155 D    -2  -2   1   6  -3   0   2  -1  -1  -3  -4  -1  -3  -3  -1   0  -1  -4  -3  -3    0   0   0 100   0   0   0   0   0   0   0   0   0   0   0   0   0   0   0   0  0.92 0.00
  156 I    -1  -3  -3  -3  -1  -3  -3  -4  -3   4   2  -3   1   0  -3  -2  -1  -3  -1   3    0   0   0   0   0   0   0   0   0 100   0   0   0   0   0   0   0   0   0   0  0.38 0.00
  157 T     0  -1   0  -1  -1  -1  -1  -2  -2  -1  -1  -1  -1  -2  -1   1   5  -2  -2   0    0   0   0   0   0   0   0   0   0   0   0   0   0   0   0   0 100   0   0   0  0.46 0.00
  158 R    -1   5   0  -2  -3   1   0  -2   0  -3  -2   2  -1  -3  -2  -1  -1  -3  -2  -3    0 100   0   0   0   0   0   0   0   0   0   0   0   0   0   0   0   0   0   0  0.74 0.00
  159 D    -2  -2   1   6  -3   0   2  -1  -1  -3  -4  -1  -3  -3  -1   0  -1  -4  -3  -3    0   0   0 100   0   0   0   0   0   0   0   0   0   0   0   0   0   0   0   0  0.92 0.00
  160 P    -1  -2  -2  -1  -3  -1  -1  -2  -2  -3  -3  -1  -2  -4   7  -1  -1  -4  -3  -2    0   0   0   0   0   0   0   0   0   0   0   0   0   0 100   0   0   0   0   0  2.03 0.00
  161 K    -1   2   0  -1  -3   1   1  -2  -1  -3  -2   5  -1  -3  -1   0  -1  -3  -2  -2    0   0   0   0   0   0   0   0   0   0   0 100   0   0   0   0   0   0   0   0  0.51 0.00
  162 R    -1   5   0  -2  -3   1   0  -2   0  -3  -2   2  -1  -3  -2  -1  -1  -3  -2  -3    0 100   0   0   0   0   0   0   0   0   0   0   0   0   0   0   0   0   0   0  0.74 0.00
  163 V     0  -3  -3  -3  -1  -2  -2  -3  -3   3   1  -2   1  -1  -2  -2   0  -3  -1   4    0   0   0   0   0   0   0   0   0   0   0   0   0   0   0   0   0   0   0 100  0.34 0.00
  164 R    -1   5   0  -2  -3   1   0  -2   0  -3  -2   2  -1  -3  -2  -1  -1  -3  -2  -3    0 100   0   0   0   0   0   0   0   0   0   0   0   0   0   0   0   0   0   0  0.74 0.00
  165 E    -1   0   0   2  -4   2   5  -2   0  -3  -3   1  -2  -3  -1   0  -1  -3  -2  -2    0   0   0   0   0   0 100   0   0   0   0   0   0   0   0   0   0   0   0   0  0.73 0.00
  166 I    -1  -3  -3  -3  -1  -3  -3  -4  -3   4   2  -3   1   0  -3  -2  -1  -3  -1   3    0   0   0   0   0   0   0   0   0 100   0   0   0   0   0   0   0   0   0   0  0.38 0.00
  167 T     0  -1   0  -1  -1  -1  -1  -2  -2  -1  -1  -1  -1  -2  -1   1   5  -2  -2   0    0   0   0   0   0   0   0   0   0   0   0   0   0   0   0   0 100   0   0   0  0.46 0.00
  168 F    -2  -3  -3  -3  -2  -3  -3  -3  -1   0   0  -3   0   6  -4  -2  -2   1   3  -1    0   0   0   0   0   0   0   0   0   0   0   0   0 100   0   0   0   0   0   0  0.73 0.00
  169 W    -3  -3  -4  -4  -2  -2  -3  -3  -2  -3  -2  -3  -1   1  -4  -3  -2  11   2  -3    0   0   0   0   0   0   0   0   0   0   0   0   0   0   0   0   0 100   0   0  2.29 0.00
  170 Y    -2  -2  -2  -3  -2  -1  -2  -3   2  -1  -1  -2  -1   3  -3  -2  -2   2   7  -1    0   0   0   0   0   0   0   0   0   0   0   0   0   0   0   0   0   0 100   0  0.85 0.00
  171 D    -2  -2   1   6  -3   0   2  -1  -1  -3  -4  -1  -3  -3  -1   0  -1  -4  -3  -3    0   0   0 100   0   0   0   0   0   0   0   0   0   0   0   0   0   0   0   0  0.92 0.00
  172 H    -2   0   1  -1  -3   0   0  -2   8  -3  -3  -1  -2  -1  -2  -1  -2  -2   2  -3    0   0   0   0   0   0   0   0 100   0   0   0   0   0   0   0   0   0   0   0  0.84 0.00
  173 Y    -2  -2  -2  -3  -2  -1  -2  -3   2  -1  -1  -2  -1   3  -3  -2  -2   2   7  -1    0   0   0   0   0   0   0   0   0   0   0   0   0   0   0   0   0   0 100   0  0.85 0.00
  174 Q    -1   1   0   0  -3   5   2  -2   0  -3  -2   1   0  -3  -1   0  -1  -2  -1  -2    0   0   0   0   0 100   0   0   0   0   0   0   0   0   0   0   0   0   0   0  0.64 0.00
  175 D    -2  -2   1   6  -3   0   2  -1  -1  -3  -4  -1  -3  -3  -1   0  -1  -4  -3  -3    0   0   0 100   0   0   0   0   0   0   0   0   0   0   0   0   0   0   0   0  0.92 0.00
  176 N    -2   0   6   1  -3   0   0   0   1  -3  -3   0  -2  -3  -2   1   0  -4  -2  -3    0   0 100   0   0   0   0   0   0   0   0   0   0   0   0   0   0   0   0   0  0.72 0.00
  177 Y    -2  -2  -2  -3  -2  -1  -2  -3   2  -1  -1  -2  -1   3  -3  -2  -2   2   7  -1    0   0   0   0   0   0   0   0   0   0   0   0   0   0   0   0   0   0 100   0  0.85 0.00
  178 F    -2  -3  -3  -3  -2  -3  -3  -3  -1   0   0  -3   0   6  -4  -2  -2   1   3  -1    0   0   0   0   0   0   0   0   0   0   0   0   0 100   0   0   0   0   0   0  0.73 0.00
  179 M    -1  -1  -2  -3  -1   0  -2  -3  -2   1   2  -1   5   0  -2  -1  -1  -1  -1   1    0   0   0   0   0   0   0   0   0   0   0   0 100   0   0   0   0   0   0   0  0.33 0.00
  180 W    -3  -3  -4  -4  -2  -2  -3  -3  -2  -3  -2  -3  -1   1  -4  -3  -2  11   2  -3    0   0   0   0   0   0   0   0   0   0   0   0   0   0   0   0   0 100   0   0  2.29 0.00
  181 R    -1   5   0  -2  -3   1   0  -2   0  -3  -2   2  -1  -3  -2  -1  -1  -3  -2  -3    0 100   0   0   0   0   0   0   0   0   0   0   0   0   0   0   0   0   0   0  0.74 0.00
  182 P    -1  -2  -2  -1  -3  -1  -1  -2  -2  -3  -3  -1  -2  -4   7  -1  -1  -4  -3  -2    0   0   0   0   0   0   0   0   0   0   0   0   0   0 100   0   0   0   0   0  2.03 0.00
  183 N    -2   0   6   1  -3   0   0   0   1  -3  -3   0  -2  -3  -2   1   0  -4  -2  -3    0   0 100   0   0   0   0   0   0   0   0   0   0   0   0   0   0   0   0   0  0.72 0.00
  184 E    -1   0   0   2  -4   2   5  -2   0  -3  -3   1  -2  -3  -1   0  -1  -3  -2  -2    0   0   0   0   0   0 100   0   0   0   0   0   0   0   0   0   0   0   0   0  0.73 0.00
  185 S     1  -1   1   0  -1   0   0   0  -1  -2  -2   0  -1  -2  -1   4   1  -3  -2  -2    0   0   0   0   0   0   0   0   0   0   0   0   0   0   0 100   0   0   0   0  0.45 0.00
  186 G     0  -2   0  -1  -3  -2  -2   6  -2  -4  -4  -2  -3  -3  -2   0  -2  -3  -3  -3    0   0   0   0   0   0   0 100   0   0   0   0   0   0   0   0   0   0   0   0  1.04 0.00
  187 E    -1   0   0   2  -4   2   5  -2   0  -3  -3   1  -2  -3  -1   0  -1  -3  -2  -2    0   0   0   0   0   0 100   0   0   0   0   0   0   0   0   0   0   0   0   0  0.73 0.00
  188 K    -1   2   0  -1  -3   1   1  -2  -1  -3  -2   5  -1  -3  -1   0  -1  -3  -2  -2    0   0   0   0   0   0   0   0   0   0   0 100   0   0   0   0   0   0   0   0  0.51 0.00
  189 L    -1  -2  -3  -4  -1  -2  -3  -4  -3   2   4  -2   2   0  -3  -2  -1  -2  -1   1    0   0   0   0   0   0   0   0   0   0 100   0   0   0   0   0   0   0   0   0  0.45 0.00
  190 V     0  -3  -3  -3  -1  -2  -2  -3  -3   3   1  -2   1  -1  -2  -2   0  -3  -1   4    0   0   0   0   0   0   0   0   0   0   0   0   0   0   0   0   0   0   0 100  0.34 0.00
  191 Q    -1   1   0   0  -3   5   2  -2   0  -3  -2   1   0  -3  -1   0  -1  -2  -1  -2    0   0   0   0   0 100   0   0   0   0   0   0   0   0   0   0   0   0   0   0  0.64 0.00
  192 H    -2   0   1  -1  -3   0   0  -2   8  -3  -3  -1  -2  -1  -2  -1  -2  -2   2  -3    0   0   0   0   0   0   0   0 100   0   0   0   0   0   0   0   0   0   0   0  0.84 0.00
  193 F    -2  -3  -3  -3  -2  -3  -3  -3  -1   0   0  -3   0   6  -4  -2  -2   1   3  -1    0   0   0   0   0   0   0   0   0   0   0   0   0 100   0   0   0   0   0   0  0.73 0.00
  194 N    -2   0   6   1  -3   0   0   0   1  -3  -3   0  -2  -3  -2   1   0  -4  -2  -3    0   0 100   0   0   0   0   0   0   0   0   0   0   0   0   0   0   0   0   0  0.72 0.00
  195 E    -1   0   0   2  -4   2   5  -2   0  -3  -3   1  -2  -3  -1   0  -1  -3  -2  -2    0   0   0   0   0   0 100   0   0   0   0   0   0   0   0   0   0   0   0   0  0.73 0.00
  196 K    -1   2   0  -1  -3   1   1  -2  -1  -3  -2   5  -1  -3  -1   0  -1  -3  -2  -2    0   0   0   0   0   0   0   0   0   0   0 100   0   0   0   0   0   0   0   0  0.51 0.00
  197 L    -1  -2  -3  -4  -1  -2  -3  -4  -3   2   4  -2   2   0  -3  -2  -1  -2  -1   1    0   0   0   0   0   0   0   0   0   0 100   0   0   0   0   0   0   0   0   0  0.45 0.00
  198 K    -1   2   0  -1  -3   1   1  -2  -1  -3  -2   5  -1  -3  -1   0  -1  -3  -2  -2    0   0   0   0   0   0   0   0   0   0   0 100   0   0   0   0   0   0   0   0  0.51 0.00
  199 K    -1   2   0  -1  -3   1   1  -2  -1  -3  -2   5  -1  -3  -1   0  -1  -3  -2  -2    0   0   0   0   0   0   0   0   0   0   0 100   0   0   0   0   0   0   0   0  0.51 0.00
  200 Y    -2  -2  -2  -3  -2  -1  -2  -3   2  -1  -1  -2  -1   3  -3  -2  -2   2   7  -1    0   0   0   0   0   0   0   0   0   0   0   0   0   0   0   0   0   0 100   0  0.85 0.00
  201 L    -1  -2  -3  -4  -1  -2  -3  -4  -3   2   4  -2   2   0  -3  -2  -1  -2  -1   1    0   0   0   0   0   0   0   0   0   0 100   0   0   0   0   0   0   0   0   0  0.45 0.00
  202 D    -2  -2   1   6  -3   0   2  -1  -1  -3  -4  -1  -3  -3  -1   0  -1  -4  -3  -3    0   0   0 100   0   0   0   0   0   0   0   0   0   0   0   0   0   0   0   0  0.92 0.00

                      K         Lambda
Standard Ungapped    0.1380     0.3182
Standard Gapped      0.0410     0.2670
PSI Ungapped         0.1380     0.3182
PSI Gapped           0.0410     0.2670
