
Last position-specific scoring matrix computed, weighted observed percentages rounded down, information per position, and relative weight of gapless real matches to pseudocounts
           A  R  N  D  C  Q  E  G  H  I  L  K  M  F  P  S  T  W  Y  V   A   R   N   D   C   Q   E   G   H   I   L   K   M   F   P   S   T   W   Y   V
    1 M   -2 -3 -4 -4 -2 -3 -4 -4 -4  3  4 -3  3 -1 -4 -3 -2 -3 -2  2    0   0   0   0   0   0   0   0   0  29  47   0  13   0   0   0   0   0   0  12  0.58 0.12
    2 K   -3  4 -2 -2 -5  1  1 -3 -2 -5 -4  6 -3 -5 -3 -2 -2 -5 -3 -4    0  28   0   0   0   2   8   0   0   0   0  62   0   0   0   0   0   0   0   0  1.12 0.30
    3 R   -1  6 -2  1 -4  1 -1 -3 -2 -4 -2  3 -2 -3 -3 -2 -2 -4  1 -3    5  53   0   9   0   4   0   0   0   0   4  18   0   0   0   0   0   0   5   1  0.75 0.23
    4 R    0  3 -2 -2 -3  2  2 -3 -2  1  0  1 -1 -3 -3 -1 -2 -3 -2  1   10  19   0   0   0  15  16   0   0  14  10   6   0   0   0   0   0   0   0  10  0.25 0.14
    5 I   -2  5 -1 -3 -4  1  0 -4 -2  0  0  3  0 -3 -3 -1 -2 -4 -3  0    0  46   2   0   0   6   3   0   0   5  10  17   3   0   0   2   0   0   0   7  0.58 0.20
    6 R   -3  7 -3 -4 -5 -1 -2 -4 -2 -4 -2  3 -3  2 -4 -3 -3 -4 -3 -4    0  71   0   0   0   0   0   0   0   0   3  17   0   9   0   0   0   0   0   0  1.36 0.37
    7 R   -3  6 -3 -3 -4 -1 -2 -4 -3 -3  1  3  3 -3 -4 -2 -1 -4 -3 -2    0  49   0   0   0   0   0   0   0   0  15  20  10   0   0   0   4   0   0   2  0.83 0.29
    8 E   -1  0 -2 -1 -4  2  4  0 -2  1  0  0  1 -3 -3 -1 -2 -4 -1 -2    5   4   0   0   0  13  37   7   0  11  11   2   3   0   0   4   0   0   2   0  0.35 0.19
    9 R   -3  5 -2 -3 -5  1 -1 -4 -2 -5 -4  5 -3 -5 -3  1 -3 -5 -4 -4    0  43   0   0   0   4   0   0   0   0   0  44   0   0   0   9   0   0   0   0  1.16 0.35
   10 N   -5 -3  9 -2 -6 -3 -3 -3 -2 -6 -7 -3 -5 -6 -5 -2 -3 -7 -5 -6    0   0 100   0   0   0   0   0   0   0   0   0   0   0   0   0   0   0   0   0  2.55 0.62
   11 K   -3  6  3 -3 -5 -1 -2 -4 -2 -5 -5  4 -4 -5 -4 -2 -1 -5 -4 -5    0  50  14   0   0   0   0   0   0   0   0  33   0   0   0   0   2   0   0   0  1.26 0.39
   12 M    0 -2 -3 -1 -3  2  2 -1 -3  3  0 -2  2 -2 -3 -2 -1 -4 -3  2    7   0   0   1   0  11  21   4   0  22   9   0   7   0   0   0   3   0   0  16  0.27 0.17
   13 A    6 -4 -3 -4 -3 -3 -3 -2 -4 -4 -4 -3 -3 -4 -3  2 -2 -5  0 -3   79   0   0   0   0   0   0   0   0   0   0   0   0   0   0  17   0   0   4   0  1.25 0.42
   14 A    6 -4 -4 -4 -3 -3 -3 -2 -4 -3 -4 -3 -3 -5 -3 -1 -3 -5 -4  0   93   0   0   0   0   0   0   0   0   0   0   0   0   0   0   0   0   0   0   7  1.55 0.48
   15 A    2  3 -2 -3 -1  4 -1 -2 -2 -4 -3  1 -2 -4 -3  1  1 -4 -3 -3   22  19   0   0   1  28   0   2   0   0   1   8   0   0   0  10   8   0   0   0  0.54 0.25
   16 K   -1  6  1 -1 -5  0  0 -4 -2 -5 -4  4 -3 -5 -3 -2 -1 -5 -4 -4    4  45   6   2   0   1   5   0   0   0   0  33   0   0   0   0   4   0   0   0  0.98 0.32
   17 S   -1 -4 -3 -4  9 -4 -4 -4 -4 -4 -4 -4 -4 -5 -4  5 -2 -5  0 -4    2   0   0   0  50   0   0   0   0   0   0   0   0   0   0  45   0   0   3   0  1.83 0.50
   18 R   -4  8 -3 -5 -6 -2 -3 -5 -3 -6 -5 -1 -4 -6 -5 -4 -4  1 -4 -5    0  98   0   0   0   0   0   0   0   0   0   0   0   0   0   0   0   2   0   0  2.35 0.58
   19 N   -1  1  2  2 -4  4  0 -3 -2 -3 -1  3  0 -4 -3  0 -2 -4 -2 -3    6   6   9  16   0  24   2   0   0   0   6  24   2   0   0   4   0   0   1   0  0.46 0.22
   20 R   -1  6 -3 -4 -5 -1 -2 -4 -3 -5 -5  5 -4 -5 -4 -3 -3 -5 -4 -5    6  59   0   0   0   0   0   0   0   0   0  35   0   0   0   0   0   0   0   0  1.47 0.42
   21 R    0  5 -2 -3 -5  1 -2 -4  1 -5 -4  6 -3 -5 -3 -2 -3 -5 -4 -4    7  29   0   0   0   6   0   0   3   0   0  55   0   0   0   0   0   0   0   0  1.16 0.37
   22 R   -1  3 -2 -3 -4  2 -1 -3 -2 -1  1  4  0 -3 -3 -2  0 -4 -3  0    4  19   0   0   0  10   0   0   0   3  18  30   1   0   0   0   7   0   0   7  0.41 0.21
   23 E    1  0 -2  3 -4  3  3 -3 -2 -2  0 -1  0 -4 -3 -1 -2 -4 -3 -1   15   3   0  22   0  14  25   0   0   1  11   0   3   0   0   1   0   0   0   5  0.41 0.20
   24 L   -2  3 -2 -2  1  2  1 -4  0 -2  0  2 -2 -2 -3 -2 -1  4  3 -3    1  19   1   0   3  11  11   0   1   2  13  15   0   0   0   1   2   6  13   0  0.35 0.18
   25 T    0 -1  0 -3  1  0  0 -3 -3  3 -1 -2  3 -2 -3 -1  3 -4 -3  1    7   4   5   0   3   6   7   0   0  24   3   0  11   0   0   2  23   0   0   6  0.27 0.18
   26 D   -2  0  2  3 -4  2  2 -3 -2 -2  0  1  0 -3 -3  0 -2 -4 -3 -1    1   4  13  21   0  11  14   0   0   0  13  10   2   0   0   6   0   0   0   4  0.33 0.16
   27 T   -1  0  2 -1  2  2  4  0 -2 -4 -3  1 -3 -2 -3  0  0 -4 -3 -3    4   3  11   0   5  12  33   9   0   0   2   7   0   2   0   6   6   0   0   0  0.40 0.19
   28 L   -4 -4 -5 -6 -3 -4 -5 -6 -5  1  6 -5  2 -2 -5 -4  0 -4 -3 -1    0   0   0   0   0   0   0   0   0   7  84   0   4   0   0   0   5   0   0   0  1.26 0.38
   29 Q    0 -2 -1 -1 -5  4  5 -3  3 -3 -4 -1 -3 -5 -3 -1  1 -4 -3 -4    7   0   2   0   0  25  45   1   7   1   0   0   0   0   0   3   9   0   0   0  0.85 0.32
   30 A    1  1  0  1  0  2  2 -1  0  0 -2  1 -2 -3 -2  0 -1 -3 -2 -1   19   7   4   7   3  13  14   2   2   7   2  10   0   0   0   7   1   0   1   2  0.18 0.11
   31 E   -3  3 -2  1 -5  2  5 -4 -2 -5 -4  3 -3 -5 -3 -2 -1 -4 -4 -4    0  17   0   4   0   8  46   0   0   0   0  19   0   0   0   0   2   0   0   0  0.90 0.30
   32 T    1 -1 -2 -3  1 -1 -2 -3  0  1  0 -1  0 -1 -3  0  0 -3 -1  3   14   4   2   0   3   2   0   0   4   6   7   2   1   3   0   6   6   0   1  37  0.23 0.14
   33 D    1  0  0  3  0  0  4 -3  1 -2 -1  0 -2 -4 -3  0 -2 -4 -3 -1   17   4   3  16   2   3  33   0   3   2   6   5   0   0   0   4   0   0   0   3  0.36 0.18
   34 Q    0  1  0  0 -3  3  2 -2  0 -1 -2  1 -2  1 -2  1 -1 -3 -1  0   10   6   3   5   0  18  18   1   2   2   1   6   0   7   0   9   3   0   1   8  0.20 0.13
   35 L   -2 -4 -5 -5  1 -4 -2 -5 -4  0  5 -4  1 -1 -5 -4 -3 -3  1  0    2   0   0   0   3   0   3   0   0   3  77   0   2   1   0   0   0   0   5   4  0.98 0.33
   36 E   -1 -1  0  0  0  1  4 -2 -2 -2 -2  2  0 -4 -3  1  1 -4 -3 -1    4   0   4   1   2   4  39   2   0   1   2  15   3   0   0   9   9   0   0   4  0.42 0.20
   37 D    2  1  1  1  0  1  1 -1  0 -3 -3  3 -2 -4 -2  1 -1 -4 -3 -2   19   7   6  10   3   5   9   1   1   0   2  23   1   0   0  10   1   0   0   1  0.29 0.15
   38 E   -3  1 -2  1 -5  4  5 -2 -2 -4 -2  2 -2 -1 -3 -2 -2 -4 -3 -3    0   7   0   5   0  21  45   2   0   0   4  10   1   3   0   0   2   0   0   1  0.74 0.28
   39 K   -3  0  7 -2 -5 -2 -2 -1 -2 -5 -2  3 -4 -5 -4 -1 -2 -5 -1 -5    0   4  64   0   0   0   0   5   0   0   4  19   0   0   0   3   0   0   2   0  1.21 0.39
   40 S    0  0  0  1 -3  2  2 -1  1 -2 -2  1  1 -3 -2  1  0 -3 -1 -1    8   5   4   9   0   9  19   2   3   2   1   7   5   0   0  14   7   0   1   2  0.20 0.11
   41 A    2  1 -1  0 -1  1  2 -1 -1 -1 -2  1  0 -2 -2  1  0 -3 -2 -1   25   8   2   5   1   6  16   3   1   3   1   9   2   2   0  10   3   0   0   2  0.18 0.11
   42 L   -4 -4 -2 -5 -4 -4 -5 -6 -5 -1  6 -4  2 -2 -5 -4 -3 -4 -3 -1    0   0   3   0   0   0   0   0   0   0  91   0   5   0   0   0   0   0   0   0  1.39 0.41
   43 Q   -1  4 -1  0 -4  3  0 -3  1 -1  0  2 -2 -3 -3  0 -2  0 -3 -3    4  29   1   4   0  17   4   0   3   3  10  16   0   0   0   7   0   1   0   0  0.42 0.20
   44 T    1  2  1 -1 -1  1  1 -1 -1 -1 -2  3 -2 -3 -2  1  0 -4 -3 -2   12  10   7   1   2   7   6   2   1   3   4  27   0   0   0  10   6   0   0   0  0.26 0.14
   45 E   -2  1 -1  0 -5  2  5 -4 -2 -3 -3  3 -3 -5 -3 -2 -1 -4 -4 -4    2   8   1   2   0   9  51   0   0   1   2  19   0   0   0   0   2   0   0   0  0.85 0.31
   46 I    0 -2 -2 -4 -2  0 -3 -4 -4  4  2 -2  2 -1 -3 -3 -2 -4 -2  4    6   2   2   0   0   5   0   0   0  27  15   2   5   1   0   0   0   0   0  33  0.46 0.20
   47 A    2 -1  1  1 -3  1  3 -1 -2 -3 -2  0 -2 -4 -2  1  0 -4 -3 -1   25   2   7   9   0   8  23   3   0   0   3   5   0   0   0  10   3   0   0   4  0.31 0.17
   48 N    0  1  2  0 -3  3  3 -2  0 -2 -1  1  0 -3 -2  0  0 -4 -3 -2    9  10  10   2   0  17  20   1   3   2   6   7   2   0   0   7   4   0   0   2  0.27 0.15
   49 L   -3 -4 -5 -6  2 -4 -5 -6 -5  1  5 -5  3  0 -5 -4 -3 -4 -1  0    0   0   0   0   5   0   0   0   0   4  78   0   6   2   0   0   0   0   2   3  1.13 0.37
   50 L   -1  3  2 -1 -3  1  2 -3 -2 -2  0  2  0 -3 -3  0  1 -4 -3 -1    5  17  10   0   0   6  14   0   0   0  10  15   2   0   0   8  11   0   0   2  0.26 0.15
   51 K   -1  3  2  1 -4  2  3 -3 -2 -4 -3  3 -3 -4 -3  1 -1 -4 -3 -3    5  15  12   5   0   7  19   0   0   0   1  24   0   0   0   9   3   0   0   0  0.48 0.20
   52 E   -2 -2 -1  0 -4  2  5 -4  0 -1 -3  0 -1 -4 -3  0  0 -4 -3 -2    2   0   1   2   0  11  56   0   1   5   2   5   2   0   0   6   6   0   0   1  0.74 0.30
   53 K    0  3  1 -2  0  0 -1 -3 -1  0  1  2  0 -2 -3 -1 -1 -3  0  1    6  18   7   0   2   3   0   0   1   6  15  18   1   0   0   3   3   0   4  12  0.15 0.11
   54 E    1  1  3  2 -4  2  2 -2  1 -4 -3  2 -2 -4 -2  0 -1 -4 -3 -3   14   5  18  10   0  13  17   0   4   0   2  12   0   0   0   4   0   0   0   0  0.39 0.17
   55 K   -2  2 -1 -2 -4  5  1 -1  3 -4 -4  3 -2 -3 -3 -1  0 -3  2 -3    0  11   0   0   0  33   5   3  10   0   0  20   0   0   0   3   7   0   8   0  0.58 0.23
   56 L   -3 -4 -5 -5 -3 -4 -5 -5 -4  1  6 -4  3  1 -5 -4 -3 -3 -2 -1    0   0   0   0   0   0   0   0   0   3  87   0   7   4   0   0   0   0   0   0  1.16 0.33

                      K         Lambda
Standard Ungapped    0.1218     0.3089
Standard Gapped      0.0406     0.2670
PSI Ungapped         0.1328     0.3169
PSI Gapped           0.0406     0.2670
