
Last position-specific scoring matrix computed, weighted observed percentages rounded down, information per position, and relative weight of gapless real matches to pseudocounts
            A   R   N   D   C   Q   E   G   H   I   L   K   M   F   P   S   T   W   Y   V   A   R   N   D   C   Q   E   G   H   I   L   K   M   F   P   S   T   W   Y   V
    1 G     2  -2  -1  -2  -2  -2  -2   6  -2  -3  -3  -2  -3  -3  -2   0  -1  -3  -3  -3   21   0   0   0   0   0   0  79   0   0   0   0   0   0   0   0   0   0   0   0  0.87 0.05
    2 S     1  -1   0  -1  -1  -1  -1  -1  -1  -3  -3  -1  -2  -3  -1   5   1  -3  -2  -2    0   0   0   0   0   0   0   0   0   0   0   0   0   0   0 100   0   0   0   0  0.65 0.10
    3 P    -1  -2   2  -1  -3  -1  -1  -2  -2  -3  -3  -1  -3  -4   7   1  -1  -4  -3  -3    0   0  16   0   0   0   0   0   0   0   0   0   0   0  68  16   0   0   0   0  1.36 0.09
    4 R    -1   3   0  -1  -3   2   0   1  -1  -3  -3   2  -1  -3  -2   1   1  -3  -2  -2    0  29   0   0   0  16   0   9   0   0   0  13   0   0   0  16  16   0   0   0  0.32 0.04
    5 R    -1   4  -1  -2  -3   0  -1  -2  -1  -3  -2   2  -1   2  -2   2  -1  -2  -1  -2    0  43   0   0   0   0   0   0   0   0   0  16   0  16   0  25   0   0   0   0  0.36 0.06
    6 K    -1   0   2   1  -3   2   0  -2   3   1  -1   2  -1  -2  -2  -1  -1  -3  -1   1    0   0  15   8   0  12   0   0  13  12   0  26   0   0   0   0   0   0   0  15  0.17 0.05
    7 A     3  -2  -1  -2  -2   1   1   4  -2  -3  -3  -1  -2  -4  -2   0  -1  -3  -3  -2   40   0   0   0   0   8   9  44   0   0   0   0   0   0   0   0   0   0   0   0  0.57 0.13
    8 L     0  -3  -3  -4  -2  -3  -3  -1  -3   3   4  -1   1  -1  -3  -2   0  -3  -2   0    8   0   0   0   0   0   0   4   0  23  54   5   0   0   0   0   6   0   0   0  0.37 0.14
    9 T     0   0   2  -1  -2   2   0   0  -1  -2  -2   0  -1   1  -2   1   2  -3  -1   0    7   4  16   0   0  12   3   9   0   0   0   3   0  10   0   7  17   0   0  11  0.15 0.10
   10 N    -2   1   3   1  -4   0   4  -1  -1  -1  -3   0  -3   0  -3   1  -1  -4  -3  -3    0   6  22   7   0   3  32   2   0   5   0   3   0   5   0  15   0   0   0   0  0.44 0.21
   11 N     1   0   1   2  -3   0   1   1  -2  -3  -2  -1  -2  -4  -2   3   0  -4  -3  -2    9   5   5  14   0   3   7  10   0   0   3   0   0   0   0  38   4   0   0   2  0.34 0.19
   12 N    -2   0   1   0  -3   2   1  -1   5  -2  -1   0   2  -2  -1  -1   0  -3   1  -1    0   5   7   4   0   9  10   5  20   0   5   5   8   0   3   0   9   0   7   4  0.24 0.16
   13 N    -1   0   5   2  -3   1   0  -2  -2  -2  -3  -1   0  -4   1   2   0  -4  -3  -3    4   4  33  12   0   7   2   0   0   3   0   2   4   0   7  14   5   0   0   0  0.45 0.22
   14 A     1  -2  -1  -2   3   1   0  -2  -2  -1   0   0  -1   0  -2   1   2   1  -2   0   13   0   2   0   7   8   5   0   0   2   8   6   0   4   0  15  18   2   0   9  0.16 0.14
   15 G    -3  -3  -1   0  -1  -3  -2   0  -4  -5  -5   0  -4  -5   7  -2   0  -5   0  -4    0   0   4   6   2   0   2   6   0   0   0   5   0   0  65   0   5   0   3   0  1.49 0.43
   16 E    -1   1  -2  -1  -1   5   3  -3  -2  -2  -2   1  -2  -4  -3  -1   1  -4  -3  -1    5   7   0   2   1  30  23   0   0   2   3   7   0   0   0   3   9   0   0   6  0.46 0.26
   17 A     1   2   0  -1   0   3   0   0   0  -1  -1   2  -1  -1   0   0  -1  -3  -2  -2   13  14   3   2   3  17   2   7   2   5   8  12   0   4   5   4   0   0   0   0  0.15 0.13
   18 E    -2  -1  -2  -2  -3   1   2  -4  -3   1   1  -2   3  -2   1  -2   0  -4  -3   3    0   2   2   0   0   7  19   0   0   8  14   0   8   0   6   0   4   0   0  30  0.31 0.22
   19 Q    -1  -3  -2   1   0   1   1  -2  -3  -1  -2  -1  -3  -2   6  -1   1  -5  -4  -1    5   0   0   8   2   7   9   2   0   3   3   4   0   2  41   3   8   0   0   4  0.71 0.27
   20 Q     1   1  -1  -2  -3   1  -1   1   2  -2  -1   2   0  -3   0   0   0  -3  -1   0   13   9   2   0   0   6   2  11   6   0   6  19   3   0   3   3   4   0   2  11  0.12 0.12
   21 P     0  -2   1  -1  -3  -3  -3  -3  -3   0   1  -2  -2  -1   4  -2   2   3  -3   1   10   2   7   3   0   0   0   0   0   6  14   2   0   2  27   0  13   5   0   9  0.42 0.23
   22 P     0  -1  -3   1  -1   0  -2  -1  -3  -1   0  -2  -2  -1   6   0   0  -4  -4  -3    9   3   0  10   1   5   0   5   0   3  12   2   0   2  38   5   5   0   0   0  0.63 0.28
   23 K    -1  -3  -2   0  -1  -2  -1   5   0  -4   0   2  -3  -2  -2  -1  -3  -4  -4  -4    3   0   0   6   1   1   4  51   3   0  10  13   0   2   2   4   0   0   0   0  0.67 0.33
   24 A     1   2   0  -1   0   1   0  -1   2  -1  -1   2   0  -1   0   1   0  -3  -2  -1   16  12   3   1   3   5   4   4   6   5   3  17   2   3   3   8   3   0   0   1  0.12 0.12
   25 K    -1   0  -1  -1  -4   1   2  -2  -2  -1  -3   3  -3  -4   4  -2   0  -4  -3  -1    4   5   1   2   0   6  17   2   0   4   2  25   0   0  20   0   7   0   0   5  0.46 0.26
   26 R     1  -1  -2  -1   1   0   0   0  -3   2   0  -1  -1  -2  -1   0   0  -4  -3   2   16   4   0   3   3   4   8   6   0  17   7   2   0   0   2   4   4   0   0  20  0.12 0.13
   27 A     1   1  -2  -2  -3   2   0  -3   0   1   2   1  -1  -2  -3  -1   0  -3  -1   2   11   7   0   1   0  10   4   0   2   5  21  11   0   0   0   3   5   0   2  16  0.14 0.15
   28 R    -2   4  -2  -1  -4   4   0  -3   1   0  -3   3   0  -4  -2  -1  -1  -4  -3  -2    2  23   0   3   0  21   5   1   4   8   0  23   2   0   1   3   2   0   0   1  0.55 0.31
   29 I     1  -1  -4  -4  -3  -3  -4  -4  -4   4   2  -2   0   0  -4  -2   0  -4  -3   3   12   4   0   0   0   0   0   0   0  33  17   1   1   3   0   1   4   0   0  22  0.48 0.26
   30 A     4  -3  -1  -3  -3  -2  -2  -2   0  -2  -3  -3  -2  -1   0   2   0  -4  -3   2   42   0   2   0   0   0   2   2   3   0   0   0   0   3   4  20   5   0   0  17  0.49 0.32
   31 F     0   1  -1  -4   8  -1  -3  -1   2  -3  -1  -1   0   0  -4  -2   0  -4  -1  -1    9   9   2   0  37   2   0   5   6   0   6   3   2   4   0   2   7   0   2   3  0.70 0.33
   32 H     0  -2   1   1  -4   1   0   5   0  -3  -3  -2  -4  -5  -4  -2  -1  -4  -4  -4    6   2   6   9   0   8   7  51   3   2   2   0   0   0   0   0   5   0   0   0  0.72 0.33
   33 L     0   0   0   1  -3   0  -1   0  -2   0   1   0  -1  -1   2  -1  -1   0  -2   0   11   6   6   9   0   3   3   7   0   3  17   6   0   3  12   4   0   1   0  11  0.09 0.09
   34 E    -1   0   1   2  -4  -1   3   1   2  -3  -3   0  -1  -1  -1  -1  -1  -3   1  -1    5   4   7  11   0   0  26  13   5   0   2   5   1   2   3   2   3   0   5   6  0.23 0.17
   35 L    -1  -1  -1  -3   2   0  -3  -2   7  -1   0  -3   1   1  -2  -1  -1  -3   2  -2    6   4   2   0   5   3   0   3  37   3   9   0   4   7   2   4   3   0   5   2  0.62 0.33
   36 P     1  -3   1  -3  -1  -3  -3   2  -3  -2  -4  -3  -3  -4   3   3   3  -5  -4  -3   11   0   5   0   1   0   0  18   0   2   0   0   0   0  13  31  18   0   0   0  0.58 0.34
   37 K     2  -3  -3  -2   0  -2  -2  -1   0   0   1   0   1   0  -3   1   0   2  -2   2   23   0   0   2   2   0   0   3   3   2  16   6   3   4   0  12   3   3   0  19  0.17 0.18
   38 R     2  -1  -2  -3   1  -1   0  -3   3   1   1  -2   0   0  -3  -2  -2  -3  -2   2   23   3   1   0   4   2   8   0   8  10  13   2   2   5   0   0   0   0   0  19  0.21 0.19
   39 R    -2   0  -3  -3  -3   0  -3  -1   3   0   3  -1  -1  -2  -1  -2  -1  -3  -2   2    0   6   0   0   0   4   0   7  11   4  39   4   0   0   4   1   4   0   0  14  0.30 0.23
   40 T     1  -3  -2  -1  -1  -3  -3  -2  -4  -2   0  -3  -2  -2   0   2   5  -4  -3  -2    9   0   0   3   1   0   0   2   0   1  10   0   0   2   4  18  47   0   0   1  0.64 0.38
   41 V    -1   1   1   1  -3  -1   2   0  -1   0   0   1   0  -3   0   0   0  -4  -3   1    1   7   7  10   0   0  15   6   1   3   8   9   2   0   3   5   8   0   0  13  0.11 0.12
   42 L    -2  -1   0   3  -3  -1   0   0  -2  -2   0  -1   0   1   2   0   0   1  -1  -2    0   4   4  20   0   2   5   9   0   0  12   4   3   7  12   8   4   2   2   1  0.19 0.15
   43 G    -2  -4   1  -1  -1  -4  -3   6  -1  -5  -3  -3  -4  -2  -4   0   0  -5  -4  -5    0   0   5   3   1   0   1  68   1   0   3   0   0   2   0   7   6   0   0   0  1.14 0.44
   44 N    -3   1   0   2  -5   3   4  -4  -2  -2  -3   3  -3  -4  -3   0  -1  -4  -1  -2    0   7   5  10   0  18  27   0   0   2   2  19   0   0   0   4   3   0   3   2  0.54 0.30
   45 V    -1  -5  -5  -6  -3  -4  -5  -5  -5   2   3  -5   2  -3  -5  -4  -3  -5  -3   5    5   0   0   0   0   0   0   0   0   9  30   0   4   0   0   0   0   0   0  51  0.96 0.42
   46 L    -5  -5  -5  -6  -1  -5  -5  -6   0  -1   1  -5  -1   5  -6  -3  -4   2   8  -3    0   0   0   0   1   0   0   0   2   3  12   0   1  26   0   2   0   2  51   0  1.54 0.57
   47 V     1  -3  -3  -4   5  -3  -3  -1  -3   0  -1  -3   4  -3  -3   2   2  -4  -1   2   11   0   0   0  13   0   0   4   0   5   2   0  13   0   0  21  13   0   3  15  0.44 0.30
   48 C    -3  -6  -6  -7   3  -2  -6  -6  -5  -2  -2  -6   0   5  -3  -5  -5  11   1  -5    3   0   0   0   7   3   0   0   0   2   4   0   2  23   2   0   0  51   3   0  2.24 0.69
   49 G    -2  -6  -4  -5  -6  -5  -5   7  -5  -7  -7  -5  -6  -6  -5  -3  -5  -6  -6  -6    2   0   0   0   0   0   0  98   0   0   0   0   0   0   0   0   0   0   0   0  2.39 0.74
   50 N     1   0   1   0  -3   1   0   1   0  -2   0   0  -2  -3  -2   2   1  -3  -2  -2   13   3   8   5   0   7   4   9   2   2  10   6   0   0   0  20  11   0   1   0  0.16 0.14
   51 G    -2  -3   6   1  -4  -1  -2   4  -2  -4  -3  -2  -3  -4  -3   0  -1   0  -4  -4    2   1  40   8   0   3   1  30   0   1   3   1   0   0   1   4   4   1   0   1  0.83 0.35
   52 D    -1   2   2   1   0  -1   0  -1  -1  -1  -1   1  -2  -2  -1   1   0  -3  -1  -1    3  12  16   7   3   1   6   4   0   3   7   7   0   0   2  16   6   0   3   4  0.14 0.11
   53 V    -1  -1   2   0  -3  -1  -2  -2   4  -2  -1  -1   1   2  -3  -1  -2   5   3  -1    4   3  12   7   0   3   1   1  12   1   7   3   5  10   1   5   1   9  10   6  0.27 0.16
   54 G    -2  -1   1   0   1  -2  -2   5   1  -3  -3  -2  -3   0  -3   0  -2  -3  -3  -1    1   3   9   5   3   1   2  50   3   1   1   1   0   6   1   5   1   0   1   5  0.61 0.26
   55 Q    -2   0  -2  -2   2   6   1  -3   0  -3   0   1  -2  -3  -3  -2   1  -3   0  -3    1   4   1   1   6  43  10   1   2   1  10   7   0   1   1   1   8   0   3   1  0.61 0.32
   56 L    -3  -3  -4  -1   0  -3  -3  -4  -4   1   5  -3   0   1  -1  -2  -2  -3  -2   0    1   1   1   4   2   1   1   1   0   8  66   1   0   5   4   2   1   0   0   2  0.73 0.32
   57 G     0  -4  -2  -3  -4  -3  -1   7  -4  -4  -4  -3  -4  -4  -1  -2  -3  -4  -4  -4    6   1   1   1   0   1   3  79   0   1   1   1   0   0   3   1   1   0   0   1  1.48 0.47
   58 L    -2  -1  -1  -3  -2  -1  -2  -3   3   1   2  -2   2   0  -1  -1   0   1   0   1    1   4   2   1   0   2   2   1  12  10  29   1   5   3   2   4   8   2   2  10  0.20 0.15
   59 G    -1  -2   0  -1  -4  -3  -3   6  -1  -4  -4   0  -4  -4   0  -1  -2  -4  -4  -3    4   2   4   2   0   0   1  66   1   1   1   5   0   0   5   2   2   0   0   2  1.03 0.38
   60 E    -2  -2   1   2  -3   2   3   0   0  -3  -3  -1  -2  -2   1   1   2  -3  -1  -3    1   1   7  13   0   8  22   6   2   1   1   2   0   2   6   8  16   0   2   1  0.31 0.18
   61 D    -1   0   3   3  -3   0   1  -2   1  -2  -3   1  -3  -3   1   1   1  -4  -2  -3    4   3  17  22   0   3   7   1   3   2   2   8   0   0   6  12   8   0   2   0  0.35 0.19
   62 I     0  -1   0  -2   0   0   1  -2  -2   1   0   0   1  -1   1   0   0   1  -1   1    7   2   4   0   2   4  10   1   0  14   8   7   5   2   6  10   3   3   1  12  0.07 0.08
   63 L     0  -2  -3  -1  -2  -2  -2  -3  -3   1   2  -1   2   0  -1   0   0   2   0   2    7   1   0   4   0   0   0   0   0   5  21   4   6   5   3  11   3   3   3  21  0.16 0.15
   64 E    -1   0   0   1  -3   0   2  -1   0  -1  -1   1   0  -2   1   0   0  -3   1   0    1   4   3   8   0   1  15   5   2   3   6  10   3   0   7   9   7   0   6   9  0.10 0.10
   65 R    -2   3  -3  -3  -4   0  -1  -2   3  -1  -2   0  -3  -4   5   0  -2   1  -3  -1    1  18   0   0   0   5   3   3   7   5   4   4   0   0  34   9   0   2   0   4  0.66 0.32
   66 K    -1   3  -2   1   3   3  -1  -3   2  -4  -2   2  -1  -4   3  -1   0  -4  -3  -3    3  16   0   8   6  13   2   0   5   0   3  16   1   0  18   1   7   0   0   0  0.47 0.27
   67 R    -1   3  -2  -2  -3   2   0  -1   0  -1   0   1   2  -3   2   0   0  -4  -3  -1    2  22   0   0   0   9   4   3   2   3  10   7   7   0  12   9   5   0   0   4  0.26 0.19
   68 L    -2  -3  -3  -2  -3  -3  -2  -4  -3   1   3  -2  -1   2   3   0   0  -3   1   0    2   0   0   2   0   0   2   0   0   7  33   1   0  11  18   7   6   0   6   6  0.41 0.25
   69 S     0  -1   2   0   1  -1   2   0  -2  -1   0   0  -1  -3   0   2   0  -4  -3   0    5   3  11   2   4   0  15   7   0   2   9   3   1   0   4  20   5   0   0   8  0.14 0.15
   70 P     1  -2  -2   0   1  -1   0  -1  -3  -1  -1  -2  -1  -2   4   0  -1  -4  -1   0   16   2   1   6   3   3   6   5   0   3   7   0   1   2  26   4   2   0   2  10  0.33 0.19
   71 V    -2  -3  -1  -3  -3  -2   0  -2  -3   1   3  -1   0   2   1  -2  -1  -3   0   1    2   0   4   0   0   0   6   4   0   7  38   5   0  12   7   2   3   0   2   8  0.25 0.19
   72 A     0   0  -1   1   2   1   0  -2  -2   0   1   0   0   1   0   0   1  -2  -1  -1    6   5   2  10   6   7   4   2   0   4  18   5   3   7   4   9   9   0   0   1  0.06 0.08
   73 G    -1   0  -1   1  -3   0  -1   3  -2   0   1  -1  -1  -1  -2   1  -1  -3  -3  -1    3   7   2   7   0   4   2  25   0   5  18   3   0   2   2  15   0   0   0   4  0.17 0.15
   74 I     0   2   2  -1  -3   0   0   2  -2  -1  -1   1  -2   0   1  -1  -1  -3  -2  -1    5  11  14   1   0   2   8  15   0   3   7  12   0   5   7   1   3   0   0   5  0.15 0.13
   75 P     0   2   0   1  -1   1   0  -1   1  -2  -1   2  -2  -3   2   0   1  -1  -2  -1    7  11   2   7   1   7   4   5   3   1   6  16   0   0  11   4   8   1   0   4  0.17 0.12
   76 D    -1   1   1   1   0   1   2  -1   1  -1  -3   2   0  -3  -2   0  -2  -4  -1  -2    3   9   8  10   2   6  13   5   5   5   0  18   3   0   0   7   0   0   1   2  0.22 0.15
   77 A     1  -3  -4  -5  -3  -4  -4  -3  -5   4  -1  -1  -1  -3  -1  -1  -1  -5  -3   5   12   1   0   0   0   0   0   1   0  25   2   5   0   0   3   4   2   0   0  44  0.64 0.35
   78 V    -2   1   0  -3   1  -1  -2  -3  -1   2   1   0  -1  -2  -3  -1   1  -3  -2   3    0  11   5   0   3   2   2   0   2  15  16   7   0   0   0   3   9   0   0  24  0.22 0.18
   79 D    -3   1  -2   2  -4   5   1  -4  -1  -1  -2   2   0   0  -3   0  -1  -4  -3  -2    0   7   0  14   0  33   5   0   1   3   4  12   2   6   0   7   3   0   0   2  0.48 0.31
   80 I     0  -4  -5  -5   3  -2  -4  -5  -5   3   0  -4   1   1  -4  -2  -1  -4  -3   5    6   0   0   0   7   2   0   0   0  19   3   0   3   8   0   2   2   0   0  46  0.71 0.36
   81 S     4  -3  -3  -1   2   0  -2  -1  -3  -2  -2  -3  -3  -4  -3   2   1  -4  -1   0   44   0   0   3   4   4   1   4   0   1   2   0   0   0   0  19   6   0   2   7  0.49 0.32
   82 A     2  -4   0  -4   6  -3  -4   1  -4  -2   1  -3   0  -3  -4   0   0  -4  -4   2   19   0   5   0  22   0   0  12   0   0  13   0   3   0   0   8   4   0   0  15  0.48 0.28
   83 G    -1  -5  -3  -4   4  -5  -5   7  -5  -6  -6  -2  -5  -6  -5  -1  -4  -6  -6  -6    3   0   0   0   8   0   0  83   0   0   0   2   0   0   0   4   0   0   0   0  1.83 0.62
   84 G     0   2   0  -1  -4  -1  -1   4  -2  -2  -3   2  -3  -3  -3   1  -1  -3   2  -2    6  11   3   3   0   1   2  33   0   3   1  12   0   0   0  12   2   0   8   2  0.39 0.24
   85 M     1  -1   3   0   1  -2  -1   0   1  -2  -2  -1   2   2   0  -1   0   2   2  -2   13   4  17   6   4   0   2   6   3   1   0   2   8  10   5   0   7   3   8   2  0.17 0.18
   86 H    -5  -4  -1  -4  -1   0  -1  -1  10  -6  -6  -4  -5  -2  -5  -2  -2  -5   0  -6    0   0   2   0   1   4   3   5  76   0   0   0   0   2   0   2   3   0   2   0  2.30 0.76
   87 N    -1  -1   0  -3   1  -2  -3  -3  -3   1   1  -1   0  -1  -3   4   3  -4  -3  -1    2   2   3   0   3   0   0   0   0   7  14   4   2   2   0  40  18   0   0   2  0.45 0.33
   88 L     1  -4  -4  -4   1  -3  -4  -1  -4   0   3  -3   2   0  -4  -2  -1  -3   0   3   13   0   0   0   3   0   0   5   0   2  33   0   6   4   0   2   3   0   3  27  0.40 0.25
   89 V     2  -4  -4  -4   3  -3  -4  -1  -4   0   2  -3   2   3  -4  -2  -2  -3  -2   3   21   0   0   0   6   0   0   4   0   2  23   0   5  13   0   0   0   0   0  24  0.43 0.27
   90 L    -3  -2  -5  -5  -3  -4  -4  -5  -5   2   4  -3  -1  -2  -5  -1  -2  -4  -2   3    0   3   0   0   0   0   0   0   0  10  52   1   0   0   0   6   1   0   1  26  0.77 0.37
   91 T    -2  -3   2   1  -3  -2  -3  -3  -4   0  -1  -3   0  -2  -4   2   5  -5  -4  -1    0   0   8   8   0   1   0   1   0   5   5   0   3   1   0  14  51   0   0   2  0.74 0.42
   92 K    -1   0   1   3  -4   0   3   1   0  -4  -4   1  -3  -4  -3   0   0  -5  -3  -1    5   4   8  16   0   3  28   9   2   0   0   8   0   0   0   7   6   0   0   4  0.39 0.23
   93 S    -1   1   2   3  -4   0   2   0  -2  -4  -3   1  -3  -3  -1   1   0  -4  -3  -4    3   7  13  21   0   3  16   8   0   0   2   7   0   1   2  12   6   0   0   0  0.38 0.22
   94 G    -3  -2   1  -3  -5  -2  -2   6   2  -6  -6  -2  -5  -6  -5  -1   0  -5  -5  -5    0   2   6   0   0   2   2  72   5   0   0   2   0   0   0   3   6   0   0   0  1.36 0.51
   95 D    -1   2   2   2  -4   2   3  -1   0  -3  -3   2  -3  -4  -3   0  -1  -4  -3  -1    4  13  12  10   0  11  19   3   2   0   0  11   0   0   0   5   3   0   0   6  0.35 0.20
   96 I    -1  -4  -5  -5   0  -4  -4  -5  -5   3   3  -4  -1  -2  -4  -4  -2  -4  -3   4    3   0   0   0   2   0   0   0   0  16  35   0   0   0   0   0   0   0   0  40  0.82 0.36
   97 Y    -4  -4  -5  -5  -5  -4  -5  -5  -2   0  -2  -5  -3   4  -5  -3  -4   7   8  -2    0   0   0   0   0   0   0   0   0   7   3   0   0  15   0   2   0  14  54   2  1.69 0.57
   98 S     1  -3  -2  -3   2  -2  -3   0  -3   0  -1  -2   2  -3  -3   3   3  -4  -3   1   14   0   0   0   4   0   0   6   0   4   3   0   6   0   0  27  22   0   0  12  0.38 0.27
   99 F    -2  -5  -5  -5   7  -2  -5  -4  -4  -1  -2  -5   0   4  -5  -4  -1  10  -1  -4    2   0   0   0  22   2   1   1   0   3   3   0   2  15   0   1   4  42   0   1  1.88 0.57
  100 G    -2  -4  -3  -4  -5  -4  -1   7  -4  -5  -5  -4  -5  -5  -4  -3  -4  -5  -5  -2    2   0   0   0   0   0   4  86   0   0   1   0   0   0   0   0   0   0   0   3  1.81 0.59
  101 C     0  -1   0   2   2  -1   1   0   0  -1  -1  -1  -2  -2  -2   1   0   3   0   0    7   3   4  14   6   0  11   6   2   4   7   2   0   0   0  11   3   5   4  10  0.09 0.10
  102 N    -3  -3   8  -2  -5  -1  -2   1  -2  -5  -5  -1  -4  -5   0  -2  -3  -5  -4  -5    2   0  73   0   0   3   2  11   0   0   1   3   0   0   4   0   0   0   0   0  1.57 0.58
  103 D    -1   1   3   3   0   0   1  -1  -2  -3  -2   0  -2  -3   0   1   0  -4  -3  -2    4  11  14  19   3   3   9   3   0   0   4   4   0   0   3  14   6   0   0   2  0.28 0.17
  104 E    -1   0   1   1   0   0   0  -1   3  -2  -1   2  -2  -1  -2   1   0   0   1   0    4   4   8   7   2   2   6   4  10   0   6  15   0   3   0  12   3   1   6   7  0.11 0.11
  105 G    -1  -4  -3  -3  -4  -3  -2   6   1  -5  -5  -3  -4  -1  -4  -1  -3  -4  -1  -4    5   0   0   0   0   0   2  75   4   0   1   0   0   4   0   3   0   0   2   1  1.40 0.48
  106 A     0   1  -2  -3   0   7   1  -4  -2  -4  -4  -1  -3  -4  -3  -2   0   2  -3  -2    8   8   0   0   3  55   7   1   0   0   1   2   0   0   0   2   6   3   0   2  0.98 0.46
  107 L    -3  -4  -4  -5   5  -4  -4  -2  -4   1   5  -4  -1   0  -4  -4  -3  -3  -3   0    1   0   0   0  14   0   1   3   0   5  64   1   0   4   0   1   1   0   0   4  0.92 0.38
  108 G     1  -4  -2   0  -4  -3  -3   6  -4  -2  -4  -3  -4  -4  -2  -1  -3  -4  -4  -4   10   1   0   5   0   0   1  71   0   2   1   1   0   0   2   2   1   0   0   1  1.27 0.44
  109 R    -1   3   0  -3  -3   0  -1  -2   4   0   1  -1  -1  -1  -1   0  -1  -3  -1   0    5  18   4   0   0   4   1   3  15   5  21   0   0   2   2   8   2   0   2   7  0.20 0.18
  110 D     0  -2   1   2  -3  -2   0   4  -3  -3  -3   0  -3  -4   2  -1  -1  -4  -4  -2    8   2   8  11   0   0   6  38   0   0   2   6   0   0   9   3   2   0   0   3  0.47 0.23
  111 T    -1   0   2   1  -3   0  -1  -1   1  -1  -1  -1  -2  -3  -1   1   3  -3  -2   0    1   4  11   8   0   4   1   4   5   3   7   3   0   0   3  11  27   0   0   7  0.22 0.18
  112 S     0  -1   1   1   0   1   0   0  -2  -1  -1   0  -2  -1  -2   2   1  -3  -2  -1    6   2   7   6   2   7   3   7   0   4   8   5   0   2   1  25  12   0   0   3  0.14 0.13
  113 E     0  -1   0   1  -3   1   3  -1   0  -1  -2   1  -1   0   1   0  -1  -3   0  -1    7   2   4   8   0   7  22   4   1   2   3  10   2   5   6   8   2   0   3   6  0.15 0.11
  114 D    -2   2   3   2  -3   2   1   0  -1  -2  -2   0   0  -1  -1  -1   0  -3   1  -3    1  12  16  11   0  13   6   8   0   2   2   5   3   2   2   2   7   0   5   0  0.24 0.17
  115 G     1   1   1  -2  -2   2   0   1  -2   0  -1   1  -1  -1  -1   0  -1  -3  -2   1   12  10   8   1   0  12   6  10   0   9   4   9   0   2   2   5   1   0   0  11  0.10 0.11
  116 S     0   0   0   0  -2   1   0  -2  -2   0   0   0  -1  -1   2   1   0  -3  -1   0    4   5   3   6   0   8   7   2   0   7   8   4   0   3  11  15   5   0   2  10  0.10 0.08
  117 E    -1  -1   0  -1  -3   1   2  -1   2  -1   0   0  -1   0  -2  -1   0  -2   2   0    3   1   5   2   0   8  22   6   5   4   8   4   0   3   0   3   8   0   8  10  0.12 0.13
  118 S    -1   0  -2  -1   0   0   0  -1   2  -2  -2  -1   1   1   5   0  -1   2   0  -1    3   5   0   2   2   4   5   5   5   0   2   4   6   8  27   8   3   3   3   4  0.35 0.18
  119 K    -1   0   0  -1  -2   1   0  -3   2   1   0   1   0   0   0   0   1   1  -1   0    3   6   3   3   0   6   5   0   9  11   9   9   3   4   5   4  10   2   0   9  0.06 0.08
  120 P    -3   1  -4  -4   0   1  -2  -1  -4   1  -1  -1  -3  -5   7  -1  -1  -5  -4  -3    0   7   0   0   2   9   2   4   0   9   5   3   0   0  52   4   3   0   0   0  1.10 0.43
  121 D     1   1  -1   0   1   1   1  -1   0   0  -1   2  -1  -1  -2   0   0  -3  -2   0   11   8   2   5   3   9   9   4   2   6   4  14   0   3   0   3   6   0   0  10  0.09 0.09
  122 L    -2  -1  -1  -1   0   0  -2  -2   0   1   3   2   0   1  -1  -1   0  -3  -1   0    1   1   2   3   2   4   0   3   2   6  32  17   2   6   2   3   4   0   1   7  0.14 0.16
  123 I    -1  -1  -2  -4  -3   0  -3  -2   0   3   1  -3   1   0   0  -1  -1  -4  -2   3    3   4   1   0   0   5   0   3   2  17  15   0   2   4   5   5   2   0   0  31  0.27 0.20
  124 D    -1   1   1   2   1   0   4  -1   1  -3  -1  -1  -3  -1   1   0   0  -4  -3  -2    2   7   7  11   4   1  31   4   4   0   6   0   0   3   7   6   5   0   0   2  0.30 0.22
  125 L    -1  -1  -1  -1  -3  -2  -1  -1  -1   1   2  -1   0   2  -3   0   0   1   2   0    3   2   2   3   0   0   3   6   1   8  31   4   1  10   0   6   4   2   8   5  0.14 0.13
  126 P     0  -1   1   2  -3   1   2  -1   0  -2   0  -1  -2   0   2  -1   0  -3  -2  -1    7   1   7  13   0   6  14   5   2   0  12   3   0   6  12   3   5   0   0   3  0.17 0.13
  127 G     0  -1   0  -1   3   1   0   2   0   0  -1   0   0  -3   0   1  -1  -3  -3   0    7   3   3   2   7   7   7  17   3   9   3   4   2   0   4  12   2   0   0   9  0.10 0.10
  128 K    -1   4  -2  -1   1   3   0  -3   1  -3  -4   3  -3  -4   2   0  -1  -4  -3  -2    4  22   0   3   3  16   4   0   3   1   0  25   0   0   9   5   2   0   0   3  0.50 0.28
  129 A    -1  -2  -4  -1  -3  -1  -2  -5  -4   4  -1  -1   1  -1  -2  -1  -2  -4  -3   4    4   2   0   3   0   3   2   0   0  34   2   5   3   2   1   4   0   0   0  35  0.56 0.32
  130 L    -1  -1  -1  -1  -3  -1  -2  -4   0   2   0   2   1  -3  -3  -1   0  -4  -3   4    3   1   2   4   0   2   2   0   2   9   7  17   3   0   0   4   4   0   0  39  0.34 0.26
  131 C     1   0  -1   0   3   4   0  -3   2  -2  -2   1   0   0  -3   1  -2  -4  -1  -1   12   2   3   5   6  28   4   0   5   2   2   7   3   5   0   9   0   0   2   5  0.30 0.24
  132 I     0  -4  -4  -5   1  -4  -4  -5   0   3   2  -4   2   1  -4  -3   0  -4  -3   4    6   0   0   0   3   0   0   0   3  19  17   0   4   5   0   0   4   0   0  41  0.63 0.32
  133 S     4  -3  -2  -1   1  -3  -3  -3   1  -1  -3  -3  -3  -1  -3   3   0   0  -3   1   35   0   0   4   3   0   0   0   5   4   0   0   0   3   0  31   4   1   0  10  0.51 0.34
  134 A     2  -5  -2  -5   9  -2  -5  -2  -5  -4  -2  -4  -4  -5  -5   2  -2  -5  -5  -2   17   0   1   0  54   2   0   3   0   0   3   0   0   0   0  15   2   0   0   2  1.60 0.57
  135 G    -1  -4  -1  -4   1  -4  -4   7  -4  -5  -5  -4  -5  -5  -4  -1  -1  -5  -5  -5    3   0   3   0   3   0   0  81   0   0   0   0   0   0   0   4   3   0   0   0  1.64 0.55
  136 D     0   2  -1   3  -4   1   1   0   0  -4  -3   0  -3  -3  -3   2  -1   6  -2  -2    6  10   0  17   0   8   7   7   2   0   2   6   0   0   0  19   2  11   0   2  0.39 0.24
  137 S    -1   0   3   2  -3   0   2   0   1  -3  -2   0  -1   2  -3   1  -1  -3   1  -2    4   3  17  11   0   3  13   5   4   0   3   4   2  10   0  12   2   0   4   2  0.21 0.17
  138 H    -2  -3  -1  -4  -1  -1  -1  -5   9  -4  -2  -4  -1   4  -5  -2  -1  -4   1  -2    3   0   2   0   2   2   3   0  53   0   3   0   1  19   0   3   5   0   3   2  1.38 0.55
  139 S    -1  -3   0  -3   2  -3  -3  -1  -4  -3  -1  -3   0  -1  -3   4   4  -5  -4  -1    3   0   4   0   4   0   0   3   0   0   5   0   2   2   0  38  35   0   0   3  0.72 0.42
  140 A     2  -4  -4  -5   2  -3  -4  -4  -4   1   3  -4   2   1  -4  -2  -1  -3   1   1   26   0   0   0   5   0   0   0   0   5  34   0   5   6   0   0   2   0   4  12  0.47 0.28
  141 C     4  -4  -4  -4   4  -3  -4  -1  -3   1  -1  -3   0   1  -4  -1  -2  -3   2   0   50   0   0   0   9   0   0   2   0   7   6   0   2   7   0   3   0   0   8   7  0.60 0.35
  142 L    -3  -5  -5  -6   3  -4  -5  -6  -5   3   4  -5   1  -2  -1  -4  -3  -4  -3   3    0   0   0   0   5   0   0   0   0  14  53   0   2   0   3   0   0   0   0  22  0.91 0.40
  143 L     0  -3  -1   1   2  -3  -3  -2  -4  -2   0  -3   0  -2  -3   2   5  -5  -4  -1    6   0   1   8   4   0   0   2   0   0  11   0   2   1   0  17  43   0   0   4  0.56 0.36
  144 E     0   0   1   4  -4   1   3  -3   0  -1  -2  -1  -1  -4  -3   1   1  -5  -3  -2    6   5   4  26   0   7  21   0   2   3   4   2   1   0   0  10   7   0   0   1  0.42 0.25
  145 D    -1   1   4   3  -1   1   0  -3  -2  -4  -3   2  -3  -2  -3   1   1   1  -3  -4    3   8  21  21   1   6   3   0   0   0   2  13   0   2   0  10   9   2   0   0  0.44 0.26
  146 G    -3   1   0  -4  -6  -4  -5   7  -5  -7  -7  -4  -6  -6  -5  -2  -4  -6  -6  -6    0  10   5   0   0   0   0  83   0   0   0   0   0   0   0   2   0   0   0   0  1.84 0.63
  147 R    -2   2   2  -1  -1   2   3  -1   0  -1  -1   2  -2  -4  -3   1   0  -4  -3  -3    0  12   9   2   2  12  19   4   2   4   6  14   0   0   0  10   4   0   0   0  0.30 0.21
  148 V    -2  -5  -5  -5   1  -4  -5  -5  -5   4   2  -2  -1  -3  -2  -4  -3  -5  -4   5    2   0   0   0   3   0   0   0   0  21  18   3   0   0   2   0   0   0   0  51  0.90 0.41
  149 F    -4  -2  -5  -6   2   0  -5  -6  -2  -2   0  -5   1   5  -6  -4  -4   5   7  -3    0   2   0   0   4   4   0   0   0   2   8   0   4  26   0   0   0   9  41   0  1.36 0.52
  150 A     2  -1  -2  -1   2  -1   0  -1  -3  -2  -1  -2   2  -3  -3   3   3  -4  -3  -1   19   3   0   3   4   2   4   3   0   0   5   0   7   0   0  25  19   0   0   4  0.31 0.25
  151 W    -2  -2  -5  -6   6  -1  -5  -5  -4  -4  -4  -5  -4   4   0  -4  -4  11   1  -4    3   2   0   0  15   3   0   0   0   0   0   0   0  14   4   0   0  50   4   0  2.16 0.65
  152 G     0  -4  -3   0  -5  -4  -4   7  -4  -6  -6  -4  -5  -5  -4  -1  -4  -5  -5  -5    5   0   0   5   0   0   0  83   0   0   0   0   0   0   0   3   0   0   0   0  1.73 0.57
  153 S     0  -1   0   1   0   0   1   0   1  -2  -3  -1  -2  -3  -2   2   2   4  -2  -1    6   2   4   9   2   3   8   6   4   1   1   3   0   1   1  21  16   8   0   5  0.25 0.17
  154 F    -1  -2   1  -2  -2  -2  -1   4  -2  -2  -1  -2  -2   2  -2  -1  -1   2   2  -2    2   1   7   1   1   1   4  41   1   1   8   2   1   9   1   4   4   3   7   2  0.40 0.17
  155 R    -1   2   0   0   2   0   1  -2  -1   0  -1   1  -1  -2  -1   2   0  -2   0  -1    4  17   3   5   5   3   8   2   0   7   4  10   0   1   2  18   3   0   5   3  0.14 0.11
  156 D    -2  -3   4   4   4  -2   0   0   1  -3  -3  -2   1  -3  -3   1  -2   0   1  -2    0   0  25  23  10   0   4   7   3   0   2   0   4   0   0  10   0   2   6   3  0.51 0.29
  157 S    -1  -1   2  -1  -1   0   0   4  -2  -3  -2  -1  -3  -1  -3   2  -1  -3   1  -3    2   4  12   3   1   3   4  32   0   0   5   3   0   3   0  19   2   0   5   1  0.36 0.21
  158 H    -2   0   1   1   3   3   1  -2   3  -2  -1   0  -2   2  -2   0  -2  -2   0  -2    1   4   8   9   9  18   8   1   8   1   4   6   0  10   1   5   1   0   3   3  0.25 0.17
  159 G    -1  -4  -1  -1  -4  -3  -4   5  -4  -3   2  -3  -2  -3  -4  -2  -2  -4  -4  -1    3   0   2   3   0   0   0  54   0   0  28   0   0   0   0   0   2   0   0   4  0.84 0.37
  160 N    -2  -1  -1  -3   0   5   0   4   0  -2  -1  -2  -2  -4  -3  -1  -1  -4  -3   0    0   2   3   0   2  30   4  31   3   1   7   0   0   0   0   2   4   0   0   9  0.51 0.31
  161 M    -3  -1  -1  -4  -3   0  -3  -4   5   3   3  -1   1   0  -4  -3  -1  -3  -2   1    0   3   3   0   0   5   0   0  19  19  32   3   2   4   0   0   2   0   0   7  0.47 0.27
  162 G    -2  -4  -3  -2  -4   0  -1   6   2  -2  -3  -2  -4  -3  -1  -1  -1  -4  -4  -4    0   0   0   2   0   4   4  67   5   3   3   1   0   1   3   3   3   0   0   0  1.06 0.42
  163 L    -1  -2   1   0  -2  -2   0  -2   1   1   1  -2  -1   0  -3   0   1  -3  -1   1    5   0  11   7   0   0   5   2   5   8  21   0   0   3   0  10   7   0   2  14  0.10 0.12
  164 T     0   0  -2  -1  -3   0   0   2  -2  -2   0   0   0   1   2   0   0  -2  -1  -2    5   6   0   3   0   5   7  16   0   0  13   5   4  10   9   8   5   0   1   0  0.11 0.11
  165 I    -1   0   1   2  -3   0   1  -1   2  -2  -1   0  -1  -1  -1   1   2   2  -2  -2    3   5   7  13   0   4   7   3   5   1   6   6   1   3   2  10  17   3   0   1  0.15 0.12
  166 D    -1   0   2   2   0   1   1  -2   1  -3  -3  -1  -2  -3   2   0   1  -3   1  -1    5   4  11  16   2   6   6   1   4   0   1   3   0   0  12   7  12   0   6   5  0.25 0.16
  167 G     0  -2   1  -2   4   0   0   0  -2   1   0  -1   0  -2  -3   1   0  -3  -3   1    6   0   9   0  11   3   7   8   0  14  10   3   2   0   0  10   6   0   0  10  0.12 0.13
  168 N    -2   0   3   2   1  -1  -1  -3  -2   0   1   0   0  -3   0   1   0  -4  -3   0    0   4  18  11   4   0   2   0   0   5  15   7   2   0   5  13   4   0   0   9  0.16 0.15
  169 K    -2   2   0  -2  -3   3   1  -1   1  -1  -1   2  -1  -3  -1   1   0  -3  -1   1    1  11   3   0   0  18   9   4   3   1   4  14   1   0   2  10   4   0   2  14  0.21 0.17
  170 R    -2   1  -3  -3   2   0  -1  -3  -3  -3  -2  -1   0  -1   6   1   0   0   0  -3    1   9   0   0   6   4   3   1   0   0   4   3   3   3  37  13   7   2   4   0  0.66 0.30
  171 T    -1   2  -2   1   1   1  -1  -3  -2   1  -1   0   1  -1   0   0   3  -3  -2   1    4  12   0   8   3   8   1   1   0   9   2   5   5   2   4   3  22   0   0  10  0.17 0.16
  172 P    -1  -1  -3  -2  -1  -1   0  -3  -3   0   1   1   0  -3   6  -2  -2  -4  -3  -1    5   3   0   2   1   3   6   1   0   7  15   9   3   0  40   1   1   0   0   3  0.69 0.29
  173 I    -2  -3  -3  -3   1   1  -2  -3  -1   3   2  -2  -1  -2  -1  -1   1  -3  -1   3    1   0   0   0   3   9   1   1   1  18  18   2   0   0   3   4   8   0   2  26  0.29 0.20
  174 D     0   1   1   1  -3   2   3  -2  -2  -1  -3   1  -1  -3   0  -1   0  -4  -3  -2    6   8   9   9   0   8  25   1   0   6   1  11   1   0   5   2   5   0   0   2  0.29 0.17
  175 L     1  -2  -1  -3   1   0  -1   0   0   1   1  -2   1   0  -3  -1  -1  -2   1   1   17   0   2   0   4   5   3   6   3   8  19   1   4   2   0   4   3   0   6  13  0.09 0.11
  176 M    -3  -3   0  -4   1   0  -3  -4   1   0   4  -1   1   2  -1  -1  -1  -3   0  -1    0   0   4   0   3   4   0   0   3   2  49   5   3  11   3   4   3   0   3   2  0.40 0.26
  177 E     0   1   2   1  -3   1   1  -2   1  -1   1   1  -1  -3  -3   1   0  -4  -2  -1    9   9  14   6   0   7   9   2   5   2  16   7   0   0   0  10   3   0   0   2  0.15 0.14
  178 G     0  -2   2   1  -4   1   0   4  -3  -2  -2   1  -3  -4   0  -1   0  -4  -4  -3    6   1  11   9   0   6   5  35   0   4   5   8   0   0   4   1   5   0   0   0  0.38 0.22
  179 T    -1   0   0  -2   0   0   1  -3   1   2  -1   2  -1  -2  -2  -2  -1  -3   3   2    6   5   6   0   2   4   8   0   3  13   5  16   1   0   2   0   2   0  12  15  0.15 0.17
  180 V    -2   3   2  -2  -4   0   2  -2   0  -3  -4   3   0  -4   4  -1   0  -5  -4   0    0  16  10   0   0   4  13   2   2   0   0  18   3   0  19   2   5   0   0   7  0.49 0.28
  181 C    -3  -5  -2  -5   3  -5  -5  -6  -1   6  -1  -5   2   0  -5  -4  -3  -5  -3   4    0   0   3   0   6   0   0   0   2  47   1   0   4   4   0   0   0   0   0  33  1.05 0.45
  182 C     0   0   0  -2   2   1  -1  -3  -2   1   0   0  -1  -2  -3   1   0  -4  -2   2    8   7   5   1   6   6   1   0   0  10  11   6   0   0   0  14   5   0   0  20  0.14 0.15
  183 S    -1   1   1   1   1   4   0  -1  -2  -3  -3   2  -1   0  -1   1  -1   3  -2  -2    2   5   6   6   4  27   2   3   0   0   0  15   1   4   2  13   2   5   0   2  0.36 0.25
  184 I    -3  -4  -2  -5   2  -4  -5  -5  -4   4   1  -4   3   0  -4  -4  -2  -4  -1   5    0   0   3   0   4   0   0   0   0  31   7   0   7   3   0   0   0   0   2  42  0.84 0.38
  185 A     5  -3  -1  -3   1  -3  -3   0  -3  -3  -2  -1  -1  -4  -3   3   0  -4  -4  -3   55   0   3   0   3   0   0   5   0   0   2   3   2   0   0  20   5   0   0   0  0.74 0.39
  186 S     2  -2  -1  -4   9  -4  -4  -3  -4  -1  -1  -4   0  -4  -2   0  -1  -4  -4  -3   18   2   3   0  48   0   0   2   0   3   7   0   2   0   1   8   4   0   0   0  1.25 0.47
  187 G    -1  -4  -1  -4  -4  -4  -4   6  -4  -5  -3  -4  -4  -2  -4   0  -1  -4  -1  -5    4   0   3   0   0   0   0  73   0   0   3   0   0   2   0   7   5   0   2   0  1.34 0.49
  188 A     1  -1   1   0  -3   1  -1   0   0  -1  -1   1  -2  -1   0   0  -1   3   2  -1   17   2   9   5   0   6   2   6   2   2   7   9   0   1   4   6   3   5  10   4  0.10 0.11
  189 D    -1   0   4   3  -4   0   0  -3  -1  -4  -3   0  -3   0  -3   1   0   4   3  -3    4   5  22  16   0   3   5   0   0   0   0   4   0   3   0  12   6   6  13   0  0.42 0.25
  190 H    -4  -2   1  -3   0  -1  -3  -2   9  -5  -4  -3  -4   2  -4  -2  -2  -4   0  -5    1   2   5   0   2   3   0   4  64   0   1   0   0  10   0   3   2   0   2   0  1.73 0.58
  191 L     0  -3   0  -3   2  -2  -2  -1  -3   1   0  -2  -2  -3  -3   3   2   0  -1   1    4   0   5   0   5   0   0   3   0   8   9   0   0   0   0  31  15   2   2  13  0.30 0.24
  192 V     1  -4  -2  -4   3  -3  -4  -1  -4   2   2  -3   2  -2  -4  -2  -2  -3  -1   3   17   0   3   0   7   0   0   4   0   9  25   0   7   0   0   0   0   0   2  25  0.39 0.24
  193 I     3  -3  -1  -4   3  -3  -3  -1  -3   0   1  -3   1   1  -1  -2  -2  -3   1   2   35   0   3   0   7   0   0   3   0   4  11   0   5   7   3   0   0   0   4  16  0.34 0.25
  194 L    -2  -4  -2  -5  -3  -2  -4  -5  -4   2   4  -4   1  -2  -4  -3  -2   1   1   4    2   0   3   0   0   2   0   0   0   8  44   0   2   0   0   0   1   2   4  30  0.65 0.33
  195 T     0  -3   0   3  -1  -3  -2   0  -3  -1  -1  -3  -3  -4  -1   2   5  -4  -4  -2    5   0   3  16   1   0   0   8   0   3   5   0   0   0   3  15  40   0   0   1  0.53 0.33
  196 T     1   0   2   2   1   0   3  -1  -2  -3  -2   1  -2  -3  -2   0   1  -4  -1  -2   16   5   9  12   3   3  21   3   0   0   2   7   1   0   0   5   9   0   2   1  0.26 0.18
  197 A     0  -1   2   4  -3  -1   1  -1  -2  -2  -3   1  -3   0  -3   1   1  -4  -1  -3    7   2  10  27   0   1   7   3   0   3   0  10   0   4   0  12   9   0   2   0  0.35 0.21
  198 G    -1  -1   0  -3  -4  -3  -4   6  -4  -5  -5  -2  -4  -5  -4  -1  -3  -4  -5  -2    3   4   5   0   0   0   0  74   0   0   1   3   0   0   0   5   0   0   0   3  1.36 0.48
  199 K    -2   2   1   1   2   2   3  -1   1  -3  -2   1  -1  -4  -3   0  -1  -4  -1  -2    0  11   7   7   6   9  24   5   4   1   4  10   1   0   0   7   1   0   1   1  0.30 0.20
  200 V    -2  -4  -2  -4   0  -4  -3  -5  -4   3   3  -4   1  -1  -4  -3  -1  -4  -3   4    1   0   3   0   2   0   2   0   0  15  30   0   2   1   0   0   3   0   0  40  0.66 0.32
  201 F    -4  -5  -2  -6   1  -5  -5  -5  -2  -3  -2  -5  -3   6  -6  -4  -4   4   7  -2    0   0   3   0   3   0   0   0   0   0   3   0   0  36   0   0   0   4  46   3  1.66 0.58
  202 T     1  -3   0  -3   1   0  -2   1   0  -1  -2  -2   2  -3  -1   2   3  -4  -3   0   12   0   3   0   4   3   0  12   3   3   0   0   7   0   3  19  23   0   0   8  0.29 0.23
  203 V    -5  -5   0  -5   3   0  -5  -5  -4  -4  -2  -5  -4   4   0  -4  -2  11  -1  -3    0   0   5   0   6   4   0   0   0   0   4   0   0  19   5   1   3  51   0   1  2.03 0.64
  204 G    -2  -4  -1  -4  -5  -4  -4   7  -4  -5  -5  -4  -5  -5  -4  -3  -4  -5  -5  -5    1   0   3   0   0   0   0  91   0   0   1   0   0   0   0   1   0   0   0   0  2.00 0.61
  205 C    -1   1   3   1   3   1   0  -1   1  -2   0  -1  -2  -2  -3   0   0   3   0  -1    3  10  17   7   9   6   4   3   3   0  10   3   0   0   0   6   7   4   3   3  0.16 0.14
  206 A    -2  -3   6  -2  -4  -2  -1   4  -2  -2  -4  -2  -4  -4   1   0  -2  -4  -4  -4    2   0  39   0   0   0   3  36   0   2   1   1   0   0   6   7   1   0   0   1  0.91 0.38
  207 E    -2   2   1   1  -3   1   3  -1   1  -1  -1   0  -1  -3  -2   1   0  -3  -2  -2    1  13   6   8   0   5  26   3   3   4   6   4   1   1   1  11   6   0   0   1  0.27 0.16
  208 Q    -1  -2   2  -2  -1   1   0  -3   4  -2  -1   0   2   2  -3   1  -1  -1   4  -2    5   1   9   1   1   8   4   1  11   1   4   6   7   7   1   9   3   0  21   1  0.33 0.21
  209 G    -1  -3   1  -3   0  -1  -3   6   1  -4  -1  -3  -3  -2  -3  -2  -2  -3  -1  -4    3   1   6   1   2   3   1  62   4   1   6   1   0   2   1   1   3   0   2   1  0.92 0.35
  210 Q    -2   2  -1  -2  -4   7   0  -3  -2  -3  -3   1  -2  -4  -3  -2  -2  -3  -3  -2    2  10   2   1   0  60   4   1   0   1   2   8   0   1   1   1   1   0   1   3  1.12 0.43
  211 L    -3  -3  -4  -4   1  -3  -4  -4  -4   0   5  -3   3  -2  -4  -3  -3  -3  -3  -1    1   1   1   1   3   1   1   1   0   3  75   1   7   1   1   1   1   0   0   1  1.04 0.40
  212 G     1  -3  -2  -3  -3  -1  -3   6  -3  -4  -4  -3  -3  -4  -1  -2  -3  -3  -4  -4   10   1   1   1   0   3   1  72   0   1   2   1   0   1   3   1   1   0   1   1  1.25 0.40
  213 R    -1   2  -2  -2  -2  -1  -2  -3   4   0   2  -1  -1   0  -1   0   0   1  -1   1    3  13   1   1   0   1   1   1  13   6  24   3   0   3   2   9   7   2   0   9  0.17 0.15
  214 L    -1  -2   0   0   4  -1  -1   3  -2   0  -1  -1  -2  -2   0   0  -1  -3  -1   1    2   1   4   5  11   2   3  29   0   7   5   4   0   1   4   7   1   0   3  11  0.22 0.14
  215 S     0  -1   1   2  -2  -1   0   1  -2  -1  -2   0  -2  -3   2   1   1  -3  -3   0    5   3   7  16   0   1   3  11   0   3   3   6   0   1  11  14   9   0   0   7  0.19 0.12
  216 E    -2   2   1   3  -3   0   2  -2   0  -3  -2   1   0  -3   0   0   0  -3   0  -2    1  10   6  16   0   2  19   1   2   1   2  10   3   1   5   7   6   0   3   3  0.26 0.15
  217 R     0   1  -1   0   0   0   1   0  -1  -1  -1   0  -1   0   2   1   1  -2   0  -1    6  12   1   3   3   2   8   9   0   3   5   5   2   5   9  11   9   0   3   4  0.09 0.07
  218 S     0  -1   2   0  -2   0  -1  -1  -1   0  -1   0  -1   1   0   1   1  -2   0   0    5   2  11   5   0   4   1   4   1   9   7   5   1   6   5  16  11   0   3   4  0.07 0.08
  219 I     0   0   0  -1   1   1   0  -1   1  -1   0   1   0  -1  -1   1   0  -2  -1   0    6   3   5   1   4   9   6   4   4   3  10  10   2   3   1  10   7   0   2   9  0.04 0.04
  220 S     0  -1   2  -1   2   1   0   0  -1   0  -1   0  -1  -2   0   1   0  -2  -1   0    6   1  12   1   5   7   6   6   1   9   6   5   1   1   5  12   6   0   3   6  0.06 0.06
  221 G     1   1   1   0   1  -1   0   0   0  -2  -2   1   0  -1   0   0  -1  -2   2  -1   13   9  10   4   5   1   7   9   2   1   2  10   4   1   4   6   1   0   9   4  0.09 0.08
  222 E     0   1   0   0   0   2   0  -1  -1   0   0   0   0  -2   1   0  -1  -2  -1   1    5   9   4   6   3  11   6   5   1   3   7   4   2   1   5   7   2   0   1  18  0.06 0.06
  223 G     0  -1   0   0   1   1   0   1  -1  -2  -1   0  -1  -2   3   1   0  -2  -2  -2    6   2   5   5   3   9   4  12   1   2   6   6   1   1  16  13   6   0   1   2  0.20 0.09
  224 R    -1   3   1   0  -2   1   1  -2  -1  -1   0   1  -1   0   0   0  -1  -2  -1  -1    3  19   6   4   1   8  12   3   1   4   8   9   1   6   4   5   4   0   1   2  0.14 0.08
  225 R     0   2   0  -1   1   2   0   0   0  -1  -1   0  -1  -2   2   0  -1  -2  -2   0    7  15   3   2   3  11   6   7   3   4   5   3   1   1  13   4   3   0   1   8  0.14 0.08
  226 G     0   0   0  -1   0  -1  -1   0   1   1   1   0   0   0  -1   0   0  -2  -1   0    8   5   3   2   2   1   4   8   5  15  15   9   1   5   2   5   4   0   1   3  0.01 0.04
  227 K     0   2   0   0  -1   1   1   0   0  -1   0   1   0   0  -1   0  -1  -2   0  -1    6  12   3   5   2   7   7   6   2   1  13   9   3   6   3   6   2   0   2   4  0.05 0.04
  228 R     0   2   0   0  -2   0   1  -1   1   0   0   1   0   1  -1   0  -1  -1   1   0    6  14   3   4   1   1  10   3   4   3   9   7   4   8   3   5   2   0   5   8  0.05 0.05
  229 D    -1   1   1   2  -2   1   0  -2   1  -2  -1   1  -1   0   0   1   0  -2   1  -2    4   8   7  12   0   8   3   2   3   1   5  10   1   4   3  15   7   0   5   2  0.14 0.09
  230 L     0   1   0   0  -2   1   1  -1   2  -2   0   0  -1  -1  -1   0   0  -2   1  -1    9   9   5   3   0   8  12   5   6   1  14   2   0   1   3   4   6   0   7   2  0.08 0.09
  231 L    -1  -1   1   0  -2  -1   0   0  -2   0   2   0   0   0  -1  -1   0  -2   1   0    4   3   7   6   0   1   6   6   0   5  30   7   2   3   3   1   5   0   5   6  0.06 0.08
  232 R    -1  -1   0   1   0   1   2  -1  -2   0  -1   1  -1  -1  -2   0   1  -3  -2   1    4   2   3   6   2   5  21   3   0   5   6   8   1   3   1   3  13   0   1  13  0.12 0.11
  233 P    -3  -4  -1   0  -5  -3  -1   1  -4  -2  -5   0  -4  -5   7  -3  -2  -5  -1  -4    1   0   2   6   0   0   3  13   0   3   1   5   0   0  60   1   2   0   2   1  1.43 0.51
  234 T    -2   2   1  -2   2   4   0  -1   1  -2  -1   1  -2  -3  -1   0   1  -3  -3   0    1  14   7   0   4  22   5   4   4   0   6  10   0   0   2   4   9   0   0   7  0.27 0.21
  235 Q    -1   3   0  -2   0   2   1  -2   1  -2  -1   0  -1  -2   2  -1   0   0  -2  -2    3  23   4   0   3  11   9   2   4   2   8   3   1   2  10   2   8   2   0   1  0.25 0.19
  236 L    -2  -2   0  -4   0  -4  -4  -1  -4   2   1  -4  -1   1  -4  -3  -1  -4  -2   5    0   2   5   0   2   0   0   5   0  11  15   0   0   7   0   0   3   0   0  49  0.58 0.32
  237 I     0   0   0   0  -2   0   0   1  -1   0   0   0  -1   0   2   0   0  -2  -1   0    6   4   5   4   0   3   7  13   1   8  10   8   1   4  10   3   8   0   2   4  0.07 0.05
  238 I     0  -3  -1   0  -2  -2  -2   1   2   0   1  -2   0   1   0   0  -1  -3  -1   1    7   0   2   7   0   0   1  15   8   4  21   0   2   6   6   7   1   0   2  11  0.10 0.12
  239 T    -1  -1   1  -2  -2  -1  -1  -1  -2   0   2  -1   1  -2   2  -1   0   0   0   1    2   2  11   1   0   2   5   4   0   4  25   3   4   0  11   3   8   2   4  12  0.13 0.13
  240 R     1   1   1  -2  -3   1   0   1   2  -2  -1   0  -2  -1   2   0  -1  -3  -2  -2   12   8   8   0   0   6   6  11   7   0   9   5   0   3  12   5   2   0   0   3  0.16 0.12
  241 A     1  -1   1   0  -3  -1  -1   4  -2  -1  -3  -1   0  -4   0   2  -2  -4  -3  -1   12   3   7   6   0   2   3  33   0   4   1   3   3   0   5  15   0   0   0   4  0.35 0.21
  242 K    -2   2   0   0  -3   0   0   1  -2   0   0   2  -1  -2   0  -1  -1   1  -1   0    0  11   5   5   0   3   3  14   0   7   8  21   1   1   3   4   1   2   2   8  0.12 0.13
  243 P     0   2   0  -1   1   0   0  -2   0   0  -2   0   0  -1   2  -1  -1  -3   0   1    9  14   6   2   3   3   7   3   3   7   0   5   2   2  12   0   2   0   3  17  0.13 0.13
  244 F     0  -2  -1  -3   0  -1  -2  -4  -3   4   1  -2   2   2  -3  -2   0  -3  -2   2    7   2   4   0   2   3   3   0   0  31  10   2   7  11   0   0   4   0   0  13  0.31 0.21
  245 E     1  -1  -1   0   0   3   0  -2   3  -1  -1   1   1  -1  -2   0  -1  -3  -2   1   12   2   3   5   2  18   6   2   9   3   2   9   4   3   1   5   1   0   0  15  0.16 0.16
  246 A     0   2  -1   1   1   3  -1  -3  -2   0  -1  -1   1  -1  -2   0   0  -3  -1   1   10  13   1   9   4  16   1   1   0   6   2   1   4   3   0   8   6   0   2  12  0.14 0.15
  247 I     1  -3  -1  -2   0  -1  -3  -3   1   2   0  -2  -1  -1  -3  -2   0   1  -2   4   13   1   3   3   2   3   1   1   5   9   5   3   0   3   1   1   4   2   0  43  0.36 0.24
  248 W     2  -3  -3  -3   5   0  -1  -1   1  -1   0  -2   0  -1  -3   0  -2   2  -2   1   25   0   0   1  16   4   3   4   5   0  10   1   3   3   0   8   1   3   0  14  0.30 0.22
  249 A     2   0  -3  -4   7  -2  -4   3  -4  -3  -2  -1   0  -4  -4  -2  -2   3  -4  -3   22   5   0   0  30   2   0  21   0   0   5   4   2   0   0   0   2   4   0   0  0.83 0.39
  250 T    -2  -4  -1  -1   0  -3   0   5  -1  -3  -2  -3  -3  -4  -4   1   2  -4  -4   0    0   0   2   2   2   0   8  49   2   0   4   0   0   0   0   9  13   0   0   7  0.68 0.35
  251 N     0   1   0   0  -1   1   0   2   0  -1  -1   0   0  -3  -2   1   0  -3  -2   0    6   8   5   4   1   7   5  20   2   4   3   6   2   0   0   9   6   0   0  10  0.12 0.10
  252 Y     1   0   0   3  -3   0   0  -1   3  -2  -3  -1  -2   2  -1  -1   0   3   3  -3   12   4   4  17   0   3   7   4   9   2   0   2   0   9   3   2   5   5  11   0  0.25 0.19
  253 C     0  -1  -1  -3   4  -2  -1  -1   6  -3  -1  -1  -3   2  -3   1   1  -3   1  -3    8   3   2   0  12   0   3   4  26   0   6   2   0  10   0  11   9   0   5   0  0.48 0.29
  254 T     1  -3   0  -3  -3  -1  -2  -2   4   0  -2  -2   0  -2  -3   3   3  -4  -2   0   13   0   3   0   0   2   0   2  13   6   2   0   2   2   0  26  18   0   0   8  0.36 0.27
  255 F     0  -1  -3  -3   3  -3  -3  -2  -3   0   0  -3   3   4  -3   0   1  -2  -1   2    8   3   0   0   8   0   0   2   0   4   9   0   8  21   0  10  10   0   0  15  0.30 0.22
  256 M     2  -2  -3  -4  -2  -3  -2   0  -3   2   3  -3   0   0  -3  -1  -1  -3  -2   1   20   3   0   0   0   0   2   7   0  14  32   0   1   4   0   3   3   0   0   8  0.28 0.21
  257 R     0   1   0  -1   3  -2  -2  -2  -3   1   2  -2   0  -2  -3  -1   1  -3  -3   2   10   9   4   3   6   0   2   2   0   8  25   0   1   0   0   3   9   0   0  15  0.17 0.16
  258 E    -1   0   0   1   0   1   1  -1   0   0   1   0  -1  -2  -2   1   0  -2  -1   0    3   3   5  11   3   6   9   3   2   4  16   7   0   1   1  12   5   0   3   7  0.06 0.06
  259 S     0  -2   1   1  -3  -1   2   0   0  -3  -3  -1  -3  -4  -2   3   3  -4  -3  -2    6   0   6   9   0   2  12   7   3   0   1   2   0   0   0  24  25   0   0   2  0.39 0.25
  260 Q    -2   0   2   2  -3   2   2   0   0  -3   0  -1  -1  -1   1   0  -1  -3  -1  -3    1   4  11  10   0  13  15   9   3   0  11   1   2   2   6   8   2   0   2   1  0.20 0.16
  261 T     0  -1   0   2  -1   1   2   2   1  -3  -3   1  -1  -3  -2   2   0  -4  -3  -2    4   2   2  12   1   5  14  18   4   0   1   8   2   0   0  16   6   0   0   3  0.26 0.17
  262 Q    -2   0  -1   0  -4   2   0   4   3  -2  -2   0  -3  -4  -3  -1  -1  -4  -3  -1    1   6   2   5   0  11   6  40   8   2   5   5   0   0   0   2   3   0   0   5  0.46 0.26
  263 V     1   0   0  -1  -2   0   0  -2   2   0   0   1   0   0  -2  -1  -1  -3  -1   1   12   6   6   2   0   3   8   1   7   4  10  10   2   6   0   3   3   0   0  17  0.06 0.09
  264 I    -2  -4  -4  -4  -3  -3  -4  -3  -4   2   1  -2  -1   0  -1  -2  -1  -3   2   5    2   0   0   0   0   0   0   2   0  12  15   3   0   2   3   3   3   0   7  47  0.56 0.31
  265 W     0  -4  -4  -4  -4  -3  -2  -4   2  -3  -1  -4  -3   5  -4  -3  -3   6   7  -1    8   0   0   0   0   0   3   1   5   0   4   1   0  22   0   1   1   9  38   5  1.09 0.43
  266 A     2  -2  -2  -2   2  -1  -1   2  -2  -1  -2   0   1  -3  -2   2   1  -3  -1  -1   22   0   0   0   4   3   2  16   0   2   2   7   6   0   0  16  12   0   3   4  0.24 0.19
  267 T    -3  -1  -2  -4   4  -3  -4  -1  -3  -3  -1  -4   1   3  -1  -2  -2  10   2  -1    1   3   2   1   9   0   1   5   0   1   5   1   4  13   3   3   2  37   6   4  1.22 0.43
  268 G    -1  -4  -3  -1  -4  -3  -2   7  -4  -4  -4  -3  -4  -4  -4  -2  -3  -4  -1  -2    3   1   1   3   0   0   3  78   0   1   1   1   0   0   1   1   1   0   2   4  1.46 0.50
  269 L     0   1   0   0   0  -1   0  -2   1   0   1   0   0   1  -2   0  -1   2   0  -1    7  10   6   8   2   0   4   1   5   5  21   5   1   6   1   8   1   3   2   4  0.06 0.09
  270 N    -1  -2   6  -1  -4  -2  -2   2   1  -4  -2  -1  -3  -4  -3   0   0  -4  -3  -4    6   1  50   2   0   1   1  17   3   1   4   4   0   0   1   5   5   0   0   1  0.84 0.38
  271 N    -1   1   2   1  -3   2   1   2  -1  -2  -2   2  -2  -3  -2   0  -1  -3  -3  -3    3   9  13   7   0   9  10  16   0   2   5  13   0   0   1   8   3   0   0   1  0.24 0.15
  272 F    -1  -2  -2   0   1  -1  -2  -1   3  -2  -1  -1  -2   4  -3   0   1  -1   5  -2    5   1   1   5   4   2   1   4   7   1   4   5   0  22   1   6   9   0  21   1  0.39 0.22
  273 K     0  -1   3  -2  -3  -2  -3   5   1  -3  -4   0  -3  -4  -3  -2  -2  -3  -3  -1    8   4  14   1   0   1   1  52   3   1   1   5   0   1   1   1   1   0   0   6  0.75 0.31
  274 Q    -2   2  -2  -3  -4   7   0  -4  -2  -4  -4   3  -3  -5  -1  -1  -1  -4  -4  -4    3   9   0   1   0  56   3   1   0   1   1  14   0   0   3   3   4   0   0   1  1.11 0.49
  275 L    -3  -3  -2  -4   3  -3  -4  -2  -4   1   5  -3   0   0  -4  -3  -1  -3  -3   0    1   1   2   1   7   0   1   3   0   7  63   2   0   3   1   1   3   0   0   6  0.73 0.34
  276 A     2  -3  -2   0   0  -1  -1   5  -3  -2  -2  -2  -1  -4   1   0  -2  -4  -4  -2   16   0   0   6   2   2   4  44   0   2   3   2   2   0   8   5   0   0   0   3  0.56 0.28
  277 H    -1   0   0   0  -3   1  -1  -3   3   1   2  -1  -1  -2  -3   0   1   2  -2   0    2   5   6   7   0   8   2   0  10   7  23   3   0   0   0   5  11   3   0   7  0.14 0.15
  278 E    -1  -1   1   3  -4  -1   2   3  -3  -4  -3  -1  -3  -2   2   0  -1  -4  -4  -4    4   3   5  17   0   1  19  28   0   0   3   3   0   2   9   5   2   0   0   0  0.45 0.25
  279 T     0  -1   2   1   0   0   1   0   0  -1  -1  -1  -1   0   1   0   1  -3  -2   0    7   3  16   7   3   3   9   5   2   2   6   1   0   4   7   4  10   0   0  10  0.09 0.09
  280 K     0  -1   1   0  -3   1   2  -2  -2  -2  -1   2  -2   0   3   0  -1  -3  -2  -1   10   2   8   5   0   7  15   2   0   0   5  14   0   5  13   5   3   0   0   5  0.21 0.15
  281 G     0  -1   1   1  -2   0   1   0  -1   0   0   0   1  -2   0   1  -1  -3   0  -1    6   1  10  11   0   2   9   8   0   6   8   6   4   0   4  11   2   0   5   5  0.07 0.08
  282 K     0  -1   1   2  -3   1   1  -1   1  -2  -2   0  -2  -1   2   0   0  -3  -1  -1    9   2   5  17   0   8   7   5   4   2   3   7   0   3  10   6   6   0   1   4  0.16 0.11
  283 E    -1   1  -2   1   2   2   3  -2   1  -3  -2   0   1   1   0   0  -1  -3  -2  -2    4   8   0   7   5   9  27   1   3   0   3   6   4   7   5   5   4   0   0   3  0.24 0.19
  284 F    -1  -1  -1  -1   1   1   0   0  -2   0   0  -1   0   2  -1   0   0  -2   0   0    0   3   2   4   5   8   7   8   0   7   9   3   3  15   3  11   4   0   3   6  0.05 0.09
  285 A     1  -1  -2  -1   0   0   0  -1  -2   2   1  -1   0  -1  -1   1   0  -3  -1   1   15   3   0   2   3   5   5   4   0  14  11   2   2   1   2  12   4   0   2  13  0.07 0.10
  286 L    -1  -3  -1  -1  -3  -1   0  -3  -3   0   0  -1   2  -3   5   1   1   0  -2   0    2   0   2   3   0   3   7   0   0   5   8   2   6   0  31  12   9   2   1   6  0.49 0.26
  287 T     0   0   0  -2   2   1  -1  -3   1   1   0   0  -1  -2   0   0   2  -3  -2   1    7   6   4   0   5   7   1   0   4  11  10   8   0   0   5   8  16   0   0   8  0.11 0.12
  288 P     0  -3  -3  -3  -1  -2  -1  -3   1   0  -1   2  -3  -4   6  -1  -3  -4  -1  -3    9   0   0   0   2   1   3   1   4   5   5  14   0   0  46   4   0   0   3   1  0.93 0.38
  289 I    -1   0   0  -2  -2   0  -1  -3   1   1   1   0   0   2  -1   0  -1  -2  -1   1    3   4   6   0   0   6   2   0   4  11  15   8   2  10   3   6   2   0   1  15  0.08 0.11
  290 K    -1   2   0  -1  -3   2   0  -2  -2   1  -1   2   0  -2   3  -1  -1  -3  -3  -2    3  12   5   2   0  13   3   2   0   9   6  18   2   2  14   4   1   0   0   1  0.26 0.19
  291 T     0  -3   0  -2  -2  -1  -1  -1  -3   1   2  -2   0  -2   2   1   0  -3  -3   2    6   0   7   0   0   2   5   5   0   9  22   0   2   0  10  11   4   0   0  16  0.16 0.15
  292 E     0   0   1   1  -3   1   2  -1  -1  -1   0  -1  -1   1  -2   2   0   0  -2  -1    8   3   6   7   0   6  16   3   1   5  10   2   0   7   0  18   3   2   0   2  0.12 0.14
  293 L     1   0  -1   0  -1  -1  -1  -1  -3   1   2  -1   0   1  -1  -1   0  -3  -2   1   12   5   2   5   1   2   2   5   0   7  30   4   0   6   2   2   5   0   0   9  0.09 0.12
  294 K    -2   3  -1   0   0   2   1  -1   1  -3   0   3  -2  -2  -2   0  -2  -3   1  -3    2  19   1   5   2  10  10   4   3   0  10  20   0   2   1   5   0   0   5   1  0.28 0.22
  295 D    -2   1   3   2  -4   1  -1   1  -1  -4  -4   3  -1  -4  -1   1  -1  -4  -2  -4    1   7  15  12   0   5   0  13   1   0   0  26   2   0   2   8   3   0   2   0  0.42 0.26
  296 I     0  -4  -5  -5  -3  -4  -2  -5  -2   4   1  -4  -1   1  -5  -3  -1   3  -2   4    9   0   0   0   0   0   3   0   1  32   9   0   0   6   0   0   2   5   0  33  0.70 0.36
  297 R    -1   2  -2  -3   3  -2  -1  -3   1   1   0   1  -1  -3  -3   1   1  -4  -3   2    2  11   0   0   6   0   4   0   4  11   9  10   0   0   0  13   9   0   0  21  0.22 0.21
  298 H    -1  -1   1   0   0   4   1  -1   2  -4  -2   1   0   0  -3   2  -1  -3   1  -3    3   1   6   3   2  21   9   3   5   0   3  11   3   4   0  16   3   0   7   0  0.29 0.24
  299 I    -2  -5  -6  -6   0  -5  -5  -6  -6   6   1  -5  -1   0  -2  -4  -3   1  -3   4    2   0   0   0   2   0   0   0   0  50  10   0   0   3   2   0   0   2   0  29  1.07 0.46
  300 A     4  -1  -2   1  -1  -2  -1  -3  -3  -2  -3  -3  -3  -4  -3   4  -1   2   0  -2   35   3   0   7   1   0   4   0   0   2   2   0   0   0   0  35   2   3   3   2  0.59 0.38
  301 G     2  -5  -4  -5   9  -4  -4   0   0  -2  -1  -4  -1  -4  -2   1  -2  -5  -4  -3   17   0   0   0  50   0   0   7   3   1   5   0   2   0   2  10   2   0   0   0  1.38 0.53
  302 G    -3  -5   1  -4  -5  -4  -4   7   1  -6  -6  -4  -5  -2  -2   0  -2  -5  -5  -5    0   0   7   0   0   0   0  75   4   0   0   0   0   2   2   6   2   0   0   0  1.51 0.56
  303 Q     0  -1   0   1  -3   1   2  -1   0  -3  -1   0  -2   0  -3   1   1   4   2  -2    6   1   4   8   0   7  14   3   1   0   5   5   0   5   0  13  10   6  10   2  0.19 0.17
  304 H     0   1   2  -1  -4   2   0  -1   5  -4  -4  -2  -3   1  -1   1   1  -3   1  -3    7   7  11   3   0   9   4   4  20   0   0   0   0   6   2  10  10   0   6   0  0.36 0.25
  305 H    -1  -3  -1  -4   3  -3  -3  -5  10  -5  -2  -2   0   1  -5  -1  -2  -5   0  -5    4   0   2   0   5   0   0   0  65   0   4   2   2   5   0   5   2   0   2   0  1.81 0.66
  306 T    -2  -4   0  -4  -4  -3  -3  -4   0  -2   1  -3  -3  -1  -4   3   5   1  -3  -1    0   0   4   0   0   0   0   0   2   2  13   0   0   3   0  24  47   2   0   4  0.78 0.46
  307 V     3  -4  -1  -4  -3  -3  -4  -1  -4   0   2  -4   0   1  -4  -2  -2  -4  -3   3   32   0   4   0   0   0   0   3   0   2  23   0   1   5   0   2   0   0   0  27  0.49 0.33
  308 I     4  -4  -4  -4   4  -4  -4  -1  -4   0   1  -4  -2  -3  -4  -2   0  -4   1   2   42   0   0   0  11   0   0   3   0   4  15   0   0   0   0   0   4   0   5  16  0.57 0.36
  309 L    -3  -1  -4  -5  -3  -1  -2  -5   0   2   4  -1   1  -2  -5  -3  -3  -4  -3   3    0   4   0   0   0   2   2   0   2   9  51   5   3   0   0   2   0   0   0  20  0.64 0.35
  310 T    -2  -4  -3   2  -4  -3  -3  -2  -4  -3   0  -3   0  -1  -4   2   6  -5  -4  -3    2   0   0  11   0   0   0   2   0   0   8   0   3   2   0  14  58   0   0   0  0.96 0.52
  311 T    -1   0   1   2  -4   2   3  -1   0  -1  -2   0  -2  -4  -1   1   1  -4  -3  -1    3   4   7  12   0   8  24   4   3   3   3   4   0   0   2  11   9   0   0   3  0.27 0.19
  312 D    -1   1   1   3  -3   1   1  -1  -2  -2  -2   0   0  -2  -3   1   2  -4  -3  -2    3  10   8  20   0   5  11   4   0   1   3   4   3   2   0  10  14   0   0   3  0.26 0.19
  313 L    -3   0   1  -4  -5  -4  -4   6   0  -5  -4  -2  -5  -5  -4  -2  -2  -5  -5  -2    0   5   6   0   0   0   0  73   3   0   1   2   0   0   0   2   3   0   0   4  1.35 0.52
  314 K    -1   1   1   2  -1   2   3   0   3  -3  -1   2  -2  -4  -3  -1  -2  -4  -3  -2    3   8   6  11   2  12  19   8   8   0   7  12   0   0   0   2   0   0   0   2  0.30 0.21
  315 C    -1  -4  -5  -5   3  -4  -5  -5  -5   3   2  -4   1  -3  -4  -4  -2  -4  -3   5    4   0   0   0   8   0   0   0   0  12  22   0   3   0   0   0   2   0   0  48  0.84 0.39
  316 S    -4  -5  -2  -5   0  -4  -5  -5  -2  -2   0  -5  -3   5  -5  -2  -4   5   7  -2    0   0   2   0   2   0   0   0   0   2   8   0   0  28   0   4   0   7  44   2  1.42 0.55
  317 V     1  -4  -3  -4  -3  -3  -2  -1  -4  -2   0  -3   2  -1  -4   2   5  -4  -3   0   14   0   0   0   0   0   2   3   0   0   8   0   7   3   0  13  44   0   0   5  0.62 0.40
  318 V    -5  -5  -6  -6  -1  -2  -5  -6  -5   0   0  -5   1   6   0  -5  -5  10  -1  -3    0   0   0   0   1   2   0   0   0   4   7   0   3  34   5   0   0  40   0   1  1.91 0.65
  319 G    -1  -5  -3  -4  -5  -5  -5   7  -5  -6  -6  -4  -5  -6  -5  -1  -4  -5  -6  -6    5   0   0   0   0   0   0  90   0   0   0   0   0   0   0   4   0   0   0   0  2.05 0.69
  320 R     1   3   0   1  -1   1   1  -2  -2  -3  -2   1  -3  -3  -3   1  -1   3  -1  -2   13  22   4   7   1   7   7   1   0   0   3  10   0   0   0  13   2   5   3   1  0.30 0.21
  321 P     0  -1   6   1   0  -2  -2   3  -2  -2  -4  -2  -4  -4  -1   0  -1  -4   1  -4    7   3  39   6   2   0   0  22   0   2   1   0   0   0   3   7   2   0   6   0  0.67 0.35
  322 E    -2   1   1   2   1   2   1  -1  -2  -2  -1   2  -2  -3  -1   0   0  -3  -1  -2    0   8   9  16   5  13   7   3   0   3   6  13   0   0   2   6   4   0   3   2  0.22 0.16
  323 Y    -2   1   0  -2   4  -1  -2  -3   5  -3  -2  -2  -1   2  -3   0  -1  -2   5  -2    2   8   5   2  12   2   1   1  18   0   2   1   2   7   1   8   2   0  22   3  0.57 0.30
  324 G    -1  -3  -1  -3  -4  -1  -2   6  -1  -3  -5   0  -4  -1  -4  -1  -2  -4  -2  -4    2   0   2   0   0   2   2  69   2   2   1   6   0   4   0   3   2   0   1   1  1.16 0.44
  325 R    -2   1  -1  -1   2   7   0  -3  -2  -4  -2   0  -3  -5  -4  -3  -1  -4  -2  -2    2   6   3   2   5  58   4   2   0   0   3   5   0   0   0   0   3   0   2   4  1.02 0.50
  326 L    -3  -4  -5  -5   3  -4  -5  -5  -5   0   6  -2  -1  -2  -5  -4  -3  -4  -3   0    0   0   0   0   6   0   0   0   0   4  77   3   0   0   0   0   0   0   0   5  1.17 0.49
  327 G     0  -2  -1  -2  -4   0  -4   7  -4  -5  -5  -3  -4  -5  -2  -3  -4  -4  -5  -5    5   2   3   2   0   5   0  77   0   0   1   0   0   0   2   1   0   0   0   1  1.48 0.52
  328 L    -1  -2  -1  -3  -1  -2  -2  -3   4   2   3  -3  -1  -2  -3   1   1  -3  -1   1    3   2   2   0   1   0   2   0  13  12  30   0   0   0   0  13  10   0   1   9  0.30 0.23
  329 G    -1  -2   1  -2  -4  -3  -1   5  -1  -2  -4  -1  -3   0   2   0  -1  -4  -3  -4    3   2   6   1   0   0   3  48   2   2   1   4   0   6   9   8   4   0   0   0  0.63 0.30
  330 D    -1   0   3   4   0  -1   1   0   0  -4  -4   0  -2  -3  -2   2   0  -5  -3  -2    3   4  15  29   2   0  10   5   2   0   0   4   1   1   1  14   6   0   0   3  0.43 0.26
  331 V     0  -1   0   1  -2   0  -1  -1   0  -1   0   0   0   0   0   1   2  -3   0   0    5   3   3   8   0   3   1   4   3   2   9   5   3   3   4   9  20   0   4   9  0.07 0.10
  332 K     0   2   1  -1  -3   2   1  -1  -2   0   0   1   0  -3  -1   0   1  -3  -3  -1    7  15   9   2   0  12   9   4   0   7   8   8   2   0   1   4   9   0   0   2  0.14 0.13
  333 D    -2   1   3   3  -4   0   1  -1   2  -3  -2   0  -1   0   0   1   0  -3   0  -3    0  11  15  19   0   2  10   4   5   0   2   3   2   5   4   9   4   0   3   0  0.28 0.19
  334 V    -1   0  -1   0  -3   3   1  -1   3  -1  -2   2  -2  -1   1   1  -1  -3   0  -1    2   4   2   6   0  15  10   3   9   5   1  12   0   2   6  10   2   0   4   6  0.19 0.15
  335 V     0   0   0  -2   1   0  -1  -1  -2   0   0   0  -1  -1   0   0   0   1   0   2    4   6   6   1   4   6   3   4   0   2  10   7   0   2   5   9   4   2   3  22  0.05 0.09
  336 E     0   1   2   1  -3   0  -1   0  -2  -1  -2  -1   0   0   0   2   1  -3  -1  -2    4  11  12  10   0   5   2   8   0   3   3   2   4   4   3  17   9   0   2   1  0.15 0.13
  337 K     0   0  -2  -1   0  -1   0   0  -2   0  -1   1   1   0   3  -1   0   0   1   0    5   4   1   3   3   0   7   8   0   8   5  10   4   3  18   1   5   2   7   6  0.15 0.11
  338 P    -3   0  -1   0   0  -1   0  -4  -4  -4  -4  -3   0  -5   7  -2  -2   2  -4  -1    1   6   3   5   2   3   5   1   0   0   1   0   3   0  61   2   2   3   0   4  1.42 0.51
  339 T    -2   2  -1  -2   3   2  -1  -2   2   0   0   1   0   0  -3   0   2  -3   0  -1    0  12   2   0   8  12   2   2   5   7   8   7   2   4   0   6  15   0   3   4  0.15 0.15
  340 I     0   1   0  -3   1   1  -2  -2  -1   1   2   0  -1  -2   1  -2  -2  -3  -2   2    7   9   4   0   3   7   0   3   2   6  25   7   0   0   7   1   0   0   0  17  0.15 0.16
  341 V    -1  -2  -1  -3   0   1  -3  -2  -3   3   1  -2  -1  -1  -2  -2   1  -4  -3   3    2   1   2   0   2   8   0   3   0  22  14   2   0   1   1   1  10   0   0  28  0.33 0.23
  342 K    -1  -1   1  -1  -4   2   3   0   2  -3  -2   1  -3  -2   2   1  -2  -4  -3  -2    3   0   8   0   0  11  24   5   7   0   3  11   0   2   9  12   0   0   0   2  0.35 0.23
  343 K    -1   0   1   0   3  -1   0   0   0  -1   1  -1  -1  -1   1  -1  -1  -2   1  -1    5   6  10   5   7   2   6  10   2   1  19   2   0   2   9   2   1   0   5   4  0.08 0.10
  344 L    -2  -2   0  -1  -3  -3  -4  -2  -4   1   4  -4   2   3  -2  -2  -3  -3  -2   1    2   2   5   4   0   0   0   3   0   5  45   0   5  17   2   2   0   0   0   8  0.48 0.29
  345 T     0  -2   1   3  -3   0   0   2  -1  -3  -2  -2  -3  -4   3   1   0  -4  -4  -2    7   1   5  20   0   4   3  17   1   0   4   0   0   0  17  10   7   0   0   4  0.37 0.22
  346 E     0   0   0  -1  -3   0   1   3  -2  -1  -2   0   0   0  -2   0  -1   2   0   0    4   5   5   3   0   5  10  25   0   4   1   6   3   4   0   4   3   3   4  10  0.15 0.13
  347 K    -1   2   0  -2  -4   0   0   1  -2  -2  -3   4  -3   1   1  -2  -1  -4  -3  -1    3  13   4   0   0   3   6  10   0   2   2  35   0   7   7   0   3   0   0   4  0.37 0.25
  348 I    -1  -5  -5  -5   1  -5  -5  -5  -5   5  -1  -5   1   1  -1  -2  -3  -5  -3   4    4   0   0   0   2   0   0   0   0  43   2   0   3   5   4   3   0   0   0  33  0.90 0.43
  349 V    -1   0  -2  -3   1  -1  -2  -3  -3   2   0   2  -1  -2  -3   0   2  -4  -1   3    3   5   1   0   3   3   2   0   0  12   5  15   0   0   0   9  13   0   3  28  0.25 0.21
  350 S     0  -1   0   0  -4   4   1   0   1  -4  -3  -1   1   0  -3   3  -1  -4  -3  -3    5   2   3   4   0  24  10   7   4   0   1   2   4   5   0  25   3   0   0   0  0.39 0.29
  351 V    -2  -5  -5  -5   1  -5  -5  -5  -5   5   0  -5   0  -3  -5  -4  -3   1  -3   5    1   0   0   0   3   0   0   0   0  35   7   0   2   0   0   0   0   2   0  49  1.11 0.47
  352 G     5  -3  -3  -2  -3  -1  -2   0  -4  -4  -4  -3  -3  -4  -3   3   0   1  -4  -2   55   0   0   1   0   2   1   5   0   0   0   0   0   0   0  23   6   2   0   2  0.83 0.44
  353 C     3  -5  -4  -5   9  -4  -5  -4  -5  -3  -2  -4   0  -5  -4   1  -1  -5  -5   0   24   0   0   0  52   0   0   0   0   0   3   0   2   0   0   9   2   0   0   5  1.61 0.58
  354 G    -2  -5  -3  -4  -5  -4  -5   7  -5  -6  -6  -2  -5  -6  -5  -2  -4  -5  -6  -6    1   0   0   0   0   0   0  92   0   0   0   2   0   0   0   2   0   0   0   0  2.10 0.69
  355 E     1   0  -1   1  -3   0   0   1  -2  -2  -1   0  -2  -1   0   2   0   2   0  -1   14   4   0   9   0   4   5  10   0   0   8   5   0   2   4  20   5   3   3   3  0.13 0.14
  356 V     0  -2   2  -1   1   0   2  -3   2  -3  -2  -2  -1   0  -3   1   0   5   3  -2    6   1  14   3   3   4  15   0   6   0   2   0   2   4   0  14   4   8  11   1  0.31 0.23
  357 C    -4  -4   1  -4   3  -1  -3  -5   9  -5  -5  -4  -4   2  -5  -1  -2  -5   0  -2    0   0   6   0   7   3   0   0  63   0   0   0   0   8   0   6   2   0   2   3  1.87 0.68
  358 S    -2  -3   1  -3   1  -3  -3  -1  -4   0  -2  -3   1  -4  -3   3   5  -5  -4   0    0   0   8   0   3   0   0   4   0   6   3   0   4   0   0  28  36   0   0   7  0.61 0.39
  359 Y     0  -4  -4  -5   2  -4  -4  -2  -4   3   2  -4   1   1  -4  -2  -2  -3   2   3   10   0   0   0   5   0   0   3   0  18  26   0   4   5   0   1   1   0   7  20  0.42 0.25
  360 A     5  -4  -4  -5  -3  -4  -4  -2  -4  -2   1  -4  -2  -1  -4  -2   0  -5  -4   2   60   0   0   0   0   0   0   2   0   0  16   0   0   2   0   0   5   0   0  15  0.83 0.46
  361 V    -1   0  -4  -5  -3  -3  -2  -5  -4   2   3  -3   2  -2  -4  -3  -1   2   1   4    6   7   0   0   0   0   2   0   0   9  31   0   4   0   0   0   2   4   5  30  0.49 0.29
  362 T     2  -3  -2   1  -3  -2  -2  -1  -1  -2  -1  -3  -2  -3  -1   2   4  -4  -2   0   17   0   0   7   0   0   0   4   1   1   7   0   0   0   2  16  35   0   1   5  0.44 0.31
  363 I     0  -1   1   2  -3   1   2  -1  -2   1  -1   0   0  -3  -3   1   0  -4  -3  -1    7   1   9  13   0   5  19   3   0  10   4   6   4   0   0  12   5   0   0   2  0.21 0.18
  364 D    -1   0   2   4  -4   0   2  -2  -2  -4  -4   0  -2  -1  -3   1   1  -4  -3  -4    5   5  12  28   0   2  14   2   0   0   0   6   1   3   0  13   8   0   0   0  0.47 0.27
  365 G    -1  -1   2  -1  -5  -1  -2   6  -4  -6  -5  -3  -5  -5  -4  -1  -3  -5  -5  -5    3   4   8   2   0   2   3  71   0   0   0   0   0   0   0   5   0   0   0   0  1.34 0.51
  366 K    -2   2   0   0  -2   2   3  -3   2  -2  -2   1   0  -4  -3   0   0  -4  -3  -1    1  14   3   5   1   9  27   0   5   1   2  10   2   0   0   8   7   0   0   4  0.38 0.25
  367 L    -1  -5  -5  -6   2  -5  -5  -6  -5   4   2  -5   0  -3  -5  -4  -3  -5  -4   5    3   0   0   0   5   0   0   0   0  21  20   0   1   0   0   0   0   0   0  50  1.00 0.45
  368 Y    -4  -5  -5  -6  -1  -5  -5  -6   0   0  -2  -5  -3   6  -5  -5  -4   3   8  -1    0   0   0   0   1   0   0   0   1   4   2   0   0  30   0   0   0   4  51   4  1.66 0.59
  369 S     2  -3  -2  -3   4  -3  -3  -1   0   0  -3  -3   1  -4  -3   3   3  -5  -4   0   21   0   0   0   9   0   0   4   3   5   0   0   5   0   0  29  18   0   0   6  0.51 0.34
  370 W    -6  -6  -7  -7   0   0  -6  -6  -5  -3  -3  -6   0   4  -7  -6  -6  12   0  -5    0   0   0   0   2   5   0   0   0   2   1   0   2  17   0   0   0  68   2   0  3.07 0.88
  371 G    -3  -6  -4  -5  -6  -5  -5   7  -5  -7  -7  -5  -6  -6  -5  -4  -5  -6  -6  -6    0   0   0   0   0   0   0  99   0   0   0   0   0   0   0   0   0   0   0   0  2.44 0.77
  372 S    -1   1   2  -1   0  -2  -2  -2  -1  -3   0   1   0   0  -3   2   0   5   1  -3    3   9  13   3   2   0   0   2   1   0  11  10   3   5   0  18   4  11   4   0  0.28 0.22
  373 G    -1  -3   5  -1  -5  -1  -3   4  -3  -5  -5  -3  -4   0  -1   0  -3  -5  -1  -5    3   0  37   2   0   3   0  37   0   0   0   0   0   5   4   7   0   0   2   0  0.93 0.43
  374 V     0   1   0   1   1   0   2   1  -2  -1  -1   0  -1  -3  -2   0   2  -4  -3  -2    7   7   3   7   4   4  20  10   0   4   4   6   1   0   0   7  14   0   0   1  0.18 0.15
  375 N    -3   1   3   0   0  -1  -1  -2   5  -3  -3   1   0   2  -3  -1   1  -3   2  -3    0   8  19   6   3   2   2   2  15   0   0   8   3  11   0   4   9   0   9   0  0.39 0.25
  376 N    -2  -4   1  -3  -5   0  -4   6   1  -5  -4  -3  -4  -4  -2  -1  -3  -4   2  -5    0   0   5   0   0   4   0  68   4   0   2   0   0   0   2   3   0   0   8   0  1.25 0.48
  377 Q    -3   2  -1  -3   2   7   1  -3  -3  -2  -5  -1   1  -6  -4  -3  -4  -5  -4  -5    2  11   2   0   5  63   7   2   0   2   0   1   3   0   0   0   0   0   0   0  1.37 0.61
  378 L    -4  -5  -6  -6   3  -2  -5  -6  -5   0   6  -5   1  -2  -2  -5  -4  -4  -4  -1    0   0   0   0   6   2   0   0   0   2  82   0   3   0   2   0   0   0   0   3  1.32 0.54
  379 G    -1  -5  -3  -4  -6  -3  -5   7  -5  -7  -7  -5  -6  -6  -5  -1  -4  -6  -6  -6    4   0   0   0   0   1   0  90   0   0   0   0   0   0   0   4   0   0   0   0  2.08 0.69
  380 V    -2   1   1   0  -3  -1  -1  -3   3   2   2  -2   0  -1  -2  -1   2  -3   1  -1    0  11   7   6   0   2   3   0   9  14  21   0   1   2   2   1  14   0   5   2  0.17 0.18
  381 G    -1  -1   0  -3  -4  -1  -1   5  -3  -1  -2  -1  -3  -4   1   0  -3  -4  -4  -3    3   3   5   0   0   2   4  54   0   6   3   4   0   0   8   5   1   0   0   1  0.72 0.31
  382 D    -2  -1   2   4  -4  -1   0  -1   0  -4  -2   0  -3  -4   3   1   1  -4  -3  -3    1   3   8  27   0   2   3   5   3   0   3   5   0   0  18  11  10   0   0   1  0.49 0.25
  383 G    -2  -1   2   1  -3  -1   2  -2   1  -1  -1   1   0  -1   0   2   2  -4  -3  -2    0   2  12   6   0   0  15   1   3   5   4   9   2   3   4  18  15   0   0   0  0.23 0.20
  384 D    -1   0   0   3  -2  -1   2  -1  -2   0  -2   0   1   0  -1   0   1  -4  -3  -2    5   4   4  18   1   0  19   4   0   6   3   5   5   4   3   7  10   0   0   1  0.19 0.16
  385 D    -2  -3   4   5   0  -2   1  -2   0  -4  -5  -3  -4   0  -1   1  -2  -4   1  -3    3   0  19  38   2   0  10   1   1   0   0   0   0   4   2  10   0   0   7   2  0.70 0.36
  386 E    -1   1  -1   1   0   2   1  -2  -2   0  -1   1  -1  -2   0   0   0  -4  -2   1    3  11   2   7   3  12   8   2   0   4   5   9   0   1   4   8   5   0   0  16  0.11 0.12
  387 L    -2   2   2  -1  -3  -2  -2   0  -2  -1   0   0   1  -2   0   1   0   4   0   0    0  12  11   2   0   0   0   9   0   2   9   7   4   0   4  12   7   6   4  10  0.14 0.16
  388 E    -1  -1  -2   0  -1   1   3  -2   1  -2  -3   1  -1   0  -3   1   1   1  -2   0    4   2   0   5   1   5  24   3   3   1   0   9   2   4   0  13  12   2   0  10  0.22 0.20
  389 P    -4  -5  -5  -4  -5  -4  -4  -5  -5  -4  -5  -4  -5   0   8  -4  -1  -5  -5   0    0   0   0   0   0   0   0   0   0   0   1   0   0   4  80   0   4   0   0   8  2.26 0.69
  390 I    -1   1  -1  -2   1   0  -1  -2   0   0  -1   2   0  -1  -1  -1   2   2   1   0    5  10   3   0   3   3   3   2   2   7   2  19   3   3   2   1  17   3   7   6  0.13 0.15
  391 V    -1   2  -3  -1  -1   2   0  -4  -3   1   1  -1  -1  -3   4  -2  -1  -4  -3  -1    4  13   0   2   1  12   7   0   0   9  19   2   1   0  24   0   3   0   0   3  0.42 0.25
  392 V    -1  -4  -5  -5   0   2  -4  -5  -5   4  -1  -4   2  -3  -5  -4  -1  -5  -4   5    3   0   0   0   2  10   0   0   0  28   2   0   5   0   0   0   4   0   0  46  0.87 0.42
  393 V     0   0   0  -1  -3   2   2  -3  -2  -2  -2   2  -1   0   2   0   1  -3  -2  -1    6   2   3   3   0  11  14   1   0   2   3  18   1   6   9   5  13   0   0   4  0.22 0.16
  394 S     1  -1   1  -2  -1  -1  -1   1  -2   0   0  -2   1  -2  -2   1   0  -3  -1   1   17   2  10   1   1   2   5  13   0   5   6   1   6   0   1  11   3   0   3  15  0.11 0.12
  395 K    -1  -1   0   0  -1   1   1  -3   0   0   1   2  -1  -1   2   0   0  -3  -1  -1    2   2   3   6   2   5  12   0   2   6  16  16   0   3  12   6   3   0   1   3  0.14 0.12
  396 N     0   0   1  -1  -3   0  -1   1   3  -2   0  -2  -1  -2   1   1   0  -2   1  -1    8   4   6   2   0   4   2  14  11   0  14   0   0   0   6  11   6   0   8   3  0.13 0.13
  397 T    -2  -2  -2  -1   1  -1  -1  -3  -2   1   3  -1   1   2   1   0   0  -2  -1   0    1   1   1   4   3   3   2   1   0   8  33   3   2  10   6   6   8   0   1   5  0.17 0.13
  398 Q    -1   0   0   2   1   3   2  -2   0  -2  -1   2  -1  -3   0   0  -1  -3  -2  -2    5   3   3  15   3  14  13   1   2   1   6  18   2   1   3   6   1   0   1   1  0.25 0.14
  399 G    -1   0   0   2  -3   1   0   4   1  -4  -3  -1  -3  -3  -1   0  -2  -3  -2  -3    4   7   4  15   0   6   7  37   3   1   1   1   0   1   2   7   1   0   2   1  0.46 0.21
  400 K     0   2   1  -1  -3   0   0   0   1  -1  -1   1  -1   0   0   0  -1   1   1  -1    5  16   8   1   0   4   4   8   5   5   3   9   1   6   5   7   1   2   5   6  0.09 0.08
  401 H     0   0   1   0   0   0   1  -2   1   1  -1   1  -1   0   0   0   0  -3   0   0    6   5   8   5   2   1   9   1   5  13   3  10   0   4   4   5   7   0   3   6  0.05 0.07
  402 M     0  -4  -4  -4   1  -3  -4  -3  -4   4   0  -3   1  -2  -1  -1   0   3  -1   4    9   0   0   0   3   0   0   1   0  24   5   0   4   0   3   4   6   4   2  34  0.48 0.28
  403 L    -2   0  -1  -2   0  -1  -1  -4  -3   2   2   0   0  -2  -2   0   1  -4  -3   2    0   6   3   1   2   3   3   0   0  14  27   8   0   0   1   8   7   0   0  15  0.19 0.17
  404 L    -1   0   0   1  -3   3   1   0   2  -2   0   0   0   0  -3   1  -1   4   0  -2    3   4   4   7   0  17   6   6   7   0  11   4   2   4   0  11   1   7   3   2  0.20 0.17
  405 A     1  -4  -4  -4  -3  -4  -4  -4  -4   4   0  -4  -1  -1  -4  -3  -2  -4  -3   5   13   0   0   0   0   0   0   1   0  27   7   0   0   3   0   1   0   0   0  44  0.76 0.35
  406 S     3  -3  -2  -2  -3  -2  -1   1  -3  -2  -3  -2  -3  -2  -3   3   1  -4  -3   0   34   0   0   2   0   0   4  11   0   2   1   0   0   1   0  26  10   0   0   8  0.46 0.29
  407 G     3  -6  -5  -6  10  -5  -5   0  -5  -1  -3  -5   1  -5  -5   0  -3  -5  -5  -3   21   0   0   0  57   0   0   6   0   4   2   0   4   0   0   6   0   0   0   0  1.79 0.63
  408 G    -2  -2  -3  -4  -1  -5  -5   7  -5  -7  -7  -4  -6  -6  -5   0  -2  -6  -6  -6    1   2   0   0   1   0   0  87   0   0   0   0   0   0   0   6   2   0   0   0  1.92 0.65
  409 G     1   1   0   1  -3  -2   0   3  -1  -3  -2  -2  -3  -1  -2   1  -1  -3   2  -2    9   9   5   8   0   0   6  26   1   0   5   0   0   2   1  14   2   0   8   3  0.25 0.19
  410 Q     0   0   3   1   0   3  -1  -1  -2  -2  -3  -2  -3   3  -4   0  -2   4   2  -3    9   4  19   6   3  15   2   5   0   2   0   0   0  14   0   6   0   6   8   0  0.37 0.27
  411 H    -3  -4  -1  -4  -6   1  -3  -5  10  -3  -5  -4  -5   2  -6  -2  -2  -5   0  -6    2   0   3   0   0   6   0   0  73   2   0   0   0  10   0   2   2   0   1   0  2.26 0.76
  412 A    -1  -4  -3  -4  -4  -3  -3  -4  -4  -1  -4  -3   0  -5  -4   4   6  -5  -4  -3    4   0   0   0   0   0   0   0   0   4   0   0   3   0   0  35  54   0   0   0  1.23 0.58
  413 I     1  -4  -5  -5   1  -4  -4  -2  -4   3   3  -4  -1   0  -4  -2  -2   1  -1   3   12   0   0   0   3   0   0   2   0  15  34   0   0   4   0   1   0   2   1  26  0.52 0.29
  414 F     4  -4  -4  -4   0  -3  -4  -2  -4   2   2  -3   0   0  -4  -2  -1  -4  -3   2   38   0   0   0   2   0   0   3   0  10  23   0   2   3   0   0   3   0   0  16  0.49 0.31
  415 L    -2  -4  -5  -6  -3  -4  -5  -5  -4   3   4  -5   0   0  -5  -3  -3   5   1   2    1   0   0   0   0   0   0   0   0  18  45   0   1   2   0   2   0  10   4  16  0.82 0.37
  416 V     1  -1  -1  -3   3  -3  -1  -1  -4   1  -1  -3   0  -3  -3   0   4  -4  -3   2   12   3   3   0   6   0   4   3   0   6   4   0   2   0   0   6  33   0   0  18  0.38 0.27
  417 K     0   2   1   1  -4   3   2  -3   1  -2  -3   2   0  -4  -2   1   0  -4  -1  -2    6  10   7   6   0  15  13   0   3   2   0  14   3   0   1  13   5   0   1   1  0.31 0.21
  418 A    -2   0   2   3  -4   1   2  -3  -2  -4  -3   3  -3  -5  -3   1   0  -5  -4  -3    1   5  11  21   0   4  14   0   0   0   3  21   0   0   0  12   7   0   0   1  0.49 0.28
  419 D    -2  -3   3   1  -5  -2   0   5  -3  -5  -5   0  -4  -2  -4   0  -1  -5  -2  -5    0   0  17   9   0   1   4  48   0   0   0   7   0   2   0   8   3   0   1   0  0.83 0.37
  420 K    -3  -1  -2  -2  -5   4   4   1   2  -5  -5   3  -3  -5  -3  -1  -2  -5  -4  -5    0   0   0   0   0  24  34  11   6   0   0  20   0   0   0   4   2   0   0   0  0.82 0.39
  421 Q    -2   1  -1  -1  -4   5   2  -3  -1  -4  -3   3  -2  -4  -2  -1   0  -3  -3  -3    0   5   0   0   0  49  15   0   0   0   0  23   0   0   0   0   8   0   0   0  0.73 0.19
  422 D    -2  -1   1   5  -3   2   1  -2  -1  -3  -3   0  -2  -4  -2   0   1  -4  -3  -3    0   0   0  71   0  14   0   0   0   0   0   0   0   0   0   0  14   0   0   0  0.66 0.03
  423 Q    -1   1   0   0  -3   4   4  -2   0  -3  -3   2  -1  -3  -1   0  -1  -3  -2  -3    0   0   0   0   0  38  40   0   0   0   0  22   0   0   0   0   0   0   0   0  0.53 0.01

                      K         Lambda
Standard Ungapped    0.1363     0.3166
Standard Gapped      0.0396     0.2670
PSI Ungapped         0.1294     0.3177
PSI Gapped           0.0396     0.2670
