
Last position-specific scoring matrix computed, weighted observed percentages rounded down, information per position, and relative weight of gapless real matches to pseudocounts
            A   R   N   D   C   Q   E   G   H   I   L   K   M   F   P   S   T   W   Y   V   A   R   N   D   C   Q   E   G   H   I   L   K   M   F   P   S   T   W   Y   V
    1 P    -6  -7  -7  -6  -8  -6  -6  -7  -7  -8  -8  -6  -7  -9   9  -6  -6  -9  -8  -7    0   0   0   0   0   0   0   0   0   0   0   0   0   0 100   0   0   0   0   0  3.51 1.02
    2 E    -5  -5  -5  -3  -8  -2   8  -7  -5  -8  -8  -4  -7  -8  -6  -5  -5  -8  -7  -7    0   0   0   0   0   0 100   0   0   0   0   0   0   0   0   0   0   0   0   0  2.78 0.92
    3 L    -5  -6  -7  -7  -5  -6  -7   1  -7  -2   6  -6   3  -4  -7  -6  -5  -6  -5  -3    0   0   0   0   0   0   0  10   0   0  84   0   7   0   0   0   0   0   0   0  1.71 0.66
    4 P    -6  -7  -7  -6  -8  -6  -6  -7  -7  -8  -8  -6  -8  -9   9  -6  -6  -9  -8  -7    0   0   0   0   0   0   0   0   0   0   0   0   0   0 100   0   0   0   0   0  3.53 1.08
    5 E    -6  -5  -5  -3  -9  -3   8  -7  -5  -8  -8  -4  -7  -8  -6  -5  -6  -8  -7  -7    0   0   0   0   0   0 100   0   0   0   0   0   0   0   0   0   0   0   0   0  2.81 0.98
    6 V    -4  -6  -6  -6  -5  -6  -6  -1  -7   1  -3  -6  -3  -5  -6  -5  -4  -6  -5   7    0   0   0   0   0   0   0   5   0   5   0   0   0   0   0   0   0   0   0  88  2.01 0.72
    7 E    -3   0  -2  -1  -7  -1   7  -6   1  -7  -6  -2  -6  -7  -5  -4  -4  -6  -5  -6    2   6   2   3   0   2  80   0   3   0   0   1   0   0   0   0   1   0   0   0  1.87 0.71
    8 T    -3   0  -2  -5  -4  -4  -3  -5  -3  -1  -3  -4  -4  -5  -5  -2   7  -6  -5   3    1   5   1   0   0   0   2   0   1   3   2   0   0   0   0   1  61   0   0  22  1.31 0.58
    9 V     0  -5  -4  -5   0  -4  -4  -5  -5   2  -1  -4  -2  -4  -4   0   4  -5  -4   5    8   0   0   0   1   0   0   0   0  10   4   0   0   0   0   6  23   0   0  45  0.87 0.42
   10 R     0   7  -4  -5   2  -3  -3  -5   0  -2  -2   2  -1  -5  -5  -2  -4   0  -4  -1    9  57   0   0   5   0   0   0   2   3   4  10   2   0   0   2   0   1   0   4  1.13 0.49
   11 R    -3   7   0   1  -4   0  -3  -5  -1  -5   0   0  -2  -6  -5  -4  -3  -6  -5  -5    2  62   5   7   0   4   0   0   1   0  10   5   1   0   0   0   2   0   0   0  1.32 0.56
   12 E    -1  -2  -1  -3  -5  -4  -2   6   2  -4  -6  -1  -5  -2  -5   1   1  -5  -3  -5    3   3   2   1   0   0   2  60   5   1   0   3   0   2   0   9   8   0   1   0  1.08 0.45
   13 L    -5  -6  -6  -7  -5  -5  -6  -7  -6   4   6  -6  -1   0  -6  -6  -4  -5  -4   0    0   0   0   0   0   0   0   0   0  20  71   0   1   3   0   0   0   0   0   4  1.46 0.55
   14 E     2   0   0  -1  -3   1   4  -2  -1  -2  -1   0  -3  -3  -3   0   0  -5  -4  -2   22   6   4   2   0   5  29   2   2   1   6   6   0   1   0   7   5   0   0   2  0.36 0.25
   15 K     0   1  -2   0  -6   1   1  -3  -1  -4  -4   0  -3  -5   6  -1  -2  -6  -5  -4    7   8   1   6   0   7   8   2   1   1   1   6   0   0  44   5   2   0   0   1  0.95 0.46
   16 R     1   1  -2  -4  -2  -1  -2  -4   6  -2   1   1  -3  -1  -4  -2  -2   3   2   0   12   8   1   0   1   2   1   1  25   1  17   8   0   2   1   1   2   4   7   7  0.50 0.32
   17 I    -3  -5  -6  -6  -1  -5  -6  -6  -6   3   4  -5   3   0  -6  -5   0  -5  -4   3    1   0   0   0   1   0   0   0   0  18  40   0   7   3   0   0   6   0   0  23  0.96 0.45
   18 V     0  -1  -1  -2   0   0   2  -3  -1   1   1   1   0  -1  -2  -1   0  -4  -3   2    9   2   2   1   2   3  14   0   2   7  11  11   1   2   1   4   7   0   0  21  0.16 0.17
   19 G    -4  -6   3   1  -7  -1  -3   7  -1  -8  -6  -4  -7  -7  -4  -4  -5  -7  -7  -7    0   0  15   7   0   2   1  70   1   0   0   0   0   0   1   0   0   0   0   0  1.71 0.70
   20 Q     1   4  -2  -4  -5   3   0  -2   1  -3  -2   4  -2   1  -4  -3  -3  -3  -3  -3   13  24   1   0   0  15   5   2   3   1   4  23   1   7   0   0   0   0   0   1  0.62 0.39
   21 K    -3   4  -3  -4  -1   0  -1  -5  -3   0  -3   1  -2  -3   0  -1   4  -5   0   0    1  24   0   0   2   3   3   0   0   5   2  10   1   1   5   2  31   0   3   8  0.59 0.39
   22 I    -5  -7  -7  -7   1  -6  -7  -7  -7   7   1  -6  -2   1  -7  -6  -4  -6  -5   3    0   0   0   0   3   0   0   0   0  61  13   0   0   5   0   0   0   0   0  18  1.57 0.63
   23 I     1   0  -2   0  -2   0   2  -2   0  -1  -1   2  -2  -3  -3   1   2  -4  -2   1   12   3   0   4   1   4  14   3   2   3   4  12   1   1   0   9  18   0   1  10  0.21 0.20
   24 S     1   4   0   1  -5   1   0   2   1  -5  -5   2  -4  -5  -4   1  -2  -5  -1  -4   12  21   4   9   0   6   5  14   4   0   0  10   0   0   0  12   2   0   2   0  0.42 0.28
   25 I     1  -6  -6  -6  -1  -5  -6  -2  -6   3   1  -5  -2  -3  -6  -2  -2  -6  -5   6   12   0   0   0   1   0   0   4   0  13  10   0   0   1   0   2   2   0   0  55  1.05 0.51
   26 E    -2   0  -2   2  -4   0   4  -3  -2   1  -2   0  -2  -4  -4   0   1   2  -4   2    2   6   1  10   0   3  28   1   1  10   2   4   0   0   0   6   8   3   0  14  0.37 0.29
   27 A    -1  -6  -6  -6  -4  -3  -6  -2  -1   3   1  -5  -2   2  -6  -5  -2  -5  -4   6    4   0   0   0   0   1   0   3   2  16  12   0   0   9   0   0   1   0   0  51  0.99 0.48
   28 T    -1   6   1  -2   1  -2  -2  -1   3  -3   0  -1  -2   1  -5  -2  -2   0  -1  -4    5  42   6   2   3   0   2   4   6   1  12   2   1   5   0   3   1   1   2   0  0.61 0.37
   29 Y    -2   3   3   0  -3   0  -1  -3   4  -3  -1   0  -3   0  -4  -2   0   4   1  -2    3  20  16   4   0   4   4   1  13   1   7   4   0   3   0   2   5   5   5   3  0.39 0.27
   30 P     0   0  -2   0  -4  -3  -1  -2  -1  -6  -4  -1  -5  -6   7  -1  -2   0  -3  -5    9   5   2   5   0   1   5   3   2   0   2   4   0   0  54   5   3   1   1   0  1.24 0.55
   31 R    -3   5   1   2  -5   2   0  -2  -1  -5  -5   3  -2  -5  -4   0  -3  -5  -4  -4    2  32   7  13   0   7   6   3   1   0   0  20   1   0   0   5   1   0   0   1  0.76 0.39
   32 M     0  -3  -5  -4  -4  -4  -5  -3  -5   1   5  -3   3  -2  -4   0   0  -4  -2   0    8   1   0   1   0   0   0   2   0   7  52   1   8   1   0   6   5   0   1   5  0.69 0.38
   33 V    -1   6  -3  -5  -5  -3  -3  -5  -4   2  -1  -2  -3  -3  -1  -4  -3  -5  -2   2    4  51   1   0   0   0   1   0   0  14   5   1   0   1   4   0   1   0   1  15  1.05 0.51
   34 L     0   2  -2  -5  -5  -3  -2  -4  -2  -3  -1   0  -3   3  -1  -2  -2   9   1  -2    9  13   2   0   0   1   2   1   1   1   5   7   0  14   4   2   3  29   3   3  0.99 0.44
   35 T     0  -3   0  -1  -2  -3   1  -2   0  -5  -3  -2  -2  -3   7  -1   0  -2  -2  -3    8   1   5   3   1   1   9   3   3   0   2   1   1   1  47   4   5   1   2   1  0.98 0.45
   36 G    -2  -2  -2   1  -3  -2  -2   1  -3   3   1  -3  -1   2   1   0  -1  -3  -2   2    1   1   2   8   0   1   2  14   0  18  11   1   1   9   7   8   2   0   0  15  0.19 0.17
   37 F    -1  -4  -2   0  -4  -1  -2  -1  -2  -3  -3  -3  -3  -1   6   2  -1  -1  -1  -1    5   0   1   5   0   2   1   5   1   1   3   1   1   2  43  19   3   1   3   4  0.89 0.40
   38 E     2  -2  -1   2   0   1   3  -2  -3  -4  -3   1  -2  -4   2   0  -2  -5  -2  -2   21   0   2  12   2   6  21   2   0   0   2  11   1   0  10   6   1   0   1   2  0.39 0.27
   39 Q     0   0   1   4  -4   0   3  -1   0  -2  -2  -1  -3  -4   0  -1  -1  -4   0  -2    7   5   6  26   0   3  21   4   2   2   4   2   0   0   4   4   2   0   4   3  0.38 0.24
   40 L    -3  -4  -5  -5  -4  -3  -3  -5   1   1   3  -4   2   6  -5  -3  -4  -1   1  -2    2   0   0   0   0   1   1   1   3   9  29   1   4  39   0   2   0   1   3   2  0.94 0.39
   41 K     2  -2   0   0  -1   1   0  -2  -1   1   0   0  -1  -3   0   0   1  -4  -2   1   20   1   4   4   1   6   8   2   1  12   8   5   1   0   4   7   7   0   1   9  0.10 0.11
   42 K     2   1  -1   1  -3   2   2  -1   1  -2  -3   1  -2  -3  -3   2   1  -2  -3   0   16   6   2   6   0   8  14   3   3   1   1   9   0   1   0  15   7   0   0   7  0.24 0.20
   43 E     0   3   0   0  -2   2   0  -1  -1  -2   0   0   0  -1  -2  -1  -1  -3  -1  -2   10  23   4   5   1  12   5   5   1   2  12   4   2   2   1   3   3   0   1   3  0.18 0.16
   44 L    -2  -5  -6  -6  -2  -5  -6  -6  -6   2   6  -6   1  -1  -6  -5  -3  -5  -4   1    2   0   0   0   1   0   0   0   0  11  72   0   3   2   0   0   1   0   0   7  1.32 0.54
   45 T     1   0   0  -2  -1   1   0  -3  -1   1  -1   1  -2  -3   0   1   2  -4  -3   1   12   6   4   1   1   7   7   1   2   9   3   8   0   0   5   9  16   0   0  10  0.16 0.16
   46 G    -3  -3   2   1  -5  -2  -3   6  -1  -6  -6  -3  -5  -5  -5  -2  -4  -5  -5  -5    1   1  10   8   0   2   1  70   1   0   0   1   0   0   0   1   0   0   0   0  1.44 0.49
   47 K     0   3  -2  -2  -1   4   1  -4   2  -4  -1   2  -1  -3  -3  -1  -1  -4   1  -2    8  20   1   1   2  24   7   0   5   0   6  10   1   0   0   4   3   0   6   2  0.45 0.26
   48 T    -1   4  -2  -3  -2   0  -1  -3  -1   0  -1   1  -2  -3  -1  -1   3  -4  -2   1    3  24   1   0   1   4   4   1   2   5   4   9   1   1   3   3  21   0   1  12  0.31 0.22
   49 I    -3  -5  -5  -5  -4  -5  -5  -6  -5   6   1  -5   0   1  -5  -3  -3  -4   0   4    0   0   0   0   0   0   0   0   0  46   9   0   1   5   0   2   0   0   3  32  1.10 0.41
   50 Q     0   2  -1  -1  -2   1   0   0  -1   0   1  -1  -1  -1  -3   0   2  -3  -1   0    5  14   3   2   0   6   7   7   2   4  16   2   1   2   0   6  15   0   2   7  0.09 0.11
   51 G     1   2   1   1  -2   0   1   2   0  -4  -3   1  -3  -4  -3   2   0  -4  -3  -3   16  11   6   7   1   3   7  14   2   0   1   8   0   0   0  16   5   0   0   1  0.27 0.17
   52 I     0  -4  -5  -5  -1  -4  -4  -5  -5   4   2  -4   1  -1  -2  -4  -1   6  -3   4    8   0   0   0   1   0   0   0   0  21  19   0   3   2   2   0   3  12   0  27  0.71 0.31
   53 S     0   2  -1   1  -3   1   2   1   1  -3  -3   1  -2  -3  -3   1   0   1  -2  -3    5  14   1   8   0   4  18  12   4   1   2   6   1   1   0  13   5   2   1   1  0.25 0.17
   54 R    -2   8  -1  -5  -6  -3  -4  -5  -4  -6  -5  -2  -5  -2  -3  -3   0  -6  -5  -5    4  79   3   0   0   0   0   0   0   0   0   0   0   2   1   2   7   0   0   0  1.88 0.65
   55 R    -3   8  -4  -6  -7  -2  -2  -6  -4  -6  -2  -1  -5  -6  -6  -5  -5   1  -2  -6    2  85   0   0   0   1   2   0   0   0   4   2   0   0   0   0   0   2   2   0  2.18 0.73
   56 G     4  -5  -4  -5  -5  -5  -5   6  -5  -6  -6  -5  -6  -6  -5  -1  -4  -6  -6  -5   29   0   0   0   0   0   0  67   0   0   0   0   0   0   0   3   0   0   0   0  1.70 0.59
   57 K    -5  -2  -4  -5  -7  -3  -3  -6  -5  -7  -7   8  -6  -7  -5  -4  -5  -7  -6  -7    0   0   0   0   0   0   0   0   0   0   0 100   0   0   0   0   0   0   0   0  2.67 0.87
   58 Y    -2  -5  -2  -6  -6  -5   0  -7   2  -5  -4  -5  -5   3  -7  -5  -5   1   9  -5    3   0   2   0   0   0   7   0   5   0   1   0   0   9   0   0   0   1  71   0  2.17 0.72
   59 L    -4  -5  -6  -6  -4  -5  -6  -4  -6   3   6  -6   1  -3  -6  -5  -3  -5  -4  -2    0   0   0   0   0   0   0   2   0  13  81   0   2   0   0   0   1   0   0   0  1.51 0.55
   60 I    -3   0  -6  -6  -4  -4  -5  -5  -5   3   4  -4   0   2  -6  -4  -3   6  -3  -1    1   5   0   0   0   1   0   1   0  18  51   1   2   7   0   1   1  11   0   2  0.95 0.39
   61 F     1  -4  -4  -5  -1  -4  -4  -3   0   3   3  -4   2   3  -4  -2  -1   1  -1   0   13   0   0   0   1   0   0   2   2  20  28   0   5  14   0   3   4   2   1   3  0.44 0.25
   62 E    -2   1   0   2  -3   0   2  -3   4  -2  -2  -1  -3   0   0   0   0  -2   1  -2    2  10   4  13   1   4  16   1  12   1   3   2   0   6   5   7   7   0   5   2  0.25 0.18
   63 I    -2  -5  -1  -3   2  -4  -4  -5  -4   0   4  -5   0   4  -5  -4   2  -4   0  -1    2   0   3   2   4   0   1   0   0   3  50   0   1  17   0   0  12   0   2   3  0.73 0.35
   64 G    -1  -3   1   4  -2  -1   2   1   0  -3  -3   0  -3  -3   0   2   0  -5  -4  -2    4   0   5  24   1   1  14   9   2   1   2   5   0   1   4  20   4   0   0   3  0.39 0.23
   65 D     0   0   2   2  -2   0   1   1   1  -4  -4  -1  -3  -4   2   1   0  -5  -3  -2    7   6  12  13   1   4   7  11   3   0   0   3   0   1  12  13   6   0   0   2  0.31 0.18
   66 D    -1  -3   1   2  -4  -2  -1   5  -2  -5  -5  -1  -4  -5   0  -1  -1  -4  -3  -4    3   1   7  14   0   2   4  50   1   0   1   3   0   0   5   4   3   0   1   1  0.84 0.33
   67 F    -1  -1  -2   1  -1  -1   0   1  -2  -1   1   0   0   0   0  -1  -1   5   2  -1    4   4   1   9   1   2   6  11   1   2  21   5   1   2   5   3   4   8   8   2  0.12 0.11
   68 R     2  -2  -3  -3  -2  -1  -2  -2   0   0  -2  -3  -2   1  -3   1   4   3   0   2   16   2   0   0   0   2   2   3   2   3   2   0   0   6   0   9  29   5   3  14  0.36 0.24
   69 L    -3  -5  -6  -6  -4  -4  -5  -6  -5   3   5  -5   3  -2  -2  -5  -4   0  -4   1    1   0   0   0   0   1   0   0   0  17  59   0   8   1   2   0   0   1   0   8  1.06 0.42
   70 I    -2   0  -5  -5  -4  -3  -5  -2   1   4   2  -4  -1  -2  -5  -2  -2   1   1   3    2   6   0   0   0   0   0   3   5  29  19   0   1   1   0   2   1   2   6  24  0.57 0.29
   71 S    -1  -4  -2  -4  -2  -4  -4  -2  -3   3   0  -4   1   2  -4   3  -1   0  -3   4    4   0   2   0   1   0   0   3   0  15   6   0   4   8   0  25   2   1   0  28  0.47 0.29
   72 H    -6  -2  -4  -6  -8  -2  -5  -7  11  -8  -8  -5  -6  -6  -7  -6  -3  -7  -3  -8    0   2   0   0   0   2   0   0  94   0   0   0   0   0   0   0   2   0   0   0  3.75 1.04
   73 L    -5  -6   0  -7  -5  -6  -6  -7  -6  -2   6  -6   1   2  -7  -6  -5  -5  -4  -3    0   0   6   0   0   0   0   0   0   0  83   0   3   9   0   0   0   0   0   0  1.65 0.61
   74 R    -4   4  -4  -5  -6   1  -5   6  -5  -7  -6  -2   0  -7  -6  -4  -5  -6  -6  -6    0  26   0   0   0   7   0  64   0   0   0   1   2   0   0   0   0   0   0   0  1.66 0.61
   75 M    -6  -6  -7  -8  -6  -5  -7  -8  -7  -3   1  -6  11  -5  -7  -6  -6  -6  -6  -4    0   0   0   0   0   0   0   0   0   0   9   0  91   0   0   0   0   0   0   0  3.43 1.03
   76 E    -2  -4  -3  -1  -5  -3   2  -4   0  -5  -5  -1  -5  -5  -4   5   3  -5   2  -5    2   0   0   3   0   0  13   0   2   0   0   3   0   0   0  50  19   0   7   0  0.99 0.50
   77 G    -4  -7  -5  -6  -7  -6  -7   8  -6  -8  -8  -6  -7  -8  -7  -5  -6  -7  -8  -8    0   0   0   0   0   0   0 100   0   0   0   0   0   0   0   0   0   0   0   0  2.76 0.83
   78 K    -1   3  -1  -3  -4   3  -1  -2  -1  -4  -4   2   0  -3  -4   4   0  -5  -1  -1    2  16   2   0   0  14   2   2   2   0   0  13   2   1   0  31   6   0   2   6  0.52 0.33
   79 Y    -5  -5  -6  -7  -5  -5  -6  -6  -4   1   4  -6   3   4  -6  -5  -4   7   4  -1    0   0   0   0   0   0   0   0   0   8  36   0   8  17   0   0   0  15  13   3  1.18 0.45
   80 R    -2   5  -2  -3  -3   0  -2  -2   0  -2   2   1  -2   0  -4  -1  -1  -4   0  -2    2  41   1   1   0   4   2   2   2   1  20   5   0   3   0   4   4   0   4   1  0.59 0.32
   81 L    -3  -2  -6  -6  -4  -4  -5  -6  -5   3   2  -5  -1   2  -3  -4  -3   3   1   5    1   2   0   0   0   0   0   0   0  18  22   0   0   8   1   0   0   5   4  38  0.83 0.37
   82 A     0  -1  -1  -2   0   0   0   0   2   1   1  -1  -1   1  -2  -2  -1  -3   1   2    6   2   2   1   2   5   7   8   6   6  14   4   1   6   2   1   2   0   4  23  0.08 0.11
   83 T     0  -2   2   2  -3   0   2  -2   0  -5  -4  -1  -3  -4   5   0   1  -5  -3  -4   10   1  10  11   0   4  16   2   2   0   1   4   0   0  26   4   8   0   0   0  0.57 0.28
   84 L     2   1   0   1  -3   1   1   0   0  -2  -3   0  -2  -3   3   0   0  -2  -3  -2   21   7   3   6   0   8   8   6   3   2   2   4   1   0  15   6   6   0   0   2  0.25 0.16
   85 D     0  -1   1   3  -4   0   2   2   0  -3  -2  -1  -3  -4   1   0  -1  -4  -3  -3    8   2   7  20   0   3  16  17   2   1   4   2   0   0   6   6   3   0   0   1  0.35 0.20
   86 A     1  -1  -1   0  -2   1   2  -1  -2  -2  -2  -1  -2  -2   0   2   2   1  -1   0   12   2   2   6   0   6  16   4   1   1   4   2   0   1   4  15  15   2   2   6  0.18 0.16
   87 P     0  -1  -2  -2  -5   0   1  -4  -1  -3  -1  -1  -4  -3   6  -1  -1   1  -4  -3    9   4   1   1   0   4  10   1   1   1   6   3   0   1  46   5   3   2   0   2  0.92 0.38
   88 R     1   0  -2   0  -3  -1  -1  -3  -1  -1  -1   0  -2  -2   5  -1   0  -3  -3   0   11   5   1   7   0   2   3   1   1   4   8   5   0   2  33   2   5   0   1   9  0.48 0.23
   89 E     1   0   0   1   1   1   2   1  -1  -2  -1   0  -2  -3   0   0  -1  -4  -3  -2   12   5   5   8   4   7  17  14   2   2   5   5   1   0   3   5   3   0   0   2  0.17 0.12
   90 K    -1   2  -2  -3  -5  -2  -2  -4   1  -3  -4   6  -3  -4   2  -2   0  -6  -4  -3    4  10   1   1   0   0   1   1   3   2   1  55   0   1  11   1   6   0   0   2  1.00 0.45
   91 H    -3  -2  -1  -2  -7  -2  -4  -6  11  -7  -6  -5  -6  -5  -6  -4  -2  -6   1  -7    2   2   2   2   0   2   0   0  80   0   1   0   0   0   0   1   3   0   4   0  2.84 0.84
   92 D    -1   0  -1   6  -3  -3   0  -2  -4  -2  -1  -3  -4  -2  -4  -1   3  -5  -4  -1    5   5   2  42   0   0   4   3   0   2   7   0   0   1   0   2  20   0   0   5  0.69 0.35
   93 H    -5   5  -4  -2  -7  -1  -4  -6  10  -7  -5  -2  -5  -5  -6  -5  -5  -6  -3  -4    0  30   0   2   0   3   0   0  60   0   1   2   0   0   0   0   0   0   0   1  2.30 0.73
   94 L    -1  -5  -6  -6  -4  -5  -6  -6  -6   3   2  -5  -2   2  -5  -5  -3  -5  -3   5    6   0   0   0   0   0   0   0   0  17  17   0   0  10   0   0   0   0   0  49  1.05 0.43
   95 T    -1   3  -2   4  -4  -2   0  -4  -4   2  -2  -2  -2  -1  -4  -2  -1  -2  -3   3    5  20   1  23   0   1   7   0   0  13   1   1   0   3   0   1   2   1   1  20  0.46 0.29
   96 M    -2  -5  -6  -6  -2  -5  -6  -6  -5   2   4  -5   2   6  -6  -5  -4   2  -2   0    4   0   0   0   1   0   0   0   0  12  38   0   5  32   0   0   0   3   0   6  1.04 0.41
   97 K    -1   1  -1   0  -2   2   2  -2   3  -1  -1   0  -2  -1  -2  -1  -1   1   0   1    3   9   1   5   1  10  14   3  10   3   5   3   0   3   1   4   4   2   4  15  0.15 0.14
   98 F    -3  -4  -2  -5  -2  -5  -5  -6  -5  -1   4  -4   3   5  -5  -4   2   1  -2  -2    2   1   2   0   1   0   0   0   0   2  36   1   8  30   0   0  15   2   0   1  0.88 0.40
   99 A     2  -2   1   4  -4  -1   2  -1  -3  -4  -4  -1  -4  -5  -3   1   2  -5  -1  -2   17   1   7  23   0   2  12   4   0   0   0   3   0   0   0  11  15   0   2   2  0.46 0.27
  100 D    -2   0   4   5  -5  -1  -1   0  -1  -5  -4  -1  -5  -6   0   1  -2  -6  -5  -4    2   5  23  37   0   2   1   7   2   0   1   4   0   0   4   9   1   0   0   1  0.82 0.37
  101 G    -1   0   0   0  -2   0  -2   6  -2  -5  -4   0  -5  -4  -1  -1  -3  -5  -4  -5    5   5   5   4   1   4   1  59   1   0   2   5   0   1   3   3   1   0   0   0  0.96 0.39
  102 Q     1   2  -2  -1  -1   2   3  -2  -2  -2  -2   1  -2  -4  -3   0   2  -5  -4  -2   10  14   0   1   1   9  25   2   0   3   4   7   1   0   0   5  16   0   0   2  0.39 0.26
  103 L    -3  -5  -6  -6  -3  -5  -3  -7  -6   3   5  -5   0  -2  -6  -5  -4  -5  -4   2    2   0   0   0   0   0   2   0   0  15  65   0   1   1   0   0   0   0   0  14  1.21 0.47
  104 I    -3   6  -2  -5   3  -3  -3  -4   1   0   0  -2  -1   0  -5  -1   0   0  -2   0    1  46   1   0   6   0   1   1   4   7   8   0   1   5   0   4   6   2   1   8  0.71 0.37
  105 Y    -5  -6  -6  -7  -6  -6  -6  -2  -3  -4   2  -6  -3   7  -7  -6  -5  -2   7  -4    0   0   0   0   0   0   0   5   0   0  16   0   0  43   0   0   0   0  36   0  1.80 0.62
  106 A    -1   1   4  -2  -1  -1  -2  -4   3  -1  -2  -2  -3  -1  -4  -2   1  -4   2   2    4   7  26   2   1   2   1   0   9   3   4   1   0   2   0   1  11   0   9  16  0.43 0.28
  107 D    -5  -5  -3   8  -7  -4  -2  -5  -5  -7  -7  -4  -7  -7  -5   0  -5  -7  -7  -7    0   0   0  91   0   0   1   0   0   0   0   0   0   0   0   6   0   0   0   0  2.53 0.78
  108 V     0  -4  -4  -4  -4   2  -3  -4  -3   0  -3  -2   0  -5   6   0   1  -5  -4   1    8   0   0   0   0  12   0   0   0   5   2   2   2   0  40   6   8   0   0  13  0.88 0.38
  109 R    -4   8  -1  -4  -6  -3  -3  -5  -4  -6  -5  -2  -5  -5  -5   0  -4  -5  -5  -5    1  86   2   0   0   0   0   1   0   0   1   0   0   0   0   6   0   0   0   0  2.20 0.69
  110 K    -3   6  -1   0   0   0  -2  -3  -3  -4  -4   3  -2  -5  -2  -1   2  -5  -4  -4    1  47   3   5   2   4   0   2   0   0   1  17   1   0   1   3  11   0   0   1  0.90 0.39
  111 F    -5  -6  -6  -6  -5  -6  -6  -6  -5   0  -1  -6  -3   9  -3  -5  -5  -3  -1  -4    0   0   0   0   0   0   0   0   0   5   6   0   0  83   2   0   0   0   0   0  2.39 0.70
  112 G    -1  -5  -3  -4  -1  -4  -5   7  -5  -5  -5  -4  -5  -5  -2  -3  -2  -5  -5  -5    4   0   0   0   2   0   1  84   0   0   1   0   0   0   2   1   2   0   0   1  1.87 0.57
  113 T     2   1  -1  -3   1   1  -1   0  -1  -2  -1   0   0   1  -3   0   2  -2   0  -1   21  10   2   0   4   6   2   7   2   0   4   4   2   7   0   7  14   0   4   4  0.14 0.14
  114 W    -3  -5  -5  -6   1  -4  -5  -5  -5   1   1  -5   6   2  -5  -4  -4   8   0   3    1   0   0   0   2   0   0   0   0   8  12   0  24   8   0   0   0  20   2  19  1.15 0.43
  115 E    -1   0  -1   2  -3   0   2  -3   3  -2   0  -1  -2  -2  -3   0   0   5   0  -1    4   5   1  15   0   3  16   1  10   2  13   3   0   1   0   6   6   8   2   3  0.28 0.18
  116 L    -2  -4  -4  -5  -2  -4  -5  -4  -3   2   4  -4   2   1  -1  -2  -3   7   0   0    2   0   1   0   1   0   0   1   0   9  41   0   6   5   4   3   1  16   3   6  0.79 0.33
  117 I    -1   0  -3  -3   2  -2  -3  -1  -1   2   2  -3   0   1  -4  -1  -2   3   0   2    5   7   1   1   4   1   1   4   2  10  23   0   2   5   0   6   1   4   3  21  0.22 0.16
  118 S     1   0   2   2  -4  -1   1   0  -1  -3  -3   0  -3  -4   3   0   2   4  -2  -3   11   5   9  10   0   1   9   6   1   1   1   5   0   0  14   4  16   5   1   1  0.32 0.20
  119 T     0   1  -1   1  -3  -1   0  -1  -2  -2  -1   1  -2  -3   3   1   3  -4  -3  -1    8   9   2   7   0   2   4   5   1   1   5   7   0   0  13   9  22   0   1   5  0.25 0.17
  120 D     0   0   1   3  -4   0   3   3   0  -4  -4  -1  -3  -4  -1   0  -1   2  -2  -3    9   4   6  16   0   2  19  22   2   1   1   2   1   0   3   4   2   3   1   2  0.36 0.20
  121 Q     0  -1   1   2  -4   3   2   0  -1  -3  -3   0  -2  -4   0   1   0  -4  -3  -1    7   3   8  12   0  16  16   7   1   0   2   5   1   0   4   8   6   0   0   4  0.28 0.18
  122 V     0  -2  -3  -1  -2   0   2  -2  -2   1   2  -2  -1  -1   3  -1  -1  -2   0   1   10   1   0   2   0   4  15   3   0   7  22   0   1   2  13   5   2   0   3   9  0.19 0.15
  123 L     1  -1  -1   1  -2   1   1  -1   0   0   1  -1   0  -2   0   0   0  -2  -1   0   13   3   1  10   1   7  13   5   3   4  16   1   2   1   5   3   5   0   2   5  0.07 0.08
  124 P     1   1   0   1  -2   1   1  -1   0  -2  -2   1   0  -3   1   0   1  -2  -3  -1   12   8   5   8   0   8  11   3   2   0   3   6   4   1   7   7  10   0   0   4  0.15 0.11
  125 Y    -1  -1  -2  -1  -1  -1   0  -2   7   0  -2  -1  -1  -1   1  -1   0   1   1   0    3   3   0   3   1   2   6   3  35   6   2   3   1   3   7   4   6   2   3   6  0.56 0.27
  126 F     0   1  -2  -1   0  -2   0  -2  -1  -2  -3   1  -2  -1   5   0  -1  -2  -3  -1    8   9   1   3   2   1   6   2   1   3   2  10   1   3  33   7   3   0   0   5  0.51 0.23
  127 L    -1  -3  -3  -4  -3  -1  -2   0  -1   1   3  -3   1   2   2  -2  -1   0  -1   1    3   1   0   0   0   3   2   7   2   9  31   1   3  11  11   2   2   1   1  11  0.27 0.17
  128 K    -3  -3  -4  -3  -3  -3  -4  -5  -4   2   5  -2   2   2  -2  -3  -3  -2  -1   1    1   1   1   2   0   1   0   1   0   9  55   2   3   9   2   1   1   1   1   9  0.70 0.29
  129 K     3   1   1  -1  -3   2   0   0  -2  -3  -2   2  -2  -3  -3   1  -1  -4  -3  -2   32   9   6   2   0   9   3   6   0   1   3  13   0   0   0   9   1   0   1   2  0.32 0.21
  130 K     0   2   1   0  -3   0   1   0   5  -3  -2   2  -3  -4  -3  -1  -1  -4  -2  -3    8  14   6   5   0   4   8   6  19   1   3  16   0   0   1   4   4   0   0   2  0.38 0.21
  131 I    -4  -5  -5  -6  -4  -4  -5  -6   0   3   5  -5   2  -2  -5  -4  -4  -3  -3   1    0   0   0   0   0   1   0   0   3  13  68   0   5   1   0   1   0   0   0   7  1.15 0.43
  132 G     2  -5  -4  -4  -5  -4  -4   7  -5  -6  -6  -2  -5  -6  -5  -3  -4  -5  -6  -5   14   0   0   0   0   0   1  80   0   0   0   2   0   0   0   0   0   0   0   0  1.82 0.57
  133 P    -3   1  -5  -4  -4  -3  -3  -5  -5   0  -2  -3  -2  -4   8  -4  -3  -5  -1   0    1   7   0   1   0   1   1   0   0   5   4   1   1   1  66   0   1   0   3   7  1.65 0.54
  134 E    -5  -4  -3   5   0  -2   7  -5  -4  -7  -7  -3  -6  -7  -5  -3  -4  -7  -6  -5    0   0   0  32   3   0  63   0   0   0   0   0   0   0   0   1   0   0   0   1  1.80 0.63
  135 P    -2  -6  -6  -5  -6  -5  -5  -6  -6  -1  -1  -5  -5  -3   8  -5  -5  -7  -6   1    4   0   0   0   0   0   0   0   0   4   5   0   0   2  76   0   0   0   0  10  2.16 0.67
  136 T    -4  -5  -2  -5   1  -5  -5  -5  -5  -1   5  -4   0   3  -6  -3  -1  -1  -3  -2    0   0   2   0   3   0   0   1   0   1  70   1   1  13   0   2   5   1   0   1  1.11 0.45
  137 Y    -1  -2  -1   4  -4  -1   1   1  -2  -4  -3  -1  -4  -4  -1   3   1  -5  -2  -4    4   1   2  22   0   1   8  12   0   0   2   3   0   0   2  30   9   0   2   0  0.47 0.27
  138 E     0  -2   2   3  -4  -1   3  -2  -2  -2  -4  -1   0  -5   3   0  -1  -5  -4  -2    8   1  12  19   0   1  19   1   0   2   1   4   3   0  17   5   3   0   0   3  0.51 0.26
  139 D     2   1  -1   3  -4   0   2  -1  -2  -3  -1   0  -2  -4  -1   1   0  -5  -4  -2   19  10   2  20   0   4  14   4   0   0   5   4   1   0   2   8   6   0   0   2  0.29 0.19
  140 F    -3  -6  -6  -7  -3  -6  -6  -6  -5  -3   1  -6   0   8  -6  -5  -3   2  -1  -2    2   0   0   0   1   0   0   0   0   0  14   0   2  74   0   0   2   3   0   2  1.99 0.61
  141 D    -2  -1   3   5  -2  -2  -1  -3   1  -4  -4  -2  -4  -5  -4   2   3  -5  -3  -4    1   3  15  31   1   1   1   1   4   1   1   2   0   0   0  15  24   0   0   0  0.74 0.35
  142 E     2   0  -2   0  -2  -2   0   2  -2  -2  -1  -2  -2   0   3   0  -2  -3  -1   0   21   5   1   4   0   1   8  18   1   1   7   1   0   5  13   4   1   0   3   7  0.21 0.15
  143 K     2   0   1   3  -4   1   3  -1   0  -4  -3   0  -3  -3  -1   1  -1  -4  -3  -3   18   4   5  15   0   7  25   4   2   0   2   4   0   1   2   9   1   0   0   1  0.37 0.21
  144 L     0   1  -3  -1  -4   0   0  -3   0  -1  -1  -2  -1   0  -3  -2  -1   3   6   0    9   9   1   3   0   5   6   1   2   2   7   1   2   2   1   2   3   4  33   8  0.46 0.26
  145 F     0  -5  -6  -3  -4  -5  -5  -5  -5   0   5  -5   0   4  -5  -4  -3  -4  -2   1   10   0   0   2   0   0   0   0   0   2  56   0   2  19   0   0   0   0   0   9  0.94 0.39
  146 R     2   0  -2  -3  -3   1   0  -3   3  -1  -1   1  -1   2  -3  -1  -1   2   3   0   22   5   0   0   0   6   6   1   8   3   5  10   1  10   0   1   2   2  11   7  0.23 0.19
  147 E     2   2   1   1  -4   2   3  -2   0  -4  -4   2  -3  -4  -3   1   0  -4  -3  -3   16  11   6   5   0   9  20   2   1   0   1  11   0   0   0  12   4   0   0   0  0.38 0.22
  148 K     2   4   0  -2  -2   0  -1  -1   1  -2   0   3  -2  -4  -3  -1  -2  -3  -2   0   18  24   4   0   1   2   4   4   3   1  11  18   1   0   0   3   1   0   1   6  0.30 0.21
  149 L     0  -3  -4  -5   1  -4  -4  -4  -5   1   4  -4   0   2  -5   1  -1  -4  -2   0    6   1   0   0   3   0   0   1   0   7  53   0   1   9   0  12   4   0   0   4  0.63 0.31
  150 R     1   5  -2  -1  -3   1  -1  -3   0  -3  -3   4  -2  -4  -4   0  -1  -5  -3  -2   13  33   1   3   0   5   2   1   2   1   1  23   1   0   0   5   3   0   0   3  0.59 0.29
  151 K     0   2   3  -2  -3   0  -2   3   0  -5  -4   3  -3   0  -3  -1  -1  -5  -3  -4    6  10  14   1   0   3   1  27   2   0   1  25   0   5   1   2   3   0   0   0  0.51 0.27
  152 S    -2   6  -1  -4  -3   0  -2  -4  -1  -5  -5   4  -4  -5  -1   1  -1  -5  -2  -4    3  41   2   0   0   4   0   0   1   0   0  30   0   0   4  10   3   0   2   0  0.99 0.42
  153 T    -1   4   2   0  -2   1  -1  -3   2  -3  -4   4  -3  -5  -2   1   0  -5  -4  -4    5  21   9   6   1   5   1   1   6   1   0  27   0   0   1  10   7   0   0   0  0.51 0.27
  154 K     0   4  -2  -3  -4   2  -1  -2  -3   0  -2   1  -1  -3  -3   0   3  -4  -3   0    7  25   0   0   0   9   2   3   0   6   3  10   2   1   0   6  20   0   0   8  0.37 0.24
  155 K     3  -1   0  -3  -4   1   0  -1  -3  -2  -3   0   0  -5   5   1  -1  -5  -3  -2   23   3   4   0   0   6   5   4   0   2   2   4   3   0  27  12   3   0   0   2  0.52 0.27
  156 I    -4  -6  -6  -6  -4  -6  -6  -7  -6   6   2  -6  -1   1  -4  -5  -4  -5  -4   3    0   0   0   0   0   0   0   0   0  57  15   0   1   5   1   0   0   0   0  20  1.31 0.46
  157 K    -2  -2  -3  -4   3  -2  -3  -2  -4  -6  -6   7  -5  -7  -5  -1  -2  -7  -5  -3    2   0   0   0   7   0   0   3   0   0   0  79   0   0   0   5   2   0   0   2  1.70 0.62
  158 P     1   1   1   0  -3   2   0   0  -2  -3  -2  -1  -3  -4   2   1   2  -4  -1  -2   15   8   6   5   0   9   6   7   0   1   3   1   0   0  12  10  14   0   3   1  0.24 0.17
  159 Y     3  -4  -4  -5   0  -2  -4  -4  -2   0   2  -4  -1   3  -4  -2   0   2  -1   1   30   0   0   0   2   2   0   0   1   3  25   0   1  15   0   1   6   3   1  11  0.46 0.27
  160 L    -5  -6  -7  -7  -5  -6  -6  -7  -6   3   6  -6  -1  -3  -6  -6  -4  -5  -4  -2    0   0   0   0   0   0   0   0   0  16  84   0   0   0   0   0   0   0   0   0  1.70 0.58
  161 L    -5  -5  -6  -7  -5  -5  -6  -7  -6  -2   6  -6   7  -3  -6  -6  -3  -5  -5  -3    0   0   0   0   0   0   0   0   0   0  69   0  29   0   0   0   2   0   0   0  1.78 0.61
  162 E    -2  -5   2   8  -7  -4  -1  -4  -5  -7  -7  -4  -7  -7  -5  -3  -4  -8  -7  -7    4   0   8  84   0   0   2   0   0   0   0   0   0   0   0   1   0   0   0   0  2.22 0.69
  163 Q    -3  -3   3  -4  -7   8  -2  -1  -2  -7  -6  -3  -3  -7  -5  -1  -4  -6  -5  -6    2   0  14   0   0  74   0   5   0   0   0   0   1   0   0   4   0   0   0   0  1.96 0.72
  164 T     1   3   0  -1  -3   0   0  -1   2  -4  -4   3  -3  -5  -3   1   2  -5  -3  -4   13  20   3   3   0   3   4   3   6   0   0  17   0   0   0  13  15   0   0   0  0.44 0.25
  165 L    -2  -4  -2  -5  -3  -4  -5  -5  -4   4   2  -2   0   2  -3  -4  -1  -3   1   4    2   0   2   0   0   0   0   0   0  24  17   2   1  10   1   0   4   0   6  30  0.60 0.28
  166 V    -3  -6  -6  -6  -4  -5  -6  -6  -6   4   1  -5  -2   2  -6  -5  -3  -5  -3   6    0   0   0   0   0   0   0   0   0  21  14   0   0   8   0   0   0   0   0  57  1.24 0.46
  167 A     4  -4  -1  -4  -1  -4  -4  -3  -5  -2  -3  -4  -3  -5   0   2  -1  -6  -4   4   43   0   3   0   1   0   0   0   0   0   0   0   0   0   4  18   1   0   0  29  0.81 0.41
  168 G    -4  -6  -4  -5  -7  -6  -6   8  -6  -8  -8  -5  -7  -7  -6  -4  -6  -7  -7  -7    0   0   0   0   0   0   0 100   0   0   0   0   0   0   0   0   0   0   0   0  2.65 0.76
  169 L    -3  -5  -6  -6  -2  -5  -6  -6  -6   4   4  -5  -1  -2  -5  -5  -3  -5  -4   5    1   0   0   0   1   0   0   0   0  25  34   0   0   0   0   0   0   0   0  38  1.13 0.42
  170 G    -4  -6  -4  -5  -7  -6  -6   8  -6  -8  -8  -5  -7  -7  -6  -4  -6  -7  -7  -7    0   0   0   0   0   0   0 100   0   0   0   0   0   0   0   0   0   0   0   0  2.65 0.76
  171 N    -6  -5   9  -3  -7  -4  -4  -5  -4  -8  -8  -4  -7  -7  -6  -4  -4  -8  -6  -7    0   0 100   0   0   0   0   0   0   0   0   0   0   0   0   0   0   0   0   0  3.05 0.89
  172 I    -3  -6  -7  -7  -5  -6  -7  -7  -6   8  -2  -6  -2  -3  -6  -6  -4   1   3   0    2   0   0   0   0   0   0   0   0  83   0   0   0   0   0   0   0   2  10   4  1.96 0.64
  173 Y    -6  -6  -6  -7  -6  -6  -6  -7  -3   1   1  -6  -4  -1  -7  -6  -6  -2   9  -4    0   0   0   0   0   0   0   0   0   7  11   0   0   0   0   0   0   0  82   0  2.59 0.79
  174 V     5   1  -4  -5   1  -2  -4  -4  -4  -3  -4   0  -3  -5  -4  -2  -3  -6  -4   3   55   9   0   0   3   2   0   0   0   0   0   7   0   0   0   2   0   0   0  22  0.91 0.44
  175 D    -1  -4   4   5   5  -1  -2  -4  -4  -5  -5  -3  -5  -6  -4   2  -1  -6  -5  -1    5   0  21  38  12   2   0   0   0   0   0   0   0   0   0  14   2   0   0   5  0.99 0.42
  176 E    -5  -4  -4  -2  -8  -2   8  -6  -4  -8  -7  -3  -6  -8  -5  -4  -5  -7  -6  -7    0   0   0   0   0   0 100   0   0   0   0   0   0   0   0   0   0   0   0   0  2.64 0.84
  177 V     4  -4  -4  -4  -2  -3  -4  -3  -4   2  -1  -3  -1  -4  -4   3   0  -5  -4   1   45   0   0   0   0   0   0   0   0  14   4   0   1   0   0  23   4   0   0   8  0.72 0.37
  178 L    -5  -6  -7  -7   1  -6  -7  -7  -7  -2   7  -6  -1  -3  -7  -6  -5  -5  -5  -3    0   0   0   0   3   0   0   0   0   0  97   0   0   0   0   0   0   0   0   0  1.99 0.66
  179 W    -5  -6  -4  -7  -6  -6  -6  -7   3  -5  -4  -6  -4   8  -7  -6  -6   9   4  -5    0   0   1   0   0   0   0   0   6   0   0   0   0  53   0   0   0  27  12   0  2.36 0.69
  180 L     1   5  -2   0  -3   2   0  -4   0  -3   0   0   1  -3  -4  -1  -2  -5  -4  -1   12  38   1   5   0  11   4   0   2   0  10   3   5   0   0   3   1   0   0   4  0.53 0.29
  181 A     6  -4  -4  -5   2  -4  -4  -3  -1  -4  -2  -4  -4  -5  -4   3  -2  -6  -5  -1   65   0   0   0   4   0   0   0   1   0   4   0   0   0   0  20   1   0   0   4  1.16 0.50
  182 K    -3   3  -2  -4  -6   0  -2   5   1  -6  -6   3  -5  -6  -5  -3  -4  -5  -3  -6    1  19   1   0   0   3   1  49   4   0   0  21   0   0   0   0   0   0   1   0  1.13 0.44
  183 I    -4  -6  -7  -7  -4  -6  -6  -7  -6   7   3  -6  -2  -2  -6  -6  -4  -6  -4   2    0   0   0   0   0   0   0   0   0  67  21   0   0   1   0   0   0   0   0  10  1.57 0.53
  184 H    -1   1   0   1  -5  -2  -3  -4   8  -5  -1  -3  -3  -3  -1   2  -1  -6  -2  -5    5   8   4   7   0   0   0   0  45   0   7   1   0   1   3  16   4   0   0   0  1.10 0.46
  185 P    -4  -6  -6  -6  -7  -5  -5   0  -6  -7  -7  -5  -7  -7   9  -5  -5  -2  -1  -7    1   0   0   0   0   0   0   7   0   0   0   0   0   0  89   0   0   1   2   0  2.85 0.82
  186 E     1   1  -1   1  -3   2   2  -2   0  -1   1   0  -1   1  -3  -1   1   0  -2  -2   12   8   2   6   0  10  14   1   3   2  17   5   1   7   0   2  10   1   0   0  0.14 0.15
  187 K     0   5  -2  -4  -3   1  -1  -4   1  -3  -2   2  -2  -3  -4  -1   2  -5  -4  -2    6  41   0   0   0   5   3   0   4   1   3  11   1   1   0   4  16   0   0   3  0.68 0.33
  188 E     1  -1  -3  -3  -3  -1   0  -3  -3  -1   1   2  -1  -4   5   0   0  -5  -4  -2   14   2   0   0   0   2   7   1   0   3  13  17   1   0  27   5   6   0   0   1  0.49 0.26
  189 T     6  -5  -4  -5   0  -4  -4   1  -5  -4  -4  -4  -4  -5  -4   0   0  -6  -5   1   70   0   0   0   2   0   0   8   0   0   0   0   0   0   0   5   5   0   0   9  1.16 0.49
  190 N     1   1   2   0   1   0  -1   3   0  -3  -4   1  -3  -3  -3   2  -2  -4  -4  -3    9   8  10   4   4   5   1  26   3   1   1   8   0   1   0  18   1   0   0   1  0.37 0.21
  191 Q     0   2   1   2  -1   2   0  -1  -2  -4  -3   1  -2  -4  -3   2   2  -4  -3  -3    6  11   7  10   1   9   5   5   0   0   2  10   1   0   0  18  14   0   0   1  0.30 0.20
  192 L    -4  -5  -6  -7  -4  -5  -6  -7  -6   4   5  -6   0  -2  -6  -5  -4  -5  -4   2    0   0   0   0   0   0   0   0   0  20  67   0   1   0   0   0   0   0   0  12  1.33 0.47
  193 I     1  -1   1   0  -4  -2  -2   0  -3  -3  -3  -1  -3  -5   0   4   3  -5  -4  -3    8   2   7   4   0   1   1   5   0   1   3   4   0   0   4  37  24   0   0   1  0.56 0.32
  194 E     0   2  -1   2  -3   0   2  -1  -2  -2   0   2  -2  -3   0  -1  -1  -4  -2  -2   11  14   2  12   0   2  14   4   0   2  11  15   0   0   5   3   3   0   1   1  0.20 0.15
  195 S     2   0  -1   1  -3   1   3  -2  -1  -4  -4   1  -3  -5   3   0   0  -5  -4  -3   22   5   2   9   0   6  19   1   1   0   0  10   0   0  13   6   4   0   0   1  0.41 0.23
  196 S    -2   4  -2  -1  -6   5   4  -5  -1  -5  -4   1   0  -6  -4  -1  -2  -4  -4  -5    3  26   1   3   0  26  28   0   1   0   1   6   2   0   0   3   1   0   0   0  0.93 0.41
  197 I     1  -2  -4  -3   5  -2  -4  -4  -3   3   2  -3   0   0  -4  -2  -1   0   2   1   16   2   0   1  13   1   0   0   0  16  21   0   1   3   0   1   2   1   9  10  0.41 0.22
  198 H     1   1   0   2  -2   1   3  -1   2  -2  -2   1  -2  -3  -3  -1   0  -4  -3  -1   15   7   4  10   1   4  23   3   6   2   5   8   1   1   0   3   5   0   0   3  0.23 0.16
  199 L     1   4   0  -2   1   0   0  -2   0  -1   0   1  -2  -4  -3  -1   0  -4  -3  -1   16  28   4   1   3   2   5   2   3   4  10   8   0   0   1   3   6   0   0   4  0.26 0.19
  200 L    -3  -6  -7  -7  -5  -6  -6  -7  -6   1   6  -6  -1  -2  -6  -6  -4  -5  -4   0    1   0   0   0   0   0   0   0   0   5  89   0   0   1   0   0   0   0   0   4  1.71 0.58
  201 H     2   0  -3  -4   2  -2  -3  -3   4  -1   0  -2   0  -1  -2   0   0   2   1   3   17   5   0   0   5   0   0   1  14   2  10   1   1   1   1   6   4   3   4  23  0.30 0.22
  202 D     0   0   0   2  -2   2   2  -1   2  -2  -3   1  -3  -3  -1  -1   1  -4  -1  -2    9   5   4  15   1  12  13   5   6   2   0  10   0   1   3   3   9   0   2   2  0.25 0.16
  203 S     4  -1   1  -1   1   0   1  -2   2  -2  -3  -1   0  -4  -3   1   0   0  -3  -2   37   2   7   2   3   3  10   1   6   2   1   3   3   0   0  12   5   2   0   2  0.36 0.24
  204 I     1  -5  -5  -6  -2  -5  -5  -3  -6   6   1  -5   1  -3  -5  -4  -1  -5  -4   2   11   0   0   0   1   0   0   2   0  55  12   0   2   0   0   0   3   0   0  14  1.03 0.41
  205 I    -1   5  -1  -4  -1   0  -2  -3  -2   0  -1   4  -3  -3  -3  -3  -1  -5  -4   0    4  31   2   0   1   4   0   1   1   7   6  30   0   1   0   0   3   0   0   9  0.61 0.32
  206 E     1   1   0   3  -4   2   3  -2   0  -4  -4   1  -3  -4  -3   0   0  -5  -1  -3   15   6   4  19   0   8  22   1   2   0   1   7   0   0   0   7   5   0   2   1  0.42 0.23
  207 I    -3  -5  -5  -5  -4  -4  -1  -5  -5   4  -1  -4   0  -1  -5  -4   1  -5  -4   5    1   0   0   0   0   0   4   0   0  23   3   0   2   3   0   0  11   0   0  53  0.99 0.40
  208 L    -4  -4  -5  -5  -4  -4  -5  -5  -5   2   5  -4   4  -2   1  -4  -2  -4  -3  -2    1   0   0   0   0   0   0   1   0   8  65   0  11   1   8   0   2   0   0   0  1.07 0.40
  209 Q     2   2   0  -1  -3   2   1  -1  -1  -3  -1   2  -2  -3  -2   0   1  -3  -2  -2   19  14   3   1   0  10  10   4   1   0   5  11   0   0   0   7  12   0   1   1  0.25 0.16
  210 K     1   1  -1   2  -2   1   3  -3  -1  -2   0   2  -1  -2  -2  -1  -1  -3  -1  -1   13   7   2  11   0   6  21   1   1   2  12  12   1   1   0   2   3   0   1   3  0.21 0.14
  211 A     6  -4  -3  -4  -3  -3  -3   0  -4  -4  -4  -3  -3  -4  -3   3  -2  -4  -4  -1   65   0   0   1   0   0   1   6   0   1   1   1   0   0   1  19   1   0   0   3  1.06 0.43
  212 I    -3  -4  -5  -5  -3  -4  -5  -5  -4   6   1  -4  -1  -2  -4  -4  -1  -4   2   3    1   0   0   0   0   0   1   1   0  56  12   0   0   0   0   1   4   0   7  15  1.05 0.38
  213 K     2   0   0   1  -3   1   3  -1  -1  -2  -3   2  -2  -3  -3  -1   0  -4  -3  -3   21   5   4   9   0   6  26   5   1   2   1  11   1   1   0   1   5   0   0   1  0.35 0.20
  214 L     3   1  -1  -2  -2   3   0  -2  -1  -2   0   1   0  -3  -3   0   0  -3  -2  -1   26   9   3   1   1  16   5   1   1   0  10   6   2   1   0   6   6   0   1   4  0.23 0.17
  215 G    -2   2  -1  -2  -3  -2  -4   6  -2  -5  -3  -1  -4  -5  -4  -3  -4   1  -4  -5    1  10   3   2   1   1   1  70   1   0   2   3   0   0   0   1   1   2   0   1  1.33 0.43
  216 G    -2  -4  -3  -3  -5  -4  -4   7  -1  -5  -5  -3  -5  -5  -4  -3  -3  -5  -2  -3    2   0   0   1   0   0   1  83   2   0   1   2   0   0   0   1   1   0   2   2  1.75 0.52
  217 S    -2  -3  -1   0  -3  -2  -2  -3  -3  -1  -4  -1  -3  -4  -3   4   5  -4  -4  -3    1   0   2   5   0   1   2   1   0   3   1   3   0   0   0  34  44   0   0   1  0.93 0.41
  218 S    -2  -2  -2  -2  -4  -3  -1  -1  -4  -4  -4  -3  -4  -5  -4   4   6  -5  -4  -2    0   2   1   1   0   0   3   4   0   0   0   0   0   0   0  35  49   0   0   2  1.10 0.48
  219 I    -3  -4   0  -5  -4  -4  -4  -5  -4   3   4  -4  -1   4  -5  -4  -3  -3   2   1    0   0   6   0   0   0   0   0   0  16  41   0   0  18   0   0   0   0   6   9  0.72 0.30
  220 R    -3   6  -1   1  -5  -1  -2  -1   2  -5  -3   3  -4  -4  -4   0  -2  -5  -4  -4    0  41   1  10   0   1   1   6   5   0   3  20   0   1   0   8   1   0   0   1  0.78 0.34
  221 T    -3  -4   1   6  -5  -1  -1  -4   2  -5  -4  -3  -4   0  -1   2   0   1   0  -4    0   0   5  50   0   2   1   0   5   0   1   0   0   5   3  15   7   2   4   0  0.91 0.38
  222 Y    -4  -1  -1  -5  -5  -4  -1  -3   4  -3  -3  -4  -3   6  -6  -4  -4  -2   6   1    0   4   3   0   0   0   4   2   9   0   1   0   0  37   0   0   0   0  31   9  1.26 0.46
  223 S    -1   3   4   1  -5   3  -1   1   2  -4  -5  -1  -4  -5  -2   1  -1  -5  -4  -3    3  17  22   6   0  15   2  12   4   1   0   1   0   0   1  11   3   0   0   1  0.51 0.28
  224 A     3  -3  -3   0   2  -1  -2   1  -1  -2  -3  -1  -3  -4   1   1   0  -5  -4   1   28   0   0   5   5   3   1  12   1   1   1   2   0   0   8  13   6   0   0  14  0.33 0.23
  225 L    -2  -1   3   5  -1   0   2  -2   1  -3  -1  -1  -1  -1  -3  -1   0  -5  -2  -4    1   2  16  32   2   4  12   2   3   1   7   3   2   3   1   3   5   0   1   0  0.46 0.24
  226 G    -3  -1  -1  -2  -5  -4  -1   6  -4  -3  -5   0  -5  -5  -2  -3  -2   2  -5  -5    0   3   2   2   0   0   4  71   0   2   1   5   0   0   2   1   2   3   0   0  1.31 0.44
  227 S     0   0   0   1  -3   1   3  -1   1  -2  -1   2  -2  -3  -2   1  -1  -4  -3  -1    9   5   3   5   0   5  24   4   5   2   7  13   0   0   1   9   3   0   0   4  0.22 0.15
  228 T     0  -1   1   0  -3   0  -1  -1  -2  -2   0   0  -1   0   4   1   0  -3  -1  -2    7   2   7   4   0   4   1   4   0   2  12   4   1   4  23  13   5   0   2   2  0.27 0.16
  229 G    -1  -5  -3  -3  -5  -4  -5   7  -5  -6  -4  -4  -5  -5  -5  -1  -1   1  -5  -5    3   0   0   1   0   0   0  81   0   0   1   0   0   0   0   3   4   2   0   0  1.74 0.54
  230 K     0  -2   0  -3  -2  -1   0  -1   1  -2  -2  -1   0   0  -2  -1  -1  -2   7  -3    8   2   6   1   1   2   6   5   2   2   3   4   2   1   2   4   3   0  46   0  0.77 0.35
  231 M    -3  -3  -3  -5  -5  -4  -5  -5   0  -1  -1  -2   1   8  -5  -5  -4  -2   3  -3    2   2   1   0   0   1   0   0   2   3   4   3   3  68   0   0   0   0   9   0  1.67 0.52
  232 Q     1   0  -2   0  -4   6   0   1   0  -4  -4  -1  -3  -5   0   0  -1  -4  -3  -3   12   5   0   6   0  45   4   9   2   0   1   1   0   0   4   5   3   0   1   2  0.73 0.36
  233 N    -2   2   2   0  -4   4   0  -1   4  -2  -1   0  -1   1  -3  -1  -2  -4  -1  -2    3  10   9   4   0  23   4   5  12   2   8   6   1   8   0   2   2   0   1   1  0.32 0.21
  234 E    -1   2   0   1  -2   2   1  -2   3  -3  -3   0   0  -1  -3   2   0   1  -1  -2    3  13   3   6   1  11  11   2   8   0   1   5   3   3   0  19   4   3   1   2  0.26 0.18
  235 L     0  -5  -5  -6   0  -4  -3  -5   0  -2   4  -5  -1   5  -2  -4  -1   0   1  -2    8   0   0   0   2   0   2   0   3   0  52   0   0  22   2   0   5   1   5   0  0.84 0.38
  236 Q    -1   2   1   0  -4   3  -1  -3   2  -4  -1   2  -1   1  -4   0  -2   4  -1  -4    5  14   8   5   0  15   2   1   6   0   5  16   2   7   0   6   1   7   1   0  0.36 0.23
  237 V     0  -6  -6  -6   1  -5  -6  -6  -6   1  -3  -3  -3  -4  -6  -5  -3  -6  -5   7    8   0   0   0   3   0   0   0   0   6   0   2   0   0   0   0   0   0   0  81  1.66 0.59
  238 Y    -6  -6  -6  -7  -7  -6  -6  -7   2  -6  -5  -6  -5   2  -3  -6  -6  -2  10  -5    0   0   0   0   0   0   0   0   5   0   0   0   0   6   2   0   0   0  87   0  2.94 0.85
  239 G    -2   1  -1   2  -5   0  -3   6   2  -6  -6  -1  -5  -6  -5  -2  -2  -6  -5  -6    2   8   1  12   0   3   1  60   6   0   0   3   0   0   0   1   3   0   0   0  1.14 0.43
  240 K    -4   7  -3  -5  -3   1  -3  -6   0  -6  -6   4  -1  -6  -5  -4  -4  -6  -5  -4    0  69   1   0   1   5   0   0   2   0   0  20   1   0   0   0   0   0   0   1  1.79 0.61
  241 T     2  -2  -1   0  -3   0   3   0  -1  -4  -4   2  -3  -3   1   0   1  -4  -3  -2   22   0   2   5   0   3  21   8   1   0   0  12   0   1   5   3  12   0   0   2  0.33 0.22
  242 G    -2  -3   1   0  -5  -2  -3   6  -2  -6  -5  -1  -5  -5  -2  -2  -3  -5  -5  -5    1   1   7   5   0   2   1  73   1   0   1   3   0   0   2   2   1   0   0   0  1.42 0.46
  243 E    -2   0  -2   0  -3   4   5  -3   0  -4   0   2  -2  -4  -3  -2  -3  -4  -4  -3    3   4   1   3   0  21  37   1   1   0  10  13   1   0   0   1   1   0   0   1  0.70 0.33
  244 K     1  -2  -2  -4  -5   0   0  -2  -2  -5  -3  -1  -2  -3   7  -2  -1  -5  -5  -4   12   2   1   0   0   4   5   3   1   0   3   3   1   2  57   2   3   0   0   1  1.29 0.44
  245 C    -4  -7  -6  -7  12  -7  -7  -6  -7  -5  -5  -7  -5  -6  -6  -5  -5  -6  -6  -5    0   0   0   0  96   0   0   0   0   0   0   0   0   0   0   0   0   0   0   0  4.01 0.95
  246 S    -2   4  -2  -1  -5  -1   1  -2  -1  -3  -2   1  -2  -1   5  -1  -1  -4  -2  -1    1  28   1   2   0   2   8   2   2   1   4   6   1   3  27   3   4   0   1   4  0.60 0.28
  247 R    -1   5   0  -2  -4   1  -1  -2   2   0  -2   1  -2  -3  -4  -1   0  -4  -3   2    3  33   5   1   0   7   2   2   4   4   2   7   0   1   0   4   7   0   0  17  0.39 0.24
  248 C    -4  -7  -2  -2  12  -7  -7  -3  -7  -5  -5  -7  -5  -6  -7  -5  -5  -6  -6  -5    1   0   2   2  91   0   0   2   0   0   0   0   0   0   0   0   0   0   0   0  3.65 0.90
  249 G    -1  -3   0  -2  -2  -2  -2   6   1  -6  -6  -1  -5  -6  -4  -1  -3  -6  -5  -6    4   1   3   2   1   2   2  72   4   0   0   4   0   0   0   3   1   0   0   0  1.38 0.48
  250 A     0  -1   1  -1   0  -1   0   2   2  -3  -4   0  -2  -5  -3   1   4  -5  -4  -3    7   2   7   3   2   2   5  19   5   1   0   6   1   0   0   8  32   0   0   0  0.45 0.26
  251 E     0  -2  -2  -2  -4   0  -1  -3  -2   1   0   1  -1  -3   4  -1   2  -5  -3   0    7   2   1   1   0   4   3   1   1  10  10  11   1   0  26   2  14   0   0   7  0.40 0.22
  252 I    -4  -6  -6  -6  -4  -6  -6  -7  -6   7   2  -6   1  -1  -6  -5  -4  -5  -4   3    0   0   0   0   0   0   0   0   0  64  14   0   3   2   0   0   0   0   0  18  1.47 0.50
  253 Q    -1   4  -2  -1  -3   2   4  -3  -2   0  -2   1  -1  -4  -3  -1   0  -5  -4   0    6  22   0   2   0   8  28   1   0   6   3   7   2   0   0   4   5   0   0   6  0.42 0.25
  254 K    -1   5  -2  -3  -3   1   1  -3  -2  -3  -3   4  -2  -2  -4  -1  -1  -5  -1  -1    4  35   1   0   0   4   9   1   1   1   1  27   1   2   0   4   2   0   2   4  0.66 0.32
  255 I     0  -2  -3   0   1  -1   1  -4  -4   4   0  -1   0  -1  -4  -2   1  -4  -2   1    6   2   0   6   3   2  11   0   0  35   6   3   2   3   0   2  10   0   0   9  0.31 0.21
  256 K    -1   3  -2  -2  -4  -1  -2  -3  -3  -1  -2   4  -2  -4  -2  -1   2  -5  -4   3    4  16   0   1   0   1   0   2   0   1   2  31   1   0   1   4  14   0   0  21  0.51 0.30
  257 V    -2  -3  -3  -4  -4   4  -3  -5   1   2   3  -3  -1   3  -5  -4  -2   0  -2   2    2   0   0   0   0  21   0   0   3  13  28   0   1  13   0   0   2   1   0  15  0.53 0.30
  258 A     2  -2   1  -2  -2  -3  -2   5  -4  -2  -4  -2   2  -5  -4   2  -2  -5  -5  -3   20   2   7   2   1   0   1  41   0   2   0   1   7   0   0  14   1   0   0   0  0.71 0.33
  259 G    -3  -3   3  -1  -6   5  -1   5  -3  -6  -6  -3  -5  -6  -5   0  -4  -6  -5  -6    0   0  15   3   0  30   2  43   0   0   0   0   0   0   0   6   0   0   0   0  1.18 0.48
  260 R    -6   9  -4  -6  -8  -3  -4  -6  -4  -7  -6  -1  -5  -7  -6  -5  -5  -7  -6  -7    0  98   0   0   0   0   0   0   0   0   0   2   0   0   0   0   0   0   0   0  2.80 0.83
  261 G     0  -3   1  -3  -4  -3  -3   2  -3  -4  -3  -3   1  -5   1   5   1  -5  -4  -2    8   0   5   0   0   0   0  18   0   0   3   0   4   0   7  46   7   0   0   2  0.69 0.37
  262 T    -2  -2  -3  -4  -4  -4  -4  -5  -5  -4  -5  -4  -4   1  -5   3   7  -6  -4  -2    1   2   0   0   0   0   0   0   0   0   0   0   0   7   0  24  64   0   0   1  1.46 0.59
  263 H    -2  -5  -4  -6  -5  -2  -5  -6   6  -3  -4  -5  -3   6  -6  -4  -1   3   6   1    3   0   0   0   0   2   0   0  21   0   0   0   0  30   0   0   4   4  26  10  1.32 0.48
  264 F    -5  -5  -6  -7  -4  -6  -6  -5  -2  -2  -3  -6  -4   7  -7  -3  -5   8   6  -4    0   0   0   0   0   0   0   1   1   2   1   0   0  39   0   2   0  21  31   0  2.00 0.61
  265 C    -3  -8  -7  -8  12  -7  -8  -7  -8  -6  -6  -8  -6  -7  -7  -5  -5  -7  -7  -2    2   0   0   0  96   0   0   0   0   0   0   0   0   0   0   0   0   0   0   2  4.00 0.97
  266 P    -1  -1  -3  -4  -6  -4  -3  -3  -5  -5  -4  -2  -6  -7   8   0  -2  -7  -6  -4    4   4   1   0   0   0   2   2   0   0   1   2   0   0  74   6   2   0   0   1  2.00 0.62
  267 V     0   2   1  -2  -3   2   0  -1   4  -2  -2   1  -2  -3  -3   0   1  -4  -2   0    8  14   6   0   0  11   4   3  14   1   4  10   0   0   0   5  11   0   0   8  0.27 0.19
  268 C    -5  -6  -7  -8  12  -7  -6  -7  -5  -2  -3  -7  -6  -7  -7  -5  -5  -7  -7  -5    0   0   0   0  94   0   1   0   0   2   2   0   0   0   0   0   0   0   0   0  3.87 0.95
  269 Q    -5  -3  -4  -5  -7   9  -2  -6  -4  -7  -7  -3  -5  -8  -6  -4  -5  -6  -6  -7    0   0   0   0   0 100   0   0   0   0   0   0   0   0   0   0   0   0   0   0  3.06 0.94
  270 Q    -4   4  -3  -4  -6   1  -2  -5   2  -6  -5   5  -4  -6   4  -3  -2  -6  -4  -5    0  25   0   0   0   7   0   0   6   0   0  42   0   0  18   0   1   0   0   0  1.15 0.43
  271 K    -3   6  -2  -2  -5   3   2  -4  -2  -5  -4   3  -3  -5  -3  -2  -2  -4  -3  -4    0  57   0   0   0  12  11   0   0   0   0  21   0   0   0   0   0   0   0   0  1.02 0.24

                      K         Lambda
Standard Ungapped    0.1381     0.3189
Standard Gapped      0.0562     0.2670
PSI Ungapped         0.1835     0.3176
PSI Gapped           0.0562     0.2670
