
Last position-specific scoring matrix computed, weighted observed percentages rounded down, information per position, and relative weight of gapless real matches to pseudocounts
            A   R   N   D   C   Q   E   G   H   I   L   K   M   F   P   S   T   W   Y   V   A   R   N   D   C   Q   E   G   H   I   L   K   M   F   P   S   T   W   Y   V
    1 S     1  -1   1   0  -1   0   0   0  -1  -2  -3   0  -2  -2  -1   4   1  -3  -2  -2    0   0   0   0   0   0   0   0   0   0   0   0   0   0   0 100   0   0   0   0  0.46 0.01
    2 N    -2   0   6   1  -3   0   0   0   1  -3  -3   0  -2  -3  -2   1   0  -4  -2  -3    0   0 100   0   0   0   0   0   0   0   0   0   0   0   0   0   0   0   0   0  0.74 0.01
    3 I    -1  -3  -3  -3  -1  -2  -3  -3  -3   3   1  -2   1  -1  -3  -2   0  -3  -1   3    0   0   0   0   0   0   0   0   0  36   0   0   0   0   0   0   0   0   0  64  0.35 0.00
    4 Q    -1   1   0   0  -3   5   2  -2   0  -3  -2   1   0  -3  -1   0  -1  -2  -1  -2    0   0   0   0   0 100   0   0   0   0   0   0   0   0   0   0   0   0   0   0  0.67 0.01
    5 T     0  -1   0  -1  -1  -1  -1  -2  -2  -1  -1  -1  -1  -2  -1   1   5  -3  -2   0    0   0   0   0   0   0   0   0   0   0   0   0   0   0   0   0 100   0   0   0  0.48 0.01
    6 G     1  -1   0  -1  -1  -1  -1   3  -1  -3  -3  -1  -2  -3  -1   3   1  -3  -2  -2    0   0   0   0   0   0   0  36   0   0   0   0   0   0   0  64   0   0   0   0  0.46 0.00
    7 A     4  -1  -2  -2   0  -1  -1   0  -2  -1  -2  -1  -1  -2  -1   1   0  -3  -2   0  100   0   0   0   0   0   0   0   0   0   0   0   0   0   0   0   0   0   0   0  0.41 0.00
    8 E    -1   0   0   3  -4   1   4  -2   0  -3  -3   0  -2  -3  -1   0  -1  -3  -2  -3    0   0   0  25   0   0  75   0   0   0   0   0   0   0   0   0   0   0   0   0  0.68 0.00
    9 R    -1   6   0  -2  -3   1   0  -2   0  -3  -2   2  -1  -3  -2  -1  -1  -3  -2  -3    0 100   0   0   0   0   0   0   0   0   0   0   0   0   0   0   0   0   0   0  0.76 0.01
   10 M    -1  -1  -1   0  -2   0   3  -3  -1   1   1   0   3  -1  -2  -1  -1  -2  -1   1    0   0   0   0   0   0  39   0   0   0   0   0  36   0   0   0   0   0   0  25  0.18 0.00
   11 P    -1  -2  -2  -2  -2  -2  -2  -3  -3   2   0  -2  -1  -2   6  -1  -1  -3  -2   1    0   0   0   0   0   0   0   0   0  39   0   0   0   0  61   0   0   0   0   0  1.01 0.00
   12 H    -1  -1   0  -2  -2   0  -1  -2   6   0  -1  -1  -1  -1  -2  -1  -1  -3   1   2    0   0   0   0   0   0   0   0  61   0   0   0   0   0   0   0   0   0   0  39  0.39 0.00
   13 D    -2  -2   1   6  -4   0   2  -1  -1  -3  -4  -1  -3  -4  -2   0  -1  -4  -3  -3    0   0   0 100   0   0   0   0   0   0   0   0   0   0   0   0   0   0   0   0  0.94 0.01
   14 L    -2  -2  -3  -4  -1  -2  -3  -4  -3   2   4  -3   2   0  -3  -3  -1  -2  -1   1    0   0   0   0   0   0   0   0   0   0 100   0   0   0   0   0   0   0   0   0  0.46 0.00
   15 S     1  -1   1   0  -1   0   0   0  -1  -2  -3   0  -2  -2  -1   4   1  -3  -2  -2    0   0   0   0   0   0   0   0   0   0   0   0   0   0   0 100   0   0   0   0  0.46 0.01
   16 H    -2   0   1  -1  -3   0   0  -2   8  -3  -3  -1  -2  -1  -2  -1  -2  -2   2  -3    0   0   0   0   0   0   0   0 100   0   0   0   0   0   0   0   0   0   0   0  0.89 0.01
   17 L    -2  -2  -3  -4  -1  -2  -3  -4  -3   2   4  -3   2   0  -3  -3  -1  -2  -1   1    0   0   0   0   0   0   0   0   0   0 100   0   0   0   0   0   0   0   0   0  0.46 0.00
   18 G     2  -2  -1  -2  -1  -1  -2   3  -2   0  -1  -1  -1  -2  -2   0  -1  -3  -2   1   39   0   0   0   0   0   0  36   0   0   0   0   0   0   0   0   0   0   0  25  0.30 0.00
   19 F    -2  -3  -3  -4  -2  -3  -3  -3  -1   0   0  -3   0   6  -4  -2  -2   1   3  -1    0   0   0   0   0   0   0   0   0   0   0   0   0 100   0   0   0   0   0   0  0.76 0.01
   20 L    -1  -1   0   4  -3   0   2  -2  -1  -1   1  -1   0  -1  -2  -1  -1  -3  -2  -1    0   0   0  39   0   0  25   0   0   0  36   0   0   0   0   0   0   0   0   0  0.29 0.00
   21 A     3  -2  -2  -2   6  -1  -2  -1  -2  -1  -1  -1  -1  -2  -1   0   0  -3  -2   0   61   0   0   0  39   0   0   0   0   0   0   0   0   0   0   0   0   0   0   0  0.48 0.00
   22 G     0  -2   0  -1  -3  -2  -2   6  -2  -4  -4  -2  -3  -3  -2   0  -2  -3  -3  -3    0   0   0   0   0   0   0 100   0   0   0   0   0   0   0   0   0   0   0   0  1.05 0.00
   23 Q    -1   1  -1  -1  -2   3   1  -2  -1  -1   0   2   3  -2  -2  -1  -1  -2  -1  -1    0   0   0   0   0  36   0   0   0   0   0  25  39   0   0   0   0   0   0   0  0.25 0.00
   24 I    -1  -3  -3  -3  -1  -3  -3  -4  -3   4   2  -3   1   0  -3  -2  -1  -2  -1   2    0   0   0   0   0   0   0   0   0  81  19   0   0   0   0   0   0   0   0   0  0.37 0.00
   25 G     0  -2   0  -1  -3  -2  -2   6  -2  -4  -4  -2  -3  -3  -2   0  -2  -3  -3  -3    0   0   0   0   0   0   0 100   0   0   0   0   0   0   0   0   0   0   0   0  1.05 0.00
   26 R    -1   6   0  -2  -3   1   0  -2   0  -3  -2   2  -1  -3  -2  -1  -1  -3  -2  -3    0 100   0   0   0   0   0   0   0   0   0   0   0   0   0   0   0   0   0   0  0.76 0.01
   27 L    -2  -2  -3  -4  -1  -2  -3  -4  -3   2   4  -3   2   0  -3  -3  -1  -2  -1   1    0   0   0   0   0   0   0   0   0   0 100   0   0   0   0   0   0   0   0   0  0.46 0.00
   28 I    -1   1  -1  -1  -2   0   0  -2  -1   2   0   3   0  -2  -2  -1  -1  -3  -2   0    0   0   0   0   0   0   0   0   0  36   0  64   0   0   0   0   0   0   0   0  0.20 0.00
   29 T     0  -1   0  -1  -1  -1  -1  -2  -2  -1  -1  -1  -1  -2  -1   1   5  -3  -2   0    0   0   0   0   0   0   0   0   0   0   0   0   0   0   0   0 100   0   0   0  0.48 0.01
   30 I    -1  -3  -3  -3  -1  -3  -3  -4  -3   4   1  -3   1   0  -3  -2   0  -3  -1   3    0   0   0   0   0   0   0   0   0  61   0   0   0   0   0   0   0   0   0  39  0.36 0.00
   31 S     1  -1   1   0  -1   0   0   0  -1  -2  -3   0  -2  -2  -1   4   1  -3  -2  -2    0   0   0   0   0   0   0   0   0   0   0   0   0   0   0 100   0   0   0   0  0.46 0.01
   32 T    -1  -2  -2  -3  -2  -1  -2  -2  -2  -2  -2  -2  -1   0  -3  -1   2   9   1  -2    0   0   0   0   0   0   0   0   0   0   0   0   0   0   0   0  36  64   0   0  1.29 0.01
   33 T     0  -1   0  -1  -1  -1  -1  -2  -2  -1  -1  -1  -1  -2  -1   1   5  -3  -2   0    0   0   0   0   0   0   0   0   0   0   0   0   0   0   0   0 100   0   0   0  0.48 0.01
   34 P    -1  -2  -2  -2  -3  -1  -1  -2  -2  -3  -3  -1  -3  -4   8  -1  -1  -4  -3  -2    0   0   0   0   0   0   0   0   0   0   0   0   0   0 100   0   0   0   0   0  2.05 0.01
   35 V     0  -3  -3  -3  -1  -2  -3  -3  -3   3   1  -2   1  -1  -2  -2   0  -3  -1   4    0   0   0   0   0   0   0   0   0   0   0   0   0   0   0   0   0   0   0 100  0.36 0.00
   36 I    -1  -3  -3  -3  -1  -3  -3  -4  -3   4   1  -3   1   0  -3  -2  -1  -3  -1   3    0   0   0   0   0   0   0   0   0  75   0   0   0   0   0   0   0   0   0  25  0.37 0.00
   37 A     4  -1  -2  -2   0  -1  -1   0  -2  -1  -2  -1  -1  -2  -1   1   0  -3  -2   0  100   0   0   0   0   0   0   0   0   0   0   0   0   0   0   0   0   0   0   0  0.41 0.00
   38 G     0  -2   0  -1  -3  -2  -2   6  -2  -4  -4  -2  -3  -3  -2   0  -2  -3  -3  -3    0   0   0   0   0   0   0 100   0   0   0   0   0   0   0   0   0   0   0   0  1.05 0.00
   39 D    -2  -2   1   6  -4   0   2  -1  -1  -3  -4  -1  -3  -4  -2   0  -1  -4  -3  -3    0   0   0 100   0   0   0   0   0   0   0   0   0   0   0   0   0   0   0   0  0.94 0.01
   40 S     1  -1   1   0  -1   0   0   0  -1  -2  -3   0  -2  -2  -1   4   1  -3  -2  -2    0   0   0   0   0   0   0   0   0   0   0   0   0   0   0 100   0   0   0   0  0.46 0.01
   41 F    -2  -3  -3  -4  -2  -3  -3  -3  -1   0   0  -3   0   6  -4  -2  -2   1   3  -1    0   0   0   0   0   0   0   0   0   0   0   0   0 100   0   0   0   0   0   0  0.76 0.01
   42 E    -1   0   0   2  -4   2   5  -2   0  -3  -3   1  -2  -3  -1   0  -1  -3  -2  -3    0   0   0   0   0   0 100   0   0   0   0   0   0   0   0   0   0   0   0   0  0.75 0.01
   43 M    -1  -2  -3  -3   5  -2  -3  -3  -2   1   3  -2   4   0  -3  -2  -1  -2  -1   0    0   0   0   0  25   0   0   0   0   0  39   0  36   0   0   0   0   0   0   0  0.35 0.00
   44 D    -2  -2   1   6  -4   0   2  -1  -1  -3  -4  -1  -3  -4  -2   0  -1  -4  -3  -3    0   0   0 100   0   0   0   0   0   0   0   0   0   0   0   0   0   0   0   0  0.94 0.01
   45 A     3  -1  -2  -2  -1  -1  -1   0  -2  -1   0  -1   2  -2  -1   1   0  -2  -2   0   75   0   0   0   0   0   0   0   0   0   0   0  25   0   0   0   0   0   0   0  0.26 0.00
   46 V     0  -3  -3  -3  -1  -2  -3  -3  -3   3   1  -2   1  -1  -2  -2   0  -3  -1   4    0   0   0   0   0   0   0   0   0   0   0   0   0   0   0   0   0   0   0 100  0.36 0.00
   47 G     0  -2   0  -1  -3  -2  -2   6  -2  -4  -4  -2  -3  -3  -2   0  -2  -3  -3  -3    0   0   0   0   0   0   0 100   0   0   0   0   0   0   0   0   0   0   0   0  1.05 0.00
   48 A     4  -1  -2  -2   0  -1  -1   0  -2  -1  -2  -1  -1  -2  -1   1   0  -3  -2   0  100   0   0   0   0   0   0   0   0   0   0   0   0   0   0   0   0   0   0   0  0.41 0.00
   49 L    -1  -2  -3  -4  -1  -2  -3  -4  -3   2   4  -3   2   0  -3  -2  -1  -2  -1   1    0   0   0   0   0   0   0   0   0  25  75   0   0   0   0   0   0   0   0   0  0.40 0.00
   50 R    -1   6   0  -2  -3   1   0  -2   0  -3  -2   2  -1  -3  -2  -1  -1  -3  -2  -3    0 100   0   0   0   0   0   0   0   0   0   0   0   0   0   0   0   0   0   0  0.76 0.01
   51 L    -2  -2  -3  -4  -1  -2  -3  -4  -3   2   4  -3   2   0  -3  -3  -1  -2  -1   1    0   0   0   0   0   0   0   0   0   0 100   0   0   0   0   0   0   0   0   0  0.46 0.00
   52 S     1  -1   1   0  -1   0   0   0  -1  -2  -3   0  -2  -2  -1   4   1  -3  -2  -2    0   0   0   0   0   0   0   0   0   0   0   0   0   0   0 100   0   0   0   0  0.46 0.01
   53 P    -1  -2  -2  -2  -3  -1  -1  -2  -2  -3  -3  -1  -3  -4   8  -1  -1  -4  -3  -2    0   0   0   0   0   0   0   0   0   0   0   0   0   0 100   0   0   0   0   0  2.05 0.01
   54 L    -2  -2  -3  -4  -1  -2  -3  -4  -3   2   4  -3   2   0  -3  -3  -1  -2  -1   1    0   0   0   0   0   0   0   0   0   0 100   0   0   0   0   0   0   0   0   0  0.46 0.00
   55 R    -1   6   0  -2  -3   1   0  -2   0  -3  -2   2  -1  -3  -2  -1  -1  -3  -2  -3    0 100   0   0   0   0   0   0   0   0   0   0   0   0   0   0   0   0   0   0  0.76 0.01
   56 R    -1   6   0  -2  -3   1   0  -2   0  -3  -2   2  -1  -3  -2  -1  -1  -3  -2  -3    0 100   0   0   0   0   0   0   0   0   0   0   0   0   0   0   0   0   0   0  0.76 0.01
   57 G     0  -2   0  -1  -3  -2  -2   6  -2  -4  -4  -2  -3  -3  -2   0  -2  -3  -3  -3    0   0   0   0   0   0   0 100   0   0   0   0   0   0   0   0   0   0   0   0  1.05 0.00
   58 L    -2  -2  -3  -4  -1  -2  -3  -4  -3   2   4  -3   2   0  -3  -3  -1  -2  -1   1    0   0   0   0   0   0   0   0   0   0 100   0   0   0   0   0   0   0   0   0  0.46 0.00
   59 A     4  -1  -2  -2   0  -1  -1   0  -2  -1  -2  -1  -1  -2  -1   1   0  -3  -2   0  100   0   0   0   0   0   0   0   0   0   0   0   0   0   0   0   0   0   0   0  0.41 0.00
   60 I    -1  -3  -3  -3  -1  -3  -3  -4  -3   4   1  -3   1   0  -3  -2  -1  -3  -1   3    0   0   0   0   0   0   0   0   0  75   0   0   0   0   0   0   0   0   0  25  0.37 0.00
   61 D    -2  -2   1   6  -4   0   2  -1  -1  -3  -4  -1  -3  -4  -2   0  -1  -4  -3  -3    0   0   0 100   0   0   0   0   0   0   0   0   0   0   0   0   0   0   0   0  0.94 0.01
   62 S     1  -1   1   0  -1   0   0   0  -1  -2  -3   0  -2  -2  -1   4   1  -3  -2  -2    0   0   0   0   0   0   0   0   0   0   0   0   0   0   0 100   0   0   0   0  0.46 0.01
   63 T    -1   3   0  -1  -2   1   0  -2  -1  -2  -2   3  -1  -3  -1   0   2  -3  -2  -1    0  25   0   0   0   0   0   0   0   0   0  39   0   0   0   0  36   0   0   0  0.34 0.00
   64 V     0  -3  -3  -3  -1  -2  -3  -3  -3   3   1  -2   1  -1  -2  -2   0  -3  -1   4    0   0   0   0   0   0   0   0   0   0   0   0   0   0   0   0   0   0   0 100  0.36 0.00
   65 D    -2  -2   1   6  -4   0   2  -1  -1  -3  -4  -1  -3  -4  -2   0  -1  -4  -3  -3    0   0   0 100   0   0   0   0   0   0   0   0   0   0   0   0   0   0   0   0  0.94 0.01
   66 I    -2  -3  -3  -3  -2  -3  -3  -4  -2   3   1  -3   1   4  -3  -2  -1  -1   1   2    0   0   0   0   0   0   0   0   0  61   0   0   0  39   0   0   0   0   0   0  0.35 0.00
   67 F    -2  -3  -3  -4  -2  -3  -3  -3  -1   0   0  -3   0   6  -4  -2  -2   1   3  -1    0   0   0   0   0   0   0   0   0   0   0   0   0 100   0   0   0   0   0   0  0.76 0.01
   68 T     0  -1   0  -1  -1  -1  -1  -1  -2  -1  -2  -1  -1  -2  -1   2   4  -3  -2   0    0   0   0   0   0   0   0   0   0   0   0   0   0   0   0  25  75   0   0   0  0.42 0.00
   69 F    -2  -3  -3  -4  -2  -3  -3  -3  -1   0   0  -3   0   6  -4  -2  -2   1   3  -1    0   0   0   0   0   0   0   0   0   0   0   0   0 100   0   0   0   0   0   0  0.76 0.01
   70 Y    -2  -2  -2  -3  -2  -1  -2  -3   2  -1  -1  -2  -1   3  -3  -2  -2   2   7  -1    0   0   0   0   0   0   0   0   0   0   0   0   0   0   0   0   0   0 100   0  0.89 0.01
   71 V    -1  -3  -3  -3  -1  -3  -3  -4  -3   4   1  -3   1   0  -3  -2   0  -3  -1   3    0   0   0   0   0   0   0   0   0  64   0   0   0   0   0   0   0   0   0  36  0.36 0.00
   72 P    -1  -2  -2  -2  -3  -1  -1  -2  -2  -3  -3  -1  -3  -4   8  -1  -1  -4  -3  -2    0   0   0   0   0   0   0   0   0   0   0   0   0   0 100   0   0   0   0   0  2.05 0.01
   73 H    -2   0   1  -1  -3   0   0  -2   8  -3  -3  -1  -2  -1  -2  -1  -2  -2   2  -3    0   0   0   0   0   0   0   0 100   0   0   0   0   0   0   0   0   0   0   0  0.89 0.01
   74 R    -1   6   0  -2  -3   1   0  -2   0  -3  -2   2  -1  -3  -2  -1  -1  -3  -2  -3    0 100   0   0   0   0   0   0   0   0   0   0   0   0   0   0   0   0   0   0  0.76 0.01
   75 H    -2   0   1  -1  -3   0   0  -2   8  -3  -3  -1  -2  -1  -2  -1  -2  -2   2  -3    0   0   0   0   0   0   0   0 100   0   0   0   0   0   0   0   0   0   0   0  0.89 0.01
   76 V     0  -3  -3  -3  -1  -2  -3  -3  -3   3   1  -2   1  -1  -3  -2   0  -3  -1   4    0   0   0   0   0   0   0   0   0  25   0   0   0   0   0   0   0   0   0  75  0.35 0.00
   77 Y    -2  -2  -2  -3  -2  -1  -2  -3   2  -1  -1  -2  -1   3  -3  -2  -2   2   7  -1    0   0   0   0   0   0   0   0   0   0   0   0   0   0   0   0   0   0 100   0  0.89 0.01
   78 G     0  -2   0  -1  -3  -2  -2   6  -2  -4  -4  -2  -3  -3  -2   0  -2  -3  -3  -3    0   0   0   0   0   0   0 100   0   0   0   0   0   0   0   0   0   0   0   0  1.05 0.00
   79 E    -1   0   0   4  -3   3   3  -2   0  -3  -3   0  -2  -3  -1   0  -1  -3  -2  -3    0   0   0  39   0  25  36   0   0   0   0   0   0   0   0   0   0   0   0   0  0.59 0.00
   80 Q    -1   1   0   0  -3   5   2  -2   0  -3  -2   1   0  -3  -1   0  -1  -2  -1  -2    0   0   0   0   0 100   0   0   0   0   0   0   0   0   0   0   0   0   0   0  0.67 0.01
   81 W    -3  -3  -4  -4  -2  -2  -3  -3  -2  -3  -2  -3  -2   1  -4  -3  -3  11   2  -3    0   0   0   0   0   0   0   0   0   0   0   0   0   0   0   0   0 100   0   0  2.36 0.01
   82 I    -1  -3  -3  -3  -1  -3  -3  -4  -3   4   2  -3   1   0  -3  -2  -1  -3  -1   3    0   0   0   0   0   0   0   0   0 100   0   0   0   0   0   0   0   0   0   0  0.40 0.00
   83 K    -1   1   3   0  -3   3   1  -1   0  -3  -3   3  -1  -3  -1   0  -1  -3  -2  -2    0   0  25   0   0  39   0   0   0   0   0  36   0   0   0   0   0   0   0   0  0.43 0.00
   84 F    -2  -3  -3  -4  -2  -3  -3  -3  -1   0   0  -3   0   6  -4  -2  -2   1   3  -1    0   0   0   0   0   0   0   0   0   0   0   0   0 100   0   0   0   0   0   0  0.76 0.01
   85 M    -1  -1  -2  -3  -1   0  -2  -3  -2   1   2  -1   6   0  -3  -2  -1  -2  -1   1    0   0   0   0   0   0   0   0   0   0   0   0 100   0   0   0   0   0   0   0  0.37 0.01
   86 K    -1   4   0  -1  -3   1   0  -2  -1  -3  -2   4  -1  -3  -1   0  -1  -3  -2  -2    0  39   0   0   0   0   0   0   0   0   0  61   0   0   0   0   0   0   0   0  0.54 0.00
   87 D    -2  -2   1   6  -4   0   2  -1  -1  -3  -4  -1  -3  -4  -2   0  -1  -4  -3  -3    0   0   0 100   0   0   0   0   0   0   0   0   0   0   0   0   0   0   0   0  0.94 0.01
   88 G     0  -2   0  -1  -3  -2  -2   6  -2  -4  -4  -2  -3  -3  -2   0  -2  -3  -3  -3    0   0   0   0   0   0   0 100   0   0   0   0   0   0   0   0   0   0   0   0  1.05 0.00
   89 V     0  -3  -3  -3  -1  -2  -3  -3  -3   3   1  -2   1  -1  -2  -2   0  -3  -1   4    0   0   0   0   0   0   0   0   0   0   0   0   0   0   0   0   0   0   0 100  0.36 0.00
   90 N    -2  -1   5   3  -3   0   0  -1   0  -3  -4   0  -2  -3  -2   0   0  -4  -2  -3    0   0  81  19   0   0   0   0   0   0   0   0   0   0   0   0   0   0   0   0  0.67 0.00
   91 A     4  -1  -2  -2   0  -1  -1   0  -2  -1  -2  -1  -1  -2  -1   1   0  -3  -2   0  100   0   0   0   0   0   0   0   0   0   0   0   0   0   0   0   0   0   0   0  0.41 0.00
   92 T     0   0   0  -1  -1   2   0  -1  -1  -2  -2   0  -1  -2  -1   3   3  -3  -2  -1    0   0   0   0   0  19   0   0   0   0   0   0   0   0   0  44  36   0   0   0  0.34 0.00
   93 P    -1  -2  -2  -2  -3  -1  -1  -2  -2  -3  -3  -1  -3  -4   8  -1  -1  -4  -3  -2    0   0   0   0   0   0   0   0   0   0   0   0   0   0 100   0   0   0   0   0  2.05 0.01
   94 L    -2  -2  -3  -4  -1  -2  -3  -4  -3   2   4  -3   2   0  -3  -3  -1  -2  -1   1    0   0   0   0   0   0   0   0   0   0 100   0   0   0   0   0   0   0   0   0  0.46 0.00
   95 P    -1  -2  -2  -2  -3  -1  -1  -2  -2  -3  -3  -1  -3  -4   8  -1  -1  -4  -3  -2    0   0   0   0   0   0   0   0   0   0   0   0   0   0 100   0   0   0   0   0  2.05 0.01
   96 T     0  -1   0  -1  -1  -1  -1  -1  -1  -2  -2  -1  -1  -3   4   2   3  -3  -2  -1    0   0   0   0   0   0   0   0   0   0   0   0   0   0  25  39  36   0   0   0  0.51 0.00
   97 V     0  -3  -3  -3  -1  -2  -3  -3  -3   3   1  -2   1  -1  -2  -2   0  -3  -1   4    0   0   0   0   0   0   0   0   0   0   0   0   0   0   0   0   0   0   0 100  0.36 0.00
   98 N    -1  -1   3   0  -1   0  -1  -1  -1  -1  -2  -1  -1  -2  -1   1   4  -3  -2  -1    0   0  36   0   0   0   0   0   0   0   0   0   0   0   0   0  64   0   0   0  0.40 0.00
   99 T     0  -2  -1  -2   7  -2  -2  -2  -2  -1  -1  -2  -1  -2  -2   1   3  -2  -2   0    0   0   0   0  44   0   0   0   0   0   0   0   0   0   0   0  56   0   0   0  0.54 0.00
  100 T     0  -1   2   0  -1   0  -1  -1  -1  -1  -2   0  -1  -2  -1   2   4  -3  -2  -1    0   0  19   0   0   0   0   0   0   0   0   0   0   0   0  25  56   0   0   0  0.36 0.00
  101 G     0   2   0  -1  -2   0   0   3  -1  -3  -3   2  -2  -3  -2   1   0  -3  -2  -2    0  19   0   0   0   0   0  36   0   0   0  19   0   0   0  25   0   0   0   0  0.37 0.00
  102 Y    -1  -2  -2  -3  -3  -2  -2   2   1  -2  -2  -2  -1   2  -3  -1  -2   2   6  -2    0   0   0   0   0   0   0  25   0   0   0   0   0   0   0   0   0   0  75   0  0.61 0.00
  103 I    -1  -3  -3  -3  -2  -2  -2  -3  -3   2   0  -2   0  -1   5  -2  -1   7   0   0    0   0   0   0   0   0   0   0   0  36   0   0   0   0  39   0   0  25   0   0  0.81 0.00
  104 D    -2  -2   1   6  -4   0   2  -1  -1  -3  -4  -1  -3  -4  -2   0  -1  -4  -3  -3    0   0   0 100   0   0   0   0   0   0   0   0   0   0   0   0   0   0   0   0  0.94 0.01
  105 H    -1  -1   1   2  -2   0   0  -1   6  -3  -3  -1  -2  -2  -2   1  -1  -3   1  -3    0   0   0  19   0   0   0   0  56   0   0   0   0   0   0  25   0   0   0   0  0.48 0.00
  106 A     4  -1  -2  -2   0  -1  -1   0  -2  -1  -2  -1  -1  -2  -1   1   0  -3  -2   0  100   0   0   0   0   0   0   0   0   0   0   0   0   0   0   0   0   0   0   0  0.41 0.00
  107 A     3  -2  -1  -2  -1  -1  -1   4  -2  -2  -2  -1  -2  -3  -1   1  -1  -3  -2  -1   61   0   0   0   0   0   0  39   0   0   0   0   0   0   0   0   0   0   0   0  0.45 0.00
  108 F    -2  -2  -2  -3  -2  -2  -2  -3   1  -1   0  -2  -1   5  -3  -2  -2   2   6  -1    0   0   0   0   0   0   0   0   0   0   0   0   0  36   0   0   0   0  64   0  0.73 0.00
  109 L    -1  -2  -3  -3  -1  -2  -3  -4  -3   2   3  -2   2   0  -3  -2  -1  -2  -1   2    0   0   0   0   0   0   0   0   0   0  61   0   0   0   0   0   0   0   0  39  0.34 0.00
  110 G     0  -2   0  -1  -3  -2  -2   6  -2  -4  -4  -2  -3  -3  -2   0  -2  -3  -3  -3    0   0   0   0   0   0   0 100   0   0   0   0   0   0   0   0   0   0   0   0  1.05 0.00
  111 T     0  -1   0  -1  -1  -1  -1  -2  -2  -1  -1  -1  -1  -2  -1   1   5  -3  -2   0    0   0   0   0   0   0   0   0   0   0   0   0   0   0   0   0 100   0   0   0  0.48 0.01
  112 I    -1  -3  -3  -3  -1  -3  -3  -4  -3   4   2  -3   1   0  -3  -2  -1  -3  -1   3    0   0   0   0   0   0   0   0   0 100   0   0   0   0   0   0   0   0   0   0  0.40 0.00
  113 N    -1  -2   3  -1  -2  -1  -1  -2  -1   0  -1  -1  -1  -2   4   0   0  -3  -2   2    0   0  36   0   0   0   0   0   0   0   0   0   0   0  25   0   0   0   0  39  0.36 0.00
  114 P     0  -2  -1  -1  -2  -1  -1  -2  -2  -3  -3  -1  -2  -3   7   1   0  -3  -3  -2    0   0   0   0   0   0   0   0   0   0   0   0   0   0  75  25   0   0   0   0  1.42 0.00
  115 D     1   0   0   3  -2   0   1  -1  -1  -2  -3   1  -2  -3  -1   2   0  -3  -2  -2   19   0   0  36   0   0   0   0   0   0   0  19   0   0   0  25   0   0   0   0  0.33 0.00
  116 T     0  -1   2   0  -1   0  -1  -1  -1  -1  -2   0  -1  -2  -1   2   4  -3  -2  -1    0   0  19   0   0   0   0   0   0   0   0   0   0   0   0  19  61   0   0   0  0.37 0.00
  117 N    -2  -1   5   1  -2   0  -1  -1   0  -1   1  -1   0  -2  -2   0   0  -3  -2  -2    0   0  75   0   0   0   0   0   0   0  25   0   0   0   0   0   0   0   0   0  0.40 0.00
  118 K    -1   4   0  -1  -3   1   0  -2  -1  -3  -2   4  -1  -3  -1   0  -1  -3  -2  -2    0  39   0   0   0   0   0   0   0   0   0  61   0   0   0   0   0   0   0   0  0.54 0.00
  119 I    -1  -3  -3  -3  -1  -3  -3  -4  -3   4   1  -3   1   0  -3  -2  -1  -3  -1   3    0   0   0   0   0   0   0   0   0  75   0   0   0   0   0   0   0   0   0  25  0.37 0.00
  120 P    -1  -2  -2  -2  -3  -1  -1  -2  -2  -3  -3  -1  -3  -4   8  -1  -1  -4  -3  -2    0   0   0   0   0   0   0   0   0   0   0   0   0   0 100   0   0   0   0   0  2.05 0.01
  121 K    -1   2   0  -1  -3   1   1  -2  -1  -3  -3   5  -1  -3  -1   0  -1  -3  -2  -2    0   0   0   0   0   0   0   0   0   0   0 100   0   0   0   0   0   0   0   0  0.53 0.01
  122 H    -2  -2  -1  -2  -3  -1  -2  -3   5  -1   0  -2   0   5  -3  -2  -2   0   3  -2    0   0   0   0   0   0   0   0  36   0   0   0   0  64   0   0   0   0   0   0  0.52 0.00
  123 L    -2  -2  -3  -4  -1  -2  -3  -4  -3   2   4  -3   2   0  -3  -3  -1  -2  -1   1    0   0   0   0   0   0   0   0   0   0 100   0   0   0   0   0   0   0   0   0  0.46 0.00
  124 F    -2  -1   0  -2  -3   0  -1  -2   6  -2  -1  -1  -1   4  -3  -1  -2  -1   2  -2    0   0   0   0   0   0   0   0  64   0   0   0   0  36   0   0   0   0   0   0  0.56 0.01
  125 Q    -1   1   0   0  -3   5   2  -2   0  -3  -2   1   0  -3  -1   0  -1  -2  -1  -2    0   0   0   0   0 100   0   0   0   0   0   0   0   0   0   0   0   0   0   0  0.67 0.01
  126 G     1  -2   0  -1  -2  -1  -1   4  -2  -3  -3  -1  -2  -3  -2   2   0  -3  -3  -3    0   0   0   0   0   0   0  61   0   0   0   0   0   0   0  39   0   0   0   0  0.61 0.00
  127 Y    -2  -2  -2  -3  -2  -1  -2  -3   2  -1  -1  -2  -1   3  -3  -2  -2   2   7  -1    0   0   0   0   0   0   0   0   0   0   0   0   0   0   0   0   0   0 100   0  0.89 0.01
  128 L    -2  -2  -3  -4  -1  -2  -3  -4  -3   2   4  -3   2   0  -3  -3  -1  -2  -1   1    0   0   0   0   0   0   0   0   0   0 100   0   0   0   0   0   0   0   0   0  0.46 0.00
  129 N    -2   0   6   1  -3   0   0   0   1  -3  -3   0  -2  -3  -2   1   0  -4  -2  -3    0   0 100   0   0   0   0   0   0   0   0   0   0   0   0   0   0   0   0   0  0.74 0.01
  130 I    -1  -3  -3  -3  -1  -3  -3  -4  -3   4   2  -3   1   0  -3  -2  -1  -3  -1   3    0   0   0   0   0   0   0   0   0 100   0   0   0   0   0   0   0   0   0   0  0.40 0.00
  131 Y    -2  -2  -2  -3  -2  -1  -2  -3   2  -1  -1  -2  -1   3  -3  -2  -2   2   7  -1    0   0   0   0   0   0   0   0   0   0   0   0   0   0   0   0   0   0 100   0  0.89 0.01
  132 N    -2   0   6   1  -3   0   0   0   1  -3  -3   0  -2  -3  -2   1   0  -4  -2  -3    0   0 100   0   0   0   0   0   0   0   0   0   0   0   0   0   0   0   0   0  0.74 0.01
  133 N    -2   0   6   1  -3   0   0   0   1  -3  -3   0  -2  -3  -2   1   0  -4  -2  -3    0   0 100   0   0   0   0   0   0   0   0   0   0   0   0   0   0   0   0   0  0.74 0.01
  134 Y    -2  -2  -2  -3  -2  -1  -2  -3   2  -1  -1  -2  -1   3  -3  -2  -2   2   7  -1    0   0   0   0   0   0   0   0   0   0   0   0   0   0   0   0   0   0 100   0  0.89 0.01
  135 F    -2  -3  -3  -4  -2  -3  -3  -3  -1   0   0  -3   0   6  -4  -2  -2   1   3  -1    0   0   0   0   0   0   0   0   0   0   0   0   0 100   0   0   0   0   0   0  0.76 0.01
  136 K    -1   4   0  -1  -3   1   0  -2  -1  -3  -2   4  -1  -3  -1   0  -1  -3  -2  -2    0  39   0   0   0   0   0   0   0   0   0  61   0   0   0   0   0   0   0   0  0.54 0.00
  137 A     3  -2  -2  -2  -1  -1  -1   0  -2  -2  -2  -1  -1  -3   4   1   0  -3  -2  -1   75   0   0   0   0   0   0   0   0   0   0   0   0   0  25   0   0   0   0   0  0.52 0.00
  138 P    -1  -2  -2  -2  -3  -1  -1  -2  -2  -3  -3  -1  -3  -4   8  -1  -1  -4  -3  -2    0   0   0   0   0   0   0   0   0   0   0   0   0   0 100   0   0   0   0   0  2.05 0.01
  139 W    -3  -3  -4  -4  -2  -2  -3  -3  -2  -3  -2  -3  -2   1  -4  -3  -3  11   2  -3    0   0   0   0   0   0   0   0   0   0   0   0   0   0   0   0   0 100   0   0  2.36 0.01
  140 M     0  -1  -1  -2  -1   0  -1  -2  -1   1   1  -1   5   0  -2   1   0  -2  -1   0    0   0   0   0   0   0   0   0   0   0   0   0  75   0   0  25   0   0   0   0  0.22 0.01
  141 P    -1  -2  -1   2  -3  -1   0  -2  -2  -3  -3  -1  -3  -4   7  -1  -1  -4  -3  -3    0   0   0  25   0   0   0   0   0   0   0   0   0   0  75   0   0   0   0   0  1.47 0.00
  142 D    -1  -1   1   5  -4   1   3  -2  -1  -3  -3   0  -3  -3  -1   0  -1  -4  -3  -3    0   0   0  61   0   0  39   0   0   0   0   0   0   0   0   0   0   0   0   0  0.73 0.00
  143 R    -1   5  -1  -2  -3   0  -1  -3  -1  -1   1   1   0  -2  -2  -1  -1  -2  -2  -1    0  75   0   0   0   0   0   0   0   0  25   0   0   0   0   0   0   0   0   0  0.45 0.00
  144 T     0  -1   0  -1  -1  -1  -1  -2  -2  -1  -1  -1  -1  -2  -1   1   5  -3  -2   0    0   0   0   0   0   0   0   0   0   0   0   0   0   0   0   0 100   0   0   0  0.48 0.01
  145 E    -1   0  -1   1  -3   1   4  -2   0  -3  -2   0  -2   0  -2   0  -1  -1   3  -2    0   0   0   0   0   0  75   0   0   0   0   0   0   0   0   0   0   0  25   0  0.51 0.00
  146 A     4  -1  -2  -2   0  -1  -1   0  -2  -1  -2  -1  -1  -2  -1   1   0  -3  -2   0  100   0   0   0   0   0   0   0   0   0   0   0   0   0   0   0   0   0   0   0  0.41 0.00
  147 N    -2   0   6   1  -3   0   0   0   1  -3  -3   0  -2  -3  -2   1   0  -4  -2  -3    0   0 100   0   0   0   0   0   0   0   0   0   0   0   0   0   0   0   0   0  0.74 0.01
  148 P    -1  -2  -2  -2  -3  -1  -1  -2  -2  -3  -3  -1  -3  -4   8  -1  -1  -4  -3  -2    0   0   0   0   0   0   0   0   0   0   0   0   0   0 100   0   0   0   0   0  2.05 0.01
  149 N     0  -1   4   0  -1   0   0   0   0  -3  -3   0  -2  -3  -1   3   1  -3  -2  -2    0   0  36   0   0   0   0   0   0   0   0   0   0   0   0  64   0   0   0   0  0.43 0.00
  150 E    -1   0   5   1  -3   1   3  -1   0  -3  -3   0  -2  -3  -2   0   0  -3  -2  -3    0   0  64   0   0   0  36   0   0   0   0   0   0   0   0   0   0   0   0   0  0.56 0.00
  151 L    -1  -2  -3  -4  -1  -2  -3  -3  -2   1   4  -2   3   0  -3  -2  -1  -2  -1   1    0   0   0   0   0   0   0   0   0   0  75   0  25   0   0   0   0   0   0   0  0.40 0.00
  152 N    -1  -1   4   3  -3   0   0  -1   0  -3  -3   0  -2  -3   4   0   0  -4  -3  -3    0   0  56  19   0   0   0   0   0   0   0   0   0   0  25   0   0   0   0   0  0.66 0.00
  153 Q     0   2   0   0  -2   3   2  -2   0  -3  -2   1  -1  -3  -1   1   0  -2  -2  -2    0  19   0   0   0  36  19   0   0   0   0   0   0   0   0  25   0   0   0   0  0.40 0.00
  154 D    -2  -1   1   5  -4   0   3  -2  -1  -3  -3   0  -3  -3  -1   0  -1  -4  -3  -3    0   0   0  75   0   0  25   0   0   0   0   0   0   0   0   0   0   0   0   0  0.78 0.00
  155 D    -2  -2   1   6  -4   0   2  -1  -1  -3  -4  -1  -3  -4  -2   0  -1  -4  -3  -3    0   0   0 100   0   0   0   0   0   0   0   0   0   0   0   0   0   0   0   0  0.94 0.01
  156 A     3  -1  -1  -2  -1  -1  -1   0   0  -2  -2  -1  -1   0  -1   2   0  -1   3  -1   56   0   0   0   0   0   0   0   0   0   0   0   0   0   0  19   0   0  25   0  0.27 0.00
  157 R    -1   5   0  -1  -3   1   0  -2   0  -3  -2   3  -1  -3  -2  -1  -1  -3  -2  -3    0  75   0   0   0   0   0   0   0   0   0  25   0   0   0   0   0   0   0   0  0.64 0.00
  158 Y    -2  -2  -2  -3  -2  -2  -2  -3   1  -2  -1  -2  -1   3  -3  -2  -2   7   6  -2    0   0   0   0   0   0   0   0   0   0   0   0   0   0   0   0   0  25  75   0  1.00 0.01
  159 G     0   2   0  -1  -3  -1  -2   5  -2  -4  -3   0  -2  -3  -2   0  -2  -3  -3  -3    0  19   0   0   0   0   0  81   0   0   0   0   0   0   0   0   0   0   0   0  0.77 0.00
  160 F    -2  -3  -3  -3  -2  -3  -3  -3  -2   1   0  -3   0   5  -3  -2  -1   0   2   1    0   0   0   0   0   0   0   0   0   0   0   0   0  75   0   0   0   0   0  25  0.51 0.00
  161 R    -1   6   0  -2  -3   1   0  -2   0  -3  -2   2  -1  -3  -2  -1  -1  -3  -2  -3    0 100   0   0   0   0   0   0   0   0   0   0   0   0   0   0   0   0   0   0  0.76 0.01
  162 C     0  -3  -3  -3   8  -3  -3  -3  -3   0  -1  -3  -1  -2  -3  -1  -1  -3  -2   1    0   0   0   0  75   0   0   0   0   0   0   0   0   0   0   0   0   0   0  25  0.84 0.01
  163 C     1  -3  -2  -3   8  -2  -3  -2  -3  -1  -1  -2  -1  -2  -2   0  -1  -2  -2  -1   25   0   0   0  75   0   0   0   0   0   0   0   0   0   0   0   0   0   0   0  0.85 0.01
  164 H    -2   0   3   0  -3   0   0  -2   7  -3  -3  -1  -2  -2  -2   0  -1  -3   1  -3    0   0  25   0   0   0   0   0  75   0   0   0   0   0   0   0   0   0   0   0  0.69 0.01
  165 L    -2  -2  -3  -4  -1  -2  -3  -4  -3   2   4  -3   2   0  -3  -3  -1  -2  -1   1    0   0   0   0   0   0   0   0   0   0 100   0   0   0   0   0   0   0   0   0  0.46 0.00
  166 K    -1   2   0  -1  -3   1   1  -2  -1  -3  -3   5  -1  -3  -1   0  -1  -3  -2  -2    0   0   0   0   0   0   0   0   0   0   0 100   0   0   0   0   0   0   0   0  0.53 0.01
  167 N     0  -1   4   1  -2   0   0  -1   0  -2  -3   0  -2  -3  -2   2   2  -3  -2  -2    0   0  56   0   0   0   0   0   0   0   0   0   0   0   0  25  19   0   0   0  0.44 0.00
  168 I    -1  -3  -3  -3  -1  -3  -3  -4  -3   4   2  -3   1   0  -3  -2  -1  -3  -1   3    0   0   0   0   0   0   0   0   0 100   0   0   0   0   0   0   0   0   0   0  0.40 0.00
  169 W    -3  -3  -4  -4  -2  -2  -3  -3  -2  -3  -2  -3  -2   1  -4  -3  -3  11   2  -3    0   0   0   0   0   0   0   0   0   0   0   0   0   0   0   0   0 100   0   0  2.36 0.01
  170 T     0  -1   0  -1  -1   0  -1  -1  -1  -1  -2  -1  -1  -2  -1   3   4  -3  -2  -1    0   0   0   0   0   0   0   0   0   0   0   0   0   0   0  39  61   0   0   0  0.40 0.00
  171 A     4  -1  -2  -2   0  -1  -1   0  -2  -1  -2  -1  -1  -2  -1   1   0  -3  -2   0  100   0   0   0   0   0   0   0   0   0   0   0   0   0   0   0   0   0   0   0  0.41 0.00
  172 P    -1  -2  -2  -2  -3  -1  -1  -2  -2  -3  -3  -1  -3  -4   8  -1  -1  -4  -3  -2    0   0   0   0   0   0   0   0   0   0   0   0   0   0 100   0   0   0   0   0  2.05 0.01
  173 L    -2  -2  -3  -4  -1  -2  -3  -4  -3   2   4  -3   2   0  -3  -3  -1  -2  -1   1    0   0   0   0   0   0   0   0   0   0 100   0   0   0   0   0   0   0   0   0  0.46 0.00
  174 P    -1  -2  -2  -2  -3  -1  -1  -2  -2  -3  -3  -1  -3  -4   8  -1  -1  -4  -3  -2    0   0   0   0   0   0   0   0   0   0   0   0   0   0 100   0   0   0   0   0  2.05 0.01
  175 P    -1  -2  -2  -2  -3  -1  -1  -2  -2  -3  -3  -1  -3  -4   8  -1  -1  -4  -3  -2    0   0   0   0   0   0   0   0   0   0   0   0   0   0 100   0   0   0   0   0  2.05 0.01
  176 E    -1   0   0   3  -4   1   4  -2   0  -3  -3   0  -2  -3  -1   0  -1  -3  -2  -3    0   0   0  25   0   0  75   0   0   0   0   0   0   0   0   0   0   0   0   0  0.68 0.00
  177 T     0  -1   0  -1  -1  -1  -1  -2  -2  -1  -1  -1  -1  -2  -1   1   5  -3  -2   0    0   0   0   0   0   0   0   0   0   0   0   0   0   0   0   0 100   0   0   0  0.48 0.01
  178 E    -1   3   0   0  -3   1   3  -2   0  -3  -3   3  -2  -3  -1   0  -1  -3  -2  -2    0  25   0   0   0   0  36   0   0   0   0  39   0   0   0   0   0   0   0   0  0.48 0.00
  179 L    -1  -2  -2  -3  -1  -2  -2  -3  -3   1   3  -2   2   0  -2  -1   2  -2  -1   1    0   0   0   0   0   0   0   0   0   0  75   0   0   0   0   0  25   0   0   0  0.30 0.00
  180 S     3  -1   0  -1  -1   0   0   0  -1  -2  -2   0  -1  -2  -1   3   1  -3  -2  -1   39   0   0   0   0   0   0   0   0   0   0   0   0   0   0  61   0   0   0   0  0.36 0.00
  181 R    -1   3   0   1  -4   2   4  -2   0  -3  -3   1  -2  -3  -1   0  -1  -3  -2  -3    0  36   0   0   0   0  64   0   0   0   0   0   0   0   0   0   0   0   0   0  0.57 0.00
  182 Q    -1   0   3   1  -3   4   3  -1   0  -3  -3   1  -1  -3  -1   0  -1  -3  -2  -2    0   0  25   0   0  56  19   0   0   0   0   0   0   0   0   0   0   0   0   0  0.50 0.00
  183 M    -1  -1  -2  -3  -1   0  -2  -3  -2   1   2  -1   6   0  -3  -2  -1  -2  -1   1    0   0   0   0   0   0   0   0   0   0   0   0 100   0   0   0   0   0   0   0  0.37 0.01
  184 T     0  -2   0  -1  -1  -1  -1   3  -2  -2  -2  -1  -1  -3  -1   1   3  -3  -2  -1    0   0   0   0   0   0   0  39   0   0   0   0   0   0   0   0  61   0   0   0  0.42 0.00
  185 T    -1  -2  -1  -2  -1  -1  -2  -2  -2   2   0  -1   0  -1  -2   0   4  -3  -2   1    0   0   0   0   0   0   0   0   0  39   0   0   0   0   0   0  61   0   0   0  0.26 0.00
  186 S     0  -1   0   0  -2   1   3   2  -1  -3  -3   0  -2  -3  -1   2   0  -3  -2  -2    0   0   0   0   0   0  39  25   0   0   0   0   0   0   0  36   0   0   0   0  0.38 0.00
  187 T     0  -1   0  -1  -1   0  -1  -1  -1  -1  -2  -1  -1  -2  -1   3   4  -3  -2  -1    0   0   0   0   0   0   0   0   0   0   0   0   0   0   0  39  61   0   0   0  0.40 0.00
  188 T     0  -1   4   0  -1   0   0  -1   0  -2  -2   0  -1  -3  -1   2   3  -3  -2  -1    0   0  39   0   0   0   0   0   0   0   0   0   0   0   0  25  36   0   0   0  0.38 0.00
  189 S     1  -1   0   0  -1   0   0  -1  -1  -2  -2   0  -1  -2  -1   4   3  -3  -2  -1    0   0   0   0   0   0   0   0   0   0   0   0   0   0   0  75  25   0   0   0  0.41 0.00
  190 I    -1  -3  -3  -3  -1  -3  -3  -4  -3   4   2  -3   1   0  -3  -2  -1  -3  -1   3    0   0   0   0   0   0   0   0   0 100   0   0   0   0   0   0   0   0   0   0  0.40 0.00
  191 D    -2  -2   1   6  -4   0   2  -1  -1  -3  -4  -1  -3  -4  -2   0  -1  -4  -3  -3    0   0   0 100   0   0   0   0   0   0   0   0   0   0   0   0   0   0   0   0  0.94 0.01
  192 I    -1  -3  -3  -3  -1  -3  -3  -4  -3   4   2  -3   1   0  -3  -2  -1  -3  -1   3    0   0   0   0   0   0   0   0   0 100   0   0   0   0   0   0   0   0   0   0  0.40 0.00
  193 M    -1  -1  -2  -3  -1   0  -2  -3  -2   1   2  -1   6   0  -3  -2  -1  -2  -1   1    0   0   0   0   0   0   0   0   0   0   0   0 100   0   0   0   0   0   0   0  0.37 0.01
  194 G     0  -2   0  -1  -3  -2  -2   6  -2  -4  -4  -2  -3  -3  -2   0  -2  -3  -3  -3    0   0   0   0   0   0   0 100   0   0   0   0   0   0   0   0   0   0   0   0  1.05 0.00
  195 L    -2  -2  -3  -4  -1  -2  -3  -4  -3   2   4  -3   2   0  -3  -3  -1  -2  -1   1    0   0   0   0   0   0   0   0   0   0 100   0   0   0   0   0   0   0   0   0  0.46 0.00
  196 Q    -1   1   0   0  -3   5   2  -2   0  -3  -2   1   0  -3  -1   0  -1  -2  -1  -2    0   0   0   0   0 100   0   0   0   0   0   0   0   0   0   0   0   0   0   0  0.67 0.01
  197 A     4  -1  -2  -2   0  -1  -1   0  -2  -1  -2  -1  -1  -2  -1   1   0  -3  -2   0  100   0   0   0   0   0   0   0   0   0   0   0   0   0   0   0   0   0   0   0  0.41 0.00
  198 A     4  -1  -2  -2   0  -1  -1   0  -2  -1  -2  -1  -1  -2  -1   1   0  -3  -2   0  100   0   0   0   0   0   0   0   0   0   0   0   0   0   0   0   0   0   0   0  0.41 0.00
  199 Y    -2  -2  -2  -3  -2  -1  -2  -3   2  -1  -1  -2  -1   3  -3  -2  -2   2   7  -1    0   0   0   0   0   0   0   0   0   0   0   0   0   0   0   0   0   0 100   0  0.89 0.01
  200 A     4  -1  -2  -2   0  -1  -1   0  -2  -1  -2  -1  -1  -2  -1   1   0  -3  -2   0  100   0   0   0   0   0   0   0   0   0   0   0   0   0   0   0   0   0   0   0  0.41 0.00
  201 N    -1   1   3   0  -3   3   1  -1   0  -3  -3   2  -1  -3  -1   0   0  -3  -2  -3    0   0  36   0   0  39   0   0   0   0   0  25   0   0   0   0   0   0   0   0  0.44 0.00
  202 L    -2  -2  -3  -4  -1  -2  -3  -4  -3   2   4  -3   2   0  -3  -3  -1  -2  -1   1    0   0   0   0   0   0   0   0   0   0 100   0   0   0   0   0   0   0   0   0  0.46 0.00
  203 H    -2   0   1  -1  -3   0   0  -2   8  -3  -3  -1  -2  -1  -2  -1  -2  -2   2  -3    0   0   0   0   0   0   0   0 100   0   0   0   0   0   0   0   0   0   0   0  0.89 0.01
  204 T     0  -1   0  -1  -1  -1  -1  -2  -2  -1  -1  -1  -1  -2  -1   1   5  -3  -2   0    0   0   0   0   0   0   0   0   0   0   0   0   0   0   0   0 100   0   0   0  0.48 0.01
  205 D    -1  -1   0   4  -4   1   4  -2   0  -3  -3   0  -2  -3  -1   0  -1  -3  -2  -3    0   0   0  36   0   0  64   0   0   0   0   0   0   0   0   0   0   0   0   0  0.68 0.00
  206 Q    -1   1   0   0  -3   5   2  -2   0  -3  -2   1   0  -3  -1   0  -1  -2  -1  -2    0   0   0   0   0 100   0   0   0   0   0   0   0   0   0   0   0   0   0   0  0.67 0.01
  207 E    -1   0   0   2  -4   2   5  -2   0  -3  -3   1  -2  -3  -1   0  -1  -3  -2  -3    0   0   0   0   0   0 100   0   0   0   0   0   0   0   0   0   0   0   0   0  0.75 0.01
  208 R    -1   6   0  -2  -3   1   0  -2   0  -3  -2   2  -1  -3  -2  -1  -1  -3  -2  -3    0 100   0   0   0   0   0   0   0   0   0   0   0   0   0   0   0   0   0   0  0.76 0.01
  209 D    -1  -1   1   5  -2   0   1  -1  -1  -2  -2  -1  -2  -3  -1   0   2  -3  -2  -2    0   0   0  61   0   0   0   0   0   0   0   0   0   0   0   0  39   0   0   0  0.53 0.00
  210 Y    -2  -2  -2  -3  -2  -1  -2  -3   2  -1  -1  -2  -1   3  -3  -2  -2   2   7  -1    0   0   0   0   0   0   0   0   0   0   0   0   0   0   0   0   0   0 100   0  0.89 0.01
  211 F    -2  -3  -3  -4  -2  -3  -3  -3  -1   0   0  -3   0   6  -4  -2  -2   1   3  -1    0   0   0   0   0   0   0   0   0   0   0   0   0 100   0   0   0   0   0   0  0.76 0.01
  212 M    -1  -1  -2  -3  -1   0  -2  -3  -2   1   2  -1   6   0  -3  -2  -1  -2  -1   1    0   0   0   0   0   0   0   0   0   0   0   0 100   0   0   0   0   0   0   0  0.37 0.01
  213 Q    -1   1   0  -1  -2   5   1  -2   0  -2  -2   1  -1  -3  -1   0   2  -2  -2  -2    0   0   0   0   0  75   0   0   0   0   0   0   0   0   0   0  25   0   0   0  0.48 0.00
  214 R    -1   6   0  -2  -3   1   0  -2   0  -3  -2   2  -1  -3  -2  -1  -1  -3  -2  -3    0 100   0   0   0   0   0   0   0   0   0   0   0   0   0   0   0   0   0   0  0.76 0.01
  215 Y    -2  -2  -2  -3  -2  -1  -2  -3   2  -1  -1  -2  -1   3  -3  -2  -2   2   7  -1    0   0   0   0   0   0   0   0   0   0   0   0   0   0   0   0   0   0 100   0  0.89 0.01
  216 R    -2   5   0  -2  -3   1   0  -2   3  -3  -2   2  -1  -3  -2  -1  -1  -3  -1  -3    0  82   0   0   0   0   0   0  18   0   0   0   0   0   0   0   0   0   0   0  0.63 0.00
  217 D    -2  -2   1   6  -4   0   2  -1  -1  -3  -4  -1  -3  -4  -2   0  -1  -4  -3  -3    0   0   0 100   0   0   0   0   0   0   0   0   0   0   0   0   0   0   0   0  0.94 0.01
  218 V     0  -3  -3  -3  -1  -2  -3  -3  -3   3   1  -2   1  -1  -3  -2   0  -3  -1   4    0   0   0   0   0   0   0   0   0  25   0   0   0   0   0   0   0   0   0  75  0.35 0.00
  219 I    -1  -3  -3  -3  -1  -2  -3  -4  -3   4   2  -2   3   0  -3  -2  -1  -2  -1   2    0   0   0   0   0   0   0   0   0  75   0   0  25   0   0   0   0   0   0   0  0.33 0.00
  220 S     1   0   0   0  -1   0   0  -1  -1  -2  -3   2  -1  -3  -1   3   1  -3  -2  -2    0   0   0   0   0   0   0   0   0   0   0  25   0   0   0  75   0   0   0   0  0.37 0.00
  221 S     1  -1   0   0  -1   1   2  -1  -1  -3  -3   0  -2  -3  -1   3   1  -3  -2  -2    0   0   0   0   0   0  25   0   0   0   0   0   0   0   0  75   0   0   0   0  0.40 0.00
  222 F    -2  -3  -3  -4  -2  -3  -3  -3  -1   0   0  -3   0   6  -4  -2  -2   1   3  -1    0   0   0   0   0   0   0   0   0   0   0   0   0 100   0   0   0   0   0   0  0.76 0.01
  223 G     0  -2   0  -1  -3  -2  -2   6  -2  -4  -4  -2  -3  -3  -2   0  -2  -3  -3  -3    0   0   0   0   0   0   0 100   0   0   0   0   0   0   0   0   0   0   0   0  1.05 0.00
  224 G     0  -2   0  -1  -3  -2  -2   6  -2  -4  -4  -2  -3  -3  -2   0  -2  -3  -3  -3    0   0   0   0   0   0   0 100   0   0   0   0   0   0   0   0   0   0   0   0  1.05 0.00
  225 K     0   1   0  -1  -2   1   0  -1   4  -3  -3   2  -1  -2  -1   2   0  -3   0  -2    0   0   0   0   0   0   0   0  25   0   0  36   0   0   0  39   0   0   0   0  0.31 0.00
  226 T     0  -1   0  -1  -1  -1  -1  -2  -2  -1  -1  -1  -1  -2  -1   1   5  -3  -2   0    0   0   0   0   0   0   0   0   0   0   0   0   0   0   0   0 100   0   0   0  0.48 0.01
  227 S     1  -1   1   0  -1   0   0   0  -1  -2  -3   0  -2  -2  -1   4   1  -3  -2  -2    0   0   0   0   0   0   0   0   0   0   0   0   0   0   0 100   0   0   0   0  0.46 0.01
  228 Y    -2  -2  -2  -3  -2  -1  -2  -3   2  -1  -1  -2  -1   3  -3  -2  -2   2   7  -1    0   0   0   0   0   0   0   0   0   0   0   0   0   0   0   0   0   0 100   0  0.89 0.01
  229 D    -2  -2   1   6  -4   0   2  -1  -1  -3  -4  -1  -3  -4  -2   0  -1  -4  -3  -3    0   0   0 100   0   0   0   0   0   0   0   0   0   0   0   0   0   0   0   0  0.94 0.01
  230 A     3  -2  -1  -2  -1  -1  -1   3  -2  -2  -2  -1  -1  -2  -1   1   0  -3  -2  -1   75   0   0   0   0   0   0  25   0   0   0   0   0   0   0   0   0   0   0   0  0.40 0.00
  231 D    -2  -2   1   6  -4   0   2  -1  -1  -3  -4  -1  -3  -4  -2   0  -1  -4  -3  -3    0   0   0 100   0   0   0   0   0   0   0   0   0   0   0   0   0   0   0   0  0.94 0.01
  232 N    -2   0   6   1  -3   0   0   0   1  -3  -3   0  -2  -3  -2   1   0  -4  -2  -3    0   0 100   0   0   0   0   0   0   0   0   0   0   0   0   0   0   0   0   0  0.74 0.01
  233 R    -1   6   0  -2  -3   1   0  -2   0  -3  -2   2  -1  -3  -2  -1  -1  -3  -2  -3    0 100   0   0   0   0   0   0   0   0   0   0   0   0   0   0   0   0   0   0  0.76 0.01
  234 P    -1  -2  -2  -2  -3  -1  -1  -2  -2  -3  -3  -1  -3  -4   8  -1  -1  -4  -3  -2    0   0   0   0   0   0   0   0   0   0   0   0   0   0 100   0   0   0   0   0  2.05 0.01
  235 L    -2  -2  -3  -4  -1  -2  -3  -4  -3   2   4  -3   2   0  -3  -3  -1  -2  -1   1    0   0   0   0   0   0   0   0   0   0 100   0   0   0   0   0   0   0   0   0  0.46 0.00
  236 L    -2  -2  -3  -4  -1  -2  -3  -4  -3   2   4  -3   2   0  -3  -3  -1  -2  -1   1    0   0   0   0   0   0   0   0   0   0 100   0   0   0   0   0   0   0   0   0  0.46 0.00
  237 V     0  -2  -3  -3  -1  -2  -3  -3  -3   2   2  -2   1  -1  -3  -2   0  -3  -1   3    0   0   0   0   0   0   0   0   0   0  25   0   0   0   0   0   0   0   0  75  0.32 0.00
  238 M    -1  -1  -2  -3  -1   0  -2  -3  -2   1   2  -1   6   0  -3  -2  -1  -2  -1   1    0   0   0   0   0   0   0   0   0   0   0   0 100   0   0   0   0   0   0   0  0.37 0.01
  239 R    -2   4   0  -1  -3   1   0  -2   5  -3  -2   1  -1  -2  -2  -1  -1  -3   0  -3    0  61   0   0   0   0   0   0  39   0   0   0   0   0   0   0   0   0   0   0  0.58 0.00
  240 S     1  -1   0  -1  -1   0   0  -1  -1  -2  -2   0  -1  -2  -1   3   3  -3  -2  -1    0   0   0   0   0   0   0   0   0   0   0   0   0   0   0  61  39   0   0   0  0.39 0.00
  241 N    -1  -1   4   4  -3   0   3  -1   0  -3  -3   0  -2  -3  -2   0  -1  -4  -2  -3    0   0  36  39   0   0  25   0   0   0   0   0   0   0   0   0   0   0   0   0  0.58 0.00
  242 L    -2  -3  -3  -4  -2  -3  -3  -3  -2   1   2  -3   1   5  -3  -2  -2   0   2   0    0   0   0   0   0   0   0   0   0   0  36   0   0  64   0   0   0   0   0   0  0.49 0.00
  243 W    -3  -3  -4  -4  -2  -2  -3  -3  -2  -3  -2  -3  -2   1  -4  -3  -3  11   2  -3    0   0   0   0   0   0   0   0   0   0   0   0   0   0   0   0   0 100   0   0  2.36 0.01
  244 A     4  -1  -2  -2   0  -1  -1   0  -2  -1  -2  -1  -1  -2  -1   1   0  -3  -2   0  100   0   0   0   0   0   0   0   0   0   0   0   0   0   0   0   0   0   0   0  0.41 0.00
  245 S     1  -1   1   0  -1   0   0   0  -1  -2  -3   0  -2  -2  -1   4   1  -3  -2  -2    0   0   0   0   0   0   0   0   0   0   0   0   0   0   0 100   0   0   0   0  0.46 0.01
  246 G     0  -2   0  -1  -3  -2  -2   6  -2  -4  -4  -2  -3  -3  -2   0  -2  -3  -3  -3    0   0   0   0   0   0   0 100   0   0   0   0   0   0   0   0   0   0   0   0  1.05 0.00
  247 Y    -2  -2  -2  -3  -2  -1  -2  -3   2  -1  -1  -2  -1   3  -3  -2  -2   2   7  -1    0   0   0   0   0   0   0   0   0   0   0   0   0   0   0   0   0   0 100   0  0.89 0.01
  248 D    -2  -2   1   6  -4   0   2  -1  -1  -3  -4  -1  -3  -4  -2   0  -1  -4  -3  -3    0   0   0 100   0   0   0   0   0   0   0   0   0   0   0   0   0   0   0   0  0.94 0.01
  249 V     0  -3  -3  -3  -1  -2  -3  -3  -3   3   1  -2   1  -1  -2  -2   0  -3  -1   4    0   0   0   0   0   0   0   0   0   0   0   0   0   0   0   0   0   0   0 100  0.36 0.00
  250 D    -2  -2   1   6  -4   0   2  -1  -1  -3  -4  -1  -3  -4  -2   0  -1  -4  -3  -3    0   0   0 100   0   0   0   0   0   0   0   0   0   0   0   0   0   0   0   0  0.94 0.01
  251 G     0  -2   0  -1  -3  -2  -2   6  -2  -4  -4  -2  -3  -3  -2   0  -2  -3  -3  -3    0   0   0   0   0   0   0 100   0   0   0   0   0   0   0   0   0   0   0   0  1.05 0.00
  252 T     0  -1   0  -1  -1  -1  -1  -2  -2  -1  -1  -1  -1  -2  -1   1   5  -3  -2   0    0   0   0   0   0   0   0   0   0   0   0   0   0   0   0   0 100   0   0   0  0.48 0.01
  253 D    -2  -2   1   6  -4   0   2  -1  -1  -3  -4  -1  -3  -4  -2   0  -1  -4  -3  -3    0   0   0 100   0   0   0   0   0   0   0   0   0   0   0   0   0   0   0   0  0.94 0.01
  254 Q    -1   1   0   0  -3   5   2  -2   0  -3  -2   1   0  -3  -1   0  -1  -2  -1  -2    0   0   0   0   0 100   0   0   0   0   0   0   0   0   0   0   0   0   0   0  0.67 0.01
  255 T     1  -1   0  -1  -1   0   0  -1  -1  -2  -2   0  -1  -2  -1   3   3  -3  -2  -1    0   0   0   0   0   0   0   0   0   0   0   0   0   0   0  64  36   0   0   0  0.39 0.00
  256 S     1  -1   1   0  -1   0   0   0  -1  -2  -3   0  -2  -2  -1   4   1  -3  -2  -2    0   0   0   0   0   0   0   0   0   0   0   0   0   0   0 100   0   0   0   0  0.46 0.01
  257 L    -2  -2  -3  -4  -1  -2  -3  -4  -3   2   4  -3   2   0  -3  -3  -1  -2  -1   1    0   0   0   0   0   0   0   0   0   0 100   0   0   0   0   0   0   0   0   0  0.46 0.00
  258 G     0  -2   0  -1  -3  -2  -2   6  -2  -4  -4  -2  -3  -3  -2   0  -2  -3  -3  -3    0   0   0   0   0   0   0 100   0   0   0   0   0   0   0   0   0   0   0   0  1.05 0.00
  259 Q    -1   1   0   0  -3   5   2  -2   0  -3  -2   1   0  -3  -1   0  -1  -2  -1  -2    0   0   0   0   0 100   0   0   0   0   0   0   0   0   0   0   0   0   0   0  0.67 0.01
  260 F    -2  -3  -3  -4  -2  -3  -3  -3  -1   0   0  -3   0   6  -4  -2  -2   1   3  -1    0   0   0   0   0   0   0   0   0   0   0   0   0 100   0   0   0   0   0   0  0.76 0.01
  261 S     1  -1   1   0  -1   0   0   0  -1  -2  -3   0  -2  -2  -1   4   1  -3  -2  -2    0   0   0   0   0   0   0   0   0   0   0   0   0   0   0 100   0   0   0   0  0.46 0.01
  262 G     0  -2   0  -1  -3  -2  -2   6  -2  -4  -4  -2  -3  -3  -2   0  -2  -3  -3  -3    0   0   0   0   0   0   0 100   0   0   0   0   0   0   0   0   0   0   0   0  1.05 0.00
  263 R    -1   6   0  -2  -3   1   0  -2   0  -3  -2   2  -1  -3  -2  -1  -1  -3  -2  -3    0 100   0   0   0   0   0   0   0   0   0   0   0   0   0   0   0   0   0   0  0.76 0.01
  264 V     0  -3  -3  -3  -1  -2  -3  -3  -3   3   1  -2   1  -1  -2  -2   0  -3  -1   4    0   0   0   0   0   0   0   0   0   0   0   0   0   0   0   0   0   0   0 100  0.36 0.00
  265 Q    -1   1   0   0  -3   5   2  -2   0  -3  -2   1   0  -3  -1   0  -1  -2  -1  -2    0   0   0   0   0 100   0   0   0   0   0   0   0   0   0   0   0   0   0   0  0.67 0.01
  266 Q    -1   1   0   0  -3   5   2  -2   0  -3  -2   1   0  -3  -1   0  -1  -2  -1  -2    0   0   0   0   0 100   0   0   0   0   0   0   0   0   0   0   0   0   0   0  0.67 0.01
  267 T     0  -1   0  -1  -1  -1  -1  -2  -2  -1  -1  -1  -1  -2  -1   1   5  -3  -2   0    0   0   0   0   0   0   0   0   0   0   0   0   0   0   0   0 100   0   0   0  0.48 0.01
  268 Y    -2  -2  -3  -3  -2  -2  -3  -3   0  -1   0  -3   0   5  -3  -2  -2   1   5  -1    0   0   0   0   0   0   0   0   0   0   0   0   0  64   0   0   0   0  36   0  0.69 0.00
  269 K    -1   2   3   0  -3   1   1  -1   0  -3  -3   4  -2  -3  -1   0  -1  -3  -2  -2    0   0  25   0   0   0   0   0   0   0   0  75   0   0   0   0   0   0   0   0  0.44 0.00
  270 H    -2   0   1  -1  -3   0   0  -2   8  -3  -3  -1  -2  -1  -2  -1  -2  -2   2  -3    0   0   0   0   0   0   0   0 100   0   0   0   0   0   0   0   0   0   0   0  0.89 0.01
  271 S     1   0   0   0  -1   0   0  -1  -1  -2  -3   2  -1  -3  -1   3   1  -3  -2  -2    0   0   0   0   0   0   0   0   0   0   0  25   0   0   0  75   0   0   0   0  0.37 0.00
  272 V     0  -3  -3  -3  -1  -2  -3  -3  -3   3   1  -2   1  -1  -2  -2   0  -3  -1   4    0   0   0   0   0   0   0   0   0   0   0   0   0   0   0   0   0   0   0 100  0.36 0.00
  273 P    -1  -2  -2  -2  -3  -1  -1  -2  -2  -3  -3  -1  -3  -4   8  -1  -1  -4  -3  -2    0   0   0   0   0   0   0   0   0   0   0   0   0   0 100   0   0   0   0   0  2.05 0.01
  274 R    -1   6   0  -2  -3   1   0  -2   0  -3  -2   2  -1  -3  -2  -1  -1  -3  -2  -3    0 100   0   0   0   0   0   0   0   0   0   0   0   0   0   0   0   0   0   0  0.76 0.01
  275 F    -2  -3  -3  -4  -2  -3  -3  -3  -1   0   0  -3   0   6  -4  -2  -2   1   3  -1    0   0   0   0   0   0   0   0   0   0   0   0   0 100   0   0   0   0   0   0  0.76 0.01
  276 F    -2  -3  -3  -3  -2  -3  -3  -3   0   0   0  -3   0   6  -4  -2  -2   1   4  -1    0   0   0   0   0   0   0   0   0   0   0   0   0  75   0   0   0   0  25   0  0.70 0.00
  277 V     0  -3  -3  -3  -1  -2  -3  -3  -3   3   1  -2   1  -1  -2  -2   0  -3  -1   4    0   0   0   0   0   0   0   0   0   0   0   0   0   0   0   0   0   0   0 100  0.36 0.00
  278 P    -1  -2  -2  -2  -3  -1  -1  -2  -2  -3  -3  -1  -3  -4   8  -1  -1  -4  -3  -2    0   0   0   0   0   0   0   0   0   0   0   0   0   0 100   0   0   0   0   0  2.05 0.01
  279 E    -1   0   0   2  -4   2   5  -2   0  -3  -3   1  -2  -3  -1   0  -1  -3  -2  -3    0   0   0   0   0   0 100   0   0   0   0   0   0   0   0   0   0   0   0   0  0.75 0.01
  280 H    -2   0   1  -1  -3   0   0  -2   8  -3  -3  -1  -2  -1  -2  -1  -2  -2   2  -3    0   0   0   0   0   0   0   0 100   0   0   0   0   0   0   0   0   0   0   0  0.89 0.01
  281 G     0  -2   0  -1  -3  -2  -2   6  -2  -4  -4  -2  -3  -3  -2   0  -2  -3  -3  -3    0   0   0   0   0   0   0 100   0   0   0   0   0   0   0   0   0   0   0   0  1.05 0.00
  282 T     0  -2  -2  -2  -1  -2  -2  -3  -3   2   0  -2   0  -1  -2   0   3  -3  -1   3    0   0   0   0   0   0   0   0   0   0   0   0   0   0   0   0  36   0   0  64  0.25 0.00
  283 M    -1  -2  -2  -3  -1  -1  -2  -3  -2   2   2  -2   5   0  -3  -2  -1  -2  -1   1    0   0   0   0   0   0   0   0   0  25   0   0  75   0   0   0   0   0   0   0  0.32 0.01
  284 F    -1  -2  -3  -3  -2  -1  -2  -3  -1   1   2  -2   5   4  -3  -2  -1   0   1   0    0   0   0   0   0   0   0   0   0   0   0   0  64  36   0   0   0   0   0   0  0.34 0.01
  285 T     0  -1   0  -1  -1  -1  -1  -2  -2  -1  -1  -1  -1  -2  -1   1   5  -3  -2   0    0   0   0   0   0   0   0   0   0   0   0   0   0   0   0   0 100   0   0   0  0.48 0.01
  286 L    -2  -2  -3  -4  -1  -2  -3  -4  -3   2   4  -3   2   0  -3  -3  -1  -2  -1   1    0   0   0   0   0   0   0   0   0   0 100   0   0   0   0   0   0   0   0   0  0.46 0.00
  287 A     4  -1  -2  -2  -1  -1  -1   0  -2  -1   0  -1   2  -2  -1   1   0  -2  -2   0   81   0   0   0   0   0   0   0   0   0   0   0  19   0   0   0   0   0   0   0  0.28 0.00
  288 L    -1  -2  -3  -4  -1  -2  -3  -4  -3   2   3  -2   2   0  -3  -2  -1  -2  -1   2    0   0   0   0   0   0   0   0   0   0  75   0   0   0   0   0   0   0   0  25  0.37 0.00
  289 V     0  -2  -2  -3  -1  -2  -2  -3  -3   2   1  -2   1  -1  -2  -1   2  -3  -1   3    0   0   0   0   0   0   0   0   0  19   0   0   0   0   0   0  25   0   0  56  0.25 0.00
  290 R    -1   6   0  -2  -3   1   0  -2   0  -3  -2   2  -1  -3  -2  -1  -1  -3  -2  -3    0 100   0   0   0   0   0   0   0   0   0   0   0   0   0   0   0   0   0   0  0.76 0.01
  291 F    -2  -3  -3  -4  -2  -3  -3  -3  -1   0   0  -3   0   6  -4  -2  -2   1   3  -1    0   0   0   0   0   0   0   0   0   0   0   0   0 100   0   0   0   0   0   0  0.76 0.01
  292 P    -1  -2  -2  -2  -3  -1  -1  -2  -2  -3  -3  -1  -3  -4   8  -1  -1  -4  -3  -2    0   0   0   0   0   0   0   0   0   0   0   0   0   0 100   0   0   0   0   0  2.05 0.01
  293 P    -1  -2  -2  -2  -3  -1  -1  -2  -2  -3  -3  -1  -3  -4   8  -1  -1  -4  -3  -2    0   0   0   0   0   0   0   0   0   0   0   0   0   0 100   0   0   0   0   0  2.05 0.01
  294 T    -1  -2  -1  -2  -1  -1  -2  -2  -2   2   0  -1   0  -1  -2   0   4  -3  -2   1    0   0   0   0   0   0   0   0   0  39   0   0   0   0   0   0  61   0   0   0  0.26 0.00
  295 A     2  -1   0  -1  -1   0   0   0   4  -2  -2  -1  -1  -2  -1   2   0  -3   0  -1   36   0   0   0   0   0   0   0  25   0   0   0   0   0   0  39   0   0   0   0  0.30 0.00
  296 T    -1  -1  -1   0  -2   0   2  -2  -1  -2  -2   0  -2  -3   5   0   2  -3  -2  -1    0   0   0   0   0   0  25   0   0   0   0   0   0   0  39   0  36   0   0   0  0.68 0.00
  297 K    -1   0  -2  -2  -2   0  -1  -3  -2   0   2   2   3  -1  -2  -1  -1  -2  -1   0    0   0   0   0   0   0   0   0   0   0  39  36  25   0   0   0   0   0   0   0  0.18 0.00
  298 E    -1   0   0   2  -4   2   5  -2   0  -3  -3   1  -2  -3  -1   0  -1  -3  -2  -3    0   0   0   0   0   0 100   0   0   0   0   0   0   0   0   0   0   0   0   0  0.75 0.01
  299 I    -1  -1  -1  -2  -2  -1  -1  -3   5   2   1  -2   3  -1  -3  -2  -1  -2   0   1    0   0   0   0   0   0   0   0  39  36   0   0  25   0   0   0   0   0   0   0  0.25 0.00
  300 Q    -1   0   0  -1  -3   3   1  -2   7  -3  -3   0  -1  -2  -2  -1  -1  -2   1  -3    0   0   0   0   0  36   0   0  64   0   0   0   0   0   0   0   0   0   0   0  0.63 0.01
  301 Y    -2  -2  -2  -3  -2  -1  -2  -3   2  -1  -1  -2  -1   3  -3  -2  -2   2   7  -1    0   0   0   0   0   0   0   0   0   0   0   0   0   0   0   0   0   0 100   0  0.89 0.01
  302 L    -2  -2  -3  -4  -1  -2  -3  -4  -3   2   4  -3   2   0  -3  -3  -1  -2  -1   1    0   0   0   0   0   0   0   0   0   0 100   0   0   0   0   0   0   0   0   0  0.46 0.00
  303 N     1  -1   3  -1  -1  -1  -1  -1  -1   1  -1  -1   0  -2  -2   0   0  -3  -2   2   19   0  36   0   0   0   0   0   0   0   0   0   0   0   0   0   0   0   0  44  0.16 0.00
  304 A     2  -2  -1  -2  -2  -1  -2   5  -2  -3  -3  -1  -2  -3  -2   0  -1  -3  -3  -2   36   0   0   0   0   0   0  64   0   0   0   0   0   0   0   0   0   0   0   0  0.63 0.00
  305 K    -1   3   0  -1  -3   1   1  -2  -1  -3  -2   4  -1  -3  -1   0  -1  -3  -2  -2    0  19   0   0   0   0   0   0   0   0   0  81   0   0   0   0   0   0   0   0  0.52 0.00
  306 G     0  -1   2   0  -2   0   2   3  -1  -3  -3   0  -2  -3  -2   1   0  -3  -2  -3    0   0  19   0   0   0  25  36   0   0   0   0   0   0   0  19   0   0   0   0  0.40 0.00
  307 A     2   0   4   0  -2   2   0   0   0  -2  -2   0  -1  -3  -1   1   0  -3  -2  -2   36   0  44   0   0  19   0   0   0   0   0   0   0   0   0   0   0   0   0   0  0.32 0.00
  308 L    -2  -2  -3  -4  -1  -2  -3  -4  -3   2   4  -3   2   0  -3  -3  -1  -2  -1   1    0   0   0   0   0   0   0   0   0   0 100   0   0   0   0   0   0   0   0   0  0.46 0.00
  309 T     0  -1   0  -1  -1  -1  -1  -2  -2  -1  -1  -1  -1  -2  -1   1   5  -3  -2   0    0   0   0   0   0   0   0   0   0   0   0   0   0   0   0   0 100   0   0   0  0.48 0.01
  310 Y    -2  -2  -2  -3  -2  -1  -2  -3   2  -1  -1  -2  -1   3  -3  -2  -2   2   7  -1    0   0   0   0   0   0   0   0   0   0   0   0   0   0   0   0   0   0 100   0  0.89 0.01
  311 T     0  -1   0  -1  -1  -1  -1  -2  -2  -1  -1  -1  -1  -2  -1   1   5  -3  -2   0    0   0   0   0   0   0   0   0   0   0   0   0   0   0   0   0 100   0   0   0  0.48 0.01
  312 D    -2  -2   1   6  -4   0   2  -1  -1  -3  -4  -1  -3  -4  -2   0  -1  -4  -3  -3    0   0   0 100   0   0   0   0   0   0   0   0   0   0   0   0   0   0   0   0  0.94 0.01
  313 I    -1  -3  -3  -3  -1  -3  -3  -4  -3   3   3  -3   2   0  -3  -2  -1  -2  -1   2    0   0   0   0   0   0   0   0   0  61  39   0   0   0   0   0   0   0   0   0  0.37 0.00
  314 A     4  -1  -2  -2   0  -1  -1   0  -2  -1  -2  -1  -1  -2  -1   1   0  -3  -2   0  100   0   0   0   0   0   0   0   0   0   0   0   0   0   0   0   0   0   0   0  0.41 0.00
  315 G     0  -3  -1  -2   5  -2  -2   5  -2  -3  -3  -2  -2  -3  -2   0  -1  -3  -3  -2    0   0   0   0  25   0   0  75   0   0   0   0   0   0   0   0   0   0   0   0  0.79 0.00
  316 D    -2  -2   1   6  -4   0   2  -1  -1  -3  -4  -1  -3  -4  -2   0  -1  -4  -3  -3    0   0   0 100   0   0   0   0   0   0   0   0   0   0   0   0   0   0   0   0  0.94 0.01
  317 P    -1  -2  -2  -2  -3  -1  -1  -2  -2  -3  -3  -1  -3  -4   8  -1  -1  -4  -3  -2    0   0   0   0   0   0   0   0   0   0   0   0   0   0 100   0   0   0   0   0  2.05 0.01
  318 V     3  -2  -2  -2  -1  -1  -1  -1  -2   1   0  -1   0  -2  -1   0   0  -3  -2   2   64   0   0   0   0   0   0   0   0   0   0   0   0   0   0   0   0   0   0  36  0.24 0.00
  319 L    -2  -2  -3  -4  -1  -2  -3  -4  -3   2   4  -3   2   0  -3  -3  -1  -2  -1   1    0   0   0   0   0   0   0   0   0   0 100   0   0   0   0   0   0   0   0   0  0.46 0.00
  320 Y    -1  -2  -3  -3  -2  -2  -2  -3   0   2   1  -2   3   1  -3  -2  -1   0   4   1    0   0   0   0   0   0   0   0   0  39   0   0  25   0   0   0   0   0  36   0  0.30 0.00
  321 G     2  -2  -1  -1  -2  -2  -2   5  -2  -3  -3  -1  -2  -3  -2   0  -1  -3  -3  -2   25   0   0   0   0   0   0  75   0   0   0   0   0   0   0   0   0   0   0   0  0.74 0.00
  322 N    -2   0   6   1  -3   0   0   0   1  -3  -3   0  -2  -3  -2   1   0  -4  -2  -3    0   0 100   0   0   0   0   0   0   0   0   0   0   0   0   0   0   0   0   0  0.74 0.01
  323 L    -2  -2  -3  -4  -1  -2  -3  -4  -3   2   4  -3   2   0  -3  -3  -1  -2  -1   1    0   0   0   0   0   0   0   0   0   0 100   0   0   0   0   0   0   0   0   0  0.46 0.00
  324 P    -1  -2  -2  -2  -3  -1  -1  -2  -2  -3  -3  -1  -3  -4   8  -1  -1  -4  -3  -2    0   0   0   0   0   0   0   0   0   0   0   0   0   0 100   0   0   0   0   0  2.05 0.01
  325 P    -1  -2  -2  -2  -3  -1  -1  -2  -2  -3  -3  -1  -3  -4   8  -1  -1  -4  -3  -2    0   0   0   0   0   0   0   0   0   0   0   0   0   0 100   0   0   0   0   0  2.05 0.01
  326 R    -1   6   0  -2  -3   1   0  -2   0  -3  -2   2  -1  -3  -2  -1  -1  -3  -2  -3    0 100   0   0   0   0   0   0   0   0   0   0   0   0   0   0   0   0   0   0  0.76 0.01
  327 E    -1   0   0   2  -4   2   5  -2   0  -3  -3   1  -2  -3  -1   0  -1  -3  -2  -3    0   0   0   0   0   0 100   0   0   0   0   0   0   0   0   0   0   0   0   0  0.75 0.01
  328 I    -1  -3  -3  -3  -1  -3  -3  -4  -3   4   1  -3   1   0  -3  -2  -1  -3  -1   3    0   0   0   0   0   0   0   0   0  75   0   0   0   0   0   0   0   0   0  25  0.37 0.00
  329 S     1  -1   1   0  -1   0   0   0  -1  -2  -3   0  -2  -2  -1   4   1  -3  -2  -2    0   0   0   0   0   0   0   0   0   0   0   0   0   0   0 100   0   0   0   0  0.46 0.01
  330 M    -1  -2  -2  -3  -2  -1  -2  -3   0   1   2  -2   3   2  -3  -2  -1   0   4   0    0   0   0   0   0   0   0   0   0   0  25   0  36   0   0   0   0   0  39   0  0.34 0.00
  331 K    -1   3   0  -1  -3   3   1  -2   0  -3  -2   4  -1  -3  -1   0  -1  -3  -2  -2    0  19   0   0   0  19   0   0   0   0   0  61   0   0   0   0   0   0   0   0  0.48 0.00
  332 D    -2  -1   1   5  -4   0   3  -2  -1  -3  -3   0  -3  -3  -1   0  -1  -4  -3  -3    0   0   0  75   0   0  25   0   0   0   0   0   0   0   0   0   0   0   0   0  0.78 0.00
  333 V    -1  -2  -3  -3  -1  -2  -3  -3  -2   2   2  -3   1   3  -3  -2  -1  -1   1   2    0   0   0   0   0   0   0   0   0   0  39   0   0  25   0   0   0   0   0  36  0.29 0.00
  334 F    -2  -3  -3  -4  -2  -3  -3  -3  -1   0   0  -3   0   6  -4  -2  -2   1   3  -1    0   0   0   0   0   0   0   0   0   0   0   0   0 100   0   0   0   0   0   0  0.76 0.01
  335 R    -2   5   0  -2  -3   1   0  -2   4  -3  -2   2  -1  -2  -2  -1  -1  -3   0  -3    0  75   0   0   0   0   0   0  25   0   0   0   0   0   0   0   0   0   0   0  0.61 0.00
  336 S     0  -1   1   4  -2   0   1  -1  -1  -3  -3   0  -2  -3  -1   3   1  -3  -2  -2    0   0   0  39   0   0   0   0   0   0   0   0   0   0   0  61   0   0   0   0  0.45 0.00
  337 G     0  -2   0  -1  -2  -1  -2   5  -2  -3  -3  -1  -2  -3  -2   1  -1  -3  -3  -3    0   0   0   0   0   0   0  75   0   0   0   0   0   0   0  25   0   0   0   0  0.74 0.00
  338 D    -1   3   0   3  -3   0   0  -2  -1  -3  -3   1  -2  -3   4  -1  -1  -3  -2  -3    0  39   0  36   0   0   0   0   0   0   0   0   0   0  25   0   0   0   0   0  0.60 0.00
  339 S     0  -1   0   3  -2   0   0  -1  -1  -3  -3   0  -2  -3   3   3   1  -3  -2  -2    0   0   0  25   0   0   0   0   0   0   0   0   0   0  19  56   0   0   0   0  0.48 0.00
  340 S     1  -1   0  -1  -1  -1  -1   3  -1  -3  -3  -1  -2  -3  -1   3   1  -3  -2  -2    0   0   0   0   0   0   0  39   0   0   0   0   0   0   0  61   0   0   0   0  0.47 0.00
  341 K     1   0  -1  -2  -2   0  -1  -2  -2   2   0   2   0  -1  -2   0  -1  -3  -2   1   25   0   0   0   0   0   0   0   0  39   0  36   0   0   0   0   0   0   0   0  0.11 0.00
  342 K    -1   2   0  -1  -3   1   1  -2  -1  -3  -3   5  -1  -3  -1   0  -1  -3  -2  -2    0   0   0   0   0   0   0   0   0   0   0 100   0   0   0   0   0   0   0   0  0.53 0.01
  343 F    -2  -3  -3  -3  -2  -3  -3  -3  -2   2   1  -3   0   5  -3  -2  -2   0   2   1    0   0   0   0   0   0   0   0   0  39   0   0   0  61   0   0   0   0   0   0  0.44 0.00
  344 K    -1   2   0  -1  -3   1   1  -2  -1  -3  -3   5  -1  -3  -1   0  -1  -3  -2  -2    0   0   0   0   0   0   0   0   0   0   0 100   0   0   0   0   0   0   0   0  0.53 0.01
  345 I    -1  -3  -3  -3  -1  -3  -3  -4  -3   4   1  -3   1   0  -3  -2   0  -3  -1   3    0   0   0   0   0   0   0   0   0  61   0   0   0   0   0   0   0   0   0  39  0.36 0.00
  346 A     4  -1  -2  -2   0  -1  -1   0  -2  -1  -2  -1  -1  -2  -1   1   0  -3  -2   0  100   0   0   0   0   0   0   0   0   0   0   0   0   0   0   0   0   0   0   0  0.41 0.00
  347 E    -1   0   0   2  -4   2   5  -2   0  -3  -3   1  -2  -3  -1   0  -1  -3  -2  -3    0   0   0   0   0   0 100   0   0   0   0   0   0   0   0   0   0   0   0   0  0.75 0.01
  348 G     1  -2   0  -1  -2  -1  -1   4  -2  -3  -3  -1  -2  -3  -2   2   0  -3  -3  -3    0   0   0   0   0   0   0  61   0   0   0   0   0   0   0  39   0   0   0   0  0.61 0.00
  349 Q    -1   0  -1  -1  -2   4   1  -2  -1   2   0   0   0  -2  -2  -1  -1  -2  -1   1    0   0   0   0   0  61   0   0   0  39   0   0   0   0   0   0   0   0   0   0  0.27 0.00
  350 W    -3  -3  -4  -4  -2  -2  -3  -3  -2  -3  -2  -3  -2   1  -4  -3  -3  11   2  -3    0   0   0   0   0   0   0   0   0   0   0   0   0   0   0   0   0 100   0   0  2.36 0.01
  351 Y    -2  -2  -2  -3  -2  -1  -2  -3   2  -1  -1  -2  -1   3  -3  -2  -2   2   7  -1    0   0   0   0   0   0   0   0   0   0   0   0   0   0   0   0   0   0 100   0  0.89 0.01
  352 R    -1   6   0  -2  -3   1   0  -2   0  -3  -2   2  -1  -3  -2  -1  -1  -3  -2  -3    0 100   0   0   0   0   0   0   0   0   0   0   0   0   0   0   0   0   0   0  0.76 0.01
  353 Y    -1  -1  -1  -2  -1  -1  -1  -2   0  -1  -1  -1  -1   1  -2   1   4   0   4   0    0   0   0   0   0   0   0   0   0   0   0   0   0   0   0   0  64   0  36   0  0.36 0.00
  354 A     2   0   0  -1  -2   2   0  -1   5  -2  -2   0  -1  -2  -1   0  -1  -2   0  -2   36   0   0   0   0  25   0   0  39   0   0   0   0   0   0   0   0   0   0   0  0.34 0.00
  355 P    -1  -2  -2  -2  -3  -1  -1  -2  -2  -3  -3  -1  -3  -4   8  -1  -1  -4  -3  -2    0   0   0   0   0   0   0   0   0   0   0   0   0   0 100   0   0   0   0   0  2.05 0.01
  356 S     0  -1   1   5  -2   0   1  -1  -1  -3  -3  -1  -2  -3  -1   2   0  -4  -3  -3    0   0   0  64   0   0   0   0   0   0   0   0   0   0   0  36   0   0   0   0  0.58 0.00
  357 Y    -2   2  -2  -3  -3  -1  -1  -3   1  -2  -1   0  -1   2  -3  -1  -2   1   6  -2    0  25   0   0   0   0   0   0   0   0   0   0   0   0   0   0   0   0  75   0  0.61 0.01
  358 V     0  -3  -3  -3  -1  -2  -3  -3  -3   3   1  -2   1  -1  -2  -2   0  -3  -1   4    0   0   0   0   0   0   0   0   0   0   0   0   0   0   0   0   0   0   0 100  0.36 0.00
  359 S     2  -1   4   0  -1   0   0   0   0  -2  -3   0  -2  -3  -1   2   1  -3  -2  -2   25   0  39   0   0   0   0   0   0   0   0   0   0   0   0  36   0   0   0   0  0.35 0.00
  360 P    -2  -2  -2  -3  -3  -2  -2  -3  -1  -1  -1  -2  -1   4   5  -2  -2   0   3  -1    0   0   0   0   0   0   0   0   0   0   0   0   0  44  36   0   0   0  19   0  0.72 0.00
  361 A     2   0  -1  -1  -2   0   0  -1  -1  -2  -2   2  -1  -3   4   0  -1  -3  -2  -1   36   0   0   0   0   0   0   0   0   0   0  39   0   0  25   0   0   0   0   0  0.44 0.00
  362 Y    -2  -2  -2  -3  -2  -1  -2  -3   2  -1  -1  -2  -1   3  -3  -2  -2   2   7  -1    0   0   0   0   0   0   0   0   0   0   0   0   0   0   0   0   0   0 100   0  0.89 0.01
  363 H    -1   0   3   0  -3   2   0  -2   6  -3  -3   0  -1  -2  -2   0  -1  -3   1  -3    0   0  25   0   0  19   0   0  56   0   0   0   0   0   0   0   0   0   0   0  0.55 0.00
  364 L     1  -2  -1   2  -1  -1  -1  -2  -2   0   2  -2   1  -1  -2  -1  -1  -2  -2   0   25   0   0  19   0   0   0   0   0   0  56   0   0   0   0   0   0   0   0   0  0.16 0.00
  365 L    -2  -2  -3  -4  -1  -2  -3  -4  -3   2   4  -3   2   0  -3  -3  -1  -2  -1   1    0   0   0   0   0   0   0   0   0   0 100   0   0   0   0   0   0   0   0   0  0.46 0.00
  366 E    -1   0   0   3  -4   1   4  -2   4  -3  -3   0  -2  -3  -1   0  -1  -3  -1  -3    0   0   0  25   0   0  56   0  19   0   0   0   0   0   0   0   0   0   0   0  0.56 0.00
  367 G     0  -2   0  -1  -3  -2  -2   6  -2  -4  -4  -2  -3  -3  -2   0  -2  -3  -3  -3    0   0   0   0   0   0   0 100   0   0   0   0   0   0   0   0   0   0   0   0  1.05 0.00
  368 F    -2  -3  -3  -4  -2  -3  -3  -3  -1   0   0  -3   0   6  -4  -2  -2   1   3  -1    0   0   0   0   0   0   0   0   0   0   0   0   0 100   0   0   0   0   0   0  0.76 0.01
  369 P    -1  -2  -2  -2  -3  -1  -1  -2  -2  -3  -3  -1  -3  -4   8  -1  -1  -4  -3  -2    0   0   0   0   0   0   0   0   0   0   0   0   0   0 100   0   0   0   0   0  2.05 0.01
  370 F    -2  -3  -3  -4  -2  -3  -3  -3  -1   0   0  -3   0   6  -4  -2  -2   1   3  -1    0   0   0   0   0   0   0   0   0   0   0   0   0 100   0   0   0   0   0   0  0.76 0.01
  371 I    -2  -2  -3  -3  -2  -2  -3  -4  -1   2   2  -2   1   1  -3  -2  -1   0   3   1    0   0   0   0   0   0   0   0   0  36  39   0   0   0   0   0   0   0  25   0  0.30 0.00
  372 Q     0   0   1   4  -2   3   1  -1   0  -3  -3   0  -2  -3  -1   2   0  -3  -2  -2    0   0   0  39   0  36   0   0   0   0   0   0   0   0   0  25   0   0   0   0  0.45 0.00
  373 E     1  -1   0   4  -2   1   3  -1  -1  -3  -3   0  -2  -3  -1   0  -1  -3  -2  -2   25   0   0  39   0   0  36   0   0   0   0   0   0   0   0   0   0   0   0   0  0.46 0.00
  374 P     2  -2  -2  -2  -1  -1  -1  -1  -2  -1   1  -1   0  -2   5   0  -1  -3  -2   0   39   0   0   0   0   0   0   0   0   0  25   0   0   0  36   0   0   0   0   0  0.53 0.00
  375 P    -1  -2  -2  -2  -3  -1  -1  -2  -2  -3  -3  -1  -3  -4   8  -1  -1  -4  -3  -2    0   0   0   0   0   0   0   0   0   0   0   0   0   0 100   0   0   0   0   0  2.05 0.01
  376 S     1  -1   0   0  -1   0   0  -1  -1  -2  -2   0  -1  -2  -1   4   2  -3  -2  -1    0   0   0   0   0   0   0   0   0   0   0   0   0   0   0  81  19   0   0   0  0.41 0.00
  377 G     0  -2   0  -1  -2  -2  -2   5  -2  -3  -3  -1  -2  -3  -2   0   1  -3  -3  -2    0   0   0   0   0   0   0  75   0   0   0   0   0   0   0   0  25   0   0   0  0.70 0.00
  378 D    -2  -1   1   5  -4   0   3  -2  -1  -3  -3   0  -3  -3  -1   0  -1  -4  -3  -3    0   0   0  75   0   0  25   0   0   0   0   0   0   0   0   0   0   0   0   0  0.78 0.00
  379 L    -2  -2  -3  -4  -1  -2  -3  -4  -3   2   4  -3   2   0  -3  -3  -1  -2  -1   1    0   0   0   0   0   0   0   0   0   0 100   0   0   0   0   0   0   0   0   0  0.46 0.00
  380 Q    -1   1   0   0  -3   5   2  -2   0  -3  -2   3  -1  -3  -1   0  -1  -2  -2  -2    0   0   0   0   0  75   0   0   0   0   0  25   0   0   0   0   0   0   0   0  0.56 0.00
  381 E    -1   0   0   3  -4   1   4  -2   0  -3  -3   2  -2  -3  -1   0  -1  -3  -2  -3    0   0   0  25   0   0  56   0   0   0   0  19   0   0   0   0   0   0   0   0  0.56 0.00
  382 R     2   4  -1  -2  -2   0   0  -1  -1  -2  -2   1  -1  -3  -2   0  -1  -3  -2  -1   39  61   0   0   0   0   0   0   0   0   0   0   0   0   0   0   0   0   0   0  0.40 0.00
  383 V    -1  -3  -3  -3  -1  -2  -3  -3  -3   3   1  -2   1  -1  -3  -2   0  -3  -1   3    0   0   0   0   0   0   0   0   0  39   0   0   0   0   0   0   0   0   0  61  0.35 0.00
  384 L    -2  -2  -3  -4  -1  -2  -3  -4  -3   2   4  -3   2   0  -3  -3  -1  -2  -1   1    0   0   0   0   0   0   0   0   0   0 100   0   0   0   0   0   0   0   0   0  0.46 0.00
  385 I    -1  -3  -3  -3  -1  -3  -3  -4  -3   4   1  -3   1   0  -3  -2   0  -3  -1   3    0   0   0   0   0   0   0   0   0  56   0   0   0   0   0   0   0   0   0  44  0.35 0.00
  386 R    -2   4   3   2  -3   1   0  -2   0  -3  -3   1  -2  -3  -2   0  -1  -3  -2  -3    0  56  25  19   0   0   0   0   0   0   0   0   0   0   0   0   0   0   0   0  0.49 0.00
  387 H    -1   0   0  -1  -2   0   0  -2   7  -2  -2  -1  -1  -1  -2   0   1  -2   1  -2    0   0   0   0   0   0   0   0  75   0   0   0   0   0   0   0  25   0   0   0  0.60 0.01
  388 H    -1   0   4   0  -3   2   0  -1   5  -3  -3   0  -2  -2  -2   0  -1  -3   0  -3    0   0  44   0   0  19   0   0  36   0   0   0   0   0   0   0   0   0   0   0  0.50 0.00
  389 D    -2  -1   3   5  -3   0   1  -1  -1  -3  -4  -1  -3  -3  -2   0  -1  -4  -3  -3    0   0  25  75   0   0   0   0   0   0   0   0   0   0   0   0   0   0   0   0  0.77 0.00
  390 Y    -2  -2  -2  -3  -2  -1  -2  -3   2  -1  -1  -2  -1   3  -3  -2  -2   2   7  -1    0   0   0   0   0   0   0   0   0   0   0   0   0   0   0   0   0   0 100   0  0.89 0.01
  391 D    -2  -1   3   5  -3   0   1  -1  -1  -3  -4  -1  -3  -3  -2   0  -1  -4  -3  -3    0   0  19  81   0   0   0   0   0   0   0   0   0   0   0   0   0   0   0   0  0.80 0.00
  392 Q     2   0  -1   0  -2   3   3  -1   0  -2  -2   0  -1  -3  -1   0   0  -2  -2  -1   39   0   0   0   0  36  25   0   0   0   0   0   0   0   0   0   0   0   0   0  0.35 0.00
  393 C    -1  -3  -3  -3   8  -3  -4  -3  -3   1   0  -3  -1  -2  -3  -1  -1  -2  -2   0    0   0   0   0  75   0   0   0   0  25   0   0   0   0   0   0   0   0   0   0  0.84 0.01
  394 F    -2  -3  -3  -4  -2  -3  -3  -3  -1   0   0  -3   0   6  -4  -2  -2   1   3  -1    0   0   0   0   0   0   0   0   0   0   0   0   0 100   0   0   0   0   0   0  0.76 0.01
  395 Q    -1   1   0   0  -3   5   2  -2   0  -3  -2   1   0  -3  -1   0  -1  -2  -1  -2    0   0   0   0   0 100   0   0   0   0   0   0   0   0   0   0   0   0   0   0  0.67 0.01
  396 S     1  -1   1   0  -1   0   0   0  -1  -2  -3   0  -2  -2  -1   4   1  -3  -2  -2    0   0   0   0   0   0   0   0   0   0   0   0   0   0   0 100   0   0   0   0  0.46 0.01
  397 V    -1   0  -1  -2  -2   3   0  -3  -1   1   0   0   3  -1  -2  -1   0  -2  -1   2    0   0   0   0   0  39   0   0   0   0   0   0  25   0   0   0   0   0   0  36  0.19 0.00
  398 Q    -1   1   0   0  -3   5   2  -2   0  -3  -2   1   0  -3  -1   0  -1  -2  -1  -2    0   0   0   0   0 100   0   0   0   0   0   0   0   0   0   0   0   0   0   0  0.67 0.01
  399 L    -2  -2  -3  -4  -1  -2  -3  -4  -3   2   4  -3   2   0  -3  -3  -1  -2  -1   1    0   0   0   0   0   0   0   0   0   0 100   0   0   0   0   0   0   0   0   0  0.46 0.00
  400 L     1  -2  -3  -3  -1  -2  -2  -2  -3   1   3  -2   2   0  -2  -1  -1  -2  -1   1   25   0   0   0   0   0   0   0   0   0  75   0   0   0   0   0   0   0   0   0  0.27 0.00
  401 Q    -1   1   0  -1  -3   5   1  -2   4  -3  -2   1  -1  -3  -2   0  -1  -2   0  -2    0   0   0   0   0  75   0   0  25   0   0   0   0   0   0   0   0   0   0   0  0.56 0.01
  402 W    -3  -3  -4  -4  -2  -2  -3  -3  -2  -3  -2  -3  -2   1  -4  -3  -3  11   2  -3    0   0   0   0   0   0   0   0   0   0   0   0   0   0   0   0   0 100   0   0  2.36 0.01
  403 N    -2   0   6   1  -3   0   0   0   1  -3  -3   0  -2  -3  -2   1   0  -4  -2  -3    0   0 100   0   0   0   0   0   0   0   0   0   0   0   0   0   0   0   0   0  0.74 0.01
  404 S     0   0   2   0  -2   0   0  -1  -1  -1  -1   1   2  -2  -1   2   0  -3  -2  -1    0   0  19   0   0   0   0   0   0   0   0  19  25   0   0  36   0   0   0   0  0.18 0.00
  405 Q    -1   1   0   0  -3   5   2  -2   0  -3  -2   1   0  -3  -1   0  -1  -2  -1  -2    0   0   0   0   0 100   0   0   0   0   0   0   0   0   0   0   0   0   0   0  0.67 0.01
  406 V     2  -2  -1  -2  -1  -1  -1  -1  -2   1   0  -1   0  -2  -1   0   2  -3  -2   2   39   0   0   0   0   0   0   0   0   0   0   0   0   0   0   0  25   0   0  36  0.20 0.00
  407 K    -1   4   0  -1  -3   1   0  -2  -1  -3  -2   4  -1  -3  -1   0  -1  -3  -2  -2    0  39   0   0   0   0   0   0   0   0   0  61   0   0   0   0   0   0   0   0  0.54 0.00
  408 F    -2  -2  -3  -3  -2  -2  -3  -3   0  -1   0  -3   0   5  -3  -2  -2   1   5  -1    0   0   0   0   0   0   0   0   0   0   0   0   0  61   0   0   0   0  39   0  0.69 0.00
  409 N    -2   0   6   1  -3   0   0   0   1  -3  -3   0  -2  -3  -2   1   0  -4  -2  -3    0   0 100   0   0   0   0   0   0   0   0   0   0   0   0   0   0   0   0   0  0.74 0.01
  410 V     0  -3  -3  -3  -1  -2  -3  -3  -3   3   1  -2   1  -1  -3  -2   0  -3  -1   4    0   0   0   0   0   0   0   0   0  25   0   0   0   0   0   0   0   0   0  75  0.35 0.00
  411 T     0  -1   4   0  -2   0   0  -1   0  -2  -2   0  -1  -3  -1   2   3  -3  -2  -1    0   0  44   0   0   0   0   0   0   0   0   0   0   0   0  19  36   0   0   0  0.39 0.00
  412 V     0  -3  -3  -3  -1  -2  -3  -3  -3   3   1  -2   1  -1  -2  -2   0  -3  -1   4    0   0   0   0   0   0   0   0   0   0   0   0   0   0   0   0   0   0   0 100  0.36 0.00
  413 Y    -2  -2  -2  -3  -2  -1  -2  -3   2  -1  -1  -2  -1   3  -3  -2  -2   2   7  -1    0   0   0   0   0   0   0   0   0   0   0   0   0   0   0   0   0   0 100   0  0.89 0.01
  414 R    -1   6   0  -2  -3   1   0  -2   0  -3  -2   2  -1  -3  -2  -1  -1  -3  -2  -3    0 100   0   0   0   0   0   0   0   0   0   0   0   0   0   0   0   0   0   0  0.76 0.01
  415 N    -2   0   4   0  -3   0   0  -1   7  -3  -3  -1  -2  -2  -2   0  -1  -3   1  -3    0   0  36   0   0   0   0   0  64   0   0   0   0   0   0   0   0   0   0   0  0.64 0.01
  416 L    -1  -2  -3  -3  -1  -1  -3  -3  -2   2   3  -2   4   0  -3  -2  -1  -2  -1   1    0   0   0   0   0   0   0   0   0  19  36   0  44   0   0   0   0   0   0   0  0.32 0.00
  417 P    -1  -2  -2  -2  -3  -1  -1  -2  -2  -3  -3  -1  -3  -4   8  -1  -1  -4  -3  -2    0   0   0   0   0   0   0   0   0   0   0   0   0   0 100   0   0   0   0   0  2.05 0.01
  418 T     0  -1   0  -1  -1  -1  -1  -2  -2  -1  -1  -1  -1  -2  -1   1   5  -3  -2   0    0   0   0   0   0   0   0   0   0   0   0   0   0   0   0   0 100   0   0   0  0.48 0.01
  419 T     0  -2  -1  -2  -1  -1  -1  -2  -2   1   0  -1   0  -2  -2   1   4  -3  -1   2    0   0   0   0   0   0   0   0   0   0   0   0   0   0   0   0  61   0   0  39  0.28 0.00
  420 R    -1   6   0  -2  -3   1   0  -2   0  -3  -2   2  -1  -3  -2  -1  -1  -3  -2  -3    0 100   0   0   0   0   0   0   0   0   0   0   0   0   0   0   0   0   0   0  0.76 0.01
  421 D    -2  -2   1   6  -4   0   2  -1  -1  -3  -4  -1  -3  -4  -2   0  -1  -4  -3  -3    0   0   0 100   0   0   0   0   0   0   0   0   0   0   0   0   0   0   0   0  0.94 0.01
  422 S     1  -1   1   0  -1   0   0   0  -1  -2  -3   0  -2  -2  -1   4   1  -3  -2  -2    0   0   0   0   0   0   0   0   0   0   0   0   0   0   0 100   0   0   0   0  0.46 0.01
  423 I    -1  -3  -3  -3  -1  -3  -3  -4  -3   4   2  -3   1   0  -3  -2  -1  -3  -1   3    0   0   0   0   0   0   0   0   0 100   0   0   0   0   0   0   0   0   0   0  0.40 0.00
  424 M    -1  -1  -2  -3  -1   0  -2  -3  -2   1   2  -1   6   0  -3  -2  -1  -2  -1   1    0   0   0   0   0   0   0   0   0   0   0   0 100   0   0   0   0   0   0   0  0.37 0.01
  425 T     0  -1   0  -1  -1  -1  -1  -2  -2  -1  -1  -1  -1  -2  -1   1   5  -3  -2   0    0   0   0   0   0   0   0   0   0   0   0   0   0   0   0   0 100   0   0   0  0.48 0.01
  426 S     1  -1   1   0  -1   0   0   0  -1  -2  -3   0  -2  -2  -1   4   1  -3  -2  -2    0   0   0   0   0   0   0   0   0   0   0   0   0   0   0 100   0   0   0   0  0.46 0.01

                      K         Lambda
Standard Ungapped    0.1362     0.3201
Standard Gapped      0.0410     0.2670
PSI Ungapped         0.1362     0.3201
PSI Gapped           0.0410     0.2670
