
Last position-specific scoring matrix computed, weighted observed percentages rounded down, information per position, and relative weight of gapless real matches to pseudocounts
           A  R  N  D  C  Q  E  G  H  I  L  K  M  F  P  S  T  W  Y  V   A   R   N   D   C   Q   E   G   H   I   L   K   M   F   P   S   T   W   Y   V
    1 A    3 -1  0 -1 -1  0 -1  0 -1 -2 -2  0 -1 -2 -1  3  1 -3 -2 -1   50   0   0   0   0   0   0   0   0   0   0   0   0   0   0  50   0   0   0   0  0.35 0.00
    2 K   -1  1  0  1 -3  3  2 -2 -1 -3 -3  4 -2 -3 -1  0 -1 -3 -2 -3    0   0   0   9   0  18  18   0   0   0   0  55   0   0   0   0   0   0   0   0  0.47 0.03
    3 L   -1 -2 -2 -3 -1 -2 -2 -3 -3  1  3 -2  1  0 -2  0 -1 -2 -1  1    0   0   0   0   0   0   0   0   0   0  76   0   0   0   0  19   0   0   0   5  0.30 0.02
    4 L    0 -2 -3 -3 -1 -2 -3 -3 -3  2  3 -2  1  0 -3 -2 -1 -2 -1  2    8   0   0   0   0   0   0   0   0   0  68   0   0   0   0   0   0   0   0  24  0.35 0.02
    5 I    1 -2 -3 -3 -1 -2 -2 -3 -3  2  0 -2  0 -1 -2 -1  1 -3 -2  4   13   0   0   0   0   0   0   0   0   8   0   0   0   0   0   0   7   0   0  72  0.31 0.03
    6 P   -1 -1 -2 -2 -3 -1 -1 -2  0 -3 -3 -1 -3 -3  7 -1 -1 -3 -1 -3    3   3   0   0   0   0   0   0   3   0   0   0   0   0  87   0   0   0   3   0  1.75 0.06
    7 Q    0 -1 -1  0 -3  1  3  4 -1 -4 -3  0 -2 -3 -2  0 -1 -3 -3 -3    0   0   0   0   0   8  34  58   0   0   0   0   0   0   0   0   0   0   0   0  0.63 0.03
    8 A    4 -2 -2 -2 -1 -1 -1  0 -2  0 -1 -1 -1 -2 -1  1  0 -3 -2  1   75   0   0   0   0   0   0   0   0   0   0   0   0   0   0   4   0   0   0  21  0.34 0.04
    9 A    1  1 -1  0 -2  3  2 -1 -1 -3 -2  3 -1 -3 -1  0 -1 -3 -2 -2   23   0   0   0   0  22  21   0   0   0   0  34   0   0   0   0   0   0   0   0  0.36 0.03
   10 S    2  0  2  0 -2  4  1 -1  0 -3 -2  0 -1 -3 -1  1  0 -3 -2 -2   27   0  20   0   0  42   0   0   0   0   0   0   0   0   0  11   0   0   0   0  0.35 0.03
   11 A    4 -2 -2 -2 -1 -1 -1  2 -2 -2 -2 -1 -1  0 -1  1 -1 -2 -1 -1   73   0   0   0   0   0   0  20   0   0   0   0   0   7   0   0   0   0   0   0  0.38 0.04
   12 I   -2 -3 -4 -4 -1 -3 -3 -4 -3  3  3 -3  2  0 -3 -3 -1 -2 -1  2    0   0   0   0   0   0   0   0   0  42  58   0   0   0   0   0   0   0   0   0  0.44 0.03
   13 E   -1 -1  2  5 -3  0  2 -1 -1 -3 -3  0 -3 -3 -2  1  0 -4 -3 -3    0   0  13  51   0   0   8   0   0   0   0   7   0   0   0  20   0   0   0   0  0.55 0.03
   14 Q   -1  1  0 -1 -3  6  1 -2  0 -3 -3  2 -1 -3 -2  0 -1 -2 -2 -3    0   0   0   0   0  80   0   0   0   0   0  20   0   0   0   0   0   0   0   0  0.71 0.06
   15 M   -2 -2 -3 -4 -2 -1 -3 -3 -1  0  1 -2  6  3 -3 -2 -1 -1  2  0    0   0   0   0   0   0   0   0   0   0   0   0  69  24   0   0   0   0   7   0  0.46 0.06
   16 K   -1  2  0 -1 -3  1  1 -2 -1 -3 -3  5 -2 -3 -1  0 -1 -3 -2 -3    0   0   0   0   0   0   0   0   0   0   0 100   0   0   0   0   0   0   0   0  0.68 0.06
   17 L   -2 -2  2 -1 -2 -1  0 -3  0  0  2 -2  0  3 -3 -1 -1  0  4 -1    0   0  20   0   0   0   7   0   0   0  31   0   0  15   0   0   0   0  27   0  0.24 0.02
   18 E   -1  0 -1  1 -4  2  5 -2  0 -4 -3  1 -2 -4 -1  0 -1 -3 -2 -3    0   0   0   0   0   0 100   0   0   0   0   0   0   0   0   0   0   0   0   0  0.89 0.06
   19 I   -1 -3 -3 -3 -1 -3 -3 -4 -3  4  1 -3  1 -1 -3 -2 -1 -3 -2  3    0   0   0   0   0   0   0   0   0  76   0   0   0   0   0   0   0   0   0  24  0.46 0.04
   20 A    5 -2 -2 -2 -1 -1 -1  0 -2 -2 -2 -1 -1 -3 -1  1  0 -3 -2  0  100   0   0   0   0   0   0   0   0   0   0   0   0   0   0   0   0   0   0   0  0.53 0.05
   21 S    1  1  3  0 -2  3  0 -1  0 -3 -3  0 -1 -3 -1  2  0 -3 -2 -2    7   7  24   0   0  24   0   0   0   0   0   0   0   0   0  39   0   0   0   0  0.35 0.03
   22 E   -1  0 -1  1 -4  2  5 -2  0 -4 -3  1 -2 -4 -1  0 -1 -3 -2 -3    0   0   0   0   0   0 100   0   0   0   0   0   0   0   0   0   0   0   0   0  0.89 0.06
   23 F   -2 -3 -3 -4 -2 -3 -3 -3 -2  0  2 -3  2  6 -4 -3 -2  0  2  0    0   0   0   0   0   0   0   0   0   0  21   0  13  66   0   0   0   0   0   0  0.58 0.04
   24 G    0 -3 -1 -2 -3 -2 -2  6 -2 -4 -4 -2 -3 -3 -2 -1 -2 -3 -3 -3    0   0   0   0   0   0   0 100   0   0   0   0   0   0   0   0   0   0   0   0  1.18 0.05
   25 V   -1 -3 -3 -3 -1 -2 -3 -3 -3  3  1 -3  1 -1 -3 -2  0 -3 -1  4    0   0   0   0   0   0   0   0   0   7   6   0   0   0   0   0   0   0   0  86  0.43 0.04
   26 Q   -1 -1  3  3 -2  2  1 -1  0 -3 -3  0 -2 -3 -2  1  1 -3 -2 -2    0   0  32  20   0  21   0   0   0   0   0   0   0   0   0  14  14   0   0   0  0.40 0.03
   27 L   -2 -2 -2  1 -2 -2 -2 -3 -1  1  3 -2  1  1 -3 -2 -1 -1  3  0    0   0   0  14   0   0   0   0   0   0  66   0   0   0   0   0   0   0  20   0  0.30 0.03
   28 G    0 -1  2 -1 -3 -1 -1  5 -1 -4 -4  1 -3 -3 -2  0 -1 -3 -3 -3    0   0  20   0   0   0   0  66   0   0   0  14   0   0   0   0   0   0   0   0  0.69 0.03
   29 A    2 -2 -1 -1 -2 -1 -1  3 -2 -3 -3 -1 -2 -3  4  1 -1 -3 -3 -2   31   0   0   0   0   0   0  34   0   0   0   0   0   0  23  12   0   0   0   0  0.55 0.02
   30 E   -2 -1  2  5 -4  0  2 -2 -1 -3 -4 -1 -3 -4 -2  0 -1 -4 -3 -3    0   0  14  71   0   0  15   0   0   0   0   0   0   0   0   0   0   0   0   0  0.81 0.04
   31 T    1 -2  0 -2 -1 -1 -1 -2 -2  0  1 -1  1 -1 -2  1  3 -2 -2  0   13   0   3   0   0   0   0   0   0   0  26   0   7   0   0   6  43   0   0   0  0.20 0.02
   32 T    1 -1  0 -1 -1 -1 -1 -1 -2 -1 -2 -1 -1 -2 -1  2  4 -3 -2  0    7   0   0   0   0   0   0   0   0   0   0   0   0   0   0  27  62   0   0   4  0.41 0.04
   33 S    3 -1  0 -1 -1 -1 -1  0 -1 -2 -2 -1 -1 -3 -1  3  1 -3 -2 -1   48   0   0   0   0   0   0   0   0   0   0   0   0   0   0  52   0   0   0   0  0.41 0.04
   34 R   -1  6 -1 -2  2  1  0 -2 -1 -3 -2  2 -2 -3 -2 -1 -1 -3 -2 -3    0  85   0   0   7   0   0   0   0   0   0   7   0   0   0   0   0   0   0   0  0.72 0.03
   35 A    3  0 -1 -1 -1  3  0 -1 -1 -2 -2  0 -1 -3 -1  1  0 -3 -2 -1   56   0   0   0   0  35   0   0   0   0   0   0   0   0   0   9   0   0   0   0  0.35 0.03
   36 N   -1 -1  6  1  5 -1 -1 -1  0 -3 -3 -1 -2 -3 -2  0  0 -4 -2 -3    0   0  80   0  20   0   0   0   0   0   0   0   0   0   0   0   0   0   0   0  0.69 0.04
   37 G    0 -3 -1 -2 -3 -2 -2  6 -2 -4 -4 -2 -3 -3 -2  0 -2 -3 -3 -3    0   0   0   0   0   0   0 100   0   0   0   0   0   0   0   0   0   0   0   0  1.14 0.04
   38 S    1 -1  0 -1 -1 -1 -1 -1 -1 -2 -2 -1 -1  1 -1  4  1 -1  2 -2    0   0   0   0   0   0   0   0   0   0   0   0   0   7   0  79   0   0  14   0  0.36 0.03
   39 V    0 -3 -3 -3 -1 -2 -3 -3 -3  2  1 -3  0  1 -3 -2  0 -3 -1  4    0   0   0   0   0   0   0   0   0   0   0   0   0   7   0   0   0   0   0  93  0.39 0.03
   40 G    0 -3 -1 -2 -3 -2 -2  6 -2 -4 -4 -2 -3 -3 -2  0 -2 -3 -3 -3    0   0   0   0   0   0   0 100   0   0   0   0   0   0   0   0   0   0   0   0  1.14 0.04
   41 G    1 -2 -1 -2 -3 -2 -2  6 -2 -4 -4 -2 -3 -3 -2  0 -2 -3 -3 -3    7   0   0   0   0   0   0  93   0   0   0   0   0   0   0   0   0   0   0   0  1.02 0.03
   42 E   -1  0 -1  1 -4  1  5 -2  0 -3 -3  0 -2 -1 -2 -1 -1 -2  2 -2    0   0   0   0   0   0  86   0   0   0   0   0   0   0   0   0   0   0  14   0  0.66 0.04
   43 I   -1 -2 -3 -3 -1 -2 -3 -4 -3  4  2 -2  4  0 -3 -2 -1 -2 -1  2    0   0   0   0   0   0   0   0   0  61   0   0  39   0   0   0   0   0   0   0  0.39 0.03
   44 T    0 -2 -1 -2 -1 -1 -1 -2 -2  0 -1 -1 -1 -2 -1  1  5 -3 -2  1    0   0   0   0   0   0   0   0   0   0   0   0   0   0   0   0  80   0   0  20  0.42 0.03
   45 K   -1  2  0 -1 -3  1  1 -2 -1 -3 -3  5 -2 -3 -1  0 -1 -3 -2 -3    0   0   0   0   0   0   0   0   0   0   0 100   0   0   0   0   0   0   0   0  0.64 0.04
   46 R   -1  5 -1 -2  2  1  0 -2 -1 -3 -2  3 -2 -3 -2 -1 -1 -3 -2 -3    0  79   0   0   7   0   0   0   0   0   0  14   0   0   0   0   0   0   0   0  0.67 0.03
   47 L   -2 -2 -3 -4 -1 -2 -3 -4 -3  1  4 -2  3  0 -3 -2 -1 -2 -1  1    0   0   0   0   0   0   0   0   0   0  80   0  20   0   0   0   0   0   0   0  0.46 0.03
   48 V    0 -3 -3 -3 -1 -2 -3 -3 -3  2  1 -3  1 -1 -3 -2  0 -3 -1  4    0   0   0   0   0   0   0   0   0   0   0   0   0   0   0   0   0   0   0 100  0.45 0.04
   49 R    0  2  0  0 -3  4  3 -2  0 -3 -3  1 -1 -3 -1  1  0 -3 -2 -2    4  15   0   0   0  36  29   0   0   0   0   0   0   0   0  16   0   0   0   0  0.44 0.02
   50 L   -1  0 -2 -2 -2  2 -1 -3 -1  0  2  1  3  1 -2 -1 -1 -2 -1  0    0   0   0   0   0  18   0   0   0   0  29  14  30   9   0   0   0   0   0   0  0.18 0.02
   51 A    4 -1 -2 -2 -1 -1 -1  0 -1 -1 -1 -1 -1 -1 -1  1  0 -1  2  0   78   0   0   0   0   0   1   1   0   0   1   0   0   0   0   1   1   0  14   1  0.32 0.02
   52 Q   -1  1  0  1 -4  4  4 -2  0 -3 -3  1 -1 -3 -1  0 -1 -3 -2 -3    0   9   0   0   0  38  53   0   0   0   0   0   0   0   0   0   0   0   0   0  0.62 0.03
   53 Q    0  1  0  0 -3  5  2 -2  0 -3 -2  1 -1 -3 -1  1  0 -2 -2 -2    7   8   0   0   0  64   9   0   0   0   0   0   0   0   0  13   0   0   0   0  0.51 0.03
   54 N   -1  1  2  0 -3  4  1 -1  2 -3 -3  1 -1 -3 -2  1  0 -3 -1 -2    0   0  18   0   0  53   0   0   7   0   0   9   0   0   0  14   0   0   0   0  0.44 0.03
   55 M   -1 -2 -3 -4 -2 -1 -3 -3 -2  1  3 -2  5  0 -3 -2 -1 -2 -1  1    0   0   0   0   0   0   0   0   0   0  46   0  54   0   0   0   0   0   0   0  0.44 0.04
   56 G    0 -2  2 -1 -2 -1 -1  4 -1 -3 -3 -1 -2 -3 -2  2  0 -3 -3 -3    0   0  16   0   0   0   0  55   0   0   0   0   0   0   0  30   0   0   0   0  0.57 0.02
   57 G    0 -2  0 -1 -2 -2 -2  6 -2 -4 -4 -2 -3 -3 -2  1 -1 -3 -3 -3    0   0   0   0   0   0   0  89   0   0   0   0   0   0   0  11   0   0   0   0  0.96 0.03
   58 Q   -1  4  0 -1 -3  4  1 -2  0 -3 -2  3 -1 -3 -2  0 -1 -3 -2 -2    0  33   0   0   0  37   0   0   0   0   0  30   0   0   0   0   0   0   0   0  0.52 0.01
   59 F   -2 -2 -3 -3 -2 -2 -3 -3  0  0  0 -2  0  4 -3 -2 -1  1  5  1    0   0   0   0   0   0   0   0   0   0   0   0   0  36   0   0   0   0  44  20  0.50 0.00
   60 H   -1  0  0 -1 -3  3  1 -2  7 -3 -3  0 -1 -2 -2 -1 -1 -2  1 -3    0   0   0   0   0  37   0   0  63   0   0   0   0   0   0   0   0   0   0   0  0.60 0.00
   61 G    0 -2  0 -1 -2 -2 -2  5 -2 -3 -3 -1 -3 -3 -2  0 -1 -2 -3 -3    0   0   0   0   0   0   0   0   0   0   0   0   0   0   0   0   0   0   0   0  0.00     0.00
   62 Q   -1  1  0  0 -3  5  2 -2  0 -3 -2  1  0 -3 -1  0 -1 -2 -1 -2    0   0   0   0   0   0   0   0   0   0   0   0   0   0   0   0   0   0   0   0  0.00     0.00
   63 Q   -1  1  0  0 -3  5  2 -2  0 -3 -2  1  0 -3 -1  0 -1 -2 -1 -2    0   0   0   0   0   0   0   0   0   0   0   0   0   0   0   0   0   0   0   0  0.00     0.00

                      K         Lambda
Standard Ungapped    0.1282     0.3131
Standard Gapped      0.0410     0.2670
PSI Ungapped         0.1282     0.3131
PSI Gapped           0.0410     0.2670
