
Last position-specific scoring matrix computed, weighted observed percentages rounded down, information per position, and relative weight of gapless real matches to pseudocounts
            A   R   N   D   C   Q   E   G   H   I   L   K   M   F   P   S   T   W   Y   V   A   R   N   D   C   Q   E   G   H   I   L   K   M   F   P   S   T   W   Y   V
    1 M    -1  -2  -3  -3  -2  -1  -2  -3  -2   1   2  -2   7   0  -3  -2  -1  -2  -1   0    0   0   0   0   0   0   0   0   0   0   0   0 100   0   0   0   0   0   0   0  0.53 0.04
    2 A     3  -1   3  -1  -1  -1  -1   0  -1  -2  -2  -1  -1  -3  -1   1   0  -3  -2  -1   66   0  25   0   0   0   0   0   0   0   0   0   0   0   0   9   0   0   0   0  0.33 0.02
    3 R    -1   5   0  -1  -3   1   0  -2  -1  -3  -2   3  -1  -3  -2   1   1  -3  -2  -2    0  53   0   0   0   0   0   0   0   0   0  25   0   0   0  11  11   0   0   0  0.47 0.01
    4 Y    -2  -2  -2  -3  -3  -2  -2  -3   2  -2  -1  -2  -1   3  -3  -2  -2   2   7  -1    0   0   0   0   0   0   0   0   0   0   0   0   0   0   0   0   0   0 100   0  1.02 0.04
    5 D    -2  -2   1   6  -4  -1   1  -2  -1  -4  -4  -1  -3  -4  -2   0  -1  -5  -3  -4    0   0   0 100   0   0   0   0   0   0   0   0   0   0   0   0   0   0   0   0  1.03 0.03
    6 L    -2  -2  -4  -4  -1  -2  -3  -4  -3   1   4  -3   2   0  -3  -3  -1  -2  -1   1    0   0   0   0   0   0   0   0   0   0 100   0   0   0   0   0   0   0   0   0  0.52 0.02
    7 V    -1  -3  -3  -3  -1  -3  -3  -4  -3   3   1  -3   1  -1  -3  -2   0  -3  -1   4    0   0   0   0   0   0   0   0   0  36   0   0   0   0   0   0   0   0   0  64  0.39 0.02
    8 D    -1  -1   0   3  -4   1   5  -2   0  -4  -3   0  -2  -4  -1   0  -1  -3  -3  -3    0   0   0  24   0   0  76   0   0   0   0   0   0   0   0   0   0   0   0   0  0.72 0.02
    9 R    -2   6  -1  -2  -4   1   0  -3   0  -3  -2   2  -2  -3  -2  -1  -1  -3  -2  -3    0 100   0   0   0   0   0   0   0   0   0   0   0   0   0   0   0   0   0   0  0.85 0.03
   10 L    -2  -2  -4  -4  -1  -2  -3  -4  -3   1   4  -3   3   0  -3  -3  -1  -2  -1   1    0   0   0   0   0   0   0   0   0   0  87   0  13   0   0   0   0   0   0   0  0.47 0.02
   11 N    -2  -1   6   1  -3   0   0  -1   0  -4  -4   0  -2  -3  -2   0   0  -4  -2  -3    0   0 100   0   0   0   0   0   0   0   0   0   0   0   0   0   0   0   0   0  0.84 0.03
   12 T     0  -1   2   1  -2  -1  -1   2  -1  -1  -2  -1  -1  -3  -2   1   3  -3  -2   0    0   0  12  11   0   0   0  17   0   0   0   0   0   0   0  11  37   0   0  12  0.23 0.01
   13 T     0   3   0  -1  -2   0  -1  -2  -1  -1  -2   0  -1  -3  -2   1   4  -3  -2  -1    0  25   0   0   0   0   0   0   0   0   0   0   0   0   0   0  75   0   0   0  0.42 0.02
   14 F    -3  -3  -3  -4  -3  -4  -4  -3  -1   0   0  -3   0   7  -4  -3  -2   1   3  -1    0   0   0   0   0   0   0   0   0   0   0   0   0 100   0   0   0   0   0   0  0.87 0.03
   15 R     0   5  -1  -2  -3   1   0  -2  -1  -3  -2   2  -1  -3  -2   0   1  -3  -2  -2   13  75   0   0   0   0   0   0   0   0   0   0   0   0   0   0  12   0   0   0  0.53 0.02
   16 Q     0   0   0   0  -3   5   3  -2   0  -3  -2   1  -1  -3  -1   0  -1  -2  -2  -2   12   0   0   0   0  63  25   0   0   0   0   0   0   0   0   0   0   0   0   0  0.54 0.02
   17 M    -1  -2  -3  -3  -1  -2  -3  -3  -3   3   3  -2   3   0  -3  -2   0  -2  -1   1    0   0   0   0   0   0   0   0   0  31  37   0  24   0   0   0   8   0   0   0  0.30 0.01
   18 E    -1   0   0   1  -4   2   6  -2   0  -4  -3   1  -2  -4  -1   0  -1  -3  -2  -3    0   0   0   0   0   0 100   0   0   0   0   0   0   0   0   0   0   0   0   0  0.82 0.03
   19 Q     0  -1  -1  -2  -2   2   0  -2   4   0   1  -1   0  -1  -2  -1  -1  -2   0   1   12   0   0   0   0  25   0   0  20   0  30   0   0   0   0   0   0   0   0  13  0.15 0.01
   20 E     2  -1  -1   0  -2   0   3   1   2  -2  -2   0  -2  -3  -1   0   1  -3  -2  -2   28   0   0   0   0   0  37  12   9   0   0   0   0   0   0   0  13   0   0   0  0.27 0.01
   21 L    -2  -2  -4  -4  -1  -2  -3  -4  -3   1   4  -3   2   0  -3  -3  -1  -2  -1   1    0   0   0   0   0   0   0   0   0   0 100   0   0   0   0   0   0   0   0   0  0.52 0.02
   22 A     2  -1  -1  -2  -1   2   0  -1   3  -1  -1   0   1  -2  -2   0  -1  -2  -1   0   41   0   0   0   0  23   0   0  13   0   0   0  12   0   0   0   0   0   0  11  0.17 0.01
   23 I     1  -1  -1  -1  -1   1   1  -1  -1   0  -1   0  -1  -2  -1   1   3  -3  -2   0   21   0   0   0   0  13  12   0   0   8   0   0   0   0   0   0  46   0   0   0  0.23 0.01
   24 F    -2  -2  -3  -4  -2  -2  -3  -4  -2   1   3  -3   3   3  -3  -3  -1  -1   0   0    0   0   0   0   0   0   0   0   0   0  64   0  12  24   0   0   0   0   0   0  0.39 0.01
   25 A     1   1   0  -1  -2   1   0  -2   4  -1  -2   0  -1  -2  -2   0   2  -3   0   0   16  12   0   0   0  11   0   0  25   0   0   0   0   0   0   0  28   0   0   8  0.21 0.01
   26 A     1   0   0   3  -2   3   3  -1   0  -3  -3   0  -1  -3  -1   0  -1  -3  -2  -2   24   0   0  21   0  36  19   0   0   0   0   0   0   0   0   0   0   0   0   0  0.39 0.01
   27 H     0   1   2   0  -3   3   1   1   3  -3  -3   0  -1  -3  -2   0  -1  -3  -1  -2   11  11  17   0   0  25   8  12  16   0   0   0   0   0   0   0   0   0   0   0  0.29 0.01
   28 L    -2  -2  -4  -4  -1  -2  -3  -4  -3   1   4  -3   2   0  -3  -3  -1  -2  -1   1    0   0   0   0   0   0   0   0   0   0 100   0   0   0   0   0   0   0   0   0  0.52 0.02
   29 E     1   0   0   2  -3   2   4  -1  -1  -3  -3   1  -2  -3  -1   1  -1  -3  -2  -2   12   0   0  13   0   9  44   0   0   0   0  11   0   0   0  11   0   0   0   0  0.41 0.01
   30 Q    -1   0   1   4  -3   4   1   1  -1  -3  -3   0  -2  -3  -2   1  -1  -3  -2  -3    0   0   0  37   0  41   0  11   0   0   0   0   0   0   0  11   0   0   0   0  0.46 0.02
   31 H    -1  -1  -1  -2   6   0  -1  -3   5  -1   1  -2   0  -1  -3  -1  -1  -2   0  -1    0   0   0   0  33   8   0   0  33   0  25   0   0   0   0   0   0   0   0   0  0.40 0.02
   32 K    -1   4  -1  -1  -3   0   0  -2  -1  -3  -3   2  -2  -3   5   0  -1  -3  -2  -3    0  42   0   0   0   0   0   0   0   0   0  16   0   0  33   9   0   0   0   0  0.69 0.01
   33 L    -2  -2  -4  -4  -1  -2  -3  -4  -3   1   4  -3   2   0  -3  -3  -1  -2  -1   1    0   0   0   0   0   0   0   0   0   0 100   0   0   0   0   0   0   0   0   0  0.52 0.02
   34 L    -2  -2  -4  -4  -1  -2  -3  -4  -3   2   4  -3   2   0  -3  -3  -1  -2  -1   1    0   0   0   0   0   0   0   0   0  13  87   0   0   0   0   0   0   0   0   0  0.47 0.02
   35 V     3  -2  -2  -2  -1  -2  -2  -1  -2   2   0  -2   0  -1  -2   0   0  -3  -2   2   59   0   0   0   0   0   0   0   0  26   0   0   0   0   0   0   0   0   0  16  0.23 0.01
   36 A     4  -2  -2  -2  -1  -1  -1   0  -2  -2  -2  -1  -1  -2  -1   1   0  -3  -2   0  100   0   0   0   0   0   0   0   0   0   0   0   0   0   0   0   0   0   0   0  0.47 0.02
   37 R    -2   6  -1  -2  -4   1   0  -3   0  -3  -2   2  -2  -3  -2  -1  -1  -3  -2  -3    0 100   0   0   0   0   0   0   0   0   0   0   0   0   0   0   0   0   0   0  0.85 0.03
   38 V     0  -3  -3  -3  -1  -2  -3  -3  -3   3   1  -3   1  -1  -3  -2   0  -3  -1   4    0   0   0   0   0   0   0   0   0   0   0   0   0   0   0   0   0   0   0 100  0.42 0.02
   39 F    -3  -3  -3  -4  -3  -4  -4  -3  -1   0   0  -3   0   7  -4  -3  -2   1   3  -1    0   0   0   0   0   0   0   0   0   0   0   0   0 100   0   0   0   0   0   0  0.87 0.03
   40 S     1  -1   0   0  -1   0   1  -1  -1  -2  -3   0  -2  -3  -1   4   2  -3  -2  -2    0   0   0   0   0   0  11   0   0   0   0   0   0   0   0  79  11   0   0   0  0.43 0.02
   41 L    -2  -2  -4  -4  -1  -2  -3  -4  -3   1   4  -3   2   0  -3  -3  -1  -2  -1   1    0   0   0   0   0   0   0   0   0   0 100   0   0   0   0   0   0   0   0   0  0.52 0.02
   42 P    -1  -2  -2  -2  -3  -2  -1  -2  -2  -3  -3  -1  -3  -4   8  -1  -1  -4  -3  -3    0   0   0   0   0   0   0   0   0   0   0   0   0   0 100   0   0   0   0   0  2.12 0.03
   43 E     0   0   0   2  -3   2   5  -2   0  -3  -3   0  -2  -3  -1   0  -1  -3  -2  -2   11   0   0  11   0   9  69   0   0   0   0   0   0   0   0   0   0   0   0   0  0.58 0.02
   44 V    -1  -3  -3  -3  -1  -3  -3  -4  -3   3   1  -3   1  -1  -3  -2   0  -3  -1   4    0   0   0   0   0   0   0   0   0  25   0   0   0   0   0   0   0   0   0  75  0.39 0.02
   45 K     1   0   0   0  -2   1   3  -1  -1  -2  -2   2  -2  -3  -1   1   1  -3  -2  -2   11   0   0   0   0   0  37   0   0   0   0  24   0   0   0  11  17   0   0   0  0.32 0.01
   46 K    -1   2   0  -1  -3   1   1  -2  -1  -3  -3   5  -2  -3  -1   0  -1  -3  -2  -3    0   0   0   0   0   0   0   0   0   0   0 100   0   0   0   0   0   0   0   0  0.61 0.03
   47 E    -1  -1   0   2  -3   0   3   4  -1  -4  -4   0  -3  -3  -2   0  -1  -3  -3  -3    0   0   0  11   0   0  41  48   0   0   0   0   0   0   0   0   0   0   0   0  0.56 0.01
   48 D     2  -1   0   3  -1   0   0  -1  -2  -2  -2   1  -1  -3  -1   1   2  -3  -2  -1   39   0   0  24   0   0   0   0   0   0   0  12   0   0   0   0  25   0   0   0  0.25 0.01
   49 E    -1   0   0   1  -4   2   6  -2   0  -4  -3   1  -2  -4  -1   0  -1  -3  -2  -3    0   0   0   0   0   0 100   0   0   0   0   0   0   0   0   0   0   0   0   0  0.82 0.03
   50 H    -2   0   0  -1  -3   0   0  -2   8  -4  -3  -1  -2  -2  -3  -1  -2  -3   2  -4    0   0   0   0   0   0   0   0 100   0   0   0   0   0   0   0   0   0   0   0  1.07 0.04
   51 N     0   0   4   4  -3   3   1  -1   0  -3  -3   0  -2  -3  -2   0  -1  -3  -2  -3    9   0  32  33   0  25   0   0   0   0   0   0   0   0   0   0   0   0   0   0  0.47 0.01
   52 P    -1  -2  -2  -1  -3  -1   1  -2  -2  -3  -3  -1  -3  -4   8  -1  -1  -4  -3  -3    0   0   0   0   0   0  11   0   0   0   0   0   0   0  89   0   0   0   0   0  1.82 0.03
   53 L    -2  -3  -4  -4  -1  -3  -3  -4  -3   3   4  -3   2   0  -3  -3  -1  -2  -1   1    0   0   0   0   0   0   0   0   0  25  75   0   0   0   0   0   0   0   0   0  0.43 0.01
   54 N     1  -1   3   2  -2   0   2  -1  -1  -1   0   0   1  -2  -2   0  -1  -3  -2  -1   19   0  27   9   0   0  21   0   0   0  12   0  12   0   0   0   0   0   0   0  0.17 0.01
   55 R    -1   2   2  -1  -2   2   0  -2   3  -2  -2   0  -1  -3  -2   0   3  -3  -1  -1    0  16  11   0   0  21   0   0  12   0   0   0   0   0   0   0  40   0   0   0  0.29 0.01
   56 I    -2  -3  -4  -3  -1  -3  -4  -4  -4   5   1  -3   1   0  -3  -3  -1  -3  -2   3    0   0   0   0   0   0   0   0   0 100   0   0   0   0   0   0   0   0   0   0  0.48 0.02
   57 E     0  -1  -1   0  -2   1   3  -2  -1  -3  -3   0  -2  -3   4   1   1  -3  -2  -2    8   0   0   0   0   0  44   0   0   0   0   0   0   0  23  12  13   0   0   0  0.50 0.01
   58 V     0  -3  -3  -3  -1  -2  -3  -3  -3   3   1  -3   1  -1  -3  -2   0  -3  -1   4    0   0   0   0   0   0   0   0   0   0   0   0   0   0   0   0   0   0   0 100  0.42 0.02
   59 K    -1   0   3   0  -2   1   2  -2  -1  -1  -2   2  -1  -3  -2   0   2  -3  -2   0    0   0  25   0   0   0  19   0   0   0   0  24   0   0   0   0  21   0   0  11  0.24 0.01
   60 Q     0   0  -1  -1  -3   5   1  -2   0   0  -1   1   0  -3  -2   0  -1  -2  -2  -1   12   0   0   0   0  75   0   0   0  13   0   0   0   0   0   0   0   0   0   0  0.43 0.02
   61 H    -1   0   0  -1  -3   0   0  -2   7  -3  -3   1  -2  -2  -2   0   2  -3   1  -2    0   0   0   0   0   0   0   0  63   0   0  12   0   0   0   0  25   0   0   0  0.55 0.02
   62 L    -1  -2  -2  -2  -1  -1   0  -3  -2   2   2  -2   1   0  -2   0  -1  -2  -1   2    0   0   0   0   0   0  13   0   0  23  41   0   0   0   0  11   0   0   0  12  0.17 0.01
   63 G     0  -3  -1  -2  -3  -2  -2   6  -2  -4  -4  -2  -3  -3  -2   0  -2  -3  -3  -3    0   0   0   0   0   0   0 100   0   0   0   0   0   0   0   0   0   0   0   0  1.12 0.02
   64 N     0   1   2   0  -3   2   2  -1   0  -3  -3   3  -1  -3  -1   0   1  -3  -2  -2   12   0  16   0   0  11  13   0   0   0   0  40   0   0   0   0   8   0   0   0  0.30 0.01
   65 D     1  -1   0   2  -3   1   4  -1   3  -3  -3   0  -2  -3  -1   0  -1  -3  -1  -2   23   0   0  16   0   0  49   0  13   0   0   0   0   0   0   0   0   0   0   0  0.41 0.01
   66 A     4  -2  -2  -2  -1  -1  -1   0  -2  -2  -2  -1  -1  -2  -1   1   0  -3  -2   0  100   0   0   0   0   0   0   0   0   0   0   0   0   0   0   0   0   0   0   0  0.47 0.02
   67 Q    -1   2  -1   0  -3   3   3  -2  -1  -1   0   2   0  -2  -2  -1  -1  -3  -2   0    0  12   0   0   0  28  26   0   0   0  11  13   0   0   0   0   0   0   0  11  0.27 0.01
   68 S     2   0   0   2  -2   0   1  -1  -1  -2  -2   1  -2  -3  -1   2   1  -3  -2  -1   21   0   0  12   0   0  12   0   0   0   0  13   0   0   0  32   9   0   0   0  0.26 0.01
   69 L     0  -2  -3  -4  -1  -2  -3  -3  -3   1   4  -2   2   0  -3  -2  -1  -2  -1   1   12   0   0   0   0   0   0   0   0   0  88   0   0   0   0   0   0   0   0   0  0.39 0.02
   70 A     4  -2  -1  -2  -1  -1  -1   2  -2  -2  -2  -1  -1  -3  -1   1   1  -3  -2  -1   76   0   0   0   0   0   0  13   0   0   0   0   0   0   0   0  11   0   0   0  0.37 0.02
   71 L    -2  -2  -4  -4  -1  -2  -3  -4  -3   2   4  -3   2   0  -3  -3  -1  -2  -1   1    0   0   0   0   0   0   0   0   0  12  88   0   0   0   0   0   0   0   0   0  0.47 0.02
   72 R     0   5  -1  -1  -3   3   0  -2   0  -3  -2   2  -1  -3  -2   0  -1  -3  -2  -2   11  64   0   0   0  25   0   0   0   0   0   0   0   0   0   0   0   0   0   0  0.55 0.02
   73 H    -2   0   0  -1  -3   0   0  -2   8  -4  -3  -1  -2  -2  -3  -1  -2  -3   2  -4    0   0   0   0   0   0   0   0 100   0   0   0   0   0   0   0   0   0   0   0  1.07 0.04
   74 F    -2  -2  -3  -4  -3  -2  -3  -3   1  -1   0  -3  -1   5  -4  -2  -2   2   6  -1    0   0   0   0   0   0   0   0   0   0   0   0   0  49   0   0   0   0  51   0  0.78 0.02
   75 R    -1   4   0  -1  -3   3   0  -2   0  -3  -2   1  -1  -3  -2   1   1  -3  -2  -2    0  52   0   0   0  25   0   0   0   0   0   0   0   0   0  11  12   0   0   0  0.46 0.02
   76 H    -2   3   0  -1  -3   0   0  -2   8  -4  -3   0  -2  -2  -2  -1  -2  -3   1  -3    0  25   0   0   0   0   0   0  75   0   0   0   0   0   0   0   0   0   0   0  0.78 0.03
   77 L    -2  -2  -4  -4  -1  -2  -3  -4  -3   1   4  -3   2   0  -3  -3  -1  -2  -1   1    0   0   0   0   0   0   0   0   0   0 100   0   0   0   0   0   0   0   0   0  0.52 0.02
   78 F    -3  -3  -3  -4  -3  -4  -4  -3  -1   0   0  -3   0   7  -4  -3  -2   1   3  -1    0   0   0   0   0   0   0   0   0   0   0   0   0 100   0   0   0   0   0   0  0.87 0.03
   79 I    -2  -3  -4  -4  -1  -3  -3  -4  -4   4   2  -3   1   0  -3  -3  -1  -3  -2   2    0   0   0   0   0   0   0   0   0  87  13   0   0   0   0   0   0   0   0   0  0.43 0.02
   80 Q    -1   0   0  -1  -3   5   1  -2   6  -3  -3   1  -1  -3  -2  -1  -1  -2   0  -3    0   0   0   0   0  64   0   0  36   0   0   0   0   0   0   0   0   0   0   0  0.63 0.03
   81 Q    -1   1   0  -1  -3   5   1  -2   5  -3  -3   1  -1  -3  -2   0  -1  -2   0  -3    0   0   0   0   0  75   0   0  25   0   0   0   0   0   0   0   0   0   0   0  0.64 0.03
   82 Q    -1   1   0  -1  -3   6   2  -2   0  -3  -2   1  -1  -4  -2   0  -1  -2  -2  -3    0   0   0   0   0 100   0   0   0   0   0   0   0   0   0   0   0   0   0   0  0.78 0.03
   83 S     1  -1   0  -1  -1  -1  -1   3  -1  -3  -3  -1  -2  -3  -1   4   1  -3  -2  -2    0   0   0   0   0   0   0  25   0   0   0   0   0   0   0  75   0   0   0   0  0.46 0.02
   84 E    -1   0   0   1  -4   4   5  -2   0  -3  -3   1  -2  -4  -1   0  -1  -3  -2  -3    0   0   0   0   0  25  75   0   0   0   0   0   0   0   0   0   0   0   0   0  0.70 0.02
   85 N    -2   0   5   1  -3   0   0  -1   3  -3  -3   2  -2  -3  -2   0   0  -4  -1  -3    0   0  64   0   0   0   0   0  13   0   0  23   0   0   0   0   0   0   0   0  0.53 0.02
   86 R    -1   5  -1  -2  -3   0  -1  -3  -1  -1  -1   1  -1  -2  -2  -1  -1  -3  -2   1    0  75   0   0   0   0   0   0   0   0   0   0   0   0   0   0   0   0   0  25  0.48 0.02
   87 S     1  -1   0   0  -1   0   0   0  -1  -3  -3   0  -2  -3  -1   5   1  -3  -2  -2    0   0   0   0   0   0   0   0   0   0   0   0   0   0   0 100   0   0   0   0  0.53 0.03
   88 S     1  -1   0   0  -1   0   0   0  -1  -3  -3   0  -2  -3  -1   5   1  -3  -2  -2    0   0   0   0   0   0   0   0   0   0   0   0   0   0   0 100   0   0   0   0  0.53 0.03
   89 K    -1   2   0  -1  -3   1   1  -2  -1  -3  -3   5  -2  -3  -1   0  -1  -3  -2  -3    0   0   0   0   0   0   0   0   0   0   0 100   0   0   0   0   0   0   0   0  0.61 0.03
   90 A     4  -2  -2  -2  -1  -1  -1   0  -2  -2  -2  -1  -1  -2  -1   1   0  -3  -2   0  100   0   0   0   0   0   0   0   0   0   0   0   0   0   0   0   0   0   0   0  0.47 0.02
   91 A     4  -2  -2  -2  -1  -1  -1   0  -2  -2  -2  -1  -1  -2  -1   1   0  -3  -2   0  100   0   0   0   0   0   0   0   0   0   0   0   0   0   0   0   0   0   0   0  0.47 0.02
   92 V    -1  -3  -3  -4  -1  -2  -3  -4  -3   2   2  -3   1  -1  -3  -2   0  -3  -1   4    0   0   0   0   0   0   0   0   0   0  25   0   0   0   0   0   0   0   0  75  0.35 0.02
   93 R    -2   6  -1  -2  -4   1   0  -3   0  -3  -2   2  -2  -3  -2  -1  -1  -3  -2  -3    0 100   0   0   0   0   0   0   0   0   0   0   0   0   0   0   0   0   0   0  0.85 0.03
   94 L    -2  -2  -4  -4  -1  -2  -3  -4  -3   1   4  -3   2   0  -3  -3  -1  -2  -1   1    0   0   0   0   0   0   0   0   0   0 100   0   0   0   0   0   0   0   0   0  0.52 0.02
   95 P    -1  -2  -2  -2  -3  -2  -1  -2  -2  -3  -3  -1  -3  -4   8  -1  -1  -4  -3  -3    0   0   0   0   0   0   0   0   0   0   0   0   0   0 100   0   0   0   0   0  2.12 0.03
   96 G     0  -3  -1  -2  -3  -2  -2   6  -2  -4  -4  -2  -3  -3  -2   0  -2  -3  -3  -3    0   0   0   0   0   0   0 100   0   0   0   0   0   0   0   0   0   0   0   0  1.12 0.02
   97 V     2  -2  -3  -3  -1  -2  -2  -2  -3   2   0  -2   0  -1  -2  -1   0  -3  -2   4   22   0   0   0   0   0   0   0   0   0   0   0   0   0   0   0   0   0   0  78  0.29 0.02
   98 L    -1  -3  -4  -4  -1  -3  -3  -4  -3   3   3  -3   2   0  -3  -3  -1  -2  -1   2    0   0   0   0   0   0   0   0   0  30  58   0   0   0   0   0   0   0   0  12  0.38 0.01
   99 C    -1  -4  -3  -4   9  -3  -4  -3  -3  -2  -2  -3  -2  -3  -3  -1  -1  -3  -3  -1    0   0   0   0 100   0   0   0   0   0   0   0   0   0   0   0   0   0   0   0  1.44 0.04
  100 Y    -2  -2  -3  -4  -2  -2  -3  -3   0   0   1  -3   0   5  -3  -2  -2   1   5  -1    0   0   0   0   0   0   0   0   0   0  21   0   0  37   0   0   0   0  41   0  0.56 0.02
  101 Q     0   0   0   0  -2   5   1  -1   0  -3  -3   1  -1  -3  -1   2   0  -3  -2  -2    0   0   0   0   0  63   0   0   0   0   0   0   0   0   0  37   0   0   0   0  0.49 0.02
  102 V     0  -3  -3  -4   3  -3  -3  -3  -3   2   1  -3   0  -1  -3  -2   0  -3  -2   4    0   0   0   0  11   0   0   0   0   0   0   0   0   0   0   0   0   0   0  89  0.38 0.02
  103 D    -1  -2   1   5  -3  -1   1  -2  -2  -2  -3  -1  -2  -3  -2   0   3  -4  -3  -2    0   0   0  64   0   0   0   0   0   0   0   0   0   0   0   0  36   0   0   0  0.59 0.02
  104 N     0  -1   3   4  -3   0   2   1  -1  -3  -3  -1  -3  -3  -2   0  -1  -4  -3  -3   11   0  25  41   0   0  12  11   0   0   0   0   0   0   0   0   0   0   0   0  0.47 0.01
  105 L     3  -1   1  -1  -1  -1  -1  -1  -1  -1   0   1   0  -2  -1   1   0  -3  -2  -1   51   0   8   0   0   0   0   0   0   0  16  13   0   0   0  12   0   0   0   0  0.17 0.01
  106 S     0   0   0   0  -2   3   2  -2  -1  -2   0   0  -1  -2  -1   1   2  -3  -2  -1    0   0   0   0   0  24  24   0   0   0  11   0   0   0   0  16  26   0   0   0  0.26 0.01
  107 Q    -1   2  -1  -1  -3   4   1  -3   3  -1   1   1   0  -2  -2  -1  -1  -2  -1  -1    0  19   0   0   0  44   0   0  12   0  25   0   0   0   0   0   0   0   0   0  0.29 0.01
  108 A     2  -1  -1  -1  -2   1   2  -1  -1   0   0   0   0  -2   2   0  -1  -3  -2   0   36   0   0   0   0  11  23   0   0  13   9   0   0   0   8   0   0   0   0   0  0.17 0.01
  109 A     2  -1   0   2  -2   0   2  -1  -1  -2  -1   0  -1  -2  -1   0   1  -3  -2  -1   36   0   0  20   0   0  24   0   0   0   8   0   0   0   0   0  12   0   0   0  0.23 0.01
  110 L    -1  -3  -3  -4   5  -3  -3  -4  -3   2   3  -3   1   0  -3  -2  -1  -2  -2   1    0   0   0   0  25   0   0   0   0  11  64   0   0   0   0   0   0   0   0   0  0.43 0.01
  111 V    -1   0   0   0  -3   4   3  -2   3  -1  -2   0  -1  -3  -2  -1  -1  -3  -1   0    0   0   0   0   0  36  37   0  12   0   0   0   0   0   0   0   0   0   0  16  0.38 0.02
  112 S     1   0   2   2  -2   0   1  -1  -1  -3  -3   1  -2  -3  -1   2   0  -3  -2  -2   22   0  17  13   0   0   8   0   0   0   0  12   0   0   0  27   0   0   0   0  0.27 0.01
  113 H    -1   1   0  -1  -2   3   0  -2   4   0   0   0   0  -2  -2   0  -1  -2   0  -1    0  11   0   0   0  28   0   0  24  13  12   0   0   0   0  12   0   0   0   0  0.20 0.01
  114 I     0  -3  -3  -3  -1  -3  -3  -3  -3   4   1  -3   1  -1  -3  -2  -1  -3  -2   3   12   0   0   0   0   0   0   0   0  80   0   0   0   0   0   0   0   0   0   8  0.34 0.02
  115 Q     0   1   0   2  -3   5   1  -2   0  -3  -3   2  -1  -3  -1   0  -1  -3  -2  -2   11   0   0  12   0  56   0   0   0   0   0  21   0   0   0   0   0   0   0   0  0.44 0.02
  116 H    -2   3   0  -1  -3   1   0  -2   7  -3  -3   2  -2  -2  -2  -1  -2  -3   1  -3    0  18   0   0   0   0   0   0  58   0   0  25   0   0   0   0   0   0   0   0  0.59 0.02
  117 I    -1  -3  -3  -3  -1  -3  -3  -4  -3   4   1  -3   1  -1  -3  -2   1  -3  -2   2    0   0   0   0   0   0   0   0   0  87   0   0   0   0   0   0  13   0   0   0  0.37 0.02
  118 N    -2  -1   6   1  -3   0   0  -1   0  -4  -4   0  -2  -3  -2   0   0  -4  -2  -3    0   0 100   0   0   0   0   0   0   0   0   0   0   0   0   0   0   0   0   0  0.84 0.03
  119 K     1   1   0  -1  -2   4   2  -1   0  -2  -2   2  -1  -3  -1   0   1  -3  -2  -2   22   0   0   0   0  43   8   0   0   0   0  16   0   0   0   0  11   0   0   0  0.33 0.01
  120 L    -2  -2  -4  -4  -1  -2  -3  -4  -3   1   4  -3   2   0  -3  -3  -1  -2  -1   1    0   0   0   0   0   0   0   0   0   0 100   0   0   0   0   0   0   0   0   0  0.52 0.02
  121 K    -1   2   0  -1  -3   1   1  -2  -1  -3  -3   5  -2  -3  -1   0  -1  -3  -2  -3    0   0   0   0   0   0   0   0   0   0   0 100   0   0   0   0   0   0   0   0  0.61 0.03
  122 T     2  -1  -1  -2  -1  -1  -1  -1  -2  -1   0  -1   2  -2  -1   1   4  -2  -2   0   24   0   0   0   0   0   0   0   0   0   0   0  19   0   0   0  57   0   0   0  0.28 0.02
  123 T     1  -1   0   0  -2   2   2  -1  -1  -2  -2   0  -1  -3  -1   1   3  -3  -2  -1   19   0   0   0   0  12  25   0   0   0   0   0   0   0   0   0  44   0   0   0  0.30 0.01
  124 F    -2  -3  -3  -4  -2  -3  -3  -4  -2   1   2  -3   1   5  -4  -3  -2   0   2   0    0   0   0   0   0   0   0   0   0   0  37   0   0  63   0   0   0   0   0   0  0.54 0.02
  125 E    -1   0   0   1  -4   2   6  -2   0  -4  -3   1  -2  -4  -1   0  -1  -3  -2  -3    0   0   0   0   0   0 100   0   0   0   0   0   0   0   0   0   0   0   0   0  0.82 0.03
  126 H    -1   2   0  -1  -3   2   2  -2   6  -3  -3   2  -2  -2  -2  -1  -1  -3   0  -3    0   8   0   0   0   9  12   0  49   0   0  21   0   0   0   0   0   0   0   0  0.51 0.02
  127 I    -2  -3  -3  -3  -1  -3  -3  -4  -3   5   2  -3   2   0  -3  -3  -1  -3  -2   2    0   0   0   0   0   0   0   0   0  91   0   0   9   0   0   0   0   0   0   0  0.43 0.02
  128 V    -1  -3  -3  -3  -1  -3  -3  -4  -3   4   1  -3   1  -1  -3  -2   0  -3  -1   4    0   0   0   0   0   0   0   0   0  48   0   0   0   0   0   0   0   0   0  52  0.39 0.02
  129 T     0  -1   0  -1  -1  -1  -1  -2  -2  -1  -1  -1  -1  -2  -1   1   5  -3  -2   0    0   0   0   0   0   0   0   0   0   0   0   0   0   0   0   0 100   0   0   0  0.57 0.03
  130 V     0  -2  -3  -2  -1  -2   0  -3  -3   2   0  -2   0  -1  -2  -2   0  -3  -1   4    0   0   0   0   0   0  11   0   0   0   0   0   0   0   0   0   0   0   0  89  0.31 0.02
  131 E    -1   0   0   3  -4   2   5  -2   0  -4  -3   1  -2  -4  -1   0  -1  -3  -2  -3    0   0   0  11   0   0  89   0   0   0   0   0   0   0   0   0   0   0   0   0  0.76 0.02
  132 S     1  -1   0   0  -1   0   0   0  -1  -3  -3   0  -2  -3  -1   5   1  -3  -2  -2    0   0   0   0   0   0   0   0   0   0   0   0   0   0   0 100   0   0   0   0  0.53 0.03
  133 E     0  -2  -1  -1  -3  -1   1   6  -2  -4  -4  -1  -3  -3  -2   0  -2  -3  -3  -3    0   0   0   0   0   0  16  84   0   0   0   0   0   0   0   0   0   0   0   0  0.86 0.02
  134 L    -2  -2  -4  -4  -1  -2  -3  -4  -3   1   4  -3   2   0  -3  -3  -1  -2  -1   1    0   0   0   0   0   0   0   0   0   0 100   0   0   0   0   0   0   0   0   0  0.52 0.02
  135 P    -1  -2  -2  -2  -3  -2  -1  -2  -2  -3  -3  -1  -3  -4   8  -1  -1  -4  -3  -3    0   0   0   0   0   0   0   0   0   0   0   0   0   0 100   0   0   0   0   0  2.12 0.03
  136 T     0  -1   0  -1  -1  -1  -1  -1  -1  -2  -2  -1  -2  -3   4   3   2  -3  -2  -1    0   0   0   0   0   0   0   0   0   0   0   0   0   0  21  55  24   0   0   0  0.50 0.02
  137 A     3  -1  -1  -1  -1   0   2  -1  -1  -2  -2   0  -1  -3  -1   1   2  -3  -2  -1   52   0   0   0   0   0  25   0   0   0   0   0   0   0   0   0  22   0   0   0  0.29 0.01
  138 A     3   0  -1  -1  -1   3   0  -1  -1  -2  -2   0  -1  -3  -1   1   0  -3  -2  -1   63   0   0   0   0  37   0   0   0   0   0   0   0   0   0   0   0   0   0   0  0.36 0.02
  139 R    -2   6  -1  -2  -4   1   0  -3   0  -3  -2   2  -2  -3  -2  -1  -1  -3  -2  -3    0 100   0   0   0   0   0   0   0   0   0   0   0   0   0   0   0   0   0   0  0.85 0.03
  140 F    -3  -3  -3  -4  -3  -4  -4  -3  -1   0   0  -3   0   7  -4  -3  -2   1   3  -1    0   0   0   0   0   0   0   0   0   0   0   0   0 100   0   0   0   0   0   0  0.87 0.03
  141 E    -1   0   0   1  -4   2   6  -2   0  -4  -3   1  -2  -4  -1   0  -1  -3  -2  -3    0   0   0   0   0   0 100   0   0   0   0   0   0   0   0   0   0   0   0   0  0.82 0.03
  142 W    -3  -3  -4  -4  -3  -3  -3  -3  -2  -2  -1  -3  -1   4  -4  -3  -3  11   2  -3    0   0   0   0   0   0   0   0   0   0   0   0   0  25   0   0   0  75   0   0  1.85 0.04
  143 V     0  -3  -3  -3  -1  -2  -3  -3  -3   3   1  -3   1  -1  -3  -2   0  -3  -1   4    0   0   0   0   0   0   0   0   0   0   0   0   0   0   0   0   0   0   0 100  0.42 0.02
  144 H    -2   0   0  -1  -3   0   0  -2   8  -4  -3  -1  -2  -2  -3  -1  -2  -3   2  -4    0   0   0   0   0   0   0   0 100   0   0   0   0   0   0   0   0   0   0   0  1.07 0.04
  145 R    -1   5   0  -2  -3   1   0  -2  -1  -3  -2   2  -1  -3  -2   0   2  -3  -2  -2    0  75   0   0   0   0   0   0   0   0   0   0   0   0   0   0  25   0   0   0  0.57 0.02
  146 H    -2   0   0  -1  -3   2   0  -2   8  -3  -3  -1  -2  -1  -2  -1  -2  -2   3  -3    0   0   0   0   0  11   0   0  77   0   0   0   0   0   0   0   0   0  12   0  0.79 0.03
  147 L    -2  -2  -4  -4  -1  -2  -3  -4  -3   1   4  -3   2   0  -3  -3  -1  -2  -1   1    0   0   0   0   0   0   0   0   0   0 100   0   0   0   0   0   0   0   0   0  0.52 0.02
  148 P    -1  -2  -1  -2  -3  -1  -1  -2   4  -3  -3  -1  -3  -3   7  -1  -1  -4  -1  -3    0   0   0   0   0   0   0   0  25   0   0   0   0   0  75   0   0   0   0   0  1.49 0.03
  149 G     0  -3  -1  -2  -3  -2  -2   6  -2  -4  -4  -2  -3  -3  -2   0  -2  -3  -3  -3    0   0   0   0   0   0   0 100   0   0   0   0   0   0   0   0   0   0   0   0  1.12 0.02
  150 L    -2  -2  -4  -4  -1  -2  -3  -4  -3   1   4  -3   2   0  -3  -3  -1  -2  -1   1    0   0   0   0   0   0   0   0   0   0 100   0   0   0   0   0   0   0   0   0  0.52 0.02
  151 I    -2  -3  -4  -3  -1  -3  -4  -4  -4   5   1  -3   1   0  -3  -3  -1  -3  -2   3    0   0   0   0   0   0   0   0   0 100   0   0   0   0   0   0   0   0   0   0  0.48 0.02
  152 T     0  -1   0  -1  -1  -1  -1  -2  -2  -1  -1  -1  -1  -2  -1   1   5  -3  -2   0    0   0   0   0   0   0   0   0   0   0   0   0   0   0   0   0 100   0   0   0  0.57 0.03
  153 L    -2  -2  -4  -4  -1  -2  -3  -4  -3   1   4  -3   2   0  -3  -3  -1  -2  -1   1    0   0   0   0   0   0   0   0   0   0 100   0   0   0   0   0   0   0   0   0  0.52 0.02
  154 N    -1  -1   6   1  -3   0   0  -1   0  -3  -4   0  -2  -3  -2   1   0  -4  -2  -3    0   0  89   0   0   0   0   0   0   0   0   0   0   0   0  11   0   0   0   0  0.73 0.03
  155 A     4  -2  -1  -2  -1  -1  -1   0  -2  -1  -2  -1  -1  -2  -1   1   2  -3  -2   0   75   0   0   0   0   0   0   0   0   0   0   0   0   0   0   0  25   0   0   0  0.36 0.02
  156 Y    -2  -2  -2  -3  -3  -2  -2  -3   2  -2  -1  -2  -1   3  -3  -2  -2   2   7  -1    0   0   0   0   0   0   0   0   0   0   0   0   0   0   0   0   0   0 100   0  1.02 0.04
  157 R    -2   6  -1  -2  -4   1   0  -3   0  -3  -2   2  -2  -3  -2  -1  -1  -3  -2  -3    0 100   0   0   0   0   0   0   0   0   0   0   0   0   0   0   0   0   0   0  0.85 0.03
  158 T     1   1   0  -1  -1  -1  -1  -1  -2  -1  -2   0  -1  -2  -1   2   4  -3  -2  -1    8  12   0   0   0   0   0   0   0   0   0   0   0   0   0  11  69   0   0   0  0.37 0.02
  159 L    -2  -3  -4  -4  -1  -3  -3  -4  -3   3   4  -3   2   0  -3  -3  -1  -2  -1   1    0   0   0   0   0   0   0   0   0  25  75   0   0   0   0   0   0   0   0   0  0.43 0.01
  160 T     0  -1   0  -1  -1  -1  -1  -2  -2  -1  -1  -1  -1  -2  -1   1   5  -3  -2   0    0   0   0   0   0   0   0   0   0   0   0   0   0   0   0   0 100   0   0   0  0.57 0.03
  161 V    -1  -3  -3  -3  -2  -2  -2  -3  -3   1   1  -2   0  -2   5  -2  -1  -3  -2   3    0   0   0   0   0   0   0   0   0   0   9   0   0   0  36   0   0   0   0  55  0.56 0.02
  162 L    -2  -3  -4  -4  -1  -3  -3  -4  -3   3   4  -3   2   0  -3  -3  -1  -2  -1   1    0   0   0   0   0   0   0   0   0  26  74   0   0   0   0   0   0   0   0   0  0.43 0.01
  163 H    -2   1   2   1  -2   0  -1  -2   3   2  -1   0  -1  -2  -2  -1  -1  -3  -1   0    0  11  18  12   0   0   0   0  16  36   0   8   0   0   0   0   0   0   0   0  0.12 0.01
  164 D    -2  -1   5   4  -3   1   1  -1   0  -3  -4   0  -2  -3  -2   0  -1  -4  -3  -3    0   0  55  35   0  11   0   0   0   0   0   0   0   0   0   0   0   0   0   0  0.62 0.02
  165 P    -1  -2  -2  -2  -3  -2  -1  -2  -2  -3  -3  -1  -3  -4   8  -1  -1  -4  -3  -3    0   0   0   0   0   0   0   0   0   0   0   0   0   0 100   0   0   0   0   0  2.12 0.03
  166 A     4  -1  -1  -1  -1  -1  -1   0  -2  -2  -2  -1  -1  -3  -1   3   0  -3  -2  -1   64   0   0   0   0   0   0   0   0   0   0   0   0   0   0  36   0   0   0   0  0.38 0.02
  167 T     0  -1   0  -1  -1  -1  -1  -1  -2  -1  -2  -1  -1  -2  -1   2   5  -3  -2  -1    0   0   0   0   0   0   0   0   0   0   0   0   0   0   0  25  75   0   0   0  0.46 0.02
  168 L    -1  -3  -3  -4  -1  -2  -3  -4  -3   3   3  -3   2   0  -3  -2  -1  -2  -1   2    0   0   0   0   0   0   0   0   0  20  55   0   0   0   0   0   0   0   0  25  0.36 0.01
  169 R    -2   6  -1  -2  -4   1   0  -3   0  -3  -2   2  -2  -3  -2  -1  -1  -3  -2  -3    0 100   0   0   0   0   0   0   0   0   0   0   0   0   0   0   0   0   0   0  0.85 0.03
  170 F    -3  -3  -3  -4  -3  -4  -4  -3  -1   0   0  -3   0   7  -4  -3  -2   1   3  -1    0   0   0   0   0   0   0   0   0   0   0   0   0 100   0   0   0   0   0   0  0.87 0.03
  171 G     0  -3  -1  -2  -3  -2  -2   6  -2  -4  -4  -2  -3  -3  -2   0  -2  -3  -3  -3    0   0   0   0   0   0   0 100   0   0   0   0   0   0   0   0   0   0   0   0  1.12 0.02
  172 W    -3  -3  -4  -5  -3  -2  -3  -3  -3  -3  -2  -3  -2   1  -4  -3  -3  11   2  -3    0   0   0   0   0   0   0   0   0   0   0   0   0   0   0   0   0 100   0   0  2.56 0.05
  173 A     4  -2  -2  -2  -1  -1  -1   0  -2  -2  -2  -1  -1  -2  -1   1   0  -3  -2   0  100   0   0   0   0   0   0   0   0   0   0   0   0   0   0   0   0   0   0   0  0.47 0.02
  174 N    -2  -1   6   1  -3   0   0  -1   0  -4  -4   0  -2  -3  -2   0   0  -4  -2  -3    0   0 100   0   0   0   0   0   0   0   0   0   0   0   0   0   0   0   0   0  0.84 0.03
  175 K    -1   2   0  -1  -3   1   1  -2  -1  -3  -3   5  -2  -3  -1   0  -1  -3  -2  -3    0   0   0   0   0   0   0   0   0   0   0 100   0   0   0   0   0   0   0   0  0.61 0.03
  176 H    -2   0   0  -1  -3   0   0  -2   8  -4  -3  -1  -2  -2  -3  -1  -2  -3   2  -4    0   0   0   0   0   0   0   0 100   0   0   0   0   0   0   0   0   0   0   0  1.07 0.04
  177 I    -1  -3  -4  -3  -1  -3  -3  -4  -4   5   1  -3   1   0  -3  -3  -1  -3  -2   3    0   0   0   0   0   0   0   0   0  89   0   0   0   0   0   0   0   0   0  11  0.45 0.02
  178 I    -2  -3  -4  -3  -1  -3  -4  -4  -4   5   1  -3   1   0  -3  -3  -1  -3  -2   3    0   0   0   0   0   0   0   0   0 100   0   0   0   0   0   0   0   0   0   0  0.48 0.02
  179 K    -1   2   0  -1  -3   1   1  -2  -1  -3  -3   5  -2  -3  -1   0  -1  -3  -2  -3    0   0   0   0   0   0   0   0   0   0   0 100   0   0   0   0   0   0   0   0  0.61 0.03
  180 N    -2  -1   6   1  -3   0   0  -1   0  -4  -4   0  -2  -3  -2   0   0  -4  -2  -3    0   0 100   0   0   0   0   0   0   0   0   0   0   0   0   0   0   0   0   0  0.84 0.03
  181 L    -1  -3  -3  -4  -1  -2  -3  -4  -3   2   3  -3   2   2  -3  -2  -1  -2   0   2    0   0   0   0   0   0   0   0   0   0  64   0   0  11   0   0   0   0   0  25  0.35 0.01
  182 H     0   2   0  -1  -2   0  -1  -2   3  -2  -2   0  -1  -2  -2   1   4  -3  -1  -1    0  17   0   0   0   0   0   0  16   0   0   0   0   0   0   9  59   0   0   0  0.33 0.02
  183 R    -2   6  -1  -2  -4   1   0  -3   0  -3  -2   2  -2  -3  -2  -1  -1  -3  -2  -3    0 100   0   0   0   0   0   0   0   0   0   0   0   0   0   0   0   0   0   0  0.85 0.03
  184 D    -2  -1   1   6  -4   0   3  -2  -1  -3  -4   0  -3  -4  -2   0  -1  -4  -3  -3    0   0   0  75   0   0  25   0   0   0   0   0   0   0   0   0   0   0   0   0  0.83 0.02
  185 E    -2  -1   1   5  -4   2   3  -2  -1  -3  -3   0  -3  -4  -2   0  -1  -4  -3  -3    0   0   0  56   0  11  33   0   0   0   0   0   0   0   0   0   0   0   0   0  0.70 0.02
  186 V     0  -3  -3  -3  -1  -3  -3  -4  -3   3   1  -3   1  -1  -3  -2   0  -3  -1   4    0   0   0   0   0   0   0   0   0  13   0   0   0   0   0   0   0   0   0  87  0.40 0.02
  187 L    -2  -2  -4  -4  -1  -2  -3  -4  -3   1   4  -3   2   0  -3  -3  -1  -2  -1   1    0   0   0   0   0   0   0   0   0   0 100   0   0   0   0   0   0   0   0   0  0.52 0.02
  188 A     3  -2  -1  -2  -1  -1  -1  -1  -2  -1   0  -1   1  -2  -1   2   0  -3  -2   0   56   0   0   0   0   0   0   0   0   0  13   0  11   0   0  20   0   0   0   0  0.23 0.01
  189 Q    -1   0  -1  -1  -3   5   1  -2   0  -1   1   0   3  -2  -2  -1  -1  -2  -2  -1    0   0   0   0   0  67   0   0   0   0  11   0  22   0   0   0   0   0   0   0  0.39 0.02
  190 L    -2  -2  -4  -4  -1  -2  -3  -4  -3   1   4  -3   2   0  -3  -3  -1  -2  -1   1    0   0   0   0   0   0   0   0   0   0 100   0   0   0   0   0   0   0   0   0  0.52 0.02
  191 E    -1   0   2   1  -4   2   5  -2   0  -3  -3   1  -2  -3  -1   0  -1  -3  -2  -3    0   0  12   0   0   0  79   0   0   0   0   9   0   0   0   0   0   0   0   0  0.63 0.02
  192 K    -1   3   0  -1  -3   1   1  -2  -1  -3  -3   5  -2  -3  -1   0  -1  -3  -2  -3    0  12   0   0   0   0   0   0   0   0   0  88   0   0   0   0   0   0   0   0  0.58 0.02
  193 S     1  -1   0  -1  -1   0   0   1  -1  -3  -3   0  -2  -3  -1   4   1  -3  -2  -2    0   0   0   0   0   0   0  12   0   0   0   0   0   0   0  88   0   0   0   0  0.47 0.02
  194 L    -2  -2  -4  -4  -1  -2  -3  -4  -3   1   4  -3   2   0  -3  -3  -1  -2  -1   1    0   0   0   0   0   0   0   0   0   0 100   0   0   0   0   0   0   0   0   0  0.52 0.02
  195 K     0   1   3   0  -3   2   0  -1   0  -3  -3   3  -2  -3  -1   0  -1  -3  -2  -2    9   0  33   0   0  11   0   0   0   0   0  47   0   0   0   0   0   0   0   0  0.38 0.01
  196 S     3  -1   0  -1  -1  -1  -1   0  -1  -2  -2  -1  -1  -3  -1   3   2  -3  -2  -1   37   0   0   0   0   0   0   0   0   0   0   0   0   0   0  55   8   0   0   0  0.37 0.02
  197 P    -1  -2  -2  -2  -3  -2  -2   2  -2  -3  -3  -1  -3  -4   7  -1  -1  -4  -3  -3    0   0   0   0   0   0   0  25   0   0   0   0   0   0  75   0   0   0   0   0  1.49 0.02
  198 R    -2   6  -1  -2  -4   1   0  -3   0  -3  -2   2  -2  -3  -2  -1  -1  -3  -2  -3    0 100   0   0   0   0   0   0   0   0   0   0   0   0   0   0   0   0   0   0  0.85 0.03
  199 S     3  -1   0  -1  -1  -1  -1   0  -1  -2  -2  -1  -1  -2  -1   3   2  -3  -2  -1   48   0   0   0   0   0   0   0   0   0   0   0   0   0   0  41  11   0   0   0  0.35 0.01
  200 V     0  -3  -3  -3  -1  -2  -3  -3  -3   3   1  -3   1  -1  -3  -2   0  -3  -1   4    0   0   0   0   0   0   0   0   0   0   0   0   0   0   0   0   0   0   0 100  0.42 0.02
  201 A     1  -2  -1  -2  -2  -1  -1   1   2  -2  -2  -1  -2  -2   6   0   0  -2   1  -2   16   0   0   0   0   0   0  12   8   0   0   0   0   0  45   0  11   0   8   0  0.70 0.01
  202 P    -1  -2  -2  -2  -3  -2  -1   1  -2  -3  -3  -1  -3  -4   8  -1  -1  -4  -3  -3    0   0   0   0   0   0   0  12   0   0   0   0   0   0  88   0   0   0   0   0  1.78 0.03
  203 W    -3  -3  -4  -4  -3  -3  -3  -3  -2  -1   0  -3  -1   4  -4  -3  -2  10   2  -2    0   0   0   0   0   0   0   0   0   0  12   0   0  25   0   0   0  63   0   0  1.48 0.03
  204 T     0  -1   0  -1  -1  -1  -1  -1  -2  -1  -2  -1  -1  -2  -1   2   5  -3  -2  -1    0   0   0   0   0   0   0   0   0   0   0   0   0   0   0  23  77   0   0   0  0.47 0.02
  205 R    -2   6  -1  -2  -4   1   0  -2   0  -3  -2   3  -2  -3  -2  -1  -1  -3  -2  -3    0  88   0   0   0   0   0   0   0   0   0  12   0   0   0   0   0   0   0   0  0.77 0.02
  206 E    -1   0   0   1  -4   2   6  -2   0  -4  -3   1  -2  -4  -1   0  -1  -3  -2  -3    0   0   0   0   0   0 100   0   0   0   0   0   0   0   0   0   0   0   0   0  0.82 0.03
  207 E    -1   1   0   0  -3   5   4  -2   0  -3  -3   1  -1  -4  -1   0  -1  -2  -2  -3    0   0   0   0   0  68  32   0   0   0   0   0   0   0   0   0   0   0   0   0  0.66 0.02
  208 W    -3  -3  -4  -5  -3  -2  -3  -3  -3  -3  -2  -3  -2   1  -4  -3  -3  11   2  -3    0   0   0   0   0   0   0   0   0   0   0   0   0   0   0   0   0 100   0   0  2.56 0.05
  209 Q    -1   2  -1  -1  -3   4   1  -2   3   0  -1   1   0  -2  -2  -1  -1  -2  -1   0    0  13   0   0   0  52   0   0  12  11   0   0   0   0   0   0   0   0   0  12  0.30 0.02
  210 R     2   2  -1   0  -2   1   3  -1  -1  -2  -2   0  -1   0  -1   1   0  -2  -1  -2   28  16   0   0   0   0  36   0   0   0   0   0   0   9   0  11   0   0   0   0  0.24 0.01
  211 K    -1   4  -1  -2  -3   1   0  -2  -1  -1   1   3   0  -2  -2  -1  -1  -3  -2  -1    0  31   0   0   0   0   0   0   0   0  25  44   0   0   0   0   0   0   0   0  0.31 0.01
  212 L    -2  -3  -4  -4  -1  -3  -3  -4  -3   3   4  -3   2   0  -3  -3  -1  -2  -1   1    0   0   0   0   0   0   0   0   0  25  75   0   0   0   0   0   0   0   0   0  0.43 0.01
  213 E     0  -1   0   1  -3   1   4  -2  -1  -3  -3   0  -2  -3  -1   2   1  -3  -2  -2    0   0   0   0   0   0  63   0   0   0   0   0   0   0   0  25  12   0   0   0  0.48 0.02
  214 R    -1   4  -1  -1  -3   3   1  -3   0  -2   0   1  -1  -2  -2  -1  -1  -3  -2  -2    0  52   0   0   0  24  11   0   0   0  13   0   0   0   0   0   0   0   0   0  0.43 0.02
  215 E    -1   0   0   1  -4   2   6  -2   0  -4  -3   1  -2  -4  -1   0  -1  -3  -2  -3    0   0   0   0   0   0 100   0   0   0   0   0   0   0   0   0   0   0   0   0  0.82 0.03
  216 Y    -2  -2  -3  -3  -2  -2  -3  -4   1   2   0  -2   0   2  -3  -2  -2   1   7   0    0   0   0   0   0   0   0   0   0  25   0   0   0   0   0   0   0   0  75   0  0.65 0.03
  217 Q    -1   0   4   2  -3   4   1  -1   0  -3  -3   1  -1  -3  -2   0  -1  -3  -2  -3    0   0  37  11   0  52   0   0   0   0   0   0   0   0   0   0   0   0   0   0  0.53 0.02
  218 D    -2  -2   2   6  -4   0   1  -1  -1  -3  -4  -1  -3  -4  -2   0  -1  -5  -3  -3    0   0  11  89   0   0   0   0   0   0   0   0   0   0   0   0   0   0   0   0  0.92 0.02
  219 I    -1  -3  -3  -3  -1  -3  -3  -4  -4   4   1  -3   1   0  -3  -2  -1  -3  -1   3    0   0   0   0   0   0   0   0   0  75   0   0   0   0   0   0   0   0   0  25  0.42 0.02
  220 A     4  -1  -1  -2  -1   3   0   0  -1  -2  -2   0  -1  -3  -1   1   0  -3  -2  -1   75   0   0   0   0  25   0   0   0   0   0   0   0   0   0   0   0   0   0   0  0.36 0.02
  221 A     3   2  -1  -2  -1   0  -1   0  -1  -2  -2   0  -1  -3  -1   1   0  -3  -2  -1   66  25   0   0   0   0   0   0   0   0   0   0   0   0   0   8   0   0   0   0  0.32 0.02
  222 L    -2  -2  -4  -4  -1  -2  -3  -4  -3   1   4  -3   2   0  -3  -3  -1  -2  -1   1    0   0   0   0   0   0   0   0   0   0 100   0   0   0   0   0   0   0   0   0  0.52 0.02
  223 P    -1  -2  -2  -2  -3  -2  -1  -2  -2  -3  -3  -1  -3  -4   8  -1  -1  -4  -3  -3    0   0   0   0   0   0   0   0   0   0   0   0   0   0 100   0   0   0   0   0  2.12 0.03
  224 Q     0   0   0   0  -3   5   3  -2   0  -3  -2   1  -1  -3  -1   0  -1  -2  -2  -2   11   0   0   0   0  64  25   0   0   0   0   0   0   0   0   0   0   0   0   0  0.55 0.02
  225 N    -1   2   2   0  -3   3   2  -2   0  -3  -3   3  -1  -3  -2   0  -1  -3  -2  -3    0  11  16   0   0  30  19   0   0   0   0  25   0   0   0   0   0   0   0   0  0.43 0.01
  226 A     4  -2  -1  -2  -1  -1  -1   0  -2  -1  -2  -1  -1  -2  -1   1   2  -3  -2   0   76   0   0   0   0   0   0   0   0   0   0   0   0   0   0   0  24   0   0   0  0.37 0.02
  227 K    -1   5  -1  -2  -4   1   0  -2  -1  -3  -2   3  -2  -3  -2  -1  -1  -3  -2  -3    0  76   0   0   0   0   0   0   0   0   0  24   0   0   0   0   0   0   0   0  0.70 0.02
  228 L    -2  -2  -4  -4  -1  -2  -3  -4  -3   1   4  -3   2   0  -3  -3  -1  -2  -1   1    0   0   0   0   0   0   0   0   0   0 100   0   0   0   0   0   0   0   0   0  0.52 0.02
  229 K    -1   2   0  -1  -3   1   1  -2  -1  -3  -3   5  -2  -3  -1   0  -1  -3  -2  -3    0   0   0   0   0   0   0   0   0   0   0 100   0   0   0   0   0   0   0   0  0.61 0.03
  230 I    -2  -3  -4  -3  -1  -3  -4  -4  -4   5   1  -3   1   0  -3  -3  -1  -3  -2   3    0   0   0   0   0   0   0   0   0 100   0   0   0   0   0   0   0   0   0   0  0.48 0.02
  231 K    -1   2   0  -1  -3   1   1  -2  -1  -3  -3   5  -2  -3  -1   0  -1  -3  -2  -3    0   0   0   0   0   0   0   0   0   0   0 100   0   0   0   0   0   0   0   0  0.61 0.03
  232 R    -2   6  -1  -2  -4   1   0  -3   0  -3  -2   2  -2  -3  -2  -1  -1  -3  -2  -3    0 100   0   0   0   0   0   0   0   0   0   0   0   0   0   0   0   0   0   0  0.85 0.03
  233 P    -1  -2  -2  -2  -3  -2  -1  -2  -2  -3  -3  -1  -3  -4   8  -1  -1  -4  -3  -3    0   0   0   0   0   0   0   0   0   0   0   0   0   0 100   0   0   0   0   0  2.12 0.03
  234 V     0  -3  -3  -3  -1  -2  -3  -3  -3   3   1  -3   1  -1  -3  -2   0  -3  -1   4    0   0   0   0   0   0   0   0   0   0   0   0   0   0   0   0   0   0   0 100  0.42 0.02
  235 K    -1   2   0  -1  -3   1   1  -2  -1  -3  -3   5  -2  -3  -1   0  -1  -3  -2  -3    0   0   0   0   0   0   0   0   0   0   0 100   0   0   0   0   0   0   0   0  0.61 0.03
  236 V     0  -3  -3  -3  -1  -2  -3  -3  -3   3   1  -3   1  -1  -3  -2   0  -3  -1   4    0   0   0   0   0   0   0   0   0   0   0   0   0   0   0   0   0   0   0 100  0.42 0.02
  237 Q    -1   1   0  -1  -3   6   2  -2   0  -3  -2   1  -1  -4  -2   0  -1  -2  -2  -3    0   0   0   0   0 100   0   0   0   0   0   0   0   0   0   0   0   0   0   0  0.78 0.03
  238 P    -1  -2  -2  -2  -3  -2  -1  -2  -2  -3  -3  -1  -3  -4   8  -1  -1  -4  -3  -3    0   0   0   0   0   0   0   0   0   0   0   0   0   0 100   0   0   0   0   0  2.12 0.03
  239 I    -1  -3  -4  -3  -1  -3  -3  -4  -4   5   1  -3   1   0  -3  -3  -1  -3  -2   3    0   0   0   0   0   0   0   0   0  88   0   0   0   0   0   0   0   0   0  12  0.44 0.02
  240 A     4  -2  -2  -2  -1  -1  -1   0  -2  -2  -2  -1  -1  -2  -1   1   0  -3  -2   0  100   0   0   0   0   0   0   0   0   0   0   0   0   0   0   0   0   0   0   0  0.47 0.02
  241 R    -2   6  -1  -2  -4   1   0  -3   0  -3  -2   2  -2  -3  -2  -1  -1  -3  -2  -3    0 100   0   0   0   0   0   0   0   0   0   0   0   0   0   0   0   0   0   0  0.85 0.03
  242 V     0  -3  -3  -3  -1  -3  -3  -4  -3   3   1  -3   1  -1  -3  -2   0  -3  -1   4    0   0   0   0   0   0   0   0   0   9   0   0   0   0   0   0   0   0   0  91  0.41 0.02
  243 W    -3  -3  -4  -5  -3  -2  -3  -3  -3  -3  -2  -3  -2   1  -4  -3  -3  11   2  -3    0   0   0   0   0   0   0   0   0   0   0   0   0   0   0   0   0 100   0   0  2.56 0.05
  244 Y    -2  -2  -2  -3  -3  -2  -2  -3   2  -2  -1  -2  -1   3  -3  -2  -2   2   7  -1    0   0   0   0   0   0   0   0   0   0   0   0   0   0   0   0   0   0 100   0  1.02 0.04
  245 K     2   1  -1  -1  -2   3   1  -1  -1  -2  -2   3  -1  -3  -1   0  -1  -3  -2  -2   33   0   0   0   0  25   0   0   0   0   0  41   0   0   0   0   0   0   0   0  0.33 0.01
  246 G     0  -1   0   0  -3   2   2   4  -1  -4  -3   0  -2  -3  -2   1  -1  -3  -3  -3    0   0   0   0   0  12  25  52   0   0   0   0   0   0   0  11   0   0   0   0  0.52 0.01
  247 D    -1   0   2   3  -3   4   2  -2   0  -3  -3   1  -1  -4  -2   0  -1  -3  -2  -3    0   0  12  24   0  54  11   0   0   0   0   0   0   0   0   0   0   0   0   0  0.53 0.02
  248 Q    -1   1   0  -1  -3   6   2  -2   0  -3  -2   1  -1  -4  -2   0  -1  -2  -2  -3    0   0   0   0   0 100   0   0   0   0   0   0   0   0   0   0   0   0   0   0  0.78 0.03
  249 K    -1   3   0  -1  -3   1   1  -2  -1  -3  -3   5  -2  -3  -1   0  -1  -3  -2  -3    0  12   0   0   0   0   0   0   0   0   0  88   0   0   0   0   0   0   0   0  0.58 0.02
  250 Q    -1   1   0  -1  -3   6   2  -2   0  -3  -2   1  -1  -4  -2   0  -1  -2  -2  -3    0   0   0   0   0 100   0   0   0   0   0   0   0   0   0   0   0   0   0   0  0.78 0.03
  251 V     0  -3  -3  -3  -1  -2  -3  -3  -3   3   1  -3   1  -1  -3  -2   0  -3  -1   4    0   0   0   0   0   0   0   0   0   0   0   0   0   0   0   0   0   0   0 100  0.42 0.02
  252 Q    -1   1   0  -1  -3   6   2  -2   0  -3  -2   1  -1  -4  -2   0  -1  -2  -2  -3    0   0   0   0   0 100   0   0   0   0   0   0   0   0   0   0   0   0   0   0  0.78 0.03
  253 H    -2  -1   0  -2  -3   0  -1  -3   7  -3  -2  -1  -2   1  -3  -1  -2   0   5  -3    0   0   0   0   0   0   0   0  67   0   0   0   0   0   0   0   0   0  33   0  0.79 0.03
  254 A     4  -2  -2  -2  -1  -1  -1   0  -2  -2  -2  -1  -1  -3   4   1   0  -3  -2  -1   75   0   0   0   0   0   0   0   0   0   0   0   0   0  25   0   0   0   0   0  0.56 0.02
  255 C    -1  -4  -3  -4   9  -3  -4  -3  -3  -2  -2  -3  -2  -3  -3  -1  -1  -3  -3  -1    0   0   0   0 100   0   0   0   0   0   0   0   0   0   0   0   0   0   0   0  1.44 0.04
  256 P    -1  -2  -2  -2  -3  -2  -1  -2  -2  -3  -3  -1  -3  -4   8  -1  -1  -4  -3  -3    0   0   0   0   0   0   0   0   0   0   0   0   0   0 100   0   0   0   0   0  2.12 0.03
  257 T     0  -1   0  -1  -1  -1  -1  -2  -2  -1   0  -1   3  -2  -1   2   4  -2  -2   0    0   0   0   0   0   0   0   0   0   0   0   0  25   0   0  22  52   0   0   0  0.29 0.02
  258 P    -1  -2  -2  -2  -3  -2  -1  -2  -2  -3  -3  -1  -3  -4   8  -1  -1  -4  -3  -3    0   0   0   0   0   0   0   0   0   0   0   0   0   0 100   0   0   0   0   0  2.12 0.03
  259 L    -2  -2  -4  -4  -1  -2  -3  -4  -3   2   4  -3   3   0  -3  -3  -1  -2  -1   1    0   0   0   0   0   0   0   0   0   9  80   0  11   0   0   0   0   0   0   0  0.44 0.02
  260 I    -2  -3  -4  -3  -1  -3  -4  -4  -4   5   1  -3   1   0  -3  -3  -1  -3  -2   3    0   0   0   0   0   0   0   0   0 100   0   0   0   0   0   0   0   0   0   0  0.48 0.02
  261 A     4  -2  -2  -2  -1  -1  -1   0  -2  -1  -1  -1  -1  -2  -1   1   0  -3  -2   1   88   0   0   0   0   0   0   0   0   0   0   0   0   0   0   0   0   0   0  12  0.38 0.02
  262 L    -2  -3  -4  -4  -2  -3  -3  -4  -3   1   4  -3   2   3  -3  -3  -2  -1   1   0    0   0   0   0   0   0   0   0   0   0  75   0   0  25   0   0   0   0   0   0  0.43 0.02
  263 I    -1  -3  -3  -4   6  -3  -4  -3  -3   3   1  -3   0   1  -3  -2  -1  -2  -1   1    0   0   0   0  37   0   0   0   0  52   0   0   0  11   0   0   0   0   0   0  0.46 0.02
  264 N    -1   0   4   2  -3   3   1  -1   3  -3  -3   0  -2  -3  -2   1   0  -3  -1  -3    0   0  41  11   0  25   0   0  12   0   0   0   0   0   0  11   0   0   0   0  0.43 0.01
  265 R     0   3  -1  -1  -2   0   1   1  -1  -1   0   0  -1  -2  -2   0   2  -3  -2  -1   11  29   0   0   0   0  12  11   0   0  12   0   0   0   0   0  26   0   0   0  0.16 0.01
  266 D    -1  -1   1   4  -3   3   2  -2  -1  -3  -3   0  -2  -3  -1   1   1  -3  -2  -2    0   0   0  41   0  25  11   0   0   0   0   0   0   0   0  11  12   0   0   0  0.46 0.01
  267 N    -1   2   4   0  -2   3   0  -1   0  -3  -3   1  -2  -3  -2   2   0  -3  -2  -3    0  12  33   0   0  21   0   0   0   0   0   8   0   0   0  25   0   0   0   0  0.37 0.01
  268 G     1  -2  -1  -2  -2  -2  -2   6  -2  -4  -4  -2  -3  -3  -2   0  -2  -3  -3  -3   12   0   0   0   0   0   0  88   0   0   0   0   0   0   0   0   0   0   0   0  0.93 0.02
  269 A     4  -2  -2  -2  -1  -1  -1   1  -2  -1  -1  -1   1  -2  -1   1   0  -3  -2   1   69   0   0   0   0   0   0  12   0   0   0   0   8   0   0   0   0   0   0  11  0.28 0.01
  270 G     1  -1  -1   0  -2   0   2   3  -1  -2  -2  -1   1  -3  -2   1   0  -3  -2  -2   12   0   0   0   0   0  25  33   0   0   0   0  11   0   0  11   8   0   0   0  0.27 0.01
  271 V    -1  -3  -3  -4  -1  -2  -3  -4  -3   2   2  -3   1  -1  -3  -2   0  -3  -1   4    0   0   0   0   0   0   0   0   0   0  25   0   0   0   0   0   0   0   0  75  0.35 0.02
  272 P    -1  -2  -2  -2  -3  -2  -1  -2  -2  -3  -3  -1  -3  -4   8  -1  -1  -4  -3  -3    0   0   0   0   0   0   0   0   0   0   0   0   0   0 100   0   0   0   0   0  2.12 0.03
  273 D    -2   0   1   6  -4   0   1  -2  -1  -3  -4   2  -3  -4  -2   0  -1  -4  -3  -3    0   0   0  75   0   0   0   0   0   0   0  25   0   0   0   0   0   0   0   0  0.72 0.02
  274 V    -1  -3  -3  -4  -1  -3  -3  -4  -3   4   2  -3   1   0  -3  -2  -1  -3  -1   3    0   0   0   0   0   0   0   0   0  59  25   0   0   0   0   0   0   0   0  16  0.37 0.01
  275 G     0  -3  -1  -2  -3  -2  -2   6  -2  -4  -4  -2  -3  -3  -2   0  -2  -3  -3  -3    0   0   0   0   0   0   0 100   0   0   0   0   0   0   0   0   0   0   0   0  1.12 0.02
  276 E    -1   0   0   1  -4   2   5   0   0  -4  -3   1  -2  -4  -1   0  -1  -3  -2  -3    0   0   0   0   0   0  91   9   0   0   0   0   0   0   0   0   0   0   0   0  0.70 0.02
  277 L    -2  -2  -4  -4  -1  -2  -3  -4  -3   1   4  -3   2   0  -3  -3  -1  -2  -1   1    0   0   0   0   0   0   0   0   0   0 100   0   0   0   0   0   0   0   0   0  0.52 0.02
  278 L    -1  -2  -2  -2  -1  -1   0  -3  -2   1   3  -2   1   0  -2  -1   2  -2  -1   0    0   0   0   0   0   0   9   0   0   0  66   0   0   0   0   0  25   0   0   0  0.24 0.01
  279 N    -2  -1   6   3  -3   0   0  -1   0  -4  -4   0  -3  -3  -2   0   0  -4  -3  -3    0   0  75  25   0   0   0   0   0   0   0   0   0   0   0   0   0   0   0   0  0.72 0.02
  280 Y    -2  -2  -2  -3  -3  -2  -2  -3   2  -2  -1  -2  -1   3  -3  -2  -2   2   7  -1    0   0   0   0   0   0   0   0   0   0   0   0   0   0   0   0   0   0 100   0  1.02 0.04
  281 D    -2  -2   1   6  -4  -1   1  -2  -1  -4  -4  -1  -3  -4  -2   0  -1  -5  -3  -4    0   0   0 100   0   0   0   0   0   0   0   0   0   0   0   0   0   0   0   0  1.03 0.03
  282 A     4  -2  -2  -2  -1  -1  -1   0  -2  -1  -1  -1  -1  -2  -1   1   0  -3  -2   1   87   0   0   0   0   0   0   0   0   0   0   0   0   0   0   0   0   0   0  13  0.37 0.02
  283 D     0  -1   2   5  -3   0   2  -1  -1  -3  -3   1  -3  -4  -2   0  -1  -4  -3  -3    8   0  12  55   0   0  12   0   0   0   0  13   0   0   0   0   0   0   0   0  0.54 0.01
  284 N    -2   0   6   1  -3   2   0  -1   3  -4  -3   0  -2  -3  -2   0   0  -4  -1  -3    0   0  75   0   0  12   0   0  13   0   0   0   0   0   0   0   0   0   0   0  0.63 0.02
  285 V    -1  -3  -3  -3  -1  -3  -3  -4  -3   4   1  -3   1  -1  -3  -2   0  -3  -1   4    0   0   0   0   0   0   0   0   0  45   0   0   0   0   0   0   0   0   0  55  0.39 0.02
  286 Q    -1   1   0  -1  -3   5   2  -2   0  -3  -3   3  -1  -4  -1   0  -1  -2  -2  -3    0   0   0   0   0  75   0   0   0   0   0  25   0   0   0   0   0   0   0   0  0.62 0.03
  287 H    -2  -1   0  -2  -3   0   0  -2   8  -3  -3  -1  -2  -1  -3  -1  -2  -2   3  -3    0   0   0   0   0   0   0   0  89   0   0   0   0   0   0   0   0   0  11   0  0.94 0.03
  288 R    -1   5  -1  -2  -4   1   0  -2  -1  -3  -3   3  -2  -3  -2  -1  -1  -3  -2  -3    0  75   0   0   0   0   0   0   0   0   0  25   0   0   0   0   0   0   0   0  0.70 0.02
  289 Y    -2  -2  -3  -4  -3  -2  -3  -3   1  -1  -1  -2  -1   4  -3  -2  -2   2   7  -1    0   0   0   0   0   0   0   0   0   0   0   0   0  17   0   0   0   0  83   0  0.89 0.03
  290 K    -1   2   0  -1  -3   1   1  -2  -1  -3  -3   5  -2  -3  -1   0  -1  -3  -2  -3    0   0   0   0   0   0   0   0   0   0   0 100   0   0   0   0   0   0   0   0  0.61 0.03
  291 P    -1  -2  -2  -2  -3  -2  -1  -2  -2  -3  -3  -1  -3  -4   8  -1  -1  -4  -3  -3    0   0   0   0   0   0   0   0   0   0   0   0   0   0 100   0   0   0   0   0  2.12 0.03
  292 Q    -1   0   0   3  -3   5   2  -2   0  -3  -3   1  -1  -4  -2   0  -1  -3  -2  -3    0   0   0  25   0  64  11   0   0   0   0   0   0   0   0   0   0   0   0   0  0.60 0.02
  293 A     4  -2  -2  -2  -1  -1  -1   0  -2  -2  -2  -1  -1  -2  -1   1   0  -3  -2   0  100   0   0   0   0   0   0   0   0   0   0   0   0   0   0   0   0   0   0   0  0.47 0.02
  294 Q    -1   1   0   0  -3   5   2  -2   0  -3  -3   3  -1  -3  -1   0  -1  -3  -2  -3    0   0   0   0   0  63  12   0   0   0   0  25   0   0   0   0   0   0   0   0  0.57 0.02
  295 P    -1  -2  -2  -1  -3  -1   1  -2  -2  -3  -3  -1  -3  -4   7   0  -1  -4  -3  -3    0   0   0   0   0   0  12   0   0   0   0   0   0   0  78  11   0   0   0   0  1.50 0.02
  296 L    -2  -2  -4  -4  -1  -2  -3  -4  -3   1   4  -3   2   0  -3  -3  -1  -2  -1   1    0   0   0   0   0   0   0   0   0   0 100   0   0   0   0   0   0   0   0   0  0.52 0.02
  297 R    -1   5  -1  -2  -3   2   0  -3  -1  -2  -2   2  -1  -3  -2  -1  -1  -3  -2   0    0  76   0   0   0  12   0   0   0   0   0   0   0   0   0   0   0   0   0  12  0.56 0.02
  298 L    -2  -2  -4  -4  -1  -2  -3  -4  -3   1   4  -3   3   0  -3  -3  -1  -2  -1   1    0   0   0   0   0   0   0   0   0   0  88   0  12   0   0   0   0   0   0   0  0.47 0.02
  299 I    -1  -3  -3  -4  -1  -2  -3  -4  -3   3   3  -3   3   0  -3  -2  -1  -2  -1   2    0   0   0   0   0   0   0   0   0  52  36   0  12   0   0   0   0   0   0   0  0.37 0.01
  300 I    -1  -3  -3  -3  -1  -3  -3  -4  -4   4   1  -3   1   0  -3  -2  -1  -3  -1   3    0   0   0   0   0   0   0   0   0  75   0   0   0   0   0   0   0   0   0  25  0.42 0.02
  301 P    -1  -2  -2  -2  -3  -2  -1  -2  -2  -3  -3  -1  -3  -4   8  -1  -1  -4  -3  -3    0   0   0   0   0   0   0   0   0   0   0   0   0   0 100   0   0   0   0   0  2.12 0.03
  302 R    -2   6  -1  -2  -4   1   0  -3   0  -3  -2   2  -2  -3  -2  -1  -1  -3  -2  -3    0 100   0   0   0   0   0   0   0   0   0   0   0   0   0   0   0   0   0   0  0.85 0.03
  303 L    -2  -2  -4  -4  -1  -2  -3  -4  -3   1   4  -3   2   0  -3  -3  -1  -2  -1   1    0   0   0   0   0   0   0   0   0   0 100   0   0   0   0   0   0   0   0   0  0.52 0.02
  304 H    -2   0   0  -1  -3   0   0  -2   8  -4  -3  -1  -2  -2  -3  -1  -2  -3   2  -4    0   0   0   0   0   0   0   0 100   0   0   0   0   0   0   0   0   0   0   0  1.07 0.04
  305 L    -2  -2  -4  -4  -1  -2  -3  -4  -3   1   4  -3   2   0  -3  -3  -1  -2  -1   1    0   0   0   0   0   0   0   0   0   0 100   0   0   0   0   0   0   0   0   0  0.52 0.02
  306 Y    -2  -2  -3  -4  -3  -2  -2  -3   1  -2  -1  -2  -1   3  -3  -2  -2   6   7  -2    0   0   0   0   0   0   0   0   0   0   0   0   0   0   0   0   0  11  89   0  1.01 0.03
  307 V    -1  -3  -3  -4  -1  -2  -3  -4  -3   2   2  -3   1   0  -3  -2  -1  -3  -1   3    0   0   0   0   0   0   0   0   0   0  35   0   0   0   0   0   0   0   0  65  0.35 0.02
  308 A     4  -2  -2  -2  -1  -1  -1   0  -2  -1  -2  -1  -1  -2  -1   1   0  -3  -2   0  100   0   0   0   0   0   0   0   0   0   0   0   0   0   0   0   0   0   0   0  0.44 0.01
  309 D    -1  -1   1   5  -3   0   2  -1  -1  -3  -3   0  -3  -3  -1   1   0  -4  -3  -3    0   0   0  65   0   0  17   0   0   0   0   0   0   0   0  17   0   0   0   0  0.64 0.01

                      K         Lambda
Standard Ungapped    0.1345     0.3209
Standard Gapped      0.0410     0.2670
PSI Ungapped         0.1345     0.3209
PSI Gapped           0.0410     0.2670
