
Last position-specific scoring matrix computed, weighted observed percentages rounded down, information per position, and relative weight of gapless real matches to pseudocounts
            A   R   N   D   C   Q   E   G   H   I   L   K   M   F   P   S   T   W   Y   V   A   R   N   D   C   Q   E   G   H   I   L   K   M   F   P   S   T   W   Y   V
    1 K    -1   1   4   0  -3   1   0  -1   0  -3  -3   3  -2  -3  -2   0   0  -4  -2  -3    0   0  50   0   0   0   0   0   0   0   0  50   0   0   0   0   0   0   0   0  0.45 0.00
    2 G     0  -2   3   0  -3  -1  -1   5  -1  -4  -4  -1  -3  -3  -2   0  -1  -3  -3  -3    0   0  34   0   0   0   0  66   0   0   0   0   0   0   0   0   0   0   0   0  0.71 0.01
    3 H    -1   1   0  -1  -3   3   1  -2   5  -3  -3   2  -1  -2  -2   1   0  -3   0  -3    0   0   0   0   0  21   0   0  31   0   0  24   0   0   0  23   0   0   0   0  0.38 0.02
    4 L    -1  -2  -3  -3  -2  -1  -3  -3  -2   1   3  -2   6  -1  -3  -1   1  -2  -2   0    0   0   0   0   0   0   0   0   0   0  35   0  48   0   0   6  10   0   0   0  0.44 0.09
    5 T     1  -1  -1  -1  -2   1   1  -1  -2   0  -2   2  -1  -3  -2   0   4  -3  -2  -1   11   0   0   0   0   7   8   4   0   6   0  18   0   0   0   0  47   0   0   0  0.31 0.10
    6 R     0   4  -1  -2  -3   1  -1  -2  -2   0  -2   2  -2  -3   4   0  -1  -4  -3  -2    8  30   0   0   0   5   0   0   0   9   0  19   0   0  23   6   0   0   0   0  0.51 0.12
    7 L    -3  -4  -5  -5  -3  -4  -4  -5  -4   0   6  -4   1  -1  -1  -4  -3  -3  -3  -1    0   0   0   0   0   0   0   0   0   0  96   0   0   0   4   0   0   0   0   0  1.09 0.27
    8 G     0  -2   2   0  -3   0   0   2  -2  -4  -4  -1  -3  -4   4   2   0  -4  -3  -3    5   0  11   5   0   4   5  22   0   0   0   0   0   0  25  17   6   0   0   0  0.53 0.13
    9 L     0   4  -2   0  -3   0   0  -3  -2   0   0   1   2  -2   1  -1  -1  -3  -1   0    6  31   0   6   0   1   7   0   0   4   7   6  11   0   6   3   0   0   2  10  0.22 0.12
   10 E     0  -2   0   4  -4   2   4  -3   3  -4  -4   0  -3  -4  -3   1  -1  -5  -3  -4    6   0   3  24   0   7  35   0   7   0   0   4   0   0   0  12   1   0   0   0  0.66 0.24
   11 F    -4  -6  -6  -7  -6  -6  -6  -6  -4  -3  -2  -6  -3   9  -7  -6  -5   4   1  -4    1   0   0   0   0   0   0   0   0   0   1   0   0  90   0   0   0   4   3   0  2.54 0.67
   12 F    -4  -5  -2  -5  -5  -4  -2  -5  -1  -1   0  -5  -2   7  -6  -4  -1   1   6  -2    0   0   2   0   0   0   3   0   1   2  10   0   0  46   0   0   5   1  30   2  1.29 0.42
   13 D     1   0   3   2   0   2   1  -2   1  -3  -1   0  -2  -2  -3   1   0  -4  -3  -3   12   4  16  14   2  10  11   2   3   1   6   3   0   1   0   8   6   0   0   0  0.24 0.15
   14 Q    -1   6  -2  -2  -3   3  -1  -3  -3  -3  -3   2   0  -5  -2  -3  -2  -5  -4  -3    4  55   1   2   1  16   2   1   0   2   1   9   2   0   1   0   1   0   0   1  1.01 0.39
   15 P    -3  -2  -1   5  -2  -1  -1  -3  -2  -5  -5  -2  -3  -6   6   1   0  -6  -5  -4    0   1   1  37   1   2   1   1   1   0   0   1   1   0  38   9   5   0   0   1  1.17 0.40
   16 A     3  -4  -2  -1  -1  -3  -3  -2  -4  -3  -3  -3  -3  -4   1   1   5  -5  -4   0   32   0   1   3   1   0   0   1   0   0   0   0   0   0   6   8  42   0   0   7  0.74 0.36
   17 V    -2  -1  -1  -1  -1   0  -1  -4  -3   2   2  -2   0  -2  -1  -1   1  -4  -3   2    1   4   4   4   1   4   4   0   0  11  30   2   0   0   4   4   9   0   0  19  0.21 0.16
   18 P    -1  -2  -2   1  -2   1   4  -3  -2   0   0  -1  -1  -3   1  -1   1  -4  -2   1    2   0   0   9   1   5  31   0   1   6   9   2   1   0   6   3   9   0   1  13  0.28 0.19
   19 L    -1  -5  -5  -6  -3  -5  -5  -6  -5   2   3  -5  -1  -3  -5  -4  -2  -5  -4   5    4   0   0   0   0   0   0   0   0   9  31   0   0   0   0   0   2   0   0  55  1.02 0.39
   20 A     6  -4  -4  -4   0  -4  -4  -1  -4  -4  -4  -3  -4  -5  -2   0   0  -6  -5  -3   83   0   0   0   1   0   0   3   0   0   0   1   0   0   2   6   4   0   0   0  1.40 0.53
   21 R    -2   5  -3  -3  -5   1   0  -2  -3  -4  -4   3  -4  -5   3  -2  -1  -5  -4  -3    3  42   0   0   0   4   5   2   0   1   1  22   0   0  15   1   3   0   0   1  0.90 0.36
   22 A     0   1  -1   4  -4   1   3  -2  -2  -3  -2   0  -3   0  -3   0  -1  -4  -1  -3    8   8   2  26   0   5  26   1   0   1   5   4   0   4   0   7   2   0   3   0  0.43 0.23
   23 F    -4  -5  -6  -7  -4  -5  -6  -7  -6   1   6  -5   1   1  -6  -5  -4  -4  -3  -1    0   0   0   0   0   0   0   0   0   4  86   0   2   6   0   0   0   0   0   2  1.49 0.50
   24 L    -4  -5  -6  -6  -4  -5  -6  -6  -5   3   6  -5  -1   0  -6  -5  -4  -4  -2  -1    0   0   0   0   0   0   0   0   0  17  77   0   0   2   0   0   0   0   1   2  1.36 0.47
   25 G    -2  -6  -1  -5  -6  -5  -5   7  -5  -7  -7  -5  -6  -6  -5  -3  -5  -6  -6  -6    1   0   2   0   0   0   0  96   0   0   0   0   0   0   0   0   0   0   0   0  2.33 0.65
   26 Q     0   1  -1  -3   5   0  -2  -2   1  -4  -3   5   2  -4  -4  -1  -2  -5  -4  -1   10   8   2   0  14   2   0   2   4   0   0  43   8   0   0   2   2   0   0   4  0.70 0.34
   27 V    -1   0  -2  -3  -2  -2  -3  -3   0   2   0   0   0   0  -1  -1   2  -1   1   3    1   5   1   1   1   1   0   1   3  12   8   7   3   3   3   4  13   1   6  26  0.17 0.15
   28 L    -4  -4  -5  -6  -4  -4  -5  -6  -5   1   5  -5   0   2  -5  -5  -3  -4  -3   1    0   0   0   0   0   0   0   0   0   7  74   0   1   8   0   0   0   0   0   7  1.16 0.40
   29 V    -1   0  -1  -4   1  -3  -2  -4  -1   2   0  -3  -1  -2  -4  -2   0   0   1   5    3   7   3   0   3   0   2   0   2  12   4   0   0   1   0   2   6   2   5  47  0.46 0.25
   30 R    -3   5  -1  -2  -1  -1  -2  -3   6  -2  -3   1  -2   0  -3  -1  -1  -3   2  -1    1  33   1   2   2   1   1   1  24   2   2   6   0   4   1   5   4   0   6   5  0.64 0.27
   31 R    -1   3   1   0  -2   2   2  -1   2  -1  -2   1  -2  -2  -2  -1   0  -2  -1   0    2  17   6   6   1  12  15   3   6   3   2   8   1   1   1   2   4   0   2   9  0.21 0.11
   32 L    -1  -1  -1   0   0   0   0  -1  -2   1   1  -1   0   0  -1   0   1  -2   0   1    4   1   1   5   3   5   4   4   0  13  19   4   1   5   2   5  13   0   4   7  0.05 0.06
   33 P     1  -1   0   1  -2   0   1   0   0  -1  -2  -1  -1  -2   3   0   0  -2  -2   0   14   2   5   9   1   2   8   8   2   3   3   2   1   1  17   5   5   0   1  10  0.18 0.07
   34 N    -1  -1   3   3  -3  -1   2   1  -1  -3  -3   0  -3  -3  -2   1   0  -4  -2  -2    4   1  14  22   0   1  15  12   1   1   2   5   0   1   1  10   6   0   1   2  0.35 0.17
   35 G     0  -3  -2  -2  -4  -1  -1   6  -3  -4  -4  -1  -4  -1  -3  -1  -2  -4  -2  -4    6   1   1   2   0   3   4  67   0   1   1   4   0   3   1   2   2   0   1   1  1.06 0.33
   36 T     0   0  -1   0  -1   0   1  -1   0   1   0   0   0  -2  -1   0   2  -3  -2   1    7   6   1   5   1   3   8   3   2   8  11   6   1   1   2   4  16   0   0  14  0.06 0.07
   37 E    -1   1   0  -1   1   1   1   1  -1  -1  -1   1  -1  -2  -1  -1   1   4  -1  -1    3  11   4   3   4   7  10  11   0   4   4   8   1   1   3   3   9   8   2   5  0.12 0.08
   38 L    -2   0  -3  -4  -1  -3  -3  -4  -1   2   3  -3   2   1  -3  -3   0  -3   1   2    2   5   0   0   1   0   1   1   2  12  38   0   4   6   0   1   6   0   4  15  0.36 0.18
   39 R     1   3  -2  -2  -2   0  -1   0  -2  -1  -2   1  -2  -3  -2   3   0   1  -2   0   13  17   0   0   1   3   3   8   0   4   2   9   0   0   0  26   4   2   1   6  0.24 0.17
   40 G     2  -4  -3  -3   1  -4  -4   6  -4  -3  -2  -3  -1  -4  -4  -2  -2  -4  -4  -3   17   0   0   0   3   0   0  64   0   1   5   0   1   0   0   2   2   0   0   2  1.11 0.37
   41 R    -3   5  -3  -4  -4  -1  -2  -4  -2   1  -1   2   2  -1  -4  -3  -2   1   3   0    0  43   0   0   0   2   0   0   0  10   4  10   5   1   0   0   2   2  12   7  0.66 0.30
   42 I    -4  -6  -6  -6  -4  -6  -6  -7  -6   8   0  -6  -2  -3  -6  -5  -4  -6  -4   2    0   0   0   0   0   0   0   0   0  87   4   0   0   0   0   0   0   0   0   9  1.92 0.58
   43 V    -3  -5  -3  -5  -4  -5  -5  -5  -5   2  -2  -5  -2  -2  -5  -2   3  -5  -4   6    0   0   1   0   0   0   0   0   0  10   0   0   0   1   0   1  22   0   0  66  1.23 0.47
   44 E    -4  -4  -4   0  -7  -1   8  -6  -4  -7  -6  -3  -6  -7  -5  -4  -4  -6  -6  -6    0   0   0   2   0   0  98   0   0   0   0   0   0   0   0   0   0   0   0   0  2.34 0.72
   45 T     0  -4  -4  -4  -2  -4  -4  -5  -5  -2  -3  -4  -3  -5  -4  -1   6  -5  -4   4    6   0   0   0   1   0   0   0   0   0   0   0   0   0   0   1  63   0   0  29  1.31 0.52
   46 E    -4  -4  -4  -2  -7  -1   8  -6  -4  -7  -7  -3  -6  -7  -5  -4  -4  -7  -6  -6    0   0   0   0   0   0 100   0   0   0   0   0   0   0   0   0   0   0   0   0  2.44 0.74
   47 A     7  -5  -5  -5  -4  -4  -4  -3  -5  -5  -5  -4  -4  -6  -4   0  -3  -6  -5  -3   97   0   0   0   0   0   0   0   0   0   0   0   0   0   0   3   0   0   0   0  1.90 0.64
   48 Y    -6  -6  -6  -7  -6  -5  -6  -7  -2  -5  -5  -6  -5  -1  -7  -6  -6  -1  10  -5    0   0   0   0   0   0   0   0   0   0   0   0   0   0   0   0   0   0 100   0  3.31 0.87
   49 L    -1   0  -2  -1   1  -1  -2   0   1   2   2  -2   2   0  -3  -2   0  -2   1   0    2   6   0   5   3   1   1  10   4  14  25   2   7   4   0   0   5   0   7   4  0.12 0.12
   50 G     0  -3  -2  -1   3  -3  -3   6   1  -5  -5  -3  -4  -4  -4  -1  -3  -1  -4  -4    5   1   0   3   7   1   1  69   4   0   1   1   0   0   0   3   1   1   0   1  1.23 0.38
   51 P     1  -1  -1  -1  -3   1   1  -2   0   0  -1   0   0  -2   4   0   0  -3  -2  -1   15   2   3   2   0   7  10   1   2   7   7   4   2   1  25   5   4   0   1   4  0.32 0.15
   52 E    -1   0   1   4  -4   0   3   1  -1  -1  -3  -1  -3  -3  -2  -1   1  -4  -2  -2    3   7   7  24   0   2  21  11   1   5   2   2   0   1   1   2   8   0   2   1  0.34 0.18
   53 D    -5  -5  -2   8   0  -3   0  -5  -4  -6  -7  -1  -6  -7  -3  -3  -4  -7  -6  -6    0   0   0  89   2   0   4   0   0   0   0   3   0   0   1   0   0   0   0   0  2.22 0.64
   54 E     1   2  -3  -1  -4  -1   1  -2  -3  -3  -3   3  -1  -5   5   0  -1  -5  -4  -4   11  10   0   3   0   1   9   3   0   1   2  18   2   0  33   5   2   0   0   0  0.69 0.28
   55 A     6  -4  -4  -4  -3  -4  -4   1  -4  -4  -5  -4  -4  -5  -1   0  -1  -5  -5  -3   80   0   0   0   0   0   0   9   0   0   0   0   0   0   2   5   4   0   0   0  1.34 0.51
   56 A     4  -4  -2  -4   8  -4  -4  -3   0  -4  -4  -4  -4  -5  -4   3  -3  -5  -5  -3   37   0   2   0  33   0   0   1   3   0   0   0   0   0   0  24   0   0   0   0  1.32 0.48
   57 H    -2  -4  -3  -4  -6  -3  -4  -5  11  -6  -6  -4  -5  -5  -5  -2  -5  -5   0  -6    3   0   0   0   0   0   0   0  90   0   0   0   0   0   0   3   0   0   1   0  3.09 0.78
   58 S     4  -1  -3  -3  -3  -3  -3   1  -4  -4  -4  -3  -4  -5  -3   4   1  -5  -4  -2   40   2   0   0   0   0   0   9   0   0   0   0   0   0   0  39   7   0   0   2  0.85 0.39
   59 R     1  -1  -4  -5  -4  -4  -4  -4   1  -3  -2  -4  -3   5  -5   0  -3   2   7  -3   14   3   0   0   0   0   0   1   4   0   3   0   0  21   0   6   0   3  44   0  1.11 0.41
   60 G    -1   5   2  -3  -4   0  -2   3   1  -3  -2   0  -2  -3  -2  -1  -3  -2  -3  -4    3  36  10   0   0   3   1  27   4   1   4   4   1   1   1   3   0   1   0   0  0.62 0.28
   61 G    -2   1   2  -2  -4  -3  -3   6  -3  -5  -3  -2  -4  -4  -4  -2  -3  -4  -1  -3    1   8  12   1   0   0   0  65   0   0   3   2   0   0   0   1   0   0   3   2  1.11 0.37
   62 R    -1   5  -1  -2  -3  -1  -1  -1   1  -2  -1   3  -2   0  -1  -1  -1  -2   0  -2    3  41   1   2   1   1   2   4   3   1   7  16   1   4   2   3   3   0   3   2  0.49 0.18
   63 Q    -2   4   0  -2  -3   1  -1  -2   1  -1  -2   2   1  -2   2  -1  -1  -2   2  -2    1  32   4   1   0   6   2   2   4   3   3  10   5   1  10   2   3   0   9   3  0.40 0.19
   64 T     0  -4  -3  -1  -4  -3  -4   0  -4  -4  -4  -2  -2  -5  -4   0   7  -5  -5  -3    6   0   0   3   0   0   0   6   0   0   0   1   1   0   0   6  77   0   0   0  1.44 0.54
   65 P     0   1   0  -1  -4   0   2  -3  -3  -4  -3   2  -3  -5   6  -2  -2  -4  -4  -4    9   6   5   3   0   4  15   0   0   0   1  17   0   0  36   0   1   0   0   0  0.81 0.29
   66 R    -2   8  -3  -5  -2  -1  -3  -4  -2  -2  -5   2  -4  -3  -5  -4  -4  -6  -3  -5    4  78   0   0   1   2   0   1   1   2   0   9   0   1   0   0   0   0   1   0  1.72 0.56
   67 N    -2   1   6  -2  -2  -3  -3  -3  -3  -3  -3  -3  -4  -5  -4  -1   4   1  -4  -1    3   7  46   0   1   0   0   1   0   1   2   0   0   0   0   3  31   2   0   5  0.99 0.43
   68 R     1   2  -1   1  -4   1   3  -1   0  -4  -3   2  -1  -3  -3   0  -1   0  -3  -3   16  12   1   6   0   7  24   5   2   0   2  11   2   1   0   7   3   1   0   0  0.32 0.19
   69 G     2  -3  -3  -3  -3  -3  -1  -1  -4   2  -2  -3  -1  -3   2   1   0  -5  -3   4   21   0   0   1   0   0   3   5   0  10   0   0   1   0   9  13   6   0   0  32  0.39 0.24
   70 M    -4  -5  -6  -7  -5  -4  -6  -6  -5  -1   4  -5   9  -2  -6  -5  -4  -5  -4  -2    0   0   0   0   0   0   0   0   0   1  31   0  66   1   0   0   0   0   0   1  2.09 0.65
   71 F    -2  -6  -6  -7  -5  -6  -6  -6  -3  -4  -2  -6  -3   8  -6  -5  -5   3   6  -4    3   0   0   0   0   0   0   0   0   0   1   0   0  63   0   0   0   3  29   0  2.07 0.59
   72 M    -1   0  -1  -2  -4  -1  -2   5   0  -1   0   0  -1  -4  -4   0  -3  -4  -4  -3    3   6   2   2   0   3   2  50   3   3  12   5   1   0   0   6   0   0   0   0  0.61 0.27
   73 K     0   1  -2   1  -4  -1   2  -2  -3  -2  -3   1  -2  -5   5   0  -1  -5  -4  -3    9   6   1   9   0   1  14   2   0   3   1   8   1   0  35   6   2   0   0   0  0.69 0.27
   74 P     2  -3  -4  -4  -5  -4  -4   4  -2  -6  -6  -4  -5  -6   7  -3  -4  -6  -6  -5   15   2   0   0   0   0   0  29   1   0   0   0   0   0  53   0   0   0   0   0  1.60 0.50
   75 G    -2  -5  -4  -5  -3  -3  -5   7  -5  -7  -7  -5  -6  -6  -5  -2  -5  -6  -6  -6    1   0   0   0   1   1   0  96   0   0   0   0   0   0   0   2   0   0   0   0  2.27 0.63
   76 T    -3   2  -2  -4  -3  -2  -3  -4   7   1  -3  -3  -2   2  -4  -2   3  -3   2  -1    1  14   1   0   0   1   0   0  32   8   1   0   1  11   0   1  19   0   6   4  0.78 0.35
   77 L     3  -4  -3  -4   0  -3  -3  -2  -4   3   2  -3   0   0  -3   1  -1   2  -3   1   27   0   0   0   1   0   0   1   0  22  19   0   2   3   0  13   1   3   0   7  0.38 0.23
   78 Y    -5  -5  -6  -6  -6  -5  -5  -6  -2  -5  -2  -5  -4  -1  -6  -5  -5  -1  10  -5    0   0   0   0   0   0   0   0   0   0   3   0   0   0   0   0   0   0  94   0  2.95 0.78
   79 V    -1  -4  -5  -5  -3  -4  -4  -4  -5   2   0  -4   3   0  -4  -3   1  -4  -3   6    4   0   0   0   0   0   0   1   0  11   4   0   9   3   0   0   8   0   0  58  0.90 0.36
   80 Y    -5  -1  -5  -6  -6  -4  -5  -6   3  -5  -4  -5  -4   1  -6  -5  -5   3   9  -5    0   3   0   0   0   0   0   0   5   0   0   0   0   3   0   0   0   3  84   0  2.54 0.70
   81 I    -2   2  -3  -4  -2   1  -3  -4  -3   1   2  -2   0   4  -2  -2  -1  -2   2   0    1  17   0   0   1   7   0   0   0   6  28   0   2  18   1   2   4   0   7   6  0.37 0.21
   82 I     1  -4  -3  -4   3  -2  -3  -4  -4   4  -1  -3   3  -3  -4   2   1  -4  -3   0   14   0   0   0   6   1   0   0   0  32   1   0  11   0   0  21  10   0   0   4  0.54 0.30
   83 Y    -5   1  -4  -6  -6   0  -4  -6   6  -5  -5  -4  -4  -1  -6  -5  -5  -2   9  -5    0   8   0   0   0   4   0   0  20   0   0   0   0   0   0   0   0   0  68   0  2.19 0.66
   84 G    -1   0  -2  -4  -5  -3  -4   7  -4  -5  -5  -3  -5  -5  -4  -2  -2  -4  -2  -5    2   5   1   0   0   1   0  82   0   0   1   0   0   0   0   1   2   0   2   0  1.62 0.47
   85 M    -2  -1  -3  -4   0   0  -3   0   1   3   1  -1   7  -3  -4  -3   0  -4  -3   0    1   3   1   0   2   5   0   7   5  20   9   3  34   0   0   1   6   0   0   4  0.58 0.30
   86 Y    -4  -3  -3   0  -5  -3  -3  -5   9  -3  -5  -4  -4   0  -1  -2  -3   2   6  -2    0   1   0   6   0   0   0   0  50   2   0   0   0   2   3   3   1   3  27   3  1.62 0.52
   87 F    -3   0  -1  -3  -1  -2  -3  -4   6  -2   1  -3   0   2  -4  -2  -2   6   4   0    1   4   3   1   2   0   1   0  21   0  14   0   2   9   0   2   2  14  16   6  0.69 0.27
   88 C    -1  -5  -3  -3   9  -5  -5  -5  -5  -2   3  -5   3  -1  -5   0  -3  -5  -4  -2    4   0   2   1  49   0   0   0   0   1  26   0   7   2   0   7   0   0   0   1  1.46 0.47
   89 M     0  -4  -1  -5  -1  -2  -4  -2  -4   1   4  -4   3   3  -4  -3  -3  -3  -2   1    7   0   4   0   1   2   0   3   0   8  43   0   7  16   0   0   0   0   0  10  0.53 0.25
   90 N    -3  -4   8   0  -6  -3  -4  -4  -3  -6  -6  -4  -5  -1  -5  -2  -3  -7  -5  -1    1   0  86   3   0   0   0   0   0   0   0   0   0   3   0   2   0   0   0   5  2.10 0.65
   91 I    -1  -5  -5  -5   2  -4  -5  -5  -5   4   1  -5   0   4  -5  -4  -2  -4  -2   4    3   0   0   0   4   0   0   0   0  24  10   0   2  18   0   0   2   0   0  37  0.79 0.31
   92 S     1  -2  -3  -2   1  -1  -2   0   0   0  -2  -3  -2  -3  -4   2   1  -5  -3   4    9   2   0   1   2   3   2   6   2   4   0   0   0   0   0  21   7   0   0  42  0.42 0.27
   93 S     1  -2  -2  -1   6  -2   0  -3  -4  -3  -4  -1  -1  -4   1   2   4  -5  -4  -3   13   2   0   3  18   1   5   1   0   0   0   3   2   0   8  15  30   0   0   0  0.61 0.30
   94 Q    -1   0  -1   0  -5   3   5   1  -1  -4  -3   1  -2  -5  -2  -2  -2  -5  -4  -3    4   4   2   5   0  15  44  11   1   0   2   7   1   0   1   1   2   0   0   2  0.64 0.30
   95 G     0  -3   0   1  -4  -1   0   5  -3  -2  -4  -1  -3  -3   2  -1  -1  -4  -4  -3    7   1   4   7   0   2   5  47   0   2   1   3   1   1  11   3   4   0   0   1  0.64 0.26
   96 D    -1  -1   0   3  -1   0   3  -3  -1   0  -2  -1   0  -4   2  -1   0  -5  -3  -1    4   3   4  17   1   2  27   0   2   8   2   3   2   0  11   4   5   0   0   5  0.34 0.19
   97 G     1  -4   0  -3  -5  -3  -4   5  -4  -5  -5  -4  -5  -5   4  -1  -3   0  -5  -3   14   0   4   1   0   1   0  54   0   0   0   0   0   0  20   2   0   2   0   2  1.13 0.40
   98 A     3  -2   1  -2  -3   3   2   1   1  -1  -3  -2  -1  -4  -3   2   0  -4  -3  -1   27   0   7   0   0  14  14   9   3   4   0   0   1   0   0  13   4   0   0   3  0.34 0.22
   99 C     5  -4  -2  -4   2  -3  -4   3  -4  -4  -4  -3  -4  -5  -4   0  -3  -5  -4  -2   65   0   2   0   4   0   0  23   0   0   0   0   0   0   0   4   0   0   0   1  1.11 0.43
  100 V    -1  -5  -6  -6  -4  -5  -5  -3  -6   2  -2  -5  -2  -4  -5  -4   0  -6  -4   7    3   0   0   0   0   0   0   2   0   8   0   0   0   0   0   0   5   0   0  82  1.51 0.53
  101 L    -2  -5  -6  -7  -4  -5  -6  -6  -6  -1   6  -5   1  -1  -6  -5  -4  -5  -4  -1    4   0   0   0   0   0   0   0   0   0  92   0   2   1   0   0   0   0   0   2  1.60 0.53
  102 L    -3  -6  -6  -6  -4  -5  -6  -6  -6   7   2  -5  -1  -1  -6  -5  -3  -5  -4   1    2   0   0   0   0   0   0   0   0  75  16   0   0   2   0   0   0   0   0   5  1.54 0.50
  103 R    -3   8  -4  -5  -6  -2  -3  -5  -3  -6  -3   1  -4  -6  -5  -4  -4  -6  -5  -5    2  88   0   0   0   0   0   0   0   0   2   7   0   0   0   0   0   0   0   0  2.14 0.63
  104 A     6  -4  -3  -4  -3  -3  -3   1  -4  -4  -3  -3  -3  -5  -3   2  -2  -5  -4  -2   68   0   0   0   0   0   0  11   0   0   2   0   0   0   0  15   0   0   0   2  1.08 0.43
  105 L     0  -2  -4  -4   2  -3  -4   1  -4   3   3  -3   1  -1  -4  -3  -2  -4  -3   2    7   2   0   0   4   0   0  13   0  26  29   0   4   1   0   0   2   0   0  12  0.41 0.21
  106 E    -1  -2  -2   0  -5   2   6  -4   1  -2  -2  -1  -3  -1  -3  -2  -3   0  -1  -2    5   0   1   4   0   7  61   0   4   2   4   2   0   3   0   1   0   1   2   2  0.93 0.38
  107 P    -2  -2  -4  -3  -4  -4  -4  -4  -4   0  -1  -3  -4  -5   8  -2  -3  -5  -5   0    3   2   0   1   0   0   0   1   0   5   5   0   0   0  72   2   0   0   0   7  1.80 0.50
  108 L    -1  -2  -3  -1  -2  -2  -1  -3  -1   3   3  -2   0  -1  -3  -2   1   1  -1   2    5   2   0   3   0   1   5   1   2  17  30   0   1   1   0   1  12   2   1  15  0.26 0.15
  109 E     1  -2  -1   2  -2   0   4  -2   1  -3  -3   0  -3  -3  -2   1   0   3  -1  -2   11   0   2   9   1   1  33   2   4   0   1   4   0   1   1  12   7   5   1   2  0.39 0.21
  110 G     0  -2   0   0  -4  -3  -3   6  -4  -4  -5  -3  -4  -4   0  -1  -2  -4  -4  -3    5   2   3   4   0   0   1  68   0   1   1   0   0   0   5   3   2   0   0   2  1.11 0.35
  111 L     0  -2  -2  -2   0  -1   0  -3  -2   3   2  -2   1  -1   0  -2  -1  -3  -2   1    7   1   1   1   2   3   7   1   1  27  27   2   2   2   4   2   2   0   0   8  0.25 0.15
  112 E     0  -1   0   4  -4   0   4   0  -1  -3  -3   0  -2  -3   1  -1  -1  -4  -1  -3    7   3   2  26   0   2  30   5   1   1   2   3   1   1   6   4   2   0   2   1  0.47 0.21
  113 T     0   1   0   1  -1   1   0  -1  -1   0   0   0   0  -1  -1   0   1   0  -1   0    8   9   3   8   1   7   5   2   0   7  13   4   1   2   1   9  10   2   2   5  0.05 0.05
  114 M     1  -3  -2  -2  -3  -2  -2  -2   0   1   0  -3   8  -2  -4  -3  -2   0  -2  -1   11   1   2   2   0   1   2   4   2   8   6   1  51   1   1   1   2   1   1   3  0.93 0.37
  115 R     0   3  -1  -2  -3   2   1  -2   0   0   0   1   0  -2  -1   0  -1  -3  -2  -2   10  22   1   1   0  10   8   2   2   7   9   9   3   2   2   6   3   0   1   1  0.18 0.12
  116 Q     1   1   0   1  -2   3   2  -1   0  -2  -2   2   0  -3  -1   0   0   0  -2  -2   11   9   4   6   1  17  13   3   2   2   4  12   2   1   1   4   4   1   1   2  0.20 0.11
  117 L    -1   3   2  -1  -2   0  -1  -2   1  -1   1   0   1  -1  -2  -1  -1  -1   0  -1    6  22  14   1   0   3   3   2   4   3  18   4   4   2   1   2   1   1   3   4  0.15 0.10
  118 R    -2   6   0  -1  -3   1   0  -2   0  -2  -2   1  -1  -3  -2  -1  -2  -3  -2  -2    3  53   3   2   1   4   4   3   3   2   4   5   2   1   1   4   2   0   1   2  0.70 0.22
  119 S     0   0   1  -1  -1   1   0   1   0  -1  -1   0   0  -1   3   0  -1  -1   0  -1    7   5   7   2   1   9   5  12   1   3   5   4   2   3  15   7   3   0   5   4  0.14 0.05
  120 T     0   0   1   0  -1   1   0   1  -1   0  -1   0  -1  -1   0   0   0   1  -1   0    5   4   9   4   1   8   4  11   1   5   7   7   1   2   4   9   8   2   1   8  0.05 0.02
  121 L     0   0   0   0  -1   0   0   0   0   0   1   0   0  -1   0   0   0  -1   0   0    9   6   5   3   1   4   5   5   3   5  19   7   1   2   3   5   7   1   2   5  0.02 0.01
  122 R    -1   4   1   0  -2   0   0  -1   0  -2  -1   1   0  -1  -1   0   0  -2  -1  -1    3  28   9   5   1   4   4   4   2   2   5   9   3   2   2   5   4   1   3   4  0.20 0.08
  123 K     0   2   1   0  -2   1   0   0   0  -2  -1   1  -1  -1   2   0   0   0   0  -1    6  16   6   5   1   7   6   6   3   2   5  10   1   3  10   3   4   1   3   3  0.13 0.04
  124 G     0  -1   0   1  -1   0   0   3  -1  -1  -1   0  -1  -1   1   0   0  -1  -1  -1    4   3   4   8   1   3   5  30   1   4   6   6   1   3   6   5   5   1   2   3  0.17 0.05
  125 T     1   0   0   0  -1   0   1   0  -1  -1  -1   0  -1  -1   1   1   1   0  -1  -1   10   4   3   5   1   4  10   7   1   3   7   6   1   2   6   8  14   1   2   5  0.08 0.03
  126 A     1   0   0   0  -1   1   0  -1   0  -1  -1   1  -1  -1   1   0   0  -1  -1   0   17   3   2   5   1   8   5   4   2   4   7  10   1   3   6   6   8   1   2   6  0.06 0.03
  127 S     0   0   1   0  -1   0   0   1  -1  -1  -1   0   0  -1   0   1   0  -1  -1  -1    6   4   8   6   1   3   5  13   1   3   8   4   2   2   5  15   6   1   2   5  0.07 0.02
  128 R     0   3   0  -1  -1   1   0   1  -1  -1  -1   1  -1  -1   0   0  -1  -1  -1  -1    5  20   4   3   1   4   6  10   1   5   6  10   1   2   5   6   3   1   2   3  0.11 0.04
  129 V     0   0  -1  -1  -1   0  -1   0  -1   1   0   0   0  -1   1   0   1  -1   0   1    9   4   3   3   1   4   3   7   1   7   8   4   2   3   8   5   9   1   3  16  0.04 0.02
  130 L     0   0  -1  -1  -1   0   0  -1   0   1   1   0   0   0  -1   0   0  -1   0   1    5   7   3   3   1   2   4   4   2  11  17   6   2   2   2   5   7   1   4   9  0.01 0.01
  131 K     0   1   0   1  -2   1   1  -1  -1  -1  -1   2  -1  -2   3   0   0  -2  -2  -1    6  10   5   7   1   5   9   3   1   3   5  16   1   1  14   5   3   0   1   4  0.19 0.06
  132 D     0  -1   0   2  -2   0   1   0   1  -1  -1   0  -1  -1   2   0   0  -2  -1  -1    5   3   4  14   1   3  11   6   5   5   8   6   1   4  10   5   3   0   1   4  0.10 0.04
  133 R     0   3  -1  -1  -2   1   0  -1   2  -1  -2   2  -1  -1   0   0   0  -2   0  -1    7  26   2   1   1   6   3   5   5   3   3  13   1   2   4   5   4   0   4   4  0.20 0.10
  134 E     0   2   2   2  -3   0   2  -2   0  -2  -1   0  -2  -3   0   0  -1  -3  -2  -2    9  14   9  15   0   1  18   1   2   1   9   4   0   1   4   5   3   0   1   1  0.23 0.12
  135 L    -2  -4  -4  -5  -3  -2  -4  -5  -4   2   5  -4   0   0  -4  -4  -3   2  -1   0    2   0   0   0   0   1   1   1   0  12  69   0   0   3   0   1   0   3   2   3  0.93 0.33
  136 C     3  -3  -3  -4   6  -3  -3  -3  -4  -1   0  -3   0  -4  -3  -1   5  -4  -3  -1   24   0   0   0  18   0   0   1   0   2   7   0   3   0   0   1  39   0   0   2  0.79 0.34
  137 S     1   2   6   0  -4  -1  -2  -2  -2  -4  -4  -1  -4  -5  -3   2   0  -5  -4  -4   14  15  39   3   0   2   0   1   0   0   0   2   0   0   0  18   4   0   0   0  0.74 0.33
  138 G    -3  -6  -4  -5  -6  -5  -6   7  -5  -7  -7  -5  -6  -7  -6  -4  -5  -6  -7  -7    0   0   0   0   0   0   0 100   0   0   0   0   0   0   0   0   0   0   0   0  2.49 0.67
  139 P    -4  -5  -6  -5  -7   1  -4  -6  -6  -7  -7  -4  -6  -7   9  -4  -5  -7  -7  -6    0   0   0   0   0   7   0   0   0   0   0   0   0   0  93   0   0   0   0   0  2.99 0.77
  140 S     1  -5  -3  -4  -5  -4  -4   6  -5  -6  -6  -4  -5  -6  -5   0   0  -5  -5  -5   14   0   0   0   0   0   0  75   0   0   0   0   0   0   0   5   7   0   0   0  1.56 0.49
  141 K    -3   4   2  -3  -5  -2  -2  -4  -3  -3   0   6  -2  -5  -4  -3  -3  -5  -4  -4    1  20  10   0   0   0   0   0   0   2  10  56   1   0   0   0   0   0   0   0  1.07 0.43
  142 L    -4  -5  -6  -6  -4  -5  -6  -6  -6   0   6  -5   2  -1  -6  -5  -4   2  -3   1    0   0   0   0   0   0   0   0   0   2  83   0   3   2   0   0   0   3   0   7  1.40 0.47
  143 C     1  -5  -4  -5   9  -4  -5   0  -5  -3  -3  -4   2  -5  -5  -1   3  -5  -5   0   13   0   0   0  42   0   0   8   0   0   0   0   6   0   0   3  21   0   0   7  1.26 0.44
  144 Q     0   2  -2  -3  -4   5   1  -3  -2  -2  -3   4   1  -4  -3   0  -1  -4  -1  -3    7  12   0   0   0  31   5   1   0   2   1  24   4   0   0   6   3   0   2   1  0.60 0.30
  145 A     6  -1  -4  -5  -3  -4  -4  -2  -4  -3  -3  -2  -4  -1  -4  -1  -2  -5   1  -3   82   3   0   0   0   0   0   2   0   1   1   1   0   2   0   3   1   0   4   0  1.30 0.51
  146 L    -3  -5  -6  -6  -4  -5  -5  -6  -5  -1   5  -5   5   3  -6  -5  -3  -4  -1  -2    1   0   0   0   0   0   0   0   0   0  70   0  14  14   0   0   1   0   1   0  1.31 0.46
  147 A     1  -1   3  -2  -5  -2  -2   6  -1  -6  -6  -2  -5  -5  -4   0  -3  -5  -5  -5   10   3  14   1   0   2   2  61   1   0   0   1   0   0   0   5   0   0   0   0  1.10 0.39
  148 I    -4  -5  -6  -6  -4  -5  -6  -6  -6   7   3  -5   0  -2  -5  -5  -3  -5  -4   2    0   0   0   0   0   0   0   0   0  66  22   0   1   1   0   0   0   0   0  10  1.39 0.47
  149 N    -2  -1   2   4  -4  -1   0   0  -1  -4  -4   1  -4  -5  -1   1   3  -5  -4  -4    0   2  10  30   0   1   3   6   1   0   0   8   0   0   3  11  25   0   0   0  0.58 0.28
  150 K    -2   4  -2  -1  -4   0  -2  -1  -3   0   0   3   3  -3   1  -1  -1  -4  -3  -2    2  25   0   3   0   4   0   5   0   8  11  20  10   0   6   2   3   0   0   1  0.34 0.21
  151 S     2   1   1   0  -3   1   2   0  -1  -3  -3   1  -3  -4  -2   2   1  -4  -3  -2   21   6   6   5   0   7  13   5   1   1   1   6   0   0   0  19   8   0   0   1  0.29 0.18
  152 F    -3  -2   0   1   0  -1  -1  -3   5   0   2  -3   0   3  -3  -2  -2   4   0  -1    1   1   5  11   3   3   4   1  18   6  21   0   1  13   0   1   0   6   2   3  0.35 0.19
  153 D    -3  -3   6   5  -5  -3  -1  -3  -1  -5  -5  -3  -5  -5  -4   0  -2  -1   0  -3    1   0  44  37   0   0   3   1   1   0   0   0   0   0   0   5   1   1   4   2  1.25 0.45
  154 Q    -1  -2   1  -1  -4   0  -1   4   2  -3  -2   1  -3  -2  -1  -1  -1  -1   1  -2    3   1   6   2   0   5   2  42   7   1   4  10   0   1   3   3   3   1   6   2  0.45 0.21
  155 R     0   2  -1  -2   0   1   0   0   1   1   0   1  -1  -2  -2   0   0   0  -1   0   11  12   1   0   2  10   4   7   5  10   9   8   1   0   0   8   3   2   1   6  0.07 0.08
  156 D     0   1   0   5  -4  -1  -1  -1  -1  -3  -2   0  -3  -3   3   0   0   0  -3  -3    7   8   2  36   0   1   1   5   1   1   4   5   0   1  13   8   5   1   0   1  0.45 0.22
  157 L    -3  -2  -5  -5  -3  -4  -4  -5  -4   1   5  -4   2  -1  -3  -3   0  -1  -2   1    1   2   0   0   0   0   1   0   0   6  65   0   3   1   1   1   5   1   1  11  0.81 0.33
  158 A     1  -2   0  -1   4  -2  -2  -2  -2   1   0  -2   0   2  -1   0   1   0   1   0   12   1   5   3  10   0   0   2   0   9   9   1   2  10   2   7  10   1   6   7  0.12 0.10
  159 Q     0   0   1   1  -3   1   1   1  -1  -2  -2   0  -2  -1   0   1   0  -3  -2  -1    9   5   7   9   0   7  11  14   1   3   3   3   0   4   3  12   6   0   0   4  0.14 0.09
  160 D    -1  -2   2   4  -1   0   1   1  -2  -3  -4  -1  -3  -3   2   1  -1  -4  -3  -3    5   1  11  24   1   3   9  13   0   1   1   3   0   1  12  12   3   0   0   0  0.43 0.20
  161 E    -1   0   1   1  -2   1   2   0   1  -3  -3   0  -3  -3   3   2  -1  -3  -1  -3    3   5   6  10   1   5  14   8   4   1   1   5   0   1  13  17   3   0   2   1  0.27 0.14
  162 A     0  -2   0   0  -2  -1   1   1  -2  -1   0   0  -1   0   3   0   0  -3  -2  -1   10   1   6   5   0   1   9  11   0   3   9   5   0   7  16   6   6   0   0   5  0.15 0.08
  163 V    -1  -3  -3  -4  -1  -2  -3  -2   0   2   3  -3   1   3  -1  -2  -1   0   1   1    4   0   0   0   1   1   1   4   3  11  30   1   2  18   3   2   3   1   3  10  0.29 0.16
  164 W    -2  -1  -3  -1   2  -3  -2  -3   2   0   0  -3  -2   3  -2  -2   0   8   4  -2    3   3   1   4   6   1   2   1   6   7   7   1   0  13   2   3   6  20  14   2  0.61 0.23
  165 L    -1  -3  -3  -1  -3  -2  -3  -3  -4   3   3  -3   0   0  -2  -2  -2  -3  -2   2    4   1   0   5   0   2   1   1   0  22  38   1   1   4   1   2   1   0   0  16  0.44 0.21
  166 E     0   1  -1   2   0   0   4  -1  -1  -2  -1  -1  -2  -2  -1   0   0   1  -1  -2    7   8   1  12   2   2  32   3   1   1   7   1   0   2   2   7   6   2   3   1  0.28 0.18
  167 R     0   2   1   2  -3   0   1  -1   0  -2   0   1  -2  -1   0   0  -1  -3  -1  -2    8  16   5  13   0   2  12   4   2   2  10   8   0   2   4   5   3   0   2   1  0.15 0.10
  168 G     1  -1   1   1  -2  -1  -1   3   0  -2  -2  -1  -2  -3   0   0   0  -3  -2  -1   11   4   7   7   0   1   3  30   2   1   5   2   0   1   5   8   6   0   2   4  0.25 0.12
  169 P    -1   0   0   1  -3  -1   1   0   2  -2  -2   0  -2  -3   5   0   0  -3  -2  -1    4   5   4   7   0   2   7   6   5   1   4   7   1   1  29   5   4   0   1   4  0.41 0.15
  170 L     0   0  -1  -1   0  -1   0  -2  -1   1   1   0   0   1   1   0  -1  -2   0   0    6   5   3   3   2   2   8   2   0   8  19   8   1   6   7   6   2   0   3   8  0.04 0.04
  171 E     0   0   0   1  -2   0   1  -1   0  -1  -1   1  -1  -1   0   0   0   1   0   0   10   3   4   8   0   4  14   3   3   4   6   8   0   3   5   7   4   2   3   7  0.06 0.04
  172 P    -2   0  -1   0  -2  -1  -1  -2  -2   0  -2   0  -3  -3   6   0  -1  -4  -1   0    2   4   3   4   1   2   4   3   1   7   4   7   0   0  38   5   2   0   2   8  0.59 0.24
  173 S     1   0   0   1  -1   0   1  -1   0  -2  -2   0  -2  -2   1   2   1  -3  -2  -2   12   5   3  10   1   3   9   4   2   2   2   6   0   2   8  17   9   0   0   2  0.17 0.11
  174 E    -1   0   1   2  -3   3   3  -1   1  -3  -2   1  -2  -2   0   0   0  -3  -2  -2    5   3   5  11   0  13  24   4   3   1   3   6   0   2   5   7   5   0   0   3  0.29 0.15
  175 P    -1  -1  -1  -1  -2  -1   0  -1  -1  -1  -1   0  -1   2   4   0   0  -1   0  -1    5   2   3   4   1   3   6   5   2   3   7   5   1  10  26   5   5   1   4   3  0.29 0.09
  176 A     1   0   0   0  -1   1   2  -1   1  -2  -1   0  -1  -2   0   0   0  -2  -2  -1   16   6   3   4   2   8  19   3   5   1   6   5   1   1   5   6   5   0   1   4  0.14 0.08
  177 V    -1  -3  -5  -5  -1  -4  -5  -5  -4   6   0  -3   0  -1  -3  -3  -3   0   1   3    4   2   0   0   1   0   0   0   0  49   7   2   1   1   1   1   0   2   5  24  0.84 0.35
  178 V     0  -2  -4  -4  -1  -3  -3  -1  -3   3   1  -2   0  -3  -4  -1   1  -4  -3   4    8   2   0   0   1   0   1   6   1  20   9   2   2   0   0   4   9   0   0  35  0.40 0.23
  179 A     2   0   0  -2   4   2   1  -2  -3  -2  -2  -1  -2  -4  -1   1   2  -4  -3   0   21   4   4   1   9  12   9   1   0   2   1   1   0   0   2   9  17   0   0   7  0.30 0.22
  180 A     1  -2  -3  -2  -2  -3  -3   4  -4  -4  -4  -2  -4  -5  -4   2   5  -5  -4  -3   12   1   0   2   1   0   0  30   0   0   1   1   0   0   0  16  37   0   0   0  0.82 0.39
  181 A     1  -2  -1  -2  -4  -2  -3  -1  -4  -3  -4   2  -4  -5   6  -1   2  -6  -5  -2   10   2   3   2   0   1   0   4   0   1   0  14   0   0  42   3  15   0   0   3  0.93 0.38
  182 R    -5   8  -4  -5  -7  -3  -4  -3  -4  -7  -6  -1  -5  -7  -6  -5  -5  -7  -6  -6    0  98   0   0   0   0   0   2   0   0   0   0   0   0   0   0   0   0   0   0  2.68 0.80
  183 V    -4  -6  -6  -6  -4  -5  -6  -7  -6   7   0  -5  -2  -3  -3  -5  -1  -6  -4   4    0   0   0   0   0   0   0   0   0  67   4   0   0   0   2   0   3   0   0  24  1.51 0.52
  184 G    -3  -3   1  -4  -6  -5  -5   7  -5  -7  -7  -5  -6  -7  -6  -4  -5  -6  -6  -7    0   2   7   0   0   0   0  92   0   0   0   0   0   0   0   0   0   0   0   0  2.22 0.66
  185 V    -4  -6  -6  -6  -4  -6  -6  -7  -6   7   0  -6  -2  -3  -6  -5  -4  -6  -4   4    0   0   0   0   0   0   0   0   0  74   4   0   0   0   0   0   0   0   0  22  1.76 0.57
  186 G    -1  -1   1   3  -3  -2  -1   0  -1  -3  -4  -2  -3  -4   2   3   2  -4  -3  -2    2   3   7  22   0   0   1   5   1   0   1   1   0   0  12  26  13   0   0   3  0.48 0.25
  187 H    -2   2   2  -2  -4   2  -1  -2   1  -3  -3   3  -3  -2  -3  -2  -2  -2   5  -2    2  14  13   1   0  10   3   2   3   1   1  19   0   0   1   2   1   0  24   3  0.53 0.26
  188 A     4  -2  -1  -1  -1  -2  -1   1  -3  -3  -4   2  -3  -4  -3   2  -1  -4  -3  -2   48   0   3   3   1   0   4  10   0   0   1  13   0   0   0  12   1   0   0   1  0.57 0.29
  189 G     1   0  -1   0  -3   1   1   3  -1  -2  -2   1  -2  -3  -1   0   0  -3  -3  -1   11   3   0   5   0   7  11  26   1   2   4   9   0   0   2   3   8   0   0   6  0.22 0.13
  190 E    -1   0  -2   3  -5   0   6  -2  -1  -2  -4   0  -4  -4   0  -2  -2  -4  -4  -4    3   4   0  18   0   2  53   2   1   3   1   3   0   0   5   1   1   0   0   1  0.89 0.36
  191 W     2  -2  -1   0   0  -2  -1   0  -1  -2   0  -2  -1  -1  -2  -1  -1   8   2  -2   20   1   3   6   2   1   3   9   1   1  12   1   1   1   1   4   2  21   6   2  0.46 0.18
  192 A     2   2  -1  -1  -2  -1   0   0  -1  -1  -1   1   0  -2  -1   0   1  -2  -2   0   26  11   1   4   1   1   5   5   2   4   3  10   2   1   2   3  13   0   1   5  0.14 0.09
  193 R    -1   0   2   4  -2   1   1  -2   4  -1  -2   0  -2  -1  -2  -1  -1  -2  -1  -2    6   5   9  26   1   5   6   2  14   4   3   4   1   2   2   2   3   0   1   3  0.32 0.13
  194 K     0   2  -1  -1  -2   0  -1  -2   0  -1   1   1   0   1  -2  -1  -1   2   2  -1   10  13   3   3   0   3   3   1   3   2  20  13   1   7   1   1   2   3   9   3  0.13 0.10
  195 P    -4  -4  -3  -4  -5  -4  -4  -5  -5  -4   0   0  -4  -3   8  -2  -4  -5  -5  -4    0   0   1   0   0   0   0   0   0   0  12   6   0   1  74   2   0   0   0   0  1.99 0.58
  196 L    -5  -5  -6  -6  -5  -5  -5  -6  -5  -3   4  -5  -3  -1  -6  -5  -5  11   2  -4    0   0   0   0   0   0   0   0   0   0  36   0   0   1   0   0   0  53   6   0  2.39 0.65
  197 R    -5   8  -4  -5  -7  -2  -4  -6  -4  -7  -6  -1  -5  -6  -6  -4  -5  -6  -5  -6    0  99   0   0   0   0   0   0   0   0   0   0   0   0   0   0   0   0   0   0  2.66 0.78
  198 F    -5  -5  -6  -6  -5  -5  -5  -6  -3  -3   0  -1  -3   8  -6  -5  -5   5   5  -4    0   0   0   0   0   0   0   0   0   0   7   5   0  61   0   0   0   8  18   0  1.77 0.54
  199 Y    -1  -4  -4  -5  -4  -4  -5   0  -2   0  -1  -4  -3   2  -5  -3   0   7   7  -1    5   0   0   0   0   0   0   9   0   6   4   0   0   8   0   1   7  18  39   3  1.12 0.41
  200 V    -2  -5  -5  -3  -3  -3  -3  -5  -5   5   3  -4  -1  -1  -5  -4  -3   0  -2   4    1   0   0   2   0   1   2   0   0  33  24   0   0   1   0   0   0   2   1  35  0.82 0.33
  201 R     2   2  -2   0  -4   1   1  -2  -3  -3  -3   3  -2  -4   3  -1   0  -4  -3  -3   21  12   0   4   0   4   7   2   0   1   2  22   1   0  15   3   6   0   0   0  0.41 0.22
  202 G    -2  -3   1   4  -5  -3  -1   6  -4  -6  -6  -3  -5  -6  -4  -2  -4  -6  -5  -6    2   1   6  27   0   0   3  60   0   0   0   0   0   0   0   2   0   0   0   0  1.33 0.44
  203 S    -3   0   6   1  -4  -2  -2  -3   2  -5  -6  -3  -4  -5  -4   4  -1  -6  -4  -5    0   5  43   6   0   0   1   0   6   0   0   0   0   0   0  38   1   0   0   0  1.14 0.46
  204 P    -1   3  -4  -4  -5  -1  -2  -3  -4  -3  -3   2  -4  -3   7  -3  -3  -6  -5  -3    5  16   0   0   0   2   1   2   0   2   2  12   0   1  56   1   0   0   0   1  1.38 0.44
  205 W     0  -4  -4  -5   0  -4  -1  -5   2  -3  -3  -4  -3   6  -5  -1  -1   6   6  -3    8   0   0   0   2   0   5   0   4   0   1   0   0  32   0   6   5  10  27   0  1.03 0.38
  206 V    -3  -5  -6  -6  -4  -5  -5  -6  -6   3   1  -5  -2  -3  -5  -4  -3  -5  -4   6    0   0   0   0   0   0   0   0   0  13  11   0   0   0   0   0   0   0   0  76  1.43 0.49
  207 S    -2  -4  -3  -4  -4  -3  -3  -4  -4  -6  -6  -3  -5  -6  -4   7  -2  -6  -5  -5    0   0   0   0   0   0   0   0   0   0   0   0   0   0   0 100   0   0   0   0  2.08 0.71
  208 V     1   1  -2  -2   1  -1  -1  -2   1   0  -1   1  -1  -2   1  -1   1  -3  -2   2   21  10   0   0   4   0   0   0   4   5   0  15   0   0   5   0   8   0   0  27  0.13 0.07
  209 V    -2   0  -2  -3  -2   0  -2  -3   0   2   0  -1   1   1   1  -2   0   0   5   1    0   7   0   0   0   7   0   0   0  17   7   0   5   0   6   0   5   0  36   8  0.28 0.08
  210 D    -1   4   0   3  -3   0   0  -2  -1  -3  -3   3  -2   0  -2   0  -1  -3  -2  -3    1  38   0  22   0   0   0   0   0   0   1  22   0   7   0   7   0   0   0   0  0.41 0.08
  211 R    -2   7  -1  -3  -4   0  -1  -3  -1  -3  -3   2   1  -3  -3  -2  -2  -4  -3  -3    0  87   0   0   0   0   0   0   0   0   0   7   6   0   0   0   0   0   0   0  1.05 0.17
  212 V     0   1  -1  -2  -1  -1  -1  -2  -2   1   1  -1   2  -1  -2   1   1  -3  -2   1    0  16   0   0   0   0   0   0   0   0  14   0  15   0   0  17  16   0   0  22  0.12 0.02
  213 A     4   1  -2  -2  -1  -1  -1   0  -2  -2  -2   0  -1  -3  -1   1   0  -3  -2  -1   85  15   0   0   0   0   0   0   0   0   0   0   0   0   0   0   0   0   0   0  0.40 0.04
  214 E     1   0  -1   1  -3   1   4  -2  -1  -3  -3   2  -2  -3  -1   0  -1  -3  -2  -2   18   0   0   0   0   0  64   0   0   0   0  18   0   0   0   0   0   0   0   0  0.49 0.03
  215 Q     2   0   0   0  -2   3   2  -1  -1  -3  -2   0  -1  -3  -1   2   0  -3  -2  -2   18   0   0   0   0  26  18   0   0   0   0   0   0   0   0  38   0   0   0   0  0.34 0.02
  216 D    -2  -1   1   5  -3   0   3  -2  -1  -2  -2   0   1  -3  -2  -1  -1  -4  -3  -2    0   0   0  60   0   0  24   0   0   0   0   0  16   0   0   0   0   0   0   0  0.55 0.02
  217 T    -1  -2   0   2  -2  -1  -1  -2  -2  -1  -1  -1  -1   3  -2   0   3  -1   0  -1    0   0   0  22   0   0   0   0   0   0   0   0   0  28   0   0  50   0   0   0  0.25 0.01
  218 Q    -1   1   0   0  -3   6   2  -2   0  -3  -2   1   0  -3  -1   0  -1  -2  -2  -2    0   0   0   0   0 100   0   0   0   0   0   0   0   0   0   0   0   0   0   0  0.67 0.01
  219 A     4  -1  -2  -2   0  -1  -1   0  -2  -1  -1  -1  -1  -2  -1   1   0  -2  -2   0    0   0   0   0   0   0   0   0   0   0   0   0   0   0   0   0   0   0   0   0  0.00     0.00

                      K         Lambda
Standard Ungapped    0.1373     0.3207
Standard Gapped      0.0410     0.2670
PSI Ungapped         0.1373     0.3207
PSI Gapped           0.0410     0.2670
