
Last position-specific scoring matrix computed, weighted observed percentages rounded down, information per position, and relative weight of gapless real matches to pseudocounts
            A   R   N   D   C   Q   E   G   H   I   L   K   M   F   P   S   T   W   Y   V   A   R   N   D   C   Q   E   G   H   I   L   K   M   F   P   S   T   W   Y   V
    1 E    -2   4   2  -3  -4  -1  -1  -3  -3  -5  -5   3  -4  -5  -4   4  -2  -5  -4  -5    0  27   8   0   0   1   2   0   0   0   0  22   0   0   0  39   0   0   0   0  0.92 0.36
    2 Q    -4   6   0  -4  -5   2  -1  -3   4  -5  -3   3  -4  -5  -4  -1   1  -5  -2  -5    0  42   4   0   0  10   3   1  10   0   2  14   0   0   0   3  10   0   1   0  0.92 0.38
    3 A     6  -5  -4  -5  -4  -4  -5   2  -5  -5  -4  -4  -5  -6  -2   3  -3  -6  -6  -3   61   0   0   0   0   0   0  12   0   0   1   0   0   0   2  21   1   0   0   1  1.30 0.55
    4 C    -6  -9  -8  -9  12  -9  -9  -8  -9  -7  -7  -9  -7  -8  -8  -6  -6  -8  -8  -6    0   0   0   0 100   0   0   0   0   0   0   0   0   0   0   0   0   0   0   0  4.65 1.20
    5 D    -1  -2   1   5  -4  -1   1  -4   0   0   0  -2  -3  -2  -4  -1   1   3  -2   1    4   1   6  32   0   2   7   1   3   5  10   1   0   1   0   2   8   4   1  12  0.41 0.25
    6 I     0   2   1  -1   1   1   0  -3   2  -1  -1  -1  -1   1  -1   1   1   0  -1  -2    8  12   9   1   3   8   7   0   6   4   4   2   1   6   3   9  12   1   2   2  0.14 0.14
    7 C    -6  -9  -8  -9  12  -9  -9  -8  -9  -7  -7  -9  -7  -8  -8  -6  -6  -8  -8  -6    0   0   0   0 100   0   0   0   0   0   0   0   0   0   0   0   0   0   0   0  4.65 1.20
    8 R    -3   7  -2  -5  -2  -1  -4  -6   6  -7  -6   2  -5  -7  -6  -3  -3  -7  -5  -4    2  62   1   0   1   2   0   0  18   0   0  10   0   0   0   2   1   0   0   1  1.80 0.65
    9 L     0   4  -2  -2  -5   3   0  -3  -2  -2  -1   4  -3  -3  -4   0  -2  -5  -4  -3    8  23   1   1   0  12   5   2   1   3   8  24   0   1   0   9   1   0   0   2  0.50 0.29
   10 K     0   6  -2  -2  -6   1  -3  -4   2  -4  -1   3  -2  -6  -5   0  -4  -6  -5  -4    6  45   1   2   0   5   0   1   4   1   6  21   1   0   0   7   0   0   0   1  0.99 0.44
   11 K    -5   3  -2  -5  -8  -2  -4  -6   4  -7  -7   7  -6  -7  -6  -5  -5  -7  -6  -7    0  16   2   0   0   1   0   0   9   0   0  73   0   0   0   0   0   0   0   0  2.03 0.72
   12 L    -3   0  -3  -4  -4  -2  -3  -5  -5   4   2   1   1  -2  -5  -1   1  -2  -4   3    1   5   1   1   0   2   1   0   0  26  16   8   4   1   0   4   8   1   0  24  0.51 0.27
   13 K    -5   5  -4  -5  -7   0  -4  -4  -5  -7  -5   7  -5  -7  -6  -4  -1  -7  -6  -6    0  34   0   0   0   3   0   1   0   0   1  58   0   0   0   0   3   0   0   0  1.82 0.67
   14 C    -6  -9  -8  -9  12  -9  -9  -8  -9  -7  -7  -9  -7  -8  -8  -6  -6  -8  -8  -6    0   0   0   0 100   0   0   0   0   0   0   0   0   0   0   0   0   0   0   0  4.65 1.20
   15 S    -5  -4   2   7  -2  -3  -2  -3  -1  -5  -5  -4  -6  -7  -3   2   0  -7  -6  -5    0   1   9  62   1   1   1   2   1   1   1   0   0   0   1  13   6   0   0   1  1.46 0.56
   16 K    -1   3  -1   0  -5   1   2   3  -2  -3  -2   1  -1  -5  -2  -1  -2  -5  -4  -4    4  19   3   5   0   5  16  26   1   2   3   9   2   0   1   3   1   0   0   1  0.46 0.26
   17 E     0   0   1   1  -4   2   2   2  -1  -2  -2   1  -2  -3  -2  -1  -1  -4  -2  -1    6   4   9   7   0  10  15  17   1   2   5   9   1   1   1   3   4   0   1   4  0.21 0.15
   18 K    -2   4   0   0  -4   2  -1  -3   2  -2  -1   3  -2   0  -2  -1   0  -1  -1  -2    2  24   5   4   0   9   3   1   5   2   7  19   1   4   1   4   5   1   2   2  0.34 0.21
   19 P    -3  -6  -1  -4  -7  -3  -3  -3  -6  -7  -7  -3  -7  -8   8  -3  -3  -8  -7  -7    2   0   4   1   0   1   1   2   0   0   0   2   0   0  84   1   2   0   0   0  2.62 0.83
   20 K     0   1   0  -1   0   0   0   0   0   0  -1   0   0   0   0   0   1   0  -1   0    9  10   3   2   2   5   4   5   2   7   4   6   3   4   5   8   9   1   1   8  0.04 0.02
   21 C    -6  -9  -8  -9  12  -9  -9  -8  -9  -7  -7  -9  -7  -8  -8  -6  -6  -8  -8  -6    0   0   0   0 100   0   0   0   0   0   0   0   0   0   0   0   0   0   0   0  4.65 1.20
   22 A     0   1  -1  -2  -4   3   0   1  -2  -2  -1   1  -3  -1  -3   2   1  -2  -2  -2    9   6   2   1   0  14   4  10   1   2   6   9   0   4   0  20  11   1   1   2  0.24 0.20
   23 K    -1   5   5  -3  -2   0  -2  -2   1  -6  -4   0  -3  -4  -2  -1  -1  -6  -1  -4    6  35  28   1   1   3   2   3   3   0   1   4   1   1   2   4   3   0   2   1  0.81 0.39
   24 C    -6  -9  -8  -9  12  -9  -9  -8  -9  -7  -7  -9  -7  -8  -8  -6  -6  -8  -8  -6    0   0   0   0 100   0   0   0   0   0   0   0   0   0   0   0   0   0   0   0  4.65 1.20
   25 L     0   1  -1  -2  -3   1   0  -4  -1   2   1   0   0  -2  -3   0   1  -4  -3   2    8   9   2   1   0   7   7   0   1  14  13   7   2   1   0   6   8   0   0  13  0.16 0.14
   26 K     0   3   1  -2  -5   2   0  -3  -1  -3  -3   5  -4  -3  -4   1  -1  -2  -4  -2    6  18   5   2   0   9   5   1   1   1   2  33   0   1   0  10   2   1   0   2  0.59 0.32
   27 N     1   3   1  -2  -4  -1  -2  -3   2  -2   0   0   0   0  -4   1  -1   0   2  -2   15  19   9   1   0   1   1   0   7   2  12   5   3   4   0  10   2   1   8   2  0.23 0.19
   28 N    -3  -1   4  -2  -3   0   0   5  -1  -6  -5   2  -3  -6  -4   0  -4  -6  -5  -6    1   3  22   2   1   5   5  41   1   0   1  11   1   0   1   7   0   0   0   0  0.89 0.40
   29 W    -1   0  -2  -2  -1   0   0  -3  -2   2   2   0   0  -1  -3  -1   0  -2   0   1    3   7   0   2   1   3   7   1   1  11  25   7   1   2   0   5   5   0   4  13  0.15 0.13
   30 E    -1   1   0   2  -2   2   3  -3   1  -2  -3   1  -3  -3   2  -1   1  -5  -2  -2    5   7   3  13   1   9  18   1   3   2   1   9   0   1   9   4   8   0   1   3  0.30 0.19
   31 C    -6  -9  -8  -4  12  -8  -9  -8  -8  -7  -7  -4  -7  -8  -8  -6  -6  -8  -8  -6    0   0   0   2  97   0   0   0   0   0   0   2   0   0   0   0   0   0   0   0  4.38 1.11
   32 R    -1   0  -2  -2  -2   2   2  -2   2   1  -2   0  -1  -2  -4   0   2  -5  -3   3    2   6   1   1   1   8  12   2   5   9   1   5   1   2   0   5  17   0   0  21  0.27 0.21
   33 Y    -5  -4  -2   0   1  -5  -5  -5  -2   0  -2  -3  -4   4  -4  -3  -2   3   8  -2    0   1   2   6   3   0   0   1   1   5   3   1   0  15   1   2   3   3  49   3  1.33 0.50
   34 S     0   0   1   1  -3   1   1  -1   1  -2  -1   0  -2  -3   1   2   1  -4  -2  -2    9   4   8   9   0   7   7   2   3   2   6   6   1   1   8  18   7   0   1   2  0.18 0.14
   35 P    -1   2   0   2  -4   1   2  -2   0  -2  -2   1  -3  -3   4  -1  -1  -1  -2  -2    5  10   3  14   0   5  13   2   2   3   3   8   0   1  20   4   3   1   1   3  0.37 0.21
   36 K    -1   3   1  -1  -4   0   0  -2  -1   0  -2   2  -1  -3   3   1   0  -4  -3  -1    5  20   6   2   0   4   5   2   1   7   4  11   1   1  13   9   4   0   1   5  0.25 0.17
   37 T    -1   3  -1   0  -1   0  -2  -2  -1  -2   0   2  -1   0   2   0   1  -4  -1  -2    4  18   2   5   1   3   1   2   1   1  11  15   1   5  10   9   8   0   1   2  0.21 0.17
   38 K    -3   4  -1  -2  -5   1   0  -1  -2  -2  -1   4  -1  -3   2  -1   0  -1  -4  -3    1  23   3   1   0   5   4   6   1   3   7  24   1   1  10   5   4   1   0   2  0.42 0.26
   39 R    -2   6   0  -2  -2   0  -1  -3   0  -4  -3   4  -1  -5   0  -1  -2  -5  -3  -4    3  40   3   1   1   4   4   1   2   1   2  22   2   0   4   5   2   0   1   1  0.81 0.39
   40 S    -1   4   1  -2  -2  -1  -2   1  -1  -4  -4   3  -2  -3  -1  -1   0   1  -3  -3    5  28   7   1   1   1   1  12   1   1   1  21   1   1   3   5   7   2   1   2  0.49 0.29
   41 P    -1   3  -2  -2  -2  -2  -2   2  -1  -3  -3   2  -3  -5   2   1   1  -1  -2  -2    5  20   1   1   1   0   2  14   1   2   3  15   0   0  12  10   9   1   1   2  0.39 0.26
   42 L    -2   2  -1  -1  -4  -1  -1  -1   2  -1   0   2  -1  -1   3   0  -1  -4   1   0    2  11   3   2   0   2   3   3   5   3  10  15   1   3  18   7   2   0   4   6  0.24 0.18
   43 T     0   0  -1  -2  -4   1  -2  -4  -2  -2  -3   4  -4  -5   3   2   0  -5   0  -1    9   5   3   2   0   6   1   0   1   2   1  26   0   0  13  18   6   0   4   4  0.44 0.30
   44 R    -1   4   0  -1  -5   0  -2   0   1  -4  -2   3  -2  -5   1  -1   0  -5  -4  -4    4  24   4   3   0   3   1   8   4   1   3  23   1   0   8   4   7   0   0   0  0.48 0.29
   45 A     1   0   0   0  -2   2   1   2  -1  -3  -4   0  -3  -5  -2   2   0  -5  -4  -2   13   4   3   5   1   8  10  18   2   1   1   6   0   0   1  20   4   0   0   2  0.31 0.22
   46 H    -2   2  -2   0  -4   2   1  -2   3  -3  -1   0  -3   1  -1  -1  -2   0   5  -3    3  12   1   5   0   9   9   3   8   1   6   6   0   5   3   3   2   1  21   1  0.34 0.24
   47 L     0  -2   1  -2  -3   0  -2  -2  -3   3   1   0   0  -1  -2  -2   1  -4  -2   3    7   2   7   2   0   4   1   2   0  17  14   6   1   2   1   1   9   0   1  22  0.20 0.17
   48 T     0   2  -1   0  -4   2   2  -2  -1  -1  -2   2  -3  -2   2   0   1  -4  -2  -2    9  11   1   4   0   9  14   2   1   4   2  13   0   2  10   6  10   0   1   3  0.25 0.19
   49 E     0   1   2   2  -4   1   2  -2  -2  -3  -2   1  -3   0  -2   2  -1  -4  -2  -3    9   8   8  11   0   5  15   1   0   1   4   8   0   5   1  20   3   0   1   0  0.28 0.22
   50 V     0  -3  -3  -3  -1  -2  -4  -3  -5   1   4  -3   4  -2  -2  -2   2  -4  -4  -1    6   1   1   1   1   2   0   2   0   6  48   1  10   1   2   2  12   0   0   2  0.59 0.34
   51 E    -1   1  -1   0  -4   2   4  -4  -3  -1  -1   2  -3  -2  -1   0  -1  -4  -2  -1    5   9   1   5   0   9  28   0   0   4   6  13   0   1   3   8   2   0   1   3  0.35 0.25
   52 S    -1   0   4   1  -4   1   2  -2   0  -5  -3   2  -4  -5  -2   3  -1  -5  -4  -3    3   4  21   5   0   6  16   1   2   0   2  11   0   0   1  23   3   0   0   2  0.50 0.31
   53 R    -2   6   1   0  -6   2   0  -4   1  -5  -5   2   0  -5  -2  -1  -2  -5  -4  -5    3  52   6   5   0   8   4   0   3   0   0  10   3   0   2   3   2   0   0   0  1.01 0.45
   54 L    -3  -1  -2  -4  -3   1  -2  -5  -4   3   3  -2   1  -1  -4  -2  -3  -4  -2   3    0   4   2   0   0   9   2   0   0  16  36   2   3   1   0   3   0   0   1  22  0.51 0.29
   55 E     2   2  -1   1  -1   1   2  -1  -2  -2  -1   2  -1  -4  -3   1  -1  -4  -3  -2   19  14   1   6   1   6  15   2   0   2   6  14   1   0   0   9   2   0   0   2  0.26 0.20
   56 R    -1   2   0   0   3   2   1  -2   1  -2  -3   1  -1  -2  -1   1   2  -3   0  -2    3  15   4   4   6  10   8   1   4   1   0   9   2   1   2  11  13   0   4   2  0.23 0.18
   57 L     1  -4  -2  -4  -3  -2  -4  -2  -4  -1   4  -2   2   0  -4  -1   0  -4  -1  -1   15   0   2   0   0   2   0   3   0   1  54   2   4   3   0   3   7   0   2   2  0.55 0.32
   58 E     0  -2  -3  -1  -5   2   6  -4  -1  -5  -4   0  -4  -5  -3   0   0  -5  -2  -4    8   1   0   2   0   8  57   0   1   0   2   5   0   0   0   6   6   0   1   0  0.95 0.44
   59 Q     1   1   0   0  -3   1   1  -1  -2  -2  -2   1  -1  -3  -1   1   1   1   1  -2   15   9   5   3   0   5  10   4   0   1   2  10   2   0   2  11  12   2   6   1  0.16 0.13
   60 L    -1   0  -1  -1   1   2   0  -2  -2   1   1   0   1   0  -2  -1   1  -3  -2   1    4   4   1   2   4  12   7   2   0  11  15   5   5   5   1   4  11   0   0   8  0.09 0.11
   61 F    -1  -2  -3  -4  -3  -1  -3  -4  -4   3   3  -3   3   2  -4  -2   0   0  -2   1    5   2   1   0   0   2   0   0   0  16  31   0  11   8   0   3   6   1   0  11  0.39 0.22
   62 L     0   1   0  -1  -3   1   2  -2  -2  -1   0   2   2  -3  -2   1   0  -3   0  -2    7   7   4   2   0   5  18   2   0   2   8  12   8   0   0  15   5   0   4   0  0.19 0.16
   63 L    -1   2   1   1  -3  -1   2  -3  -2  -1   1   1   1  -3  -3   1   1  -4  -2  -2    4  11   8   6   0   0  15   0   0   4  17   7   5   0   0  13   9   0   1   0  0.17 0.16
   64 I    -1  -1  -2  -1  -3  -3  -3  -4  -3   1   3  -2   2   0  -1   0  -1  -3  -2   2    4   3   2   5   0   0   0   0   0   8  32   2   7   2   3   7   3   0   0  21  0.27 0.18
   65 F     1  -1  -2   0   2   1  -1  -2  -2   1   0  -1   1   1  -3   0   0   2  -1   1   15   2   0   7   6   8   2   0   0  10   8   4   6   9   0   5   6   3   0   9  0.09 0.10
   66 P    -1   1   0   1  -5  -1  -2  -4  -3  -5  -5   1  -4  -5   7  -1  -3  -5  -4  -4    4  10   5   7   0   2   0   0   0   0   0  11   0   0  55   5   0   0   0   0  1.28 0.39
   67 R    -2   2   5   2  -4  -1   0  -3   2  -1  -2   0  -3  -3  -3   0  -2  -4  -1   0    0  14  33  14   0   0   5   0   6   5   2   6   0   0   0   6   0   0   3   7  0.45 0.23
   68 E    -2  -2  -2   0   0   1   4  -2   1  -3  -1   0   0   2  -3   0  -2   4   2  -3    0   0   0   3   3   5  36   3   4   0   6   4   4  11   0   5   0   6  10   0  0.37 0.19
   69 D     0  -1   2   4  -3   2   1  -1  -2  -1  -3   1  -2  -4  -2   1  -1  -4  -3  -1    5   0  11  27   0  11   8   4   0   4   0  11   0   0   0  14   0   0   0   4  0.35 0.15
   70 L    -1  -3  -3   0  -2  -3  -3  -4  -3   2   4  -1   0   2  -3  -3  -2  -2  -1   1    5   0   0   7   0   0   0   0   0  16  47   5   0  11   0   0   0   0   0   7  0.37 0.16
   71 D    -2  -2   1   5  -4   1   3  -1  -2  -4  -2   0  -3  -4   1  -1   0  -5  -4  -4    0   0   4  46   0   4  19   4   0   0   5   5   0   0   7   0   6   0   0   0  0.66 0.22
   72 M    -2   2  -2  -3  -3   1  -1  -3   1   1   2   2   3  -2  -3   0   0  -3  -2  -1    0  12   0   0   0   8   0   0   5   7  26  15  12   0   0   7   5   0   0   0  0.21 0.13
   73 I    -2  -3   0  -1   1  -3  -3  -4  -3   3   3  -3   0   1   0  -1  -2  -2   0   1    0   0   5   5   4   0   0   0   0  22  38   0   0   4   5   4   0   0   5   8  0.27 0.13
   74 L    -1   1  -2   0  -2   0   0  -3  -2  -1   3  -1   0   1  -3   2   0  -3  -2  -1    0   9   0   4   0   5   5   0   0   0  46   0   0   5   0  21   4   0   0   0  0.24 0.15
   75 K    -1   3  -1  -2  -3   2   1  -3   2  -2   0   3   1  -3   1  -1  -2  -3  -2  -2    4  20   0   0   0  14  10   0   6   0  11  24   5   0   5   0   0   0   0   0  0.34 0.14
   76 M     0  -1  -2  -1   2   1   2  -1  -2   2   0   0   3  -2  -3  -1  -1  -3  -2   1    6   0   0   0   7   5  25   5   0  16   6   7  16   0   0   0   0   0   0   7  0.17 0.11
   77 D    -1   2   1   2  -3   2   0  -2   1   0  -1   2  -1  -3  -2  -1  -1  -3  -2  -2    6  17   7  17   0  12   0   0   5  11   7  17   0   0   0   0   0   0   0   0  0.23 0.10
   78 S    -1  -1   1   3  -3   0   2  -2  -2  -4  -4   1  -3  -4  -2   3   1  -4  -3  -3    0   0   6  24   0   0  13   0   0   0   0  13   0   0   0  40   5   0   0   0  0.51 0.17
   79 L     0  -2   0  -2   3  -2  -2  -3  -2   1   1  -2   1   2  -3   0   1  -2  -1   1    7   0   7   0  11   0   0   0   0  13  18   0   6  12   0   7  12   0   0   6  0.16 0.08
   80 Q     0  -1   3   2  -3   2  -1   0   0  -3  -3   0  -2   0  -3  -1  -1  -1   5  -3    9   0  18  13   0  14   0   9   0   0   0   7   0   0   0   0   0   0  31   0  0.36 0.12
   81 D    -2   0   3   5  -4   3   2  -2  -1  -3  -3  -1  -2  -4  -2  -1  -1  -4  -3  -1    0   6  16  45   0  17   9   0   0   0   0   0   0   0   0   0   0   0   0   8  0.59 0.14
   82 I     0  -3  -2  -3  -2  -2  -3   0  -3   3   2  -2   2  -1  -3   0  -1  -3  -2   1   11   0   0   0   0   0   0  10   0  34  26   0  10   0   0   9   0   0   0   0  0.21 0.07
   83 K    -1   1  -1   1  -3   0   1  -2  -1  -3  -3   2  -2  -3   2   2  -1   5  -1  -3    0  10   0   9   0   0  10   0   0   0   0  23   0   0  12  25   0  12   0   0  0.39 0.06
   84 A     2  -1  -1   2  -3   2   3  -2  -1  -3  -3   0  -2  -3   3   0  -1  -3  -2  -2   25   0   0  11   0  14  36   0   0   0   0   0   0   0  13   0   0   0   0   0  0.44 0.06
   85 L    -1  -2  -2  -3  -2   1  -1  -3  -2   1   3  -2   1  -1  -3   0  -1  -2  -2   2    0   0   0   0   0  14   0   0   0   0  50   0   0   0   0  15   0   0   0  22  0.22 0.05
   86 L     1  -2  -3  -3  -2   1  -2  -3  -2   1   4  -2   1  -1  -3  -2  -1  -2  -2   0   15   0   0   0   0  15   0   0   0   0  70   0   0   0   0   0   0   0   0   0  0.31 0.06
   87 T     0  -1   0  -1  -1   2   0  -2  -2   0  -1  -1  -1  -2  -2   2   4  -3  -2   1    0   0   0   0   0  18   0   0   0   0   0   0   0   0   0  17  47   0   0  18  0.30 0.05
   88 G     0  -2   0  -1  -2  -1  -2   5  -2  -4  -4  -1  -3  -3  -2   2  -1  -3  -3  -3    0   0   0   0   0   0   0  74   0   0   0   0   0   0   0  26   0   0   0   0  0.78 0.03
   89 L    -2  -3  -4  -4  -1  -3  -3  -4  -3   3   4  -3   2   0  -3  -3  -1  -2  -1   2    0   0   0   0   0   0   0   0   0  33  67   0   0   0   0   0   0   0   0   0  0.40 0.01

                      K         Lambda
Standard Ungapped    0.1363     0.3223
Standard Gapped      0.0431     0.2670
PSI Ungapped         0.1407     0.3166
PSI Gapped           0.0431     0.2670
