
Last position-specific scoring matrix computed, weighted observed percentages rounded down, information per position, and relative weight of gapless real matches to pseudocounts
            A   R   N   D   C   Q   E   G   H   I   L   K   M   F   P   S   T   W   Y   V   A   R   N   D   C   Q   E   G   H   I   L   K   M   F   P   S   T   W   Y   V
    1 G    -1  -1   4   0  -3  -1  -1   4   0  -4  -4  -1  -3  -3  -2   0  -1  -3  -3  -3    0   0  50   0   0   0   0  50   0   0   0   0   0   0   0   0   0   0   0   0  0.62 0.00
    2 I    -1  -3  -3  -4  -1  -3  -3  -4  -3   4   3  -3   2   0  -3  -3  -1  -2  -1   2    0   0   0   0   0   0   0   0   0  66  34   0   0   0   0   0   0   0   0   0  0.37 0.00
    3 R     0   2   0  -1  -1   0   0  -1  -1  -2  -2   0  -1  -3  -1   3   3  -3  -2  -1    0  21   0   0   0   0   0   0   0   0   0   0   0   0   0  51  28   0   0   0  0.32 0.00
    4 M     1  -2  -3  -3  -1  -2  -2  -2  -3   2   1  -2   3  -1  -2  -1   0  -2  -1   3   19   0   0   0   0   0   0   0   0  21   0   0  28   0   0   0   0   0   0  32  0.21 0.01
    5 D    -2  -1   5   4  -3   0   0  -1   0  -3  -4   0  -3  -3  -2   0   0  -4  -3  -3    0   0  72  28   0   0   0   0   0   0   0   0   0   0   0   0   0   0   0   0  0.69 0.02
    6 D    -2  -1   3   5  -4   1   3  -1   0  -3  -4   0  -3  -4  -2   0  -1  -4  -3  -3    0   0  19  49   0   0  32   0   0   0   0   0   0   0   0   0   0   0   0   0  0.64 0.01
    7 S     0  -1   4   0  -1   0   0  -1  -1  -2  -3   0  -2  -3  -1   3   2  -3  -2  -2    0   0  32   0   0   0   0   0   0   0   0   0   0   0   0  47  21   0   0   0  0.39 0.01
    8 E    -1  -1  -1   1  -3   1   4  -3  -1   0  -1   0  -1  -2  -2  -1  -1  -3  -2   1    0   0   0   0   0   0  68   0   0   0   0   0   0   0   0   0   0   0   0  32  0.37 0.01
    9 D    -1  -2   1   5  -3  -1   1  -2  -1  -2  -3  -1  -2  -3  -2   0   2  -4  -3  -2    0   0   0  68   0   0   0   0   0   0   0   0   0   0   0   0  32   0   0   0  0.60 0.02
   10 T     3  -1   2  -1  -1  -1  -1   0  -1  -2  -2  -1  -1  -3  -1   2   2  -3  -2  -1   40   0  16   0   0   0   0   0   0   0   0   0   0   0   0  24  21   0   0   0  0.29 0.02
   11 S     2   0  -1  -1  -1   0   0  -1  -1  -1   0   2  -1  -2  -1   2   0  -3  -2  -1   26   0   0   0   0   0   0   0   0   0  16  24   0   0   0  35   0   0   0   0  0.18 0.02
   12 W    -2  -1  -1  -2  -3   4   0  -3   4  -3  -2  -1  -1   1  -3  -1  -2   6   5  -2    0   0   0   0   0  35   0   0  15   0   0   0   0   0   0   0   0  13  36   0  0.64 0.07
   13 D    -2  -2   3   6  -4  -1   1  -2  -1  -4  -4  -1  -4  -4  -2  -1  -1  -5  -4  -4    0   0  14  86   0   0   0   0   0   0   0   0   0   0   0   0   0   0   0   0  1.06 0.10
   14 F    -1  -3  -2  -3  -2  -3  -3   3  -3   1   0  -3  -1   3  -3  -2  -1  -2   0   2    0   0   0   0   0   0   0  32   0   0   0   0   0  28   0   0   0   0   0  41  0.31 0.06
   15 G     0  -1  -1  -2  -2   1  -1   3  -2  -1   1  -1   0  -2  -2   1   2  -3  -2  -1    0   0   0   0   0  14   0  28   0   0  25   0   0   0   0   7  27   0   0   0  0.21 0.04
   16 P    -1   1   0  -2  -2  -1  -1  -2  -2   1  -1  -1  -1  -2   4   1   1  -3  -2   1    0  13   7   0   0   0   0   0   0   8   0   0   0   0  28  14   7   0   0  24  0.35 0.04
   17 Q    -2  -1   0   4  -3   3   3  -2  -1   0  -2   0  -1  -3  -2  -1  -1  -3  -2  -1    0   0   0  32   0  28  26   0   0  14   0   0   0   0   0   0   0   0   0   0  0.45 0.06
   18 A     5  -2  -2  -2  -1  -1  -1   0  -2  -2  -2  -1  -1  -3  -1   1   0  -3  -2  -1  100   0   0   0   0   0   0   0   0   0   0   0   0   0   0   0   0   0   0   0  0.63 0.10
   19 F    -2   2  -1  -2  -3   4   0  -3   0  -2  -2   2  -1   4  -2  -1  -2  -1   2  -2    0  13   0   0   0  40   0   0   0   0   0  12   0  27   0   0   0   0   8   0  0.41 0.08
   20 K    -1   0  -1  -2  -3   4   0  -3  -1   1   0   3   2  -2  -2  -1  -1  -3  -2  -1    0   0   0   0   0  35   0   0   0  12  11  31  11   0   0   0   0   0   0   0  0.30 0.08
   21 L     0  -3  -3  -4  -1  -2  -3  -3  -3   2   2  -3   1   1  -3  -2  -1  -2  -1   3   12   0   0   0   0   0   0   0   0  11  33   0   0   7   0   0   0   0   0  37  0.28 0.05
   22 L    -1  -3  -4  -4  -2  -2  -3  -4  -3   3   3  -3   3   0  -3  -3  -1  -2  -2   2    0   0   0   0   0   0   0   0   0  29  38   0  15   0   0   0   0   0   0  17  0.41 0.06
   23 S     1  -1   2   0  -2   0   2  -1  -1  -3  -3   0  -2  -3  -1   4   0  -3  -2  -2    9   0  11   0   0   0  20   0   0   0   0   0   0   0   0  61   0   0   0   0  0.46 0.09
   24 A     1  -2  -2  -2   3  -1   0  -2  -2   0   2  -1   0  -2  -2   0   2  -3  -2   0   23   0   0   0  11   0  11   0   0   0  28   0   0   0   0   0  27   0   0   0  0.19 0.06
   25 V    -1  -3  -4  -4  -2  -3  -3  -4  -4   4   1  -3   3  -1  -3  -2  -1  -3  -2   4    0   0   0   0   0   0   0   0   0  49   0   0  11   0   0   0   0   0   0  40  0.49 0.09
   26 D    -1  -1  -1   3  -3   0   1   1   0   0  -2   1  -2   0  -2  -1  -1  -1   4  -1    0   0   0  23   0   0  11  12   0  11   0  17   0   0   0   0   0   0  26   0  0.23 0.06
   27 I    -1   4  -1  -2  -2   1  -1  -3  -1   2   1   0   0  -1  -2  -1  -1  -2  -2   1    1  39   0   1   0   9   1   1   0  27  10   1   0   0   1   1   1   0   0   8  0.23 0.05
   28 L    -1  -2  -2  -2  -1  -1  -2  -3  -2   1   2  -2   2  -1   2  -1   1  -2  -1   2    1   1   0   1   0   0   1   1   0   7  24   1  11   0  12   1  18   0   0  21  0.20 0.04
   29 G    -1  -1   4   0  -3   1  -1   4  -1  -4  -4   1  -3  -4  -2   0  -1  -3  -3  -3    0   0  34   0   0   6   0  49   0   0   0  11   0   0   0   0   0   0   0   0  0.63 0.08
   30 E    -1   2  -1   0  -4   4   4   1   0  -4  -3   1  -2  -4  -2  -1  -1  -3  -2  -3    0  11   0   0   0  35  44  11   0   0   0   0   0   0   0   0   0   0   0   0  0.58 0.09
   31 K    -2   5   2  -1   3   0   0  -2  -1  -3  -3   3  -2  -3  -2  -1  -1  -3  -2  -3    0  47  11   0   9   0   0   0   0   0   0  33   0   0   0   0   0   0   0   0  0.58 0.09
   32 F    -3  -3  -3  -4  -3  -4  -4  -4  -2  -1   0  -3  -1   7  -4  -2   0   0   2  -1    0   0   0   0   0   0   0   0   0   0   0   0   0  89   0   0  11   0   0   0  1.01 0.14
   33 G     0  -3  -1  -2  -3  -2  -2   6  -2  -4  -4  -2  -3  -4  -2   1  -1  -3  -3  -3    0   0   0   0   0   0   0  83   0   0   0   0   0   0   0  17   0   0   0   0  1.02 0.11
   34 I     0  -1  -2  -2  -1  -1  -2  -2  -2   2   0   0   2  -1  -2   1   1  -3  -2   2    9   0   0   0   0   0   0   0   0  26   0  11  12   0   0  17   7   0   0  18  0.13 0.04
   35 G     1  -2   2  -1  -2  -1  -2   4   3  -3  -3  -1  -2  -3  -2   0   1  -3  -2  -2   17   0  11   0   0   0   0  46  15   0   0   0   0   0   0   0  11   0   0   0  0.47 0.07
   36 L    -2  -1  -2  -3  -2  -1  -2  -3   4   1   1   0   3   1  -3  -2  -1  -1   4   0    0   0   0   0   0   0   0   0  17   6   9  11  22   0   0   0   0   0  27   7  0.30 0.07
   37 P    -1  -3  -3  -3  -2  -2  -2  -3  -2   2   0  -2   0  -1   5  -2  -1  -2   2   3    0   0   0   0   0   0   0   0   0  17   0   0   0   0  33   0   0   0  11  38  0.58 0.08
   38 I     0  -3  -3  -4  -1  -3  -3  -3  -3   4   1  -3   1  -1  -3  -2  -1  -3  -2   3   11   0   0   0   0   0   0   0   0  52   9   0   0   0   0   0   0   0   0  28  0.39 0.07
   39 L     1  -1   1   0  -3   2   3  -2  -1  -1   1   0  -1  -2  -2   0  -1  -3  -2  -1   15   0  11   0   0  11  40   0   0   0  23   0   0   0   0   0   0   0   0   0  0.27 0.06
   40 F    -1  -3  -4  -4  -2  -3  -3  -4  -3   3   1  -3   0   4  -3  -3  -1  -1   1   3    0   0   0   0   0   0   0   0   0  20   0   0   0  33   0   0   0   0   0  47  0.45 0.08
   41 L    -2  -3  -4  -4  -2  -3  -3  -4  -2   2   4  -3   1   1  -3  -3  -2  -1   3   0    0   0   0   0   0   0   0   0   0  12  70   0   0   0   0   0   0   0  17   0  0.49 0.08
   42 R     0   6  -1  -2  -4   0  -1  -3  -1  -4  -3   1  -2  -3  -3  -1  -2  -3  -2  -3   11  89   0   0   0   0   0   0   0   0   0   0   0   0   0   0   0   0   0   0  0.94 0.13
   43 G     0  -3  -1  -2  -3  -2  -3   6  -3  -5  -4  -2  -3  -4  -3  -1  -2  -3  -4  -4    0   0   0   0   0   0   0 100   0   0   0   0   0   0   0   0   0   0   0   0  1.36 0.13
   44 S     2  -1   0  -1  -1  -1  -1  -1  -2  -2  -1  -1   1  -2  -2   4   1  -3  -2  -1   12   0   0   0   0   0   0   0   0   0   7   0   9   0   0  73   0   0   0   0  0.43 0.10
   45 N    -1   0   3  -1  -2   0  -1  -2   2  -2   0   2  -1  -2  -2   1   1  -3  -2  -2    0   0  27   0   0   0   0   0   9   0  17  22   0   0   0  17   7   0   0   0  0.21 0.06
   46 S    -1  -1   6   0  -3   0  -1  -1   0  -4  -4   1  -3  -4  -2   2   0  -4  -3  -3    0   0  67   0   0   0   0   0   0   0   0  11   0   0   0  23   0   0   0   0  0.70 0.11
   47 Q    -1   1  -1  -1  -4   6   2  -2   0  -4  -3   3  -1  -4  -2  -1  -1  -3  -2  -3    0   0   0   0   0  67  11   0   0   0   0  22   0   0   0   0   0   0   0   0  0.77 0.12
   48 R     0   4  -1  -2  -3   0   0  -2  -1  -2  -2   3   1  -3  -2   0  -1  -3  -2  -2   11  46   0   0   0   0   0   0   0   0   0  26   9   0   0   9   0   0   0   0  0.45 0.08
   49 L    -1  -3  -4  -4  -1  -3  -3  -4  -4   4   2  -3   1  -1  -3  -3  -1  -3  -2   3    0   0   0   0   0   0   0   0   0  49  15   0   0   0   0   0   0   0   0  36  0.48 0.08
   50 A     0   2  -1  -2  -2   0  -1  -2  -2   0   0   3  -1  -2   3   1  -1  -3  -2  -1    9  12   0   0   0   0   0   0   0   9  11  35   0   0  14  11   0   0   0   0  0.24 0.05
   51 D    -1  -1   2   4  -3   0   2  -2  -1  -3  -3   1  -2  -3   2   0  -1  -3  -3  -3    1   1   9  42   0   0  20   1   0   1   1   9   0   0  12   1   1   0   0   1  0.52 0.06
   52 Q     0   3   1  -1  -3   3   0  -2   0  -2  -2   1  -1   0  -2   0   1  -2   1  -2   11  25  11   0   0  24   0   0   0   0   0   6   0   6   0   0  11   0   6   0  0.26 0.05
   53 Y    -2  -1  -1  -2  -3   1  -1  -3   6   0  -1  -2  -1   3  -3  -1   0  -1   3  -1    0   0   0   0   0   9   0   0  36  11   0   0   0  18   0   0  11   0  15   0  0.42 0.08
   54 R    -1   3   0   3  -3   0   2  -2   2  -3  -3   1  -2  -3  -2   2  -1  -3  -2  -3    0  34   0  21   0   0  15   0   9   0   0   0   0   0   0  22   0   0   0   0  0.42 0.07
   55 R    -1   2   1   1  -3   2   0   0  -1  -3  -3   3  -2  -3  -2   0   1  -3  -2  -2    0   9   7  11   0  17   0   6   0   0   0  32   0   0   0   0  17   0   0   0  0.32 0.06
   56 H    -2  -1   1  -2  -2   1  -1  -3   4   0   3  -2   1  -1  -3  -2  -2  -2  -1  -1    0   0  11   0   0  11   0   0  23   0  56   0   0   0   0   0   0   0   0   0  0.31 0.08
   57 S     0   1   0  -1  -2   2   0  -1   2  -3  -3   3  -2  -3  -2   3   0  -3  -2  -3    0   6   0   0   0   9   0   0   9   0   0  34   0   0   0  42   0   0   0   0  0.39 0.08
   58 L    -1  -2  -3  -3  -2  -2  -3  -4  -2   1   3  -3   1   2  -3  -2   1  -1   2   2    0   0   0   0   0   0   0   0   0   0  42   0   0   9   0   0  11   0  11  27  0.28 0.06
   59 F    -3  -2  -2  -3  -3  -2  -3  -4   4  -2  -1  -3  -1   5  -4  -2  -2   1   6  -2    0   0   0   0   0   0   0   0  17   0   0   0   0  33   0   0   0   0  49   0  0.89 0.12
   60 G     0  -3  -1  -2  -3  -2  -3   6  -3  -4  -4  -2  -3  -4  -3   0  -2  -3  -4  -4    0   0   0   0   0   0   0  93   0   0   0   0   0   0   0   7   0   0   0   0  1.20 0.12
   61 T     1  -2  -2  -3  -1  -2  -2  -2  -3   3   1  -2   2  -1  -2   0   1  -3  -2   1   24   0   0   0   0   0   0   0   0  37  11   0  12   0   0   7   9   0   0   0  0.19 0.06
   62 G     0  -3  -1  -2  -3  -2  -3   6  -3  -3  -1  -2  -2  -3  -3  -1  -2  -3  -3  -3    0   0   0   0   0   0   0  89   0   0  11   0   0   0   0   0   0   0   0   0  1.05 0.11
   63 K    -1   3  -1  -1  -3   1   0  -2  -1  -3  -3   5  -2  -4  -2   1  -1  -4  -2  -3    0  12   0   0   0   0   0   0   0   0   0  77   0   0   0  11   0   0   0   0  0.66 0.11
   64 D    -2  -1   0   4  -4   0   2  -2   6  -4  -4   1  -3  -3  -2  -1  -2  -4  -1  -4    0   0   0  37   0   0  12   0  39   0   0  11   0   0   0   0   0   0   0   0  0.68 0.10
   65 Q    -1   0  -1  -2  -3   4   0  -3   3   0   1   3   0  -2  -2  -1  -1  -3  -1  -1    0   0   0   0   0  34   0   0  11  11  17  27   0   0   0   0   0   0   0   0  0.28 0.07
   66 T     1  -1   0  -1  -1  -1  -1  -1  -2  -2  -3  -1  -2  -3   2   4   3  -3  -2  -2    6   0   0   0   0   0   0   0   0   0   0   0   0   0  11  58  25   0   0   0  0.50 0.09
   67 E    -1   0   0   2  -3   1   2  -2   3  -2  -2   3  -2  -3  -2   1  -1  -3  -1   0    0   0   0  11   0   0  23   0  12   0   0  33   0   0   0  11   0   0   0  11  0.29 0.06
   68 S     0  -1  -1   0  -2   0   3   1  -1  -1  -2   1  -2  -3  -2   2   0  -3  -2  -2    7   0   0   0   0   0  38  11   0   9   0  11   0   0   0  24   0   0   0   0  0.28 0.06
   69 W    -2  -2  -2  -1  -4   0   3  -3   5  -3  -3  -1  -2   1  -3  -2  -2   9   1  -3    0   0   0   0   0   0  28   0  27   0   0   0   0   7   0   0   0  37   0   0  1.04 0.12
   70 W     0  -3  -4  -5  -3  -3  -3  -3  -3   1  -2  -3  -2   0  -4  -3  -2  11   1   0    9   0   0   0   0   0   0   0   0  11   0   0   0   0   0   0   0  72   0   9  1.86 0.17
   71 K     0   1   0  -1  -2   2   0  -2  -1  -2  -2   4  -1  -3  -2   2   0  -3  -2   0    0   0   0   0   0  15   0   0   0   0   0  44   0   0   0  28   0   0   0  12  0.33 0.08
   72 A     1   2   0   1  -2   0   1  -1  -1  -2  -2   0  -2  -3  -2   2   1  -3  -2  -1   20  17   0  11   0   0  11   0   0   0   0   0   0   0   0  27   6   0   0   7  0.22 0.05
   73 F    -1  -3  -4  -4  -2  -3  -3  -4  -3   3   2  -3   1   3  -3  -2  -1  -2   0   3    0   0   0   0   0   0   0   0   0  17  24   0   0  20   0   0   0   0   0  38  0.37 0.06
   74 S     1  -2  -2  -3  -1  -2  -2  -2  -3   3   2  -2   0   2  -2   1  -1  -2  -1   1   18   0   0   0   0   0   0   0   0  38  17   0   0  11   0  15   0   0   0   0  0.18 0.05
   75 R     0   4   0   1  -3   0   1  -2   5  -3  -3   1  -2  -3  -2  -1  -2  -3  -1  -3   11  44   0  11   0   0  11   0  24   0   0   0   0   0   0   0   0   0   0   0  0.48 0.08
   76 Q    -1   0   2  -1  -3   4   0  -2   2  -3  -2   0  -1   2  -2   1  -1  -1   3  -2    0   0  11   0   0  44   0   0   6   0   0   0   0  11   0  11   0   0  17   0  0.39 0.09
   77 L    -2  -3  -4  -4  -2  -3  -4  -4  -3   1   5  -3   2   0  -4  -3  -2  -2  -2   0    0   0   0   0   0   0   0   0   0   0 100   0   0   0   0   0   0   0   0   0  0.73 0.12
   78 I    -2   1  -3  -4  -2  -3  -3  -4  -3   5   1  -2   0  -1  -3  -3  -1  -3  -2   3    0  11   0   0   0   0   0   0   0  72   0   0   0   0   0   0   0   0   0  17  0.47 0.10
   79 T     0  -1   0  -2  -2   0  -1  -2   5   0  -2   1  -1  -2  -2   1   3  -3  -1  -1    6   0   0   0   0   0   0   0  27  11   0  11   0   0   0  11  34   0   0   0  0.29 0.07
   80 E     0  -1  -1   2  -3   2   3  -2  -1  -1   1   0   0  -2  -2  -1  -1  -3  -2  -1   11   0   0  11   0  11  40   0   0   0  27   0   0   0   0   0   0   0   0   0  0.29 0.06
   81 G    -1  -3   0   3  -3  -2  -1   5  -2  -4  -4  -2  -3  -4  -3  -1  -2  -4  -4  -4    0   0   0  28   0   0   0  72   0   0   0   0   0   0   0   0   0   0   0   0  0.94 0.10
   82 F    -2  -3  -3  -4  -3  -3  -3  -4  -1   2   1  -3   0   6  -4  -3  -2   0   4   0    0   0   0   0   0   0   0   0   0  17  12   0   0  52   0   0   0   0  18   0  0.63 0.09
   83 L    -2  -3  -4  -4  -2  -3  -3  -4  -3   3   4  -3   1   0  -3  -3  -1  -2  -2   2    0   0   0   0   0   0   0   0   0  18  62   0   0   0   0   0   0   0   0  21  0.47 0.07
   84 V     0   1  -1  -2  -2   3   0   1  -1   0  -1   1   1  -2  -2  -1   0  -3  -2   1    9  11   0   0   0  27   0  11   0   0   0   7   6   0   0   0   6   0   0  24  0.15 0.05
   85 E    -1   0  -1   0  -3   4   4  -2  -1  -3  -2   0   2  -3  -2   1  -1  -3  -2  -2    0   0   0   0   0  27  51   0   0   0   0   0  11   0   0  11   0   0   0   0  0.55 0.10
   86 V     0  -2   1  -2  -1  -2  -2  -3  -2   1   0  -2   0  -2  -3   1   0  -4  -2   4    0   0  12   0   0   0   0   0   0   0   0   0   0   0   0  18   0   0   0  70  0.32 0.09
   87 S     0   2   0   1  -2   0   0  -1  -1   0  -2   1  -1  -2   1   2   0  -3  -2  -1    1  20   0  11   0   0   0   0   0  12   1   9   0   0   7  36   0   0   0   0  0.21 0.05
   88 R     1   2  -1  -1  -2   0   1   2  -1  -2   0   3  -1  -2  -2   0  -1  -3  -2  -2   13   9   0   0   0   0   9  19   0   0  11  35   0   0   0   0   0   0   0   0  0.21 0.04
   89 Y    -1  -1  -1  -1  -2   2   1  -2  -1  -1   0  -1   2   1  -2   1   2  -1   2  -1    0   0   0   0   0  19   6   0   0   0   9   0  11   7   0  17  22   0   9   0  0.17 0.05
   90 N    -1  -1   3   2  -3   1   1   1   3  -3  -3  -1  -2   1  -2   0   0  -3  -1  -3    0   0  24  15   0  11   9  11  12   0   0   0   0  11   0   0   7   0   0   0  0.27 0.05
   91 K    -1   1  -1  -1  -3   0   0  -2   2  -2   0   3   1  -2   3  -1  -1  -3  -2  -2    1   1   1   1   0   1   1   1   7   1  10  45   9   0  20   1   1   0   0   1  0.35 0.06
   92 F    -2  -2  -2  -2  -2  -2  -2  -2   0  -1   0  -2  -1   5  -2  -1   0   1   4  -1    2   1   1   1   0   1   1   2   1   1   2   1   1  46   1   2  10   0  24   1  0.45 0.06
   93 M     0  -2   1  -1  -2  -1  -1   3  -1   1   0  -1   1  -1  -2   0  -1  -2  -2   0    2   1   8   1   0   1   1  30   1  18  11   1  10   1   1   9   1   0   1   1  0.13 0.03
   94 K     1   0   0  -1  -2   3   0  -1  -1  -2  -2   2  -1  -3  -1   3   1  -2  -2  -2    7   1   0   1   0  20   1   1   0   1   1  16   0   0   1  41   8   0   0   1  0.30 0.06
   95 I     1  -2  -2  -3   3  -2  -2  -3  -3   2   1  -2   0  -1  -2  -1   2  -3  -2   2   12   0   0   0  11   0   0   0   0  16   9   0   0   0   0   0  24   0   0  28  0.23 0.05
   96 C    -1  -2  -2  -2   5  -2  -2  -2  -2   1   2  -2   0  -1  -2   1   0  -2  -2   1    1   0   0   0  23   0   1   1   0  11  30   0   0   0   0  18   0   0   0  12  0.25 0.05
   97 A     1   0   0  -1  -2   2   0   0  -1  -2  -2   1  -1   1  -1   2   1  -2  -1  -2   10   0   0   0   0  19   1   8   0   0   1  11   0  11   0  24  11   0   0   1  0.17 0.04
   98 L    -1  -2  -3  -3  -1  -2  -3  -3  -3   1   4  -3   1   0  -3  -2  -1  -2  -1   2    1   0   0   0   0   0   1   1   0   0  70   0   0   0   0   1   0   0   0  22  0.42 0.07
   99 T     0  -1  -1  -1  -1  -1  -1  -2  -2  -1   1  -1   0  -2  -1   2   4  -2  -2  -1    1   0   0   0   0   0   1   1   0   0  18   0   0   0   0  22  53   0   0   1  0.33 0.07
  100 K    -1   0   2   1  -3   2   3  -1  -1  -3  -3   2  -2  -3  -1   1   0  -3  -2  -2    1   0  11   7   0   9  24   1   0   0   1  24   0   0   0  19   0   0   0   1  0.33 0.05
  101 K     1   0   0  -1  -2   0   0  -2  -1   0   0   3  -1  -2  -2  -1  -1  -3  -2   1   13   0   7   0   0   0   1   1   0   0  12  45   0   0   0   1   0   0   0  18  0.16 0.05
  102 G     1  -2   2  -1  -2  -1  -2   5  -1  -3  -3  -1  -2  -3  -2   0  -1  -3  -3  -2   19   0  18   0   0   0   1  56   0   0   1   0   0   0   0   1   0   0   0   1  0.59 0.07
  103 R    -1   4   1  -1  -3   0   1  -2  -1  -2  -2   2  -1  -3  -2   0  -1  -3  -2   0    1  47   9   0   0   0  11   1   0   0   1   7   0   0   0   8   0   0   0  12  0.35 0.06
  104 N     0   1   3   0  -2   0  -1  -1  -1  -2  -2   1  -2  -3   3   1   1  -3  -2  -2    9  11  28   0   0   0   1   1   0   0   1   7   0   0  19   9  11   0   0   1  0.36 0.04
  105 W    -2  -1  -3  -3  -2  -1  -2  -3  -2   1  -1   1  -1  -1  -3  -2  -2   9   0   2    1   0   0   0   0   0   1   1   0   7   1  18   0   0   0   1   0  45   0  24  0.92 0.10
  106 L     1  -2  -3  -3  -1  -2  -2  -2  -3   1   4  -2   1   0  -2  -1  -1  -2  -1   1   18   0   0   0   0   0   1   1   0   0  64   0   0   0   0   1   0   0   0  12  0.30 0.06
  107 H     1   0   0  -1  -2   0   0   0   2   0  -2   2  -1  -2  -1   1   1  -2  -1  -1   11   1   1   1   0   1   1   9  11  10   1  27   0   1   1  14  11   0   0   1  0.12 0.03
  108 K     0   0  -1   0  -2   0   2   1  -1   0  -1   2   2  -2  -1   0  -1  -2  -2  -1    1   1   1   1   0   1  21  14   0  11   1  21  13   1   1  11   1   0   0   1  0.12 0.03
  109 A     2  -1  -2  -1  -1   0   1  -1  -2   0   1  -1   2  -1  -1   0  -1  -2  -2   0   41   1   1   1   0   1  14   1   0   1  22   1  13   1   1   1   1   0   0   1  0.15 0.04
  110 N    -1  -1   2   2  -2  -1   0  -2  -1  -1   1   1   0   1  -2   0  -1  -2  -1  -1    1   1  20  13   0   1   1   1   0   1  25  13   0  11   1   9   1   0   0   1  0.10 0.03
  111 T     0  -2   1  -1  -1  -1  -1  -2  -2   1   0  -1   0  -2  -2   3   3  -3  -2   0    0   0   9   0   0   0   0   0   0  13  13   0   0   0   0  41  24   0   0   0  0.23 0.05
  112 E    -1  -1  -1   2  -3   1   3   3  -1  -2  -3  -1  -2  -3  -2  -1  -1  -3  -3   0    0   0   0  13   0   8  33  33   0   0   0   0   0   0   0   0   0   0   0  13  0.36 0.05
  113 S     2  -2   0  -1   3  -1  -1   1  -2  -2  -3  -1  -2  -3  -1   4   0  -3  -2  -2   26   0   0   0   9   0   0  10   0   0   0   0   0   0   0  55   0   0   0   0  0.40 0.07
  114 Q     1   2  -1  -1  -2   4   0  -2  -1  -2  -2   0  -1  -3   3   0   1  -3  -2  -2   15  16   0   0   0  36   0   0   0   0   0   0   0   0  19   0  14   0   0   0  0.43 0.05
  115 S     0   0   0  -1  -2   0   0  -1  -1  -3  -3   3  -2  -3   4   2   1  -3  -2  -2    0   0   0   0   0   0   0   0   0   0   0  31   0   0  23  34  12   0   0   0  0.48 0.05
  116 L    -1  -2  -3  -2  -2  -1   1  -4  -3   3   2  -2   1  -1  -3  -2  -1  -3  -2   2    0   0   0   0   0   0  16   0   0  38  31   0   0   0   0   0   0   0   0  15  0.25 0.04
  117 I     1  -2  -3  -3  -1  -2  -2  -3  -3   3   2  -2   1  -1  -2  -1   1  -2  -2   2   16   0   0   0   0   0   0   0   0  28  33   0   0   0   0   0  12   0   0  12  0.22 0.03
  118 L    -2  -2  -4  -4  -2  -2  -3  -4  -3   1   4  -3   4   0  -3  -3  -1  -2  -1   1    0   0   0   0   0   0   0   0   0   0  76   0  24   0   0   0   0   0   0   0  0.52 0.06
  119 Q    -1   2  -1  -1  -3   4   1  -2  -1  -3  -3   4  -1  -4   2  -1  -1  -3  -2  -3    0  12   0   0   0  35   0   0   0   0   0  43   0   0  10   0   0   0   0   0  0.54 0.06
  120 A     3  -1  -1  -1  -1  -1  -1   3  -1  -2  -2  -1  -1  -2  -1   1   0  -2  -2  -1   41   1   1   1   0   1   1  33   0   1   2   1   0   1   1  12   1   0   1   1  0.33 0.02
  121 N    -1   0   5   1  -2   1   2  -1   0  -3  -3   2  -2  -3  -1   0   0  -3  -2  -2    1   1  51   1   0   1  17   1   0   1   2  16   0   1   1   1   1   0   1   1  0.40 0.04
  122 E    -1   0   2   3  -3   1   3  -1   0  -3  -2   2  -2  -3  -1   0  -1  -3  -2  -2    1   1  12  17   0   1  40   1   0   1   2  16   0   1   1   1   1   0   1   1  0.38 0.03
  123 E    -1  -1  -1   1  -3   1   5  -2  -1  -3  -2   0  -2  -3   3   0  -1  -2  -2  -2    1   1   1   1   0   1  67   1   0   1   2   1   0   1  17   1   1   0   1   1  0.58 0.04
  124 L    -1  -2  -2  -3  -1  -1  -2  -2  -2   1   4  -2   3   0  -2  -2  -1  -1  -1   1    2   1   1   1   0   1   1   2   0   1  69   1  12   1   1   2   1   0   1   1  0.28 0.02
  125 C    -2  -3  -3  -4   6  -3  -4  -3  -2  -1   0  -3  -1   5  -4  -2  -2   0   2  -1    0   0   0   0  37   0   0   0   0   0   0   0   0  63   0   0   0   0   0   0  0.71 0.04
  126 P    -1  -2  -2  -1  -3   0   2  -3  -2  -2   0  -1  -1  -3   6  -1  -1  -3  -3  -2    0   0   0   0   0   0  24   0   0   0  16   0   0   0  60   0   0   0   0   0  1.03 0.03
  127 K     0   4   0  -1  -3   2   0  -2   0  -3  -3   3  -1  -3  -2   2   0  -3  -2  -2    0  38   0   0   0  16   0   0   0   0   0  21   0   0   0  25   0   0   0   0  0.41 0.02
  128 K    -1   3   0  -1  -3   1   1  -2  -1  -3  -3   5  -2  -3  -1   0  -1  -3  -2  -3    0  21   0   0   0   0   0   0   0   0   0  79   0   0   0   0   0   0   0   0  0.54 0.02
  129 F    -1  -3  -3  -4  -1  -3  -3  -3  -3   2   2  -3   1   2  -3  -2  -1  -2   0   3    0   0   0   0   0   0   0   0   0   0  19   0   0  19   0   0   0   0   0  62  0.27 0.00
  130 L    -2  -2  -4  -4  -1  -2  -3  -4  -3   2   4  -3   2   0  -3  -3  -1  -2  -1   1    0   0   0   0   0   0   0   0   0   0 100   0   0   0   0   0   0   0   0   0  0.47 0.01
  131 L    -1   0  -2  -2  -2   0  -1  -3  -2   1   3   2   1  -1  -2  -1  -1  -2  -1   0    0   0   0   0   0   0   0   0   0   0  62  38   0   0   0   0   0   0   0   0  0.20 0.00
  132 P    -1  -2  -2  -2  -3  -1  -1  -2  -2  -3  -3  -1  -3  -4   8  -1  -1  -4  -3  -3    0   0   0   0   0   0   0   0   0   0   0   0   0   0 100   0   0   0   0   0  2.06 0.01
  133 S     1  -1   1   0  -1   0   0   0  -1  -3  -3   0  -2  -3  -1   4   1  -3  -2  -2    0   0   0   0   0   0   0   0   0   0   0   0   0   0   0 100   0   0   0   0  0.47 0.01
  134 S     1  -1   1   0  -1   0   0   0  -1  -3  -3   0  -2  -3  -1   4   1  -3  -2  -2    0   0   0   0   0   0   0   0   0   0   0   0   0   0   0 100   0   0   0   0  0.45 0.00

                      K         Lambda
Standard Ungapped    0.1356     0.3200
Standard Gapped      0.0401     0.2670
PSI Ungapped         0.1309     0.3183
PSI Gapped           0.0401     0.2670
