
Last position-specific scoring matrix computed, weighted observed percentages rounded down, information per position, and relative weight of gapless real matches to pseudocounts
            A   R   N   D   C   Q   E   G   H   I   L   K   M   F   P   S   T   W   Y   V   A   R   N   D   C   Q   E   G   H   I   L   K   M   F   P   S   T   W   Y   V
    1 M    -1  -2  -2  -3  -2  -1  -2  -3  -2   1   2  -2   6   0  -3  -2  -1  -2  -1   1    0   0   0   0   0   0   0   0   0   0   0   0 100   0   0   0   0   0   0   0  0.40 0.01
    2 I    -1  -3  -3  -3  -1  -3  -3  -4  -4   4   2  -3   1   0  -3  -3  -1  -3  -1   3    0   0   0   0   0   0   0   0   0 100   0   0   0   0   0   0   0   0   0   0  0.41 0.01
    3 L    -1  -2  -3  -4  -1  -2  -3  -4  -3   2   4  -3   2   0  -3  -2  -1  -2  -1   2    0   0   0   0   0   0   0   0   0   0  72   0   0   0   0   0   0   0   0  28  0.37 0.00
    4 L    -2  -2  -4  -4  -1  -2  -3  -4  -3   2   4  -3   2   0  -3  -3  -1  -2  -1   1    0   0   0   0   0   0   0   0   0   0 100   0   0   0   0   0   0   0   0   0  0.47 0.01
    5 D    -2  -2   1   6  -4   0   2  -1  -1  -3  -4  -1  -3  -4  -2   0  -1  -5  -3  -3    0   0   0 100   0   0   0   0   0   0   0   0   0   0   0   0   0   0   0   0  0.96 0.01
    6 T     0  -1   0  -1  -1  -1  -1  -2  -2  -1  -1  -1  -1  -2  -1   1   5  -3  -2   0    0   0   0   0   0   0   0   0   0   0   0   0   0   0   0   0 100   0   0   0  0.50 0.01
    7 N    -2  -1   6   1  -3   0   0  -1   1  -4  -4   0  -2  -3  -2   1   0  -4  -2  -3    0   0 100   0   0   0   0   0   0   0   0   0   0   0   0   0   0   0   0   0  0.76 0.01
    8 V     0  -3  -3  -3  -1  -2  -3  -3  -3   3   1  -2   1  -1  -3  -2   0  -3  -1   4    0   0   0   0   0   0   0   0   0   0   0   0   0   0   0   0   0   0   0 100  0.37 0.01
    9 I    -1  -3  -3  -3  -1  -3  -3  -4  -4   4   2  -3   1   0  -3  -3  -1  -3  -1   3    0   0   0   0   0   0   0   0   0 100   0   0   0   0   0   0   0   0   0   0  0.41 0.01
   10 S     1  -1   1   0  -1   0   0   0  -1  -3  -3   0  -2  -3  -1   4   1  -3  -2  -2    0   0   0   0   0   0   0   0   0   0   0   0   0   0   0 100   0   0   0   0  0.47 0.01
   11 E    -1   0   0   2  -4   2   5  -2   0  -3  -3   1  -2  -3  -1   0  -1  -3  -2  -3    0   0   0   0   0   0 100   0   0   0   0   0   0   0   0   0   0   0   0   0  0.76 0.01
   12 P    -1  -2  -3  -2  -2  -2  -2  -3  -3  -1   1  -1   0  -2   7  -1  -1  -3  -2  -1    0   0   0   0   0   0   0   0   0   0  28   0   0   0  72   0   0   0   0   0  1.26 0.01
   13 L    -2  -1  -2  -3  -2   2  -1  -3  -1   0   2  -1   1   0  -3  -2  -1   7   0  -1    0   0   0   0   0  29   0   0   0   0  43   0   0   0   0   0   0  28   0   0  0.51 0.01
   14 R    -1   5   0  -1  -4   1   0  -2   0  -3  -2   3  -2  -3  -2  -1  -1  -3  -2  -3    0  72   0   0   0   0   0   0   0   0   0  28   0   0   0   0   0   0   0   0  0.64 0.01
   15 P     1   3  -1  -2  -2   0  -1  -1  -1  -3  -2   0  -2  -3   6   0  -1  -3  -2  -2   28  29   0   0   0   0   0   0   0   0   0   0   0   0  43   0   0   0   0   0  0.74 0.00
   16 Q    -1   0   0   1  -4   4   4  -2   0  -3  -3   1  -1  -3  -1   0  -1  -3  -2  -3    0   0   0   0   0  43  57   0   0   0   0   0   0   0   0   0   0   0   0   0  0.62 0.01
   17 P    -1  -2  -2  -2  -3  -1  -1  -2  -2  -3  -3  -1  -3  -4   8  -1  -1  -4  -3  -3    0   0   0   0   0   0   0   0   0   0   0   0   0   0 100   0   0   0   0   0  2.07 0.01
   18 N    -2  -1   5   4  -3   0   0  -1   0  -3  -4   0  -3  -3  -2   0   0  -4  -3  -3    0   0  72  28   0   0   0   0   0   0   0   0   0   0   0   0   0   0   0   0  0.67 0.01
   19 E     1   3  -1   0  -2   1   3  -1  -1  -3  -2   1  -2  -3  -1   0  -1  -3  -2  -2   29  28   0   0   0   0  43   0   0   0   0   0   0   0   0   0   0   0   0   0  0.36 0.00
   20 R     1   4   0  -2  -2   0   0  -1   5  -3  -2   1  -1  -2  -2   0  -1  -3   0  -2   28  43   0   0   0   0   0   0  29   0   0   0   0   0   0   0   0   0   0   0  0.36 0.01
   21 V     0  -3  -3  -3  -1  -2  -3  -3  -3   3   1  -2   1  -1  -3  -2   0  -3  -1   4    0   0   0   0   0   0   0   0   0   0   0   0   0   0   0   0   0   0   0 100  0.37 0.01
   22 V    -1  -2  -3  -4  -1  -2  -3  -4  -3   2   3  -3   2   0  -3  -2  -1  -2  -1   3    0   0   0   0   0   0   0   0   0   0  57   0   0   0   0   0   0   0   0  43  0.34 0.00
   23 A     3  -2   0   3  -1  -1   0   0  -2  -2  -2  -1  -2  -3  -1   1   0  -3  -2  -1   71   0   0  29   0   0   0   0   0   0   0   0   0   0   0   0   0   0   0   0  0.34 0.01
   24 W    -3  -3  -4  -5  -3  -2  -3  -3  -3  -3  -2  -3  -2   1  -4  -3  -3  11   2  -3    0   0   0   0   0   0   0   0   0   0   0   0   0   0   0   0   0 100   0   0  2.39 0.02
   25 L    -2  -3  -4  -4  -1  -3  -3  -4  -3   3   3  -3   2   0  -3  -3  -1  -2  -1   2    0   0   0   0   0   0   0   0   0  57  43   0   0   0   0   0   0   0   0   0  0.37 0.00
   26 D    -2  -2   1   6  -4   0   2  -1  -1  -3  -4  -1  -3  -4  -2   0  -1  -5  -3  -3    0   0   0 100   0   0   0   0   0   0   0   0   0   0   0   0   0   0   0   0  0.96 0.01
   27 S     3  -1   0  -1  -1  -1  -1   0  -1  -2  -2  -1  -1  -2  -1   3   1  -3  -2  -1   57   0   0   0   0   0   0   0   0   0   0   0   0   0   0  43   0   0   0   0  0.36 0.01
   28 L    -1   0  -1  -1  -2   4   1  -3  -1   0   2   0   1  -1  -2  -1  -1  -2  -1  -1    0   0   0   0   0  57   0   0   0   0  43   0   0   0   0   0   0   0   0   0  0.28 0.01
   29 I     1  -2  -3  -3  -1  -1  -2  -2  -2   3   1  -2   3  -1  -2  -1  -1  -2  -1   2   29   0   0   0   0   0   0   0   0  43   0   0  28   0   0   0   0   0   0   0  0.18 0.00
   30 L    -2  -3  -4  -4  -1  -2  -3  -4  -3   3   4  -3   2   0  -3  -3  -1  -2  -1   1    0   0   0   0   0   0   0   0   0  28  72   0   0   0   0   0   0   0   0   0  0.40 0.00
   31 E    -1   0   0   2  -4   2   5  -2   0  -3  -3   1  -2  -3  -1   0  -1  -3  -2  -3    0   0   0   0   0   0 100   0   0   0   0   0   0   0   0   0   0   0   0   0  0.76 0.01
   32 D    -1  -1   1   4  -2  -1   0  -2  -2  -2  -2  -1  -2  -3  -1   1   4  -3  -2  -1    0   0   0  43   0   0   0   0   0   0   0   0   0   0   0   0  57   0   0   0  0.44 0.01
   33 V    -1  -2  -3  -4  -1  -2  -3  -4  -3   2   3  -3   2   0  -3  -2  -1  -2  -1   3    0   0   0   0   0   0   0   0   0   0  57   0   0   0   0   0   0   0   0  43  0.34 0.00
   34 Y    -2  -2  -2  -3  -3  -2  -2  -3   2  -2  -1  -2  -1   3  -3  -2  -2   2   7  -1    0   0   0   0   0   0   0   0   0   0   0   0   0   0   0   0   0   0 100   0  0.91 0.01
   35 L    -1  -2  -4  -4  -1  -2  -3  -4  -3   2   4  -3   2   0  -3  -2  -1  -2  -1   2    0   0   0   0   0   0   0   0   0   0  72   0   0   0   0   0   0   0   0  28  0.38 0.01
   36 S     1  -1   1   0  -1   0   0   0  -1  -3  -3   0  -2  -3  -1   4   1  -3  -2  -2    0   0   0   0   0   0   0   0   0   0   0   0   0   0   0 100   0   0   0   0  0.51 0.03
   37 A     3  -2  -2  -2  -1  -1  -1  -1  -2   0  -1  -1   0  -2  -1   1   2  -3  -2   2   51   0   0   0   0   0   0   0   0   0   0   0   0   0   0   0  21   0   0  28  0.22 0.01
   38 I    -1  -3  -3  -3  -1  -3  -3  -4  -4   4   1  -3   1   0  -3  -2  -1  -3  -1   3    0   0   0   0   0   0   0   0   0  72   0   0   0   0   0   0   0   0   0  28  0.40 0.02
   39 T     0  -1   0  -1  -1  -1  -1  -2  -2  -1  -1  -1  -1  -2  -1   1   5  -3  -2   0    0   0   0   0   0   0   0   0   0   0   0   0   0   0   0   0 100   0   0   0  0.54 0.03
   40 V    -1  -3  -3  -4  -1  -2  -3  -4  -3   2   2  -3   1  -1  -3  -2   0  -3  -1   4    0   0   0   0   0   0   0   0   0   0  28   0   0   0   0   0   0   0   0  72  0.34 0.02
   41 A     4  -2  -1  -2  -1  -1  -1   3  -2  -2  -2  -1  -2  -3  -1   1  -1  -3  -2  -1   72   0   0   0   0   0   0  28   0   0   0   0   0   0   0   0   0   0   0   0  0.43 0.02
   42 E    -1   0   0   1  -4   2   5  -2   0  -4  -3   1  -2  -4  -1   0  -1  -3  -2  -3    0   0   0   0   0   0 100   0   0   0   0   0   0   0   0   0   0   0   0   0  0.80 0.03
   43 M    -2  -2  -3  -4  -1  -2  -3  -4  -3   1   4  -2   3   0  -3  -3  -1  -2  -1   1    0   0   0   0   0   0   0   0   0   0  84   0  16   0   0   0   0   0   0   0  0.45 0.02
   44 R    -2   6  -1  -2  -4   1   0  -3   0  -3  -2   2  -2  -3  -2  -1  -1  -3  -2  -3    0 100   0   0   0   0   0   0   0   0   0   0   0   0   0   0   0   0   0   0  0.83 0.03
   45 L     1  -2  -3  -3  -1  -2  -3  -2  -2   1   3  -2   1   3  -3  -1  -1  -1   0   0   21   0   0   0   0   0   0   0   0   0  59   0   0  20   0   0   0   0   0   0  0.25 0.01
   46 G     0  -3  -1  -2  -3  -2  -2   6  -2  -4  -4  -2  -3  -3  -2   0  -2  -3  -3  -3    0   0   0   0   0   0   0 100   0   0   0   0   0   0   0   0   0   0   0   0  1.10 0.02
   47 V    -1  -3  -3  -4  -1  -3  -3  -4  -3   3   2  -3   1   0  -3  -2   0  -3  -1   3    0   0   0   0   0   0   0   0   0  21  20   0   0   0   0   0   0   0   0  59  0.34 0.01
   48 A     4  -2  -2  -2  -1  -1  -1   0  -2  -2  -2  -1  -1  -2  -1   1   0  -3  -2   0  100   0   0   0   0   0   0   0   0   0   0   0   0   0   0   0   0   0   0   0  0.45 0.02
   49 L     1  -2  -1  -2  -1  -1  -2  -2  -2   0   3  -1   1  -1  -2   2   0  -2  -2   0   20   0   0   0   0   0   0   0   0   0  52   0   0   0   0  28   0   0   0   0  0.17 0.01
   50 L    -1  -2  -2  -3  -2  -1  -3   2  -2   0   2  -2   4  -1  -3  -1  -1  -2  -2   0    0   0   0   0   0   0   0  28   0   0  31   0  41   0   0   0   0   0   0   0  0.26 0.01
   51 L    -1  -2  -3  -2  -2  -2  -2  -3  -3  -1   1  -2   0  -2   7  -1  -1  -3  -2  -1    0   0   0   0   0   0   0   0   0   0  31   0   0   0  69   0   0   0   0   0  1.22 0.02
   52 N     1  -1   3   0  -2   0   2  -1  -1  -1  -2   0  -1  -3  -2   0   0  -3  -2   1   20   0  31   0   0   0  28   0   0   0   0   0   0   0   0   0   0   0   0  21  0.21 0.01
   53 G     2  -2  -1  -2  -2  -2  -2   5  -2  -3  -3  -1  -2  -3  -2   0  -1  -3  -3  -2   28   0   0   0   0   0   0  72   0   0   0   0   0   0   0   0   0   0   0   0  0.73 0.02
   54 K     2   1  -1  -1  -2   1   0  -1  -1  -2  -2   4  -1  -3  -1   0  -1  -3  -2  -2   28   0   0   0   0   0   0   0   0   0   0  72   0   0   0   0   0   0   0   0  0.37 0.02
   55 K     2   4  -1  -1  -2   1   0  -1  -1  -3  -2   3  -1  -3  -2   0  -1  -3  -2  -2   28  41   0   0   0   0   0   0   0   0   0  31   0   0   0   0   0   0   0   0  0.38 0.01
   56 K    -1   4   0  -1  -3   3   1  -2   0  -3  -2   3  -1  -3  -2  -1  -1  -3  -2  -3    0  48   0   0   0  21   0   0   0   0   0  31   0   0   0   0   0   0   0   0  0.55 0.01
   57 N    -1   3   3   3  -3   0   0  -1   0  -3  -3   1  -2  -3  -2   0   2  -3  -2  -2    0  28  31  21   0   0   0   0   0   0   0   0   0   0   0   0  20   0   0   0  0.37 0.01
   58 V     0  -2  -2  -3  -1  -2  -2  -3  -3   2   2  -2   1  -1  -2   1   0  -3  -1   2    0   0   0   0   0   0   0   0   0  20  28   0   0   0   0  21   0   0   0  31  0.19 0.01
   59 L    -1  -2  -2  -2  -1  -2  -2  -2  -2   0   3  -2   1   3  -2   1   0  -1   0   0    0   0   0   0   0   0   0   0   0   0  52   0   0  20   0  28   0   0   0   0  0.20 0.01
   60 H    -1   2   0  -1  -2   2   0  -2   5  -2  -2   1  -1  -2  -2   0   2  -3   0  -2    0  21   0   0   0  20   0   0  31   0   0   0   0   0   0   0  28   0   0   0  0.35 0.01
   61 E    -1  -1   2   1  -3   1   4  -2   1  -3  -3   0  -2   0  -2   0  -1  -1   4  -2    0   0  20   0   0   0  52   0   0   0   0   0   0   0   0   0   0   0  28   0  0.42 0.02
   62 R    -1   4   3  -1  -3   3   1  -2   0  -3  -3   2  -1  -3  -2   0  -1  -3  -2  -3    0  51  21   0   0  28   0   0   0   0   0   0   0   0   0   0   0   0   0   0  0.51 0.02
   63 M    -2  -2  -3  -4  -1  -2  -3  -4  -3   1   4  -2   3   0  -3  -3  -1  -2  -1   1    0   0   0   0   0   0   0   0   0   0  84   0  16   0   0   0   0   0   0   0  0.45 0.02
   64 E     2  -1  -1   1  -3   1   5  -1  -1  -3  -3   0  -2  -3  -1   0  -1  -3  -2  -2   28   0   0   0   0   0  72   0   0   0   0   0   0   0   0   0   0   0   0   0  0.50 0.02
   65 Q    -1   1   0  -1  -3   5   1   2   0  -3  -3   2  -1  -3  -2   0  -1  -2  -2  -3    0   0   0   0   0  59   0  20   0   0   0  21   0   0   0   0   0   0   0   0  0.46 0.02
   66 S     0   3   0   0  -3   1   2  -2   4  -3  -3   1  -2  -3  -2   2   0  -3  -1  -3    0  28   0   0   0   0  20   0  21   0   0   0   0   0   0  31   0   0   0   0  0.35 0.01
   67 I    -1  -3  -3  -4  -2  -3  -3  -4  -3   3   2  -3   1   3  -3  -2  -1  -1   1   2    0   0   0   0   0   0   0   0   0  31  21   0   0  28   0   0   0   0   0  20  0.31 0.01
   68 L    -1  -2  -2  -1  -2   0   2  -3  -2   1   3  -1   1   0  -2  -2  -1  -2  -1   0    0   0   0   0   0   0  28   0   0   0  72   0   0   0   0   0   0   0   0   0  0.27 0.01
   69 P    -1  -2  -2  -2  -3  -2  -1  -2  -2  -3  -3  -1  -3  -4   8  -1  -1  -4  -3  -3    0   0   0   0   0   0   0   0   0   0   0   0   0   0 100   0   0   0   0   0  2.10 0.03
   70 L     1  -1  -2  -2  -1  -1  -1  -1  -1   1   2  -1   3   0  -1  -1   0  -1  -1   0   22   1   1   2   1   1   2   2   1   1  33   2  21   1   1   2   2   0   1   2  0.10 0.00
   71 F    -1  -2  -2  -2  -2  -2  -2  -2  -1   0   2  -2   0   5  -2  -2  -1   0   2   0    2   1   1   2   1   1   2   2   1   1  22   2   1  53   1   2   2   0   1   2  0.27 0.01
   72 A     4  -1  -1  -1   0  -1  -1   0  -1  -1  -1  -1  -1  -2   0   1   0  -2  -1   0   74   1   1   2   1   1   2   2   1   1   3   2   1   1   1   2   2   0   1   2  0.25 0.01
   73 G     0  -1   3   0  -2  -1  -1   4  -1  -2  -2  -1  -2  -2  -1   0  -1  -2  -2  -2    2   1  22   2   1   1   2  53   1   1   3   2   1   1   1   2   2   0   1   2  0.42 0.01
   74 R    -1   5   0  -1  -2   1   0  -2   0  -2  -2   2  -1  -2  -1  -1  -1  -2  -1  -2    2  73   1   2   1   1   2   2   1   1   3   2   1   1   1   2   2   0   1   2  0.46 0.01
   75 I     0  -2  -2  -2  -1  -2  -2  -2  -2   3   1  -2   1  -1  -1  -1   0  -2  -1   3    2   1   1   2   1   1   2   2   1  32   3   2   1   1   1   2   2   0   1  43  0.16 0.01
   76 L    -2  -2  -4  -4  -1  -2  -3  -4  -3   2   4  -3   2   0  -3  -3  -1  -2  -1   1    0   0   0   0   0   0   0   0   0   0 100   0   0   0   0   0   0   0   0   0  0.50 0.02
   77 P     0  -2  -1  -1  -2  -1  -1   3  -2  -3  -3  -1  -3  -3   6   1  -1  -3  -3  -3    0   0   0   0   0   0   0  28   0   0   0   0   0   0  51  21   0   0   0   0  0.96 0.02
   78 F    -2  -3  -3  -4  -2  -3  -4  -4  -2   2   1  -3   0   6  -4  -3  -2   0   2   1    0   0   0   0   0   0   0   0   0  28   0   0   0  72   0   0   0   0   0   0  0.55 0.02
   79 D    -2  -2   1   6  -4   0   1  -2  -1  -3  -4  -1  -3  -4  -2   0  -1  -5  -3  -4    0   0   0 100   0   0   0   0   0   0   0   0   0   0   0   0   0   0   0   0  1.00 0.03
   80 E    -1  -1  -1   0  -3   1   4  -3  -1  -1   1   0   2  -1  -2  -1  -1  -2  -2  -1    0   0   0   0   0   0  59   0   0   0  20   0  21   0   0   0   0   0   0   0  0.31 0.02
   81 P     2  -2  -1   2  -2  -1   0  -1  -2  -2  -2  -1  -2  -3   5   0   2  -3  -2  -1   28   0   0  20   0   0   0   0   0   0   0   0   0   0  31   0  21   0   0   0  0.52 0.01
   82 V     1  -3  -3  -3   5  -2  -2  -2  -3   2   0  -2   0  -2  -2  -1   0  -3  -2   3   20   0   0   0  21   0   0   0   0   0   0   0   0   0   0   0   0   0   0  59  0.29 0.01
   83 A     2  -1   0  -1  -1  -1  -1   0  -1  -2  -2  -1  -1  -2  -1   3   2  -3  -2  -1   31   0   0   0   0   0   0   0   0   0   0   0   0   0   0  48  21   0   0   0  0.34 0.01
   84 A     2   3  -1   0  -2   1   3  -1  -1  -3  -2   2  -2  -3  -1   0  -1  -3  -2  -2   31  20   0   0   0   0  28   0   0   0   0  21   0   0   0   0   0   0   0   0  0.31 0.01
   85 I     3  -2  -1  -2  -1  -1  -1  -1  -2   2   0  -1   0  -2  -1   2   0  -3  -2   1   49   0   0   0   0   0   0   0   0  31   0   0   0   0   0  20   0   0   0   0  0.19 0.01
   86 Y    -2  -2  -3  -4  -3  -2  -3  -3   1  -2  -1  -2  -1   3  -3  -2  -2   8   7  -2    0   0   0   0   0   0   0   0   0   0   0   0   0   0   0   0   0  28  72   0  1.11 0.03
   87 A     4  -2  -2  -2  -1  -1  -1   0  -2  -2  -2  -1  -1  -2  -1   1   0  -3  -2   0  100   0   0   0   0   0   0   0   0   0   0   0   0   0   0   0   0   0   0   0  0.45 0.02
   88 Q    -1   0   0   2  -3   3   2  -2  -1  -1   1   0   0  -2  -2  -1  -1  -3  -2  -1    0   0   0  20   0  31  21   0   0   0  28   0   0   0   0   0   0   0   0   0  0.27 0.01
   89 I    -2  -3  -4  -4  -1  -3  -3  -4  -3   3   4  -3   2   0  -3  -3  -1  -2  -1   1    0   0   0   0   0   0   0   0   0  31  69   0   0   0   0   0   0   0   0   0  0.41 0.01
   90 R    -1   3  -2  -3  -2  -1  -2  -3  -2   1   2   0   3  -1  -3  -2  -1  -2  -1   2    0  31   0   0   0   0   0   0   0   0  21   0  20   0   0   0   0   0   0  28  0.19 0.01
   91 S     3  -1   0  -1  -1   0  -1   0  -1  -2  -2  -1  -1  -3  -1   3   1  -3  -2  -1   41   0   0   0   0   0   0   0   0   0   0   0   0   0   0  59   0   0   0   0  0.38 0.02
   92 Y    -1   1  -1  -1  -3   3   0  -2   0  -2  -2   3  -1   0  -2  -1  -1   0   4  -2    0   0   0   0   0  20   0   0   0   0   0  49   0   0   0   0   0   0  31   0  0.37 0.02
   93 A     3  -2  -1  -2  -1  -1  -1  -1  -2   0   1  -1   0  -1  -1   2   0  -2  -2   0   51   0   0   0   0   0   0   0   0   0  28   0   0   0   0  21   0   0   0   0  0.20 0.01
   94 K    -1   5   0  -1  -4   1   0  -2  -1  -3  -3   4  -2  -3  -2  -1  -1  -3  -2  -3    0  49   0   0   0   0   0   0   0   0   0  51   0   0   0   0   0   0   0   0  0.59 0.02
   95 T     3  -1  -1  -2  -1  -1  -1  -1  -2  -1  -2  -1  -1  -2  -1   1   3  -3  -2   0   49   0   0   0   0   0   0   0   0   0   0   0   0   0   0   0  51   0   0   0  0.34 0.02
   96 H     3  -1   0  -1  -1   0  -1  -1   5  -2  -2  -1  -1  -2  -1   2   0  -3   0  -1   49   0   0   0   0   0   0   0  31   0   0   0   0   0   0  20   0   0   0   0  0.33 0.01
   97 G     0   0   0  -1  -3  -1  -1   5  -2  -4  -4   2  -2  -3  -2   0  -1  -3  -3  -3    0   0   0   0   0   0   0  72   0   0   0  28   0   0   0   0   0   0   0   0  0.69 0.02
   98 K    -1   1  -2  -2  -2   0  -1  -3  -2   0   2   3   1  -1  -2  -1  -1  -2  -2   0    0   0   0   0   0   0   0   0   0   0  49  51   0   0   0   0   0   0   0   0  0.22 0.01
   99 E     1   3  -1  -1  -2   1   2  -2  -1  -1  -1   1  -1  -2  -2   0  -1  -3  -2   1   21  28   0   0   0   0  31   0   0   0   0   0   0   0   0   0   0   0   0  20  0.21 0.01
  100 I    -1  -3  -3  -3  -1  -3  -3  -4  -3   4   1  -3   1  -1  -3  -2   0  -3  -1   4    0   0   0   0   0   0   0   0   0  51   0   0   0   0   0   0   0   0   0  49  0.38 0.01
  101 A     2  -2  -1  -1  -2   0   2   2  -2  -3  -3  -1  -2  -3   4   0  -1  -3  -3  -2   31   0   0   0   0   0  21  20   0   0   0   0   0   0  28   0   0   0   0   0  0.51 0.01
  102 A     2  -1  -1  -2  -1  -1  -1  -1  -2   2   0   1   0  -2  -1   0   2  -3  -2   1   31   0   0   0   0   0   0   0   0  28   0  20   0   0   0   0  21   0   0   0  0.12 0.01
  103 A     4  -1   3  -1  -1  -1  -1   0  -1  -2  -2  -1  -1  -3  -1   1   0  -3  -2  -1   72   0  28   0   0   0   0   0   0   0   0   0   0   0   0   0   0   0   0   0  0.34 0.02
  104 D    -2  -2   1   6  -4   0   1  -2  -1  -3  -4  -1  -3  -4  -2   0  -1  -5  -3  -4    0   0   0 100   0   0   0   0   0   0   0   0   0   0   0   0   0   0   0   0  1.00 0.03
  105 G     2  -2   0  -1  -2  -1  -1   4  -2  -3  -3  -1  -2  -3  -2   2   0  -3  -3  -2   21   0   0   0   0   0   0  51   0   0   0   0   0   0   0  28   0   0   0   0  0.52 0.01
  106 Y    -2  -2  -3  -4  -3  -2  -3  -3   0  -2  -1  -3  -1   4  -4  -2  -2   8   6  -2    0   0   0   0   0   0   0   0   0   0   0   0   0  21   0   0   0  28  51   0  0.99 0.02
  107 I    -2  -3  -4  -3  -1  -3  -4  -4  -4   5   2  -3   1   0  -3  -3  -1  -3  -2   3    0   0   0   0   0   0   0   0   0 100   0   0   0   0   0   0   0   0   0   0  0.45 0.02
  108 A     4  -2  -2  -2  -1  -1  -1   0  -2  -2  -2  -1  -1  -2  -1   1   0  -3  -2   0  100   0   0   0   0   0   0   0   0   0   0   0   0   0   0   0   0   0   0   0  0.45 0.02
  109 A     4  -2  -2  -2  -1  -1  -1   0  -2  -2  -2  -1  -1  -2  -1   1   0  -3  -2   0  100   0   0   0   0   0   0   0   0   0   0   0   0   0   0   0   0   0   0   0  0.45 0.02
  110 T     0  -2  -1  -2  -1  -1  -1  -2  -2   1  -1  -1   0  -2  -2   1   5  -3  -2   1    0   0   0   0   0   0   0   0   0  21   0   0   0   0   0   0  79   0   0   0  0.37 0.02
  111 A     4  -2  -2  -2  -1  -1  -1   0  -2  -2  -2  -1  -1  -2  -1   1   0  -3  -2   0  100   0   0   0   0   0   0   0   0   0   0   0   0   0   0   0   0   0   0   0  0.45 0.02
  112 K    -1   0  -2  -2  -2  -1  -1  -3  -2   1   1   2   1  -1  -2  -1  -1  -3  -2   3    0   0   0   0   0   0   0   0   0   0  21  31   0   0   0   0   0   0   0  48  0.16 0.01
  113 Q     4  -1  -1  -1  -1   3   0   0  -1  -2  -2   0  -1  -3  -1   1   0  -3  -2  -1   69   0   0   0   0  31   0   0   0   0   0   0   0   0   0   0   0   0   0   0  0.34 0.02
  114 H    -2   0   3  -1  -3   0   0  -2   8  -4  -3  -1  -2  -2  -2  -1  -1  -3   1  -3    0   0  21   0   0   0   0   0  79   0   0   0   0   0   0   0   0   0   0   0  0.80 0.03
  115 S     0  -2   0  -1  -2  -1  -2   5  -2  -4  -4  -1  -2  -3  -2   2   0  -3  -3  -3    0   0   0   0   0   0   0  69   0   0   0   0   0   0   0  31   0   0   0   0  0.70 0.02
  116 M    -2  -3  -3  -4  -2  -3  -3  -4  -2   2   2  -3   2   4  -3  -2  -1  -1   1   1    0   0   0   0   0   0   0   0   0  28  15   0  16  41   0   0   0   0   0   0  0.35 0.01
  117 T     2  -1  -1  -2  -1  -1  -1  -1  -2   0   0  -1   2  -2  -1   1   3  -2  -2   0   28   0   0   0   0   0   0   0   0   0   0   0  20   0   0   0  52   0   0   0  0.26 0.02
  118 V    -1  -3  -3  -3  -1  -3  -3  -4  -3   3   1  -3   1  -1  -3  -2   0  -3  -1   4    0   0   0   0   0   0   0   0   0  28   0   0   0   0   0   0   0   0   0  72  0.38 0.02
  119 A     4  -2  -2  -2  -1  -1  -1  -1  -2   0   1  -1   0  -1  -1   0   0  -2  -2   0   72   0   0   0   0   0   0   0   0   0  28   0   0   0   0   0   0   0   0   0  0.26 0.01
  120 T     0  -1   0  -1  -1  -1  -1  -2  -2  -1  -1  -1  -1  -2  -1   1   5  -3  -2   0    0   0   0   0   0   0   0   0   0   0   0   0   0   0   0   0 100   0   0   0  0.54 0.03
  121 R    -1   5   0  -1  -4   3   1  -2   0  -3  -2   2  -1  -3  -2  -1  -1  -3  -2  -3    0  72   0   0   0  28   0   0   0   0   0   0   0   0   0   0   0   0   0   0  0.66 0.02
  122 D    -2  -2   1   6  -4   0   1  -2  -1  -3  -4  -1  -3  -4  -2   0  -1  -5  -3  -4    0   0   0 100   0   0   0   0   0   0   0   0   0   0   0   0   0   0   0   0  1.00 0.03
  123 T    -1  -1   3   0  -1  -1  -1  -1  -1  -1  -2  -1  -1  -3  -2   1   4  -3  -2  -1    0   0  28   0   0   0   0   0   0   0   0   0   0   0   0   0  72   0   0   0  0.43 0.02
  124 G     0  -2   0   3  -3  -1   0   4  -2  -4  -4  -1  -3  -3  -2   1  -1  -3  -3  -3    0   0   0  28   0   0   0  52   0   0   0   0   0   0   0  20   0   0   0   0  0.56 0.01
  125 S     0  -2  -1  -2  -2  -1  -1  -2   0  -2  -2  -1  -2   0   5   2   0  -1   4  -2    0   0   0   0   0   0   0   0   0   0   0   0   0   0  41  31   0   0  28   0  0.70 0.02
  126 F     1  -3  -3  -3  -2  -3  -3  -2  -2  -1   0  -2   0   6  -3  -1  -2   0   2  -1   28   0   0   0   0   0   0   0   0   0   0   0   0  72   0   0   0   0   0   0  0.46 0.02
  127 F     1  -1  -1   0  -2   0   3  -2  -1  -2  -1  -1  -1   3  -2   0  -1  -1   1  -1   28   0   0   0   0   0  41   0   0   0   0   0   0  31   0   0   0   0   0   0  0.24 0.01
  128 A     4  -2  -2  -2  -1  -1  -1  -1  -2  -1   0  -1   3  -2  -1   1   0  -2  -2   0   72   0   0   0   0   0   0   0   0   0   0   0  28   0   0   0   0   0   0   0  0.28 0.02
  129 A     4  -2  -2  -2  -1  -1  -1   0  -2  -2  -2  -1  -1  -3   4   1   0  -3  -2  -1   72   0   0   0   0   0   0   0   0   0   0   0   0   0  28   0   0   0   0   0  0.59 0.02
  130 D    -1  -2   1   5  -3  -1   0   4  -2  -4  -4  -1  -3  -4  -2   0  -1  -4  -3  -3    0   0   0  59   0   0   0  41   0   0   0   0   0   0   0   0   0   0   0   0  0.69 0.02
  131 V    -1  -3  -3  -4  -1  -2  -3  -4  -3   2   3  -3   1   0  -3  -2  -1  -3  -1   3    0   0   0   0   0   0   0   0   0   0  41   0   0   0   0   0   0   0   0  59  0.34 0.01
  132 A     2  -1   3   3  -2   0   3  -1  -1  -3  -3   0  -2  -3  -1   0  -1  -3  -2  -2   31   0  21  20   0   0  28   0   0   0   0   0   0   0   0   0   0   0   0   0  0.35 0.01
  133 V     0  -3  -3  -3  -1  -3  -3  -4  -3   3   1  -3   1  -1  -3  -2   0  -3  -1   4    0   0   0   0   0   0   0   0   0  20   0   0   0   0   0   0   0   0   0  80  0.38 0.02
  134 F    -2  -3  -3  -4  -2  -3  -4  -4  -3   4   1  -3   1   4  -3  -3  -1  -1   1   2    0   0   0   0   0   0   0   0   0  69   0   0   0  31   0   0   0   0   0   0  0.37 0.02
  135 N    -2  -1   6   1  -3   0   0  -1   1  -4  -4   0  -2  -3  -2   1   0  -4  -2  -3    0   0 100   0   0   0   0   0   0   0   0   0   0   0   0   0   0   0   0   0  0.76 0.01
  136 P    -1  -2  -2  -2  -3  -1  -1  -2  -2  -3  -3  -1  -3  -4   8  -1  -1  -4  -3  -3    0   0   0   0   0   0   0   0   0   0   0   0   0   0 100   0   0   0   0   0  2.07 0.01
  137 W    -3  -3  -4  -5  -3  -2  -3  -3  -3  -3  -2  -3  -2   1  -4  -3  -3  11   2  -3    0   0   0   0   0   0   0   0   0   0   0   0   0   0   0   0   0 100   0   0  2.39 0.02
  138 H    -1   0   0   1  -4   1   4  -2   6  -3  -3   0  -2  -2  -2  -1  -1  -3   0  -3    0   0   0   0   0   0  57   0  43   0   0   0   0   0   0   0   0   0   0   0  0.59 0.01
  139 L    -1  -2  -3  -4  -1  -2  -3  -4  -3   1   4  -2   2   0  -3  -2  -1  -2  -1   1    0   0   0   0   0   0   0   0   0   0   0   0   0   0   0   0   0   0   0   0  0.00     0.00
  140 E    -1   0   0   1  -4   2   5  -2   0  -3  -3   1  -2  -3  -1   0  -1  -3  -2  -2    0   0   0   0   0   0   0   0   0   0   0   0   0   0   0   0   0   0   0   0  0.00     0.00
  141 H    -2   0   1  -1  -3   0   0  -2   7  -3  -3  -1  -2  -1  -2  -1  -2  -2   2  -3    0   0   0   0   0   0   0   0   0   0   0   0   0   0   0   0   0   0   0   0  0.00     0.00
  142 H    -2   0   1  -1  -3   0   0  -2   7  -3  -3  -1  -2  -1  -2  -1  -2  -2   2  -3    0   0   0   0   0   0   0   0   0   0   0   0   0   0   0   0   0   0   0   0  0.00     0.00
  143 H    -2   0   1  -1  -3   0   0  -2   7  -3  -3  -1  -2  -1  -2  -1  -2  -2   2  -3    0   0   0   0   0   0   0   0   0   0   0   0   0   0   0   0   0   0   0   0  0.00     0.00

                      K         Lambda
Standard Ungapped    0.1343     0.3214
Standard Gapped      0.0413     0.2670
PSI Ungapped         0.1350     0.3175
PSI Gapped           0.0413     0.2670
