
Last position-specific scoring matrix computed, weighted observed percentages rounded down, information per position, and relative weight of gapless real matches to pseudocounts
           A  R  N  D  C  Q  E  G  H  I  L  K  M  F  P  S  T  W  Y  V   A   R   N   D   C   Q   E   G   H   I   L   K   M   F   P   S   T   W   Y   V
    1 R   -3  7 -2 -3 -5  1 -1 -4 -1 -4 -4  1 -3 -4 -3 -2 -2 -4 -3 -4    0  94   0   0   0   4   0   0   0   0   0   2   0   0   0   0   0   0   0   0  1.42 0.22
    2 R   -3  8 -2 -3 -5  0 -2 -4 -2 -5 -4  1 -3 -4 -4 -2 -3 -4 -3 -4    0 100   0   0   0   0   0   0   0   0   0   0   0   0   0   0   0   0   0   0  1.70 0.28
    3 M   -1  1 -2 -2 -3  2 -1 -3 -2  0  2  3  3 -2  0 -1 -1 -3 -2  0    0   7   0   0   0  12   0   0   0   0  24  26  14   0   4   3   0   0   0   9  0.23 0.10
    4 A    4 -1 -1 -2 -2 -1  0 -1 -2 -2 -1  2 -2 -3 -2  0  1 -4 -3 -1   61   0   3   0   0   0   5   0   0   0   4  16   0   0   0   0  11   0   0   0  0.45 0.14
    5 N    5 -3  2 -2 -2 -2 -2 -1 -2  0 -3 -2 -2 -3 -2  0 -1 -4 -3 -1   78   0  12   0   0   0   0   0   0   6   0   0   0   0   0   3   0   0   0   0  0.71 0.19
    6 N   -2 -2  7  0 -3 -1 -2 -2 -1 -4 -4 -2 -3 -4 -3  0  3 -5 -3 -3    0   0  72   0   0   0   0   0   0   0   0   0   0   0   0   4  25   0   0   0  1.15 0.23
    7 A    3 -1 -2  0 -2 -1  0 -2 -2  1  1 -1  3 -2 -2  0 -1 -3 -2  1   39   4   0   7   0   0   7   0   0   7  10   0  14   0   0   4   0   0   0   8  0.19 0.09
    8 R   -3  7 -2 -3 -5  0 -2 -4 -2 -5 -4  2 -3 -4 -4 -2 -3 -4 -3 -4    0  96   0   0   0   0   0   0   0   0   0   4   0   0   0   0   0   0   0   0  1.62 0.27
    9 E   -2 -2 -2  0 -5  0  7 -4 -2 -5 -5 -1 -4 -5 -3 -2 -2 -5 -4 -4    0   0   0   0   0   0 100   0   0   0   0   0   0   0   0   0   0   0   0   0  1.57 0.28
   10 R   -3  7 -2 -3 -5  0 -2 -4 -2 -5 -4  1 -3 -4 -4 -2 -3 -4 -3 -4    0  97   0   0   0   0   0   0   0   0   0   3   0   0   0   0   0   0   0   0  1.66 0.28
   11 V   -2  5  2 -2 -3  0 -1 -3 -1 -1 -1  2  0 -3 -3 -1  1 -4 -3 -1    0  48  10   0   0   0   0   0   0   3   6  15   3   0   0   3   8   0   0   3  0.49 0.13
   12 R   -3  8 -2 -3 -5 -1 -2 -4 -2 -5 -4  1 -3 -5 -4 -2 -3 -4 -3 -4    0 100   0   0   0   0   0   0   0   0   0   0   0   0   0   0   0   0   0   0  1.73 0.29
   13 V   -2 -3 -4 -4 -2 -2 -3 -4 -3  2  3 -3  7 -1 -4 -3  0 -3 -2  2    0   0   0   0   0   0   0   0   0  10  25   0  49   0   0   0   4   0   0  12  0.75 0.18
   14 R   -2  3  0 -2  1  2 -1 -2  6 -3 -1  1 -2 -1 -3  0 -2 -3 -1 -3    0  21   3   0   4  14   0   2  30   0   6  10   0   3   0   7   0   0   0   0  0.47 0.13
   15 D   -1 -1  2  3 -3  0  0  1 -2 -4 -4  3 -3 -4 -2  1  0 -4 -3 -3    0   0  13  26   0   0   3  13   0   0   0  25   0   0   0  13   7   0   0   0  0.42 0.11
   16 I   -2 -3 -4 -4 -2 -3 -4 -5 -3  4  3 -3  1  0 -4 -3 -2 -2  1  3    0   0   0   0   0   0   0   0   0  33  41   0   0   0   0   0   0   0   6  20  0.56 0.13
   17 N   -3 -2  8  0 -4 -2 -2 -2 -1 -5 -5 -2 -4 -5 -4  0 -2 -5 -4 -5    0   0  96   0   0   0   0   0   0   0   0   0   0   0   0   4   0   0   0   0  1.69 0.29
   18 E    0 -1 -1  3 -3  1  4 -2  0 -1 -3 -1 -2 -3 -2  1  1 -4 -3  0    7   0   0  21   0   7  36   0   2   4   0   0   0   0   0   8   8   0   0   7  0.40 0.11
   19 A    6 -3 -3 -3 -2 -2 -2 -1 -3 -3 -3 -2 -2 -4 -2  0 -1 -4 -3 -2  100   0   0   0   0   0   0   0   0   0   0   0   0   0   0   0   0   0   0   0  1.16 0.25
   20 F   -3 -4 -4 -5 -3 -4 -4 -5 -3 -1  2 -4  1  7 -5 -4 -3 -1  2 -2    0   0   0   0   0   0   0   0   0   0  20   0   4  72   0   0   0   0   3   0  1.19 0.21
   21 R   -1  0  1  4 -4  1  4 -2 -1 -2 -4  1 -3 -4 -2 -1 -2 -4 -3 -3    4   3   6  36   0   3  35   0   0   4   0   9   0   0   0   0   0   0   0   0  0.64 0.13
   22 E    2  0  1 -1 -2  0  3  0 -1 -2 -3  0 -2 -3 -2  1  1 -3 -2 -1   24   6   6   0   0   2  26   6   0   1   0   5   0   0   0   8  13   0   0   3  0.25 0.08
   23 L   -3 -4 -5 -5 -3 -3 -4 -5 -4  0  6 -4  1 -1 -4 -4 -2 -3 -2  0    0   0   0   0   0   0   0   0   0   0  97   0   0   0   0   0   0   0   0   3  1.06 0.21
   24 G   -1  4 -1 -1 -2  0  0  1 -1 -2 -2  3 -2 -2 -1 -1 -1 -2 -2 -2    2  37   1   1   1   1   2  14   1   1   3  26   1   1   1   2   2   0   1   2  0.40 0.08
   25 R   -2  6  0 -2 -4  1  0 -3  1 -4 -4  3 -3 -4 -3 -2 -2 -4 -3 -4    3  69   4   0   0   3   4   0   3   0   0  14   0   0   0   0   0   0   0   0  1.00 0.19
   26 M    0 -1 -1 -2  4  1  1 -1 -2  0 -1  0  3 -2 -2  0 -1 -2  0  2    4   0   3   0  15   7  11   3   0   0   1   5  16   0   0   9   1   0   4  20  0.16 0.08
   27 C    0 -2 -2 -3  5 -2 -2 -2 -1  1  0 -2  1 -1  0 -1  1 -2  0  3    4   1   1   1  17   1   1   1   2   7   5   1   3   1   5   3  11   0   3  34  0.24 0.07
   28 Q   -1  1 -2 -2 -2  1 -1 -3 -1  1  1 -1  1 -1  4 -1 -1 -2  0  0    1  10   0   1   0   9   1   1   2  12  20   2   3   0  24   5   2   0   4   2  0.28 0.06
   29 L    0 -2 -2 -2  4 -2 -1 -3  0 -2  0 -2 -2 -2  5 -1  3 -3 -1 -2    6   0   0   0  11   0   4   0   3   0   9   0   0   0  30   0  30   0   3   0  0.56 0.12
   30 H    0 -1  1 -1  3  1  0 -2  6 -2 -2 -1 -2 -1 -2  1  0 -2  3 -1    6   1   6   1   8   6   4   1  29   1   1   1   0   1   1  11   6   0  11   4  0.31 0.08
   31 L    0 -2 -1  0 -2 -2 -2 -1 -2  1  1 -2  0  2  0  1  0  3  0  0    5   0   2   7   0   0   0   4   0   7  22   0   0  15   5  17   2   5   0   8  0.10 0.05
   32 K   -1 -1  4  0 -3 -1  0  0 -1 -3 -2  2 -2 -3  4 -1 -1 -4  0 -3    3   0  30   3   0   0   3   8   0   0   6  20   0   0  23   0   0   0   4   0  0.48 0.12
   33 S    0 -2  0  0 -3  0  0  1 -1 -3 -3 -1  0 -2  4  2  1 -3  1 -2    4   0   5   6   0   3   3  10   0   0   0   0   3   0  25  25   7   0   8   0  0.41 0.09
   34 D   -2 -1  4  4 -4  2  3  1 -1 -3 -4 -1 -3 -4 -2 -1 -1 -4 -3 -1    0   0  25  26   0  11  22  10   0   0   0   0   0   0   0   0   0   0   0   6  0.53 0.12
   35 K   -1  3 -1 -2 -4  4  1 -3 -1 -4 -3  5 -2 -4 -2 -1  1 -4 -3 -3    2  12   0   0   0  25   3   0   0   0   0  48   0   0   0   0   9   0   0   0  0.68 0.16
   36 A   -1  5 -1 -2 -3  1 -1 -2 -1 -3 -3  4 -2 -3  2 -1 -2 -3 -2 -3    4  43   0   1   0   3   1   1   0   1   1  32   0   0   9   1   1   0   0   1  0.66 0.13
   37 Q   -3 -3 -4 -4 -3  2 -3 -5 -3  0  5 -3  1 -1 -4 -3 -2 -3 -2 -1    0   0   0   0   0  12   0   0   0   0  88   0   0   0   0   0   0   0   0   0  0.86 0.20
   38 T   -1 -2 -1 -2 -2 -2 -2 -2 -3 -3 -3 -2 -3 -4  4  4  3 -4 -3 -3    0   0   0   0   0   0   0   0   0   0   0   0   0   0  25  53  23   0   0   0  0.83 0.19
   39 K   -2  1 -2 -2 -5  0 -1 -3 -2 -4 -4  7 -3 -5 -3 -2 -2 -5 -3 -4    0   3   0   0   0   0   0   0   0   0   0  97   0   0   0   0   0   0   0   0  1.36 0.27
   40 L   -2 -3 -4 -4 -2 -3 -4 -4  0  4  2 -3  0  1 -4 -3 -2 -2  1  3    0   0   0   0   0   0   0   0   3  45  16   0   0   3   0   0   0   0   7  26  0.52 0.13
   41 L    1 -1 -1  2 -3  0  5 -1 -2 -3 -1  0 -2 -3 -2 -1 -1 -4 -3 -2   16   0   0   8   0   0  56   3   0   0   9   4   0   0   0   0   3   0   0   0  0.54 0.15
   42 I   -2 -3 -2 -3 -2 -3 -3 -4 -4  4 -1 -3 -1 -2 -3 -1  5 -4 -3  0    0   0   0   0   0   0   0   0   0  42   0   0   0   0   0   0  58   0   0   0  0.80 0.21
   43 L   -3 -4 -5 -5 -3 -4 -4 -5 -4  0  6 -4  1 -1 -4 -4 -3 -3 -2  0    0   0   0   0   0   0   0   0   0   0 100   0   0   0   0   0   0   0   0   0  1.12 0.22
   44 Q   -2  6  1 -2 -4  3 -1 -3  2 -3 -1  1 -2 -4 -3 -2 -1 -4 -2 -3    0  58   7   0   0  19   0   0   6   0   6   0   0   0   0   0   3   0   0   0  0.79 0.18
   45 Q   -2  0  2 -2 -2  1 -2 -3 -2  0  2 -1  3  1 -3  0 -1 -2 -1 -1    0   6  14   0   0   9   0   0   0   4  33   0  16   7   0  10   0   0   0   0  0.22 0.10
   46 A    6 -3 -3 -3 -2 -2 -2 -1 -3 -3 -3 -2 -2 -4 -2  0 -1 -4 -3 -2  100   0   0   0   0   0   0   0   0   0   0   0   0   0   0   0   0   0   0   0  1.16 0.25
   47 V   -2  0 -2 -3  1  1 -2 -4  1  3  0  1  1 -1 -3 -2  0 -3 -1  2    0   7   0   0   4   8   0   0   5  39   5  10   3   0   0   0   4   0   2  12  0.22 0.09
   48 Q    0  0  4  0 -3  1  1 -1  1 -2 -3  1 -2 -3 -2  2  1 -4 -2 -2    6   3  33   3   0   7   6   2   3   2   0   7   0   0   0  22   6   0   0   0  0.37 0.10
   49 V   -3  0 -4 -5 -4 -3 -3 -5  0 -2 -2 -3 -2  1 -4 -3 -3  0  8  1    0   6   0   0   0   0   0   0   0   0   0   0   0   0   0   0   0   0  82  12  1.51 0.27
   50 I   -3 -5 -5 -5 -3 -4 -5 -5 -5  7  0 -4  0 -2 -4 -4 -2 -4 -3  1    0   0   0   0   0   0   0   0   0 100   0   0   0   0   0   0   0   0   0   0  1.34 0.26
   51 L    0 -2  1 -1 -3 -1  2 -3 -2  0  1 -1  2 -1 -3  0  0  6 -1 -1    8   0  11   2   0   0  24   0   0   4  20   0   8   2   0   6   3  13   0   0  0.27 0.10
   52 G    2  0  1 -2  1 -1 -2  0 -2 -2 -2  0  3 -1 -2  2  1 -3  0 -1   31   6   6   0   3   0   0   5   0   0   0   3  14   2   0  18   6   0   4   0  0.20 0.09
   53 L   -3 -3 -5 -5 -3 -1 -4 -5 -4  0  5 -4  1 -1 -4 -4 -2 -3 -2  0    0   0   0   0   0   4   0   0   0   0  96   0   0   0   0   0   0   0   0   0  1.03 0.22
   54 E    1 -1  0  0 -3  3  3 -1 -1 -3 -3  0 -2 -4 -2  2  2 -3 -3 -2    9   0   2   4   0  20  21   3   0   0   0   0   0   0   0  26  15   0   0   0  0.39 0.11
   55 Q    0  2  1  3 -3  3  2 -2  1 -3 -2  0 -2 -3 -2  0 -1 -3 -2 -3    7  14   4  19   0  24  18   2   4   0   5   0   0   0   0   2   2   0   0   0  0.38 0.10
   56 Q   -1 -2 -2 -3 -2  1 -2 -3 -2  2  2 -2  1 -1 -3  0  1 -3 -2  2    4   0   0   0   0  13   0   0   0  19  32   0   3   0   0   8   8   0   0  13  0.22 0.08
   57 V   -2 -3 -4 -5 -2 -3 -4 -5 -4  2  5 -4  1 -1 -4 -3 -2 -3 -2  2    0   0   0   0   0   0   0   0   0  10  74   0   0   0   0   0   0   0   0  16  0.74 0.15
   58 R   -1  6 -1 -2 -4  3  2 -3 -1 -4 -3  2 -2 -4 -3 -1 -1 -4 -3 -3    3  63   0   0   0  13  12   0   0   0   0   5   0   0   0   3   3   0   0   0  0.81 0.15
   59 E   -2 -1  0  3 -4  3  5 -2 -1 -4 -4  0 -2 -4 -2 -1 -1 -4 -3 -3    0   0   0  21   0  15  64   0   0   0   0   0   0   0   0   0   0   0   0   0  0.79 0.09
   60 R   -1  4  0 -1 -3  4  1 -2  0 -3 -2  2 -1 -3 -2 -1 -1 -3 -2 -3    0  49   0   0   0  51   0   0   0   0   0   0   0   0   0   0   0   0   0   0  0.60 0.02

                      K         Lambda
Standard Ungapped    0.1357     0.3258
Standard Gapped      0.0403     0.2670
PSI Ungapped         0.1316     0.3135
PSI Gapped           0.0403     0.2670
