
Last position-specific scoring matrix computed, weighted observed percentages rounded down, information per position, and relative weight of gapless real matches to pseudocounts
            A   R   N   D   C   Q   E   G   H   I   L   K   M   F   P   S   T   W   Y   V   A   R   N   D   C   Q   E   G   H   I   L   K   M   F   P   S   T   W   Y   V
    1 T     0  -1   0  -1  -1  -1  -1  -2  -2  -1  -1  -1  -1  -2  -1   1   5  -3  -2   0    0   0   0   0   0   0   0   0   0   0   0   0   0   0   0   0 100   0   0   0  0.46 0.00
    2 P    -1  -2  -2  -2  -3  -1  -1  -2  -2  -3  -3  -1  -3  -4   8  -1  -1  -4  -3  -2    0   0   0   0   0   0   0   0   0   0   0   0   0   0 100   0   0   0   0   0  2.03 0.00
    3 L    -2  -2  -4  -4  -1  -2  -3  -4  -3   2   4  -3   2   0  -3  -3  -1  -2  -1   1    0   0   0   0   0   0   0   0   0   0 100   0   0   0   0   0   0   0   0   0  0.45 0.00
    4 H    -2   0   1  -1  -3   0   0  -2   8  -3  -3  -1  -2  -1  -2  -1  -2  -2   2  -3    0   0   0   0   0   0   0   0 100   0   0   0   0   0   0   0   0   0   0   0  0.84 0.00
    5 S     1  -1   1   0  -1   0   0   0  -1  -2  -3   0  -2  -2  -1   4   1  -3  -2  -2    0   0   0   0   0   0   0   0   0   0   0   0   0   0   0 100   0   0   0   0  0.45 0.00
    6 S     1  -1   1   0  -1   0   0   0  -1  -2  -3   0  -2  -2  -1   4   1  -3  -2  -2    0   0   0   0   0   0   0   0   0   0   0   0   0   0   0 100   0   0   0   0  0.45 0.00
    7 T     0  -1  -1  -2  -1  -1  -1  -2  -2   0   0  -1   3  -1  -2   1   4  -2  -1   0    0   0   0   0   0   0   0   0   0   0   0   0  38   0   0   0  62   0   0   0  0.26 0.00
    8 L    -2  -2  -4  -4  -1  -2  -3  -4  -3   2   4  -3   2   0  -3  -3  -1  -2  -1   1    0   0   0   0   0   0   0   0   0   0 100   0   0   0   0   0   0   0   0   0  0.48 0.01
    9 T     0  -1   2   0  -1   0  -1  -1  -1  -2  -2   0  -1  -2  -1   3   3  -3  -2  -1    0   0  17   0   0   0   0   0   0   0   0   0   0   0   0  33  49   0   0   0  0.37 0.01
   10 P    -1  -2  -2  -2  -3  -1  -1  -2  -2  -3  -3  -1  -3  -4   8  -1  -1  -4  -3  -3    0   0   0   0   0   0   0   0   0   0   0   0   0   0 100   0   0   0   0   0  2.08 0.02
   11 M    -1  -2   2  -1  -2  -1  -2   3  -1   0   0  -1   4  -1  -2  -1  -1  -2  -2  -1    0   0  17   0   0   0   0  33   0   0   0   0  49   0   0   0   0   0   0   0  0.24 0.01
   12 H    -2   0   0  -1  -3   0   0  -2   8  -3  -3  -1  -2  -1  -2  -1  -2  -3   2  -3    0   0   0   0   0   0   0   0 100   0   0   0   0   0   0   0   0   0   0   0  0.95 0.02
   13 L    -2  -2  -4  -4  -1  -2  -3  -4  -3   2   4  -3   2   0  -3  -3  -1  -2  -1   1    0   0   0   0   0   0   0   0   0   0 100   0   0   0   0   0   0   0   0   0  0.48 0.01
   14 R    -1   5   0  -1  -3   1   0  -2  -1  -3  -2   4  -1  -3  -2  -1  -1  -3  -2  -3    0  49   0   0   0   0   0   0   0   0   0  51   0   0   0   0   0   0   0   0  0.57 0.01
   15 K    -1   2   0  -1  -3   1   1  -2  -1  -3  -3   5  -1  -3  -1   0  -1  -3  -2  -2    0   0   0   0   0   0   0   0   0   0   0 100   0   0   0   0   0   0   0   0  0.56 0.01
   16 A     4  -2  -2  -2   0  -1  -1   0  -2  -1  -2  -1  -1  -2  -1   1   0  -3  -2   0  100   0   0   0   0   0   0   0   0   0   0   0   0   0   0   0   0   0   0   0  0.43 0.01
   17 K    -1   2   0  -1  -3   1   1  -2  -1  -3  -3   5  -1  -3  -1   0  -1  -3  -2  -2    0   0   0   0   0   0   0   0   0   0   0 100   0   0   0   0   0   0   0   0  0.56 0.01
   18 L    -2  -2  -4  -4  -1  -2  -3  -4  -3   2   4  -3   2   0  -3  -3  -1  -2  -1   1    0   0   0   0   0   0   0   0   0   0 100   0   0   0   0   0   0   0   0   0  0.48 0.01
   19 M    -1  -2  -2  -3  -2  -1  -2  -3  -2   1   2  -2   6   0  -3  -2  -1  -2  -1   1    0   0   0   0   0   0   0   0   0   0   0   0 100   0   0   0   0   0   0   0  0.43 0.02
   20 F    -2  -3  -3  -4  -3  -3  -3  -3  -1   0   0  -3   0   7  -4  -3  -2   1   3  -1    0   0   0   0   0   0   0   0   0   0   0   0   0 100   0   0   0   0   0   0  0.80 0.01
   21 F    -2  -3  -3  -4  -3  -3  -3  -3  -1   0   0  -3   0   7  -4  -3  -2   1   3  -1    0   0   0   0   0   0   0   0   0   0   0   0   0 100   0   0   0   0   0   0  0.80 0.01
   22 W    -2  -2  -3  -4  -3  -2  -3  -3   0  -1  -1  -3  -1   4  -4  -2  -2   8   5  -2    0   0   0   0   0   0   0   0   0   0   0   0   0  33   0   0   0  30  37   0  0.95 0.01
   23 V     0  -2  -1  -2  -1  -1  -1  -2  -2   1  -1  -1   0  -2  -2   1   4  -3  -2   2    0   0   0   0   0   0   0   0   0   0   0   0   0   0   0   0  70   0   0  30  0.32 0.01
   24 R    -2   6  -1  -2  -4   1   0  -2   0  -3  -2   2  -2  -3  -2  -1  -1  -3  -2  -3    0 100   0   0   0   0   0   0   0   0   0   0   0   0   0   0   0   0   0   0  0.80 0.01
   25 Y    -2  -2  -2  -3  -3  -2  -2  -3   2  -1  -1  -2  -1   3  -3  -2  -2   2   7  -1    0   0   0   0   0   0   0   0   0   0   0   0   0   0   0   0   0   0 100   0  0.93 0.02
   26 P    -1  -2  -2  -2  -3  -1  -1  -2  -2  -3  -3  -1  -3  -4   8  -1  -1  -4  -3  -3    0   0   0   0   0   0   0   0   0   0   0   0   0   0 100   0   0   0   0   0  2.08 0.02
   27 S     1  -1   3   0  -1   0   0   0  -1  -3  -3   0  -2  -3  -1   4   1  -3  -2  -2    0   0  19   0   0   0   0   0   0   0   0   0   0   0   0  81   0   0   0   0  0.43 0.01
   28 S     1  -1   1   0  -1   0   0   0  -1  -3  -3   0  -2  -3  -1   4   1  -3  -2  -2    0   0   0   0   0   0   0   0   0   0   0   0   0   0   0 100   0   0   0   0  0.49 0.01
   29 A     2  -1   4   0  -2   0   0   0   0  -3  -3   0  -2  -3  -2   2   0  -3  -2  -2   30   0  54   0   0   0   0   0   0   0   0   0   0   0   0  16   0   0   0   0  0.39 0.01
   30 V    -1  -2  -3  -4  -1  -2  -3  -3  -3   2   3  -2   3   0  -3  -2  -1  -2  -1   2    0   0   0   0   0   0   0   0   0   0  53   0  17   0   0   0   0   0   0  30  0.32 0.01
   31 L    -2  -2  -4  -4  -1  -2  -3  -4  -3   2   4  -3   2   0  -3  -3  -1  -2  -1   1    0   0   0   0   0   0   0   0   0   0 100   0   0   0   0   0   0   0   0   0  0.48 0.01
   32 K    -1   2   0  -1  -3   1   1  -2  -1  -3  -3   5  -1  -3  -1   0  -1  -3  -2  -2    0   0   0   0   0   0   0   0   0   0   0 100   0   0   0   0   0   0   0   0  0.56 0.01
   33 M     1  -1  -1  -2  -1  -1  -1  -1  -2   0   0  -1   3  -1  -2   1   2  -2  -1   1   16   0   0   0   0   0   0   0   0   0   0   0  30   0   0  19  17   0   0  17  0.15 0.00
   34 Y    -2  -2  -2  -3  -3  -2  -2  -3   2  -1  -1  -2  -1   3  -3  -2  -2   2   7  -1    0   0   0   0   0   0   0   0   0   0   0   0   0   0   0   0   0   0 100   0  0.93 0.02
   35 F    -2  -3  -3  -4  -3  -3  -3  -3  -1   0   0  -3   0   7  -4  -3  -2   1   3  -1    0   0   0   0   0   0   0   0   0   0   0   0   0 100   0   0   0   0   0   0  0.80 0.01
   36 P     0  -2  -1  -1  -3  -1  -1  -2  -2  -3  -3  -1  -2  -4   7   1  -1  -4  -3  -2    0   0   0   0   0   0   0   0   0   0   0   0   0   0  83  17   0   0   0   0  1.61 0.01
   37 D    -2  -2   1   6  -4   0   2  -1  -1  -3  -4  -1  -3  -4  -2   0  -1  -4  -3  -3    0   0   0 100   0   0   0   0   0   0   0   0   0   0   0   0   0   0   0   0  0.97 0.01
   38 I    -1  -3  -3  -3  -1  -3  -3  -4  -3   4   1  -3   1  -1  -3  -2   0  -3  -1   3    0   0   0   0   0   0   0   0   0  49   0   0   0   0   0   0   0   0   0  51  0.36 0.01
   39 K    -1   3   0  -1  -3   3   1  -2   0  -3  -2   4  -1  -3  -1   0  -1  -3  -2  -2    0  19   0   0   0  33   0   0   0   0   0  47   0   0   0   0   0   0   0   0  0.49 0.01
   40 F    -2  -3  -3  -4  -3  -3  -3  -3  -1   0   0  -3   0   7  -4  -3  -2   1   3  -1    0   0   0   0   0   0   0   0   0   0   0   0   0 100   0   0   0   0   0   0  0.80 0.01
   41 N    -2  -1   6   1  -3   0   0  -1   1  -3  -4   0  -2  -3  -2   1   0  -4  -2  -3    0   0 100   0   0   0   0   0   0   0   0   0   0   0   0   0   0   0   0   0  0.78 0.01
   42 K    -1   5   0  -1  -3   1   0  -2  -1  -3  -2   4  -1  -3  -2  -1  -1  -3  -2  -3    0  51   0   0   0   0   0   0   0   0   0  49   0   0   0   0   0   0   0   0  0.58 0.01
   43 N    -1  -2   4   0   7  -1  -2  -1  -1  -2  -2  -1  -2  -3  -3   0  -1  -3  -2  -2    0   0  49   0  51   0   0   0   0   0   0   0   0   0   0   0   0   0   0   0  0.66 0.01
   44 N    -2  -2   4   0  -2  -1  -2  -2  -1   3   0  -1   0  -1  -3  -1   0  -3  -2   1    0   0  49   0   0   0   0   0   0  51   0   0   0   0   0   0   0   0   0   0  0.24 0.01
   45 T     0  -1   0  -1  -1  -1  -1  -2  -2  -1  -1  -1  -1  -2  -1   1   5  -3  -2   0    0   0   0   0   0   0   0   0   0   0   0   0   0   0   0   0 100   0   0   0  0.51 0.01
   46 A     3  -1   0  -1  -1   0  -1   0  -1  -2  -2  -1  -1  -2  -1   3   1  -3  -2  -1   49   0   0   0   0   0   0   0   0   0   0   0   0   0   0  51   0   0   0   0  0.36 0.01
   47 Q    -1   1   0   0  -3   6   2  -2   0  -3  -2   1  -1  -3  -1   0  -1  -2  -2  -2    0   0   0   0   0 100   0   0   0   0   0   0   0   0   0   0   0   0   0   0  0.71 0.02
   48 L    -1  -2  -3  -4  -1  -2  -3  -3  -2   1   4  -2   4   0  -3  -2  -1  -2  -1   1    0   0   0   0   0   0   0   0   0   0  67   0  33   0   0   0   0   0   0   0  0.39 0.01
   49 V    -1  -3  -3  -3  -1  -3  -3  -4  -3   4   1  -3   1  -1  -3  -2   0  -3  -1   3    0   0   0   0   0   0   0   0   0  51   0   0   0   0   0   0   0   0   0  49  0.36 0.01
   50 K    -1   2   0  -1  -3   1   1  -2  -1  -3  -3   5  -1  -3  -1   0  -1  -3  -2  -2    0   0   0   0   0   0   0   0   0   0   0 100   0   0   0   0   0   0   0   0  0.56 0.01
   51 W    -3  -3  -4  -5  -3  -2  -3  -3  -3  -3  -2  -3  -2   1  -4  -3  -3  11   2  -3    0   0   0   0   0   0   0   0   0   0   0   0   0   0   0   0   0 100   0   0  2.43 0.02
   52 F    -2  -3  -3  -4  -3  -3  -3  -3  -1   0   0  -3   0   7  -4  -3  -2   1   3  -1    0   0   0   0   0   0   0   0   0   0   0   0   0 100   0   0   0   0   0   0  0.80 0.01
   53 S     1  -1   1   0  -1   0   0   0  -1  -3  -3   0  -2  -3  -1   4   1  -3  -2  -2    0   0   0   0   0   0   0   0   0   0   0   0   0   0   0 100   0   0   0   0  0.49 0.01
   54 N    -2  -1   6   1  -3   0   0  -1   1  -3  -4   0  -2  -3  -2   1   0  -4  -2  -3    0   0 100   0   0   0   0   0   0   0   0   0   0   0   0   0   0   0   0   0  0.78 0.01
   55 F    -2  -3  -3  -4  -3  -3  -3  -3  -1   0   0  -3   0   7  -4  -3  -2   1   3  -1    0   0   0   0   0   0   0   0   0   0   0   0   0 100   0   0   0   0   0   0  0.80 0.01
   56 R    -2   6  -1  -2  -4   1   0  -2   0  -3  -2   2  -2  -3  -2  -1  -1  -3  -2  -3    0 100   0   0   0   0   0   0   0   0   0   0   0   0   0   0   0   0   0   0  0.80 0.01
   57 E    -1   0   0   2  -4   2   5  -2   0  -3  -3   1  -2  -3  -1   0  -1  -3  -2  -3    0   0   0   0   0   0 100   0   0   0   0   0   0   0   0   0   0   0   0   0  0.77 0.01
   58 F    -2  -3  -3  -4  -3  -3  -3  -3  -1   0   0  -3   0   7  -4  -3  -2   1   3  -1    0   0   0   0   0   0   0   0   0   0   0   0   0 100   0   0   0   0   0   0  0.80 0.01
   59 Y    -2  -2  -2  -3  -3  -2  -2  -3   2  -1  -1  -2  -1   3  -3  -2  -2   2   7  -1    0   0   0   0   0   0   0   0   0   0   0   0   0   0   0   0   0   0 100   0  0.93 0.02
   60 Y    -2  -2  -2  -3  -3  -2  -2  -3   2  -1  -1  -2  -1   3  -3  -2  -2   2   7  -1    0   0   0   0   0   0   0   0   0   0   0   0   0   0   0   0   0   0 100   0  0.93 0.02
   61 I    -1  -2   2  -2  -2  -2  -3  -3  -2   4   1  -2   1  -1  -3  -2  -1  -3  -2   2    0   0  19   0   0   0   0   0   0  81   0   0   0   0   0   0   0   0   0   0  0.25 0.01
   62 Q    -1   1   0   0  -3   6   2  -2   0  -3  -2   1  -1  -3  -1   0  -1  -2  -2  -2    0   0   0   0   0 100   0   0   0   0   0   0   0   0   0   0   0   0   0   0  0.71 0.02
   63 M    -1  -2  -2  -3  -2  -1  -2  -3  -2   1   2  -2   6   0  -3  -2  -1  -2  -1   1    0   0   0   0   0   0   0   0   0   0   0   0 100   0   0   0   0   0   0   0  0.43 0.02
   64 E    -1   0   0   2  -4   2   5  -2   0  -3  -3   1  -2  -3  -1   0  -1  -3  -2  -3    0   0   0   0   0   0 100   0   0   0   0   0   0   0   0   0   0   0   0   0  0.77 0.01
   65 K    -1   2   0  -1  -3   1   1  -2  -1  -3  -3   5  -1  -3  -1   0  -1  -3  -2  -2    0   0   0   0   0   0   0   0   0   0   0 100   0   0   0   0   0   0   0   0  0.56 0.01
   66 Y    -1  -2  -2  -3  -2  -2  -2  -3   1  -1  -1  -2  -1   4  -3   0  -1   1   6  -1    0   0   0   0   0   0   0   0   0   0   0   0   0  19   0  17   0   0  63   0  0.57 0.01
   67 A     4  -2  -2  -2   0  -1  -1   0  -2  -1  -2  -1  -1  -2  -1   1   0  -3  -2   0  100   0   0   0   0   0   0   0   0   0   0   0   0   0   0   0   0   0   0   0  0.43 0.01
   68 R    -2   6  -1  -2  -4   1   0  -2   0  -3  -2   2  -2  -3  -2  -1  -1  -3  -2  -3    0 100   0   0   0   0   0   0   0   0   0   0   0   0   0   0   0   0   0   0  0.80 0.01
   69 Q    -1   1   0   0  -3   6   2  -2   0  -3  -2   1  -1  -3  -1   0  -1  -2  -2  -2    0   0   0   0   0 100   0   0   0   0   0   0   0   0   0   0   0   0   0   0  0.71 0.02
   70 A     4  -2  -2  -2   0  -1  -1   0  -2  -1  -2  -1  -1  -2  -1   1   0  -3  -2   0  100   0   0   0   0   0   0   0   0   0   0   0   0   0   0   0   0   0   0   0  0.43 0.01
   71 V    -1  -3  -3  -3  -1  -2  -3  -4  -3   3   3  -3   1   0  -3  -2  -1  -2  -1   3    0   0   0   0   0   0   0   0   0  34  36   0   0   0   0   0   0   0   0  30  0.34 0.00
   72 T     2  -1   2   0  -1   0  -1  -1  -1  -2  -2   0  -1  -2  -1   2   3  -3  -2  -1   19   0  17   0   0   0   0   0   0   0   0   0   0   0   0  33  30   0   0   0  0.31 0.00
   73 E    -1  -1   1   5  -4   1   4  -2  -1  -3  -3   0  -3  -4  -1   0  -1  -4  -3  -3    0   0   0  51   0   0  49   0   0   0   0   0   0   0   0   0   0   0   0   0  0.71 0.01
   74 G     0  -2  -1  -1  -3  -2  -2   6  -2  -4  -4  -2  -3  -3  -2   0  -2  -3  -3  -3    0   0   0   0   0   0   0 100   0   0   0   0   0   0   0   0   0   0   0   0  1.07 0.01
   75 I    -1  -3  -3  -3  -1  -3  -3  -4  -3   4   1  -3   1   0  -3  -2  -1  -3  -1   3    0   0   0   0   0   0   0   0   0  66   0   0   0   0   0   0   0   0   0  34  0.38 0.01
   76 K     0   0   0  -1  -1   0   0  -2  -1  -1  -2   2  -1  -3  -1   1   4  -3  -2  -1    0   0   0   0   0   0   0   0   0   0   0  30   0   0   0   0  70   0   0   0  0.36 0.01
   77 T    -1  -1   4   3  -2   0   0  -1  -1  -2  -3   0  -2  -3  -1   2   2  -3  -2  -2    0   0  33  19   0   0   0   0   0   0   0   0   0   0   0  17  30   0   0   0  0.38 0.01
   78 P     1   2  -1  -2  -2  -1  -1  -2  -2  -2  -2   0  -2  -3   6   0   1  -3  -2  -2   16  19   0   0   0   0   0   0   0   0   0   0   0   0  47   0  17   0   0   0  0.78 0.01
   79 D    -1   0   3   3  -3   2   2  -1   0  -3  -3   2  -2  -3  -1   0  -1  -3  -2  -3    0   0  19  30   0  16  17   0   0   0   0  17   0   0   0   0   0   0   0   0  0.45 0.00
   80 D     0  -1   0   4  -2   0   2  -1  -1  -2  -1  -1   1  -2  -2   0  -1  -3  -2  -2   16   0   0  49   0   0  17   0   0   0   0   0  17   0   0   0   0   0   0   0  0.37 0.01
   81 L    -2  -2  -4  -4  -1  -2  -3  -4  -3   2   4  -3   2   0  -3  -3  -1  -2  -1   1    0   0   0   0   0   0   0   0   0  19  81   0   0   0   0   0   0   0   0   0  0.42 0.01
   82 L     1  -2  -2  -2  -1  -2  -2  -2  -2   1   2  -2   1   2  -2   1   0  -1   0   1   16   0   0   0   0   0   0   0   0   0  30   0   0  19   0  17   0   0   0  17  0.13 0.00
   83 I    -1  -3  -3  -3  -1  -3  -3  -4  -3   4   1  -3   1  -1  -3  -2   0  -3  -1   3    0   0   0   0   0   0   0   0   0  47   0   0   0   0   0   0   0   0   0  53  0.36 0.01
   84 A     2  -2  -1  -2  -1  -1  -1  -1  -2   0   2  -1   0  -1  -1   1   2  -2  -2   0   30   0   0   0   0   0   0   0   0   0  33   0   0   0   0  19  17   0   0   0  0.16 0.00
   85 G    -1   4   0  -1  -3   0   0   3  -1  -3  -3   2  -2  -3  -2  -1  -1  -3  -2  -3    0  51   0   0   0   0   0  30   0   0   0  19   0   0   0   0   0   0   0   0  0.48 0.01
   86 D    -2  -1   3   6  -4   0   1  -1  -1  -3  -4  -1  -3  -4  -2   0  -1  -4  -3  -3    0   0  17  83   0   0   0   0   0   0   0   0   0   0   0   0   0   0   0   0  0.83 0.01
   87 S     1  -1   0  -1   4  -1  -1  -1  -1  -2  -2  -1  -2  -3  -1   4   1  -3  -2  -2    0   0   0   0  17   0   0   0   0   0   0   0   0   0   0  83   0   0   0   0  0.42 0.01
   88 E    -1   0   0   2  -4   2   5  -2   0  -3  -3   1  -2  -3  -1   0  -1  -3  -2  -3    0   0   0   0   0   0 100   0   0   0   0   0   0   0   0   0   0   0   0   0  0.77 0.01
   89 L    -2  -2  -4  -4  -1  -2  -3  -4  -3   2   4  -3   2   0  -3  -3  -1  -2  -1   1    0   0   0   0   0   0   0   0   0   0 100   0   0   0   0   0   0   0   0   0  0.48 0.01
   90 Y    -2  -2  -3  -3  -3  -2  -3  -3   0  -1   0  -3  -1   5  -3  -2  -2   2   6  -1    0   0   0   0   0   0   0   0   0   0   0   0   0  53   0   0   0   0  47   0  0.72 0.01
   91 R    -1   5   0  -1  -3   3   0  -2   0  -3  -2   3  -1  -3  -2  -1  -1  -3  -2  -3    0  63   0   0   0  17   0   0   0   0   0  19   0   0   0   0   0   0   0   0  0.59 0.01
   92 V     2  -2  -2  -3  -1  -2  -2  -2  -3   2   0  -2   0  -1  -2   0   0  -3  -1   3   34   0   0   0   0   0   0   0   0   0   0   0   0   0   0   0   0   0   0  66  0.23 0.01
   93 L    -2  -2  -4  -4  -1  -2  -3  -4  -3   2   4  -3   2   0  -3  -3  -1  -2  -1   1    0   0   0   0   0   0   0   0   0   0 100   0   0   0   0   0   0   0   0   0  0.48 0.01
   94 N    -2  -1   6   1  -3   0   0  -1   1  -3  -4   0  -2  -3  -2   1   0  -4  -2  -3    0   0 100   0   0   0   0   0   0   0   0   0   0   0   0   0   0   0   0   0  0.78 0.01
   95 L    -1  -2  -2  -2  -1  -1  -2  -3  -2   1   2  -1   4   0  -2   0   2  -2  -1   0    0   0   0   0   0   0   0   0   0   0  30   0  34   0   0   0  36   0   0   0  0.23 0.01
   96 H    -2   0   0  -1  -3   0   0  -2   8  -3  -3  -1  -2  -1  -2  -1  -2  -3   2  -3    0   0   0   0   0   0   0   0 100   0   0   0   0   0   0   0   0   0   0   0  0.95 0.02
   97 Y    -2  -2  -2  -3  -3  -2  -2  -3   2  -1  -1  -2  -1   3  -3  -2  -2   2   7  -1    0   0   0   0   0   0   0   0   0   0   0   0   0   0   0   0   0   0 100   0  0.93 0.02
   98 N    -2  -1   6   1  -3   0   0  -1   1  -3  -4   0  -2  -3  -2   1   0  -4  -2  -3    0   0 100   0   0   0   0   0   0   0   0   0   0   0   0   0   0   0   0   0  0.78 0.01
   99 R    -1   5   0  -1  -3   1   0  -2  -1  -3  -2   4  -1  -3  -2  -1  -1  -3  -2  -3    0  49   0   0   0   0   0   0   0   0   0  51   0   0   0   0   0   0   0   0  0.57 0.01
  100 N     1  -1   4   0  -2  -1  -1   3   0  -3  -3  -1  -2  -3  -2   0  -1  -3  -2  -2   17   0  49   0   0   0   0  33   0   0   0   0   0   0   0   0   0   0   0   0  0.47 0.01
  101 N    -2  -1   6   1  -3   0   0  -1   1  -3  -4   0  -2  -3  -2   1   0  -4  -2  -3    0   0 100   0   0   0   0   0   0   0   0   0   0   0   0   0   0   0   0   0  0.78 0.01
  102 H    -2  -1   1   4  -3   0   1  -2   6  -3  -3  -1  -2  -2  -2  -1  -1  -3   0  -3    0   0   0  51   0   0   0   0  49   0   0   0   0   0   0   0   0   0   0   0  0.66 0.01
  103 I    -2  -3  -3  -4  -2  -3  -3  -4  -2   3   1  -3   1   5  -3  -3  -1   0   2   1    0   0   0   0   0   0   0   0   0  49   0   0   0  51   0   0   0   0   0   0  0.41 0.01
  104 E    -1   0   0   1  -4   2   5  -2   0  -3  -3   2  -2  -3  -1   0  -1  -3  -2  -3    0   0   0   0   0   0  81   0   0   0   0  19   0   0   0   0   0   0   0   0  0.64 0.01
  105 V     1  -2  -3  -3  -1  -2  -2  -2  -3   2   0  -2   0  -1  -2  -1   0  -3  -1   4   19   0   0   0   0   0   0   0   0   0   0   0   0   0   0   0   0   0   0  81  0.27 0.01
  106 P    -1  -2  -2  -2  -3  -1  -1  -2  -2  -3  -3  -1  -3  -4   8  -1  -1  -4  -3  -3    0   0   0   0   0   0   0   0   0   0   0   0   0   0 100   0   0   0   0   0  2.08 0.02
  107 Q    -1   0   1   5  -4   3   3  -2   0  -3  -3   0  -2  -4  -1   0  -1  -3  -2  -3    0   0   0  53   0  30  17   0   0   0   0   0   0   0   0   0   0   0   0   0  0.62 0.01
  108 N    -1   3   3  -1   6   0  -1  -2  -1  -2  -2   0  -2  -3  -2   0  -1  -3  -2  -2    0  37  30   0  33   0   0   0   0   0   0   0   0   0   0   0   0   0   0   0  0.45 0.01
  109 F    -2  -3  -3  -4  -2  -3  -3  -3  -2   0   2  -3   0   6  -4  -3  -2   1   3  -1    0   0   0   0   0   0   0   0   0   0  19   0   0  81   0   0   0   0   0   0  0.62 0.01
  110 R    -1   3  -2  -3  -2  -1  -2  -3  -2   1   3   0   1  -1  -3  -2  -1  -2  -1   1    0  30   0   0   0   0   0   0   0   0  51   0   0   0   0   0   0   0   0  19  0.22 0.00
  111 F    -2  -1  -1   0  -3   0   3  -3  -1  -1  -1  -1  -1   4  -2  -1  -2   0   1  -2    0   0   0   0   0   0  51   0   0   0   0   0   0  49   0   0   0   0   0   0  0.39 0.01
  112 V    -1  -3  -3  -3  -1  -3  -3  -4  -3   3   1  -3   1  -1  -3  -2   0  -3  -1   4    0   0   0   0   0   0   0   0   0  33   0   0   0   0   0   0   0   0   0  67  0.36 0.01
  113 V     3  -2  -2  -3  -1  -2  -2  -1  -2   1   0  -1   0  -2  -2   0   0  -3  -2   3   51   0   0   0   0   0   0   0   0   0   0   0   0   0   0   0   0   0   0  49  0.23 0.01
  114 E     1   0   0   0  -2   4   3  -1   0  -3  -2   1  -1  -3  -1   1   0  -3  -2  -2   16   0   0   0   0  37  30   0   0   0   0   0   0   0   0  17   0   0   0   0  0.39 0.01
  115 S    -1  -1  -1  -1  -2   2   2  -2  -1   1   2  -1   1  -1  -2   0   0  -2  -2   0    0   0   0   0   0  15  19   0   0  17  33   0   0   0   0  15   0   0   0   0  0.13 0.00
  116 T     0  -1   0  -1  -1  -1  -1  -2  -2  -1  -1  -1  -1  -2  -1   1   5  -3  -2   0    0   0   0   0   0   0   0   0   0   0   0   0   0   0   0   0 100   0   0   0  0.51 0.01
  117 L    -2  -2  -4  -4  -1  -2  -3  -4  -3   2   4  -3   2   0  -3  -3  -1  -2  -1   1    0   0   0   0   0   0   0   0   0   0 100   0   0   0   0   0   0   0   0   0  0.48 0.01
  118 R    -1   5   0  -1  -3   3   0  -2   0  -3  -2   3  -1  -3  -2  -1  -1  -3  -2  -3    0  67   0   0   0  17   0   0   0   0   0  16   0   0   0   0   0   0   0   0  0.60 0.01
  119 E    -1   0   0   2  -4   2   5  -2   0  -3  -3   1  -2  -3  -1   0  -1  -3  -2  -3    0   0   0   0   0   0 100   0   0   0   0   0   0   0   0   0   0   0   0   0  0.77 0.01
  120 F    -2  -3  -3  -4  -3  -3  -3  -3  -1   0   0  -3   0   7  -4  -3  -2   1   3  -1    0   0   0   0   0   0   0   0   0   0   0   0   0 100   0   0   0   0   0   0  0.80 0.01
  121 F    -2  -2  -2  -3  -3  -2  -2  -3   4  -1   0  -3   0   6  -3  -2  -2   0   3  -1    0   0   0   0   0   0   0   0  19   0   0   0   0  81   0   0   0   0   0   0  0.61 0.01
  122 R    -2   5   2   2  -3   1   0  -2   0  -3  -3   1  -2  -3  -2   0  -1  -3  -2  -3    0  63  17  19   0   0   0   0   0   0   0   0   0   0   0   0   0   0   0   0  0.52 0.01
  123 A     4  -2  -2  -2   0  -1  -1   0  -2  -1  -2  -1  -1  -2  -1   1   0  -3  -2   0  100   0   0   0   0   0   0   0   0   0   0   0   0   0   0   0   0   0   0   0  0.43 0.01
  124 I    -1  -3  -3  -3  -1  -3  -3  -4  -3   4   1  -3   1   0  -3  -2  -1  -3  -1   3    0   0   0   0   0   0   0   0   0  67   0   0   0   0   0   0   0   0   0  33  0.38 0.01
  125 Q    -1   0  -1  -1  -2   3   0  -2  -1   1   1   2   0  -2  -2   1   0  -2  -2   0    0   0   0   0   0  30   0   0   0  17  16  19   0   0   0  17   0   0   0   0  0.14 0.00
  126 G     3  -1  -1  -1  -1   2   0   3  -1  -2  -2   0  -1  -3  -1   1  -1  -3  -2  -1   51   0   0   0   0  19   0  30   0   0   0   0   0   0   0   0   0   0   0   0  0.35 0.01
  127 G     0  -2  -1  -1  -3  -2  -2   6  -2  -4  -4  -2  -3  -3  -2   0  -2  -3  -3  -3    0   0   0   0   0   0   0 100   0   0   0   0   0   0   0   0   0   0   0   0  1.07 0.01
  128 K    -1   3   0  -1  -3   1   1  -2  -1  -3  -3   5  -1  -3  -1   0  -1  -3  -2  -2    0  17   0   0   0   0   0   0   0   0   0  83   0   0   0   0   0   0   0   0  0.54 0.01
  129 D    -2  -2   1   6  -4   0   2  -1  -1  -3  -4  -1  -3  -4  -2   0  -1  -4  -3  -3    0   0   0 100   0   0   0   0   0   0   0   0   0   0   0   0   0   0   0   0  0.97 0.01
  130 T     0  -2  -1  -1  -1  -1  -1  -2  -2   1   0  -1   0  -2  -2   2   3  -3  -2   1    0   0   0   0   0   0   0   0   0  19   0   0   0   0   0  33  30   0   0  17  0.19 0.00
  131 E    -1  -1   1   5  -4   1   4  -2  -1  -3  -3   0  -3  -4  -1   0  -1  -4  -3  -3    0   0   0  51   0   0  49   0   0   0   0   0   0   0   0   0   0   0   0   0  0.71 0.01
  132 Q    -1  -1  -1  -1  -3   3   0  -2  -1  -3  -3   0  -2  -4   7  -1  -1  -3  -3  -2    0   0   0   0   0  30   0   0   0   0   0   0   0   0  70   0   0   0   0   0  1.34 0.01
  133 S     1  -1   1   0  -1   0   0   0  -1  -3  -3   0  -2  -3  -1   4   1  -3  -2  -2    0   0   0   0   0   0   0   0   0   0   0   0   0   0   0 100   0   0   0   0  0.49 0.01
  134 W    -3  -3  -4  -5  -3  -2  -3  -3  -3  -3  -2  -3  -2   1  -4  -3  -3  11   2  -3    0   0   0   0   0   0   0   0   0   0   0   0   0   0   0   0   0 100   0   0  2.43 0.02
  135 K    -1   2   0  -1  -3   1   1  -2  -1  -3  -3   5  -1  -3  -1   0  -1  -3  -2  -2    0   0   0   0   0   0   0   0   0   0   0 100   0   0   0   0   0   0   0   0  0.56 0.01
  136 K    -1   2   0  -1  -3   1   1  -2  -1  -3  -3   5  -1  -3  -1   0  -1  -3  -2  -2    0   0   0   0   0   0   0   0   0   0   0 100   0   0   0   0   0   0   0   0  0.56 0.01
  137 S     1  -1  -1  -1  -1  -1  -1  -1  -2  -2  -2  -1  -2  -3   5   2   2  -3  -2  -1   17   0   0   0   0   0   0   0   0   0   0   0   0   0  33  30  19   0   0   0  0.59 0.01
  138 I    -1  -3  -3  -3  -1  -3  -3  -4  -3   4   2  -3   1   0  -3  -3  -1  -3  -1   3    0   0   0   0   0   0   0   0   0 100   0   0   0   0   0   0   0   0   0   0  0.43 0.01
  139 Y    -2  -2  -2  -3  -3  -2  -2  -3   2  -1  -1  -2  -1   3  -3  -2  -2   2   7  -1    0   0   0   0   0   0   0   0   0   0   0   0   0   0   0   0   0   0 100   0  0.93 0.02
  140 K    -1   2   0  -1  -3   1   1  -2  -1  -3  -3   5  -1  -3  -1   0  -1  -3  -2  -2    0   0   0   0   0   0   0   0   0   0   0 100   0   0   0   0   0   0   0   0  0.56 0.01
  141 I    -1  -3  -3  -3  -1  -3  -3  -4  -3   4   1  -3   1  -1  -3  -2   0  -3  -1   3    0   0   0   0   0   0   0   0   0  47   0   0   0   0   0   0   0   0   0  53  0.36 0.01
  142 I    -1  -3  -3  -3  -1  -3  -3  -4  -3   4   2  -3   1   0  -3  -3  -1  -3  -1   3    0   0   0   0   0   0   0   0   0 100   0   0   0   0   0   0   0   0   0   0  0.43 0.01
  143 S     0  -1   2   0   4   0  -1  -1  -1  -2  -3  -1  -2  -3  -1   3   1  -3  -2  -2    0   0  19   0  17   0   0   0   0   0   0   0   0   0   0  63   0   0   0   0  0.38 0.01
  144 R    -1   5   0  -1  -3   1   0  -2  -1  -3  -2   4  -1  -3  -2  -1  -1  -3  -2  -3    0  49   0   0   0   0   0   0   0   0   0  51   0   0   0   0   0   0   0   0  0.57 0.01
  145 M    -1  -2  -3  -4  -1  -2  -3  -4  -3   1   4  -2   4   0  -3  -2  -1  -2  -1   1    0   0   0   0   0   0   0   0   0   0  70   0  30   0   0   0   0   0   0   0  0.40 0.01
  146 D    -2  -1   1   6  -4   0   3  -2  -1  -3  -4   0  -3  -4  -2   0  -1  -4  -3  -3    0   0   0  81   0   0  19   0   0   0   0   0   0   0   0   0   0   0   0   0  0.83 0.01
  147 D     0  -1   1   4  -2   0   1  -1  -1  -3  -3  -1  -2  -3  -1   3   0  -4  -2  -2    0   0   0  49   0   0   0   0   0   0   0   0   0   0   0  51   0   0   0   0  0.51 0.01
  148 P    -1  -1   0   3  -3   2   2  -2  -1  -3  -3   0  -2  -4   4   0  -1  -3  -3  -3    0   0   0  33   0  19  17   0   0   0   0   0   0   0  30   0   0   0   0   0  0.69 0.01
  149 V    -1  -3  -3  -3  -1  -3  -3  -4  -3   3   1  -3   1  -1  -3  -2   0  -3  -1   4    0   0   0   0   0   0   0   0   0  37   0   0   0   0   0   0   0   0   0  63  0.36 0.01
  150 P    -1  -2  -2  -2  -3  -1  -1  -2  -2  -3  -3  -1  -3  -4   8  -1  -1  -4  -3  -3    0   0   0   0   0   0   0   0   0   0   0   0   0   0 100   0   0   0   0   0  2.08 0.02
  151 E    -1   0   0   3  -4   2   5  -2   0  -3  -3   1  -2  -3  -1   0  -1  -3  -2  -3    0   0   0  19   0   0  81   0   0   0   0   0   0   0   0   0   0   0   0   0  0.70 0.01
  152 Y    -2  -2  -3  -3  -2  -2  -3  -3   0   2   1  -2   2   3  -3  -2  -1   0   4   1    0   0   0   0   0   0   0   0   0  34   0   0  16  19   0   0   0   0  30   0  0.33 0.01
  153 F    -2  -3  -3  -4  -2  -3  -3  -3  -2   0   1  -3   0   6  -4  -3  -2   1   3  -1    0   0   0   0   0   0   0   0   0   0  16   0   0  84   0   0   0   0   0   0  0.64 0.01
  154 K    -1   2   0  -1  -3   1   1  -2  -1  -3  -3   5  -1  -3  -1   0  -1  -3  -2  -2    0   0   0   0   0   0   0   0   0   0   0 100   0   0   0   0   0   0   0   0  0.56 0.01
  155 S     1  -1   0   0  -1   0   2  -1  -1  -3  -3   0  -2  -3  -1   4   1  -3  -2  -2    0   0   0   0   0   0  19   0   0   0   0   0   0   0   0  81   0   0   0   0  0.42 0.01
  156 P     0  -2  -1  -1  -3  -1  -1  -2  -2  -3  -3  -1  -2  -4   7   1  -1  -4  -3  -2    0   0   0   0   0   0   0   0   0   0   0   0   0   0  83  17   0   0   0   0  1.62 0.01
  157 N     0  -1   5   1  -2   0   0   0   0  -3  -3   0  -2  -3  -2   2   0  -4  -2  -3    0   0  67   0   0   0   0   0   0   0   0   0   0   0   0  33   0   0   0   0  0.54 0.01
  158 F    -2  -3  -3  -4   4  -3  -3  -3  -1  -1   0  -3   0   5  -4  -2  -2   1   4  -1    0   0   0   0  17   0   0   0   0   0   0   0   0  66   0   0   0   0  17   0  0.60 0.01
  159 L    -2  -2  -4  -4  -1  -2  -3  -4  -3   2   4  -3   2   0  -3  -3  -1  -2  -1   1    0   0   0   0   0   0   0   0   0   0 100   0   0   0   0   0   0   0   0   0  0.48 0.01
  160 E    -1   0  -1   1  -3   3   4  -2   0  -3  -3   1  -2  -3   4   0  -1  -3  -2  -3    0   0   0   0   0  22  57   0   0   0   0   0   0   0  22   0   0   0   0   0  0.66 0.01
  161 Q    -1   2   0   0  -3   3   2   2   0  -3  -3   1  -1  -3  -2   0  -1  -3  -2  -3    0  22   0   0   0  35  22  22   0   0   0   0   0   0   0   0   0   0   0   0  0.41 0.00
  162 L    -2  -2  -4  -4  -1  -2  -3  -4  -3   2   4  -3   2   0  -3  -3  -1  -2  -1   1    0   0   0   0   0   0   0   0   0   0 100   0   0   0   0   0   0   0   0   0  0.48 0.01
  163 E    -1   0   0   2  -4   2   5  -2   0  -3  -3   1  -2  -3  -1   0  -1  -3  -2  -3    0   0   0   0   0   0 100   0   0   0   0   0   0   0   0   0   0   0   0   0  0.73 0.00

                      K         Lambda
Standard Ungapped    0.1365     0.3222
Standard Gapped      0.0410     0.2670
PSI Ungapped         0.1365     0.3222
PSI Gapped           0.0410     0.2670
