
Last position-specific scoring matrix computed, weighted observed percentages rounded down, information per position, and relative weight of gapless real matches to pseudocounts
           A  R  N  D  C  Q  E  G  H  I  L  K  M  F  P  S  T  W  Y  V   A   R   N   D   C   Q   E   G   H   I   L   K   M   F   P   S   T   W   Y   V
    1 M   -1 -2 -3 -4 -2 -1 -2 -3 -2  1  2 -2  7  0 -3 -2 -1 -2 -1  0    0   0   0   0   0   0   0   0   0   0   0   0 100   0   0   0   0   0   0   0  0.63 0.08
    2 K    1  0  0  2 -3  1  3 -2 -1 -3 -3  3 -2 -3 -1  0 -1 -3 -2 -2   18   0   0  16   0   0  32   0   0   0   0  34   0   0   0   0   0   0   0   0  0.39 0.03
    3 E   -1  0  0  2 -4  1  4 -2 -1 -4 -3  3 -2 -4 -1  0 -1 -3 -2 -3    0   0   0  13   0   0  58   0   0   0   0  29   0   0   0   0   0   0   0   0  0.62 0.06
    4 S    2  1  0 -1 -1  0 -1 -1 -1 -2 -2  1 -1 -3 -1  3  1 -3 -2 -1   25  10   0   0   0   0   0   1   0   0   1  10   0   0   0  42   7   0   0   0  0.30 0.06
    5 Y    0 -2 -3 -3 -2 -2 -3 -3 -2  0  2 -2  3  1 -3 -1  1 -1  3  1   12   0   0   0   0   0   0   0   0   0  26   0  15   4   0   0  11   0  17  16  0.23 0.08
    6 Y   -3 -3 -3 -4 -3 -3 -3 -4  1  0  0 -3  1  4 -4 -3 -3  4  7 -2    0   0   0   0   0   0   0   0   3   4   9   0   4  18   0   0   0   5  57   0  1.02 0.21
    7 S   -1  2  3 -1 -3  0 -1 -2 -2 -3 -3 -1 -2 -4  1  2  4 -4 -3 -1    0  14  19   0   0   2   0   0   0   0   0   0   0   0   6  19  35   0   0   3  0.48 0.19
    8 I   -2 -4 -4 -4 -3 -4 -4 -5 -5  6  0 -4  0 -2 -1 -3  0 -4 -3  3    0   0   0   0   0   0   0   0   0  71   0   0   0   0   3   0   7   0   0  20  0.95 0.28
    9 G    0 -3  0 -1 -3 -2 -2  5 -3 -4 -4 -1 -3 -4 -3  3 -1 -4 -4 -4    5   0   3   2   0   0   0  56   0   0   0   4   0   0   0  29   0   0   0   0  0.87 0.23
   10 E   -1  1 -2  1 -4  3  4 -3 -2  1 -2  1 -2 -4 -3 -1 -2 -4 -3  0    2   9   0   6   0  16  41   0   0  12   0   7   0   0   0   0   0   0   0   7  0.49 0.18
   11 V    2 -3 -4 -4 -2 -3 -3 -3 -4  1  2 -3  1  1 -3 -2 -1 -3 -2  4   20   0   0   0   0   0   0   0   0   2  28   0   2   8   0   0   0   0   0  40  0.44 0.17
   12 S    5 -3 -3 -3 -2 -2 -2 -2 -3 -3 -3 -1  1 -4 -2  2 -1 -4 -3 -2   76   0   0   0   0   0   0   0   0   0   0   2   4   0   0  17   0   0   0   0  0.89 0.29
   13 K   -1  2 -1  0 -4  1  3 -1  0 -3 -1  4 -2 -4 -2 -1 -1 -4 -3 -3    3   7   0   4   0   5  21   3   2   0  10  44   0   0   0   0   2   0   0   0  0.47 0.18
   14 L    0  2 -1  0 -3  0 -2 -3 -2  0  3  1  1 -1 -3 -2 -1 -3 -2  0   12  13   2   6   0   2   0   0   0   3  38  14   3   2   0   0   1   0   0   2  0.18 0.12
   15 A    3 -3 -2 -3  4 -2 -2 -2 -3 -1 -1 -2 -2  0 -2  2  3 -3 -2 -1   30   0   0   0  12   0   0   0   0   3   5   0   0   4   0  19  24   0   0   2  0.40 0.17
   16 N   -1 -1  1  0 -4 -1  0  6 -3 -5 -5 -2 -4 -5 -3  0 -3 -4 -4 -4    0   4   6   5   0   2   5  73   0   0   0   0   0   0   0   5   0   0   0   0  1.10 0.26
   17 V   -2 -4 -4 -5  0 -4 -4 -5 -4  2  3 -4  0 -2 -4 -3 -2 -4 -3  5    0   0   0   0   2   0   0   0   0  10  31   0   0   0   0   0   0   0   0  57  0.75 0.23
   18 S    0  0  3 -1 -2 -1 -1 -2  0 -3 -3  0 -2 -4 -1  4  3 -4 -3 -2    7   3  15   0   0   0   0   0   3   0   0   6   0   0   2  37  27   0   0   0  0.50 0.20
   19 I    1 -2 -2 -3 -2 -2 -1 -3 -3  1 -1  1 -1 -3  3  1  0 -4 -3  3   14   0   0   0   0   0   2   0   0   8   0  12   0   0  15  12   3   0   0  33  0.30 0.14
   20 K   -1  3 -1  0 -4  2  2 -3  3 -3 -3  3 -2 -3 -2  1 -1 -3  1 -1    2  24   0   5   0   9  13   0   8   0   0  19   0   0   0  10   0   0   5   5  0.38 0.14
   21 A    2 -2 -2 -3 -2  2 -2 -3 -3  1 -1 -2  1 -3 -3  0  5 -4 -3 -1   20   0   0   0   0  10   0   0   0   8   3   0   5   0   0   2  51   0   0   0  0.54 0.23
   22 L   -2 -4 -5 -5 -2 -4 -4 -5 -4  5  4 -4  0 -1 -4 -4 -2 -3 -2  2    0   0   0   0   0   0   0   0   0  40  47   0   0   0   0   0   0   0   0  13  0.79 0.22
   23 R   -3  7 -2 -1 -5 -1 -2 -4  5 -5 -4  0 -3  0 -4 -3 -3 -4  0 -4    0  75   0   3   0   0   0   0  15   0   0   0   0   4   0   0   0   0   3   0  1.32 0.34
   24 Y    0 -3 -2  1 -4 -1 -2 -4  4 -3 -2 -3 -2  4 -4 -3 -3  0  6 -3    8   0   0  10   0   3   0   0  14   0   2   0   0  24   0   0   0   0  39   0  0.84 0.25
   25 Y   -4 -4 -4 -5 -5 -4 -4 -5 -1 -4 -3 -4 -3  1 -5 -4 -4  5  9 -4    0   0   0   0   0   0   0   0   0   0   0   0   0   0   0   0   0   8  92   0  2.33 0.47
   26 D   -2 -2 -1  4 -5  2  5 -3 -2 -4 -1 -1 -3 -4 -3 -2 -1 -4 -4 -4    0   0   0  21   0   9  59   0   0   0   8   0   0   0   0   0   3   0   0   0  0.90 0.26
   27 K   -1  3  0  0 -4  1  3 -3  1 -3 -1  2 -2 -3 -2  0 -1 -4 -2 -2    5  23   5   4   0   6  21   0   4   0   6  18   0   0   0   4   2   0   0   2  0.35 0.12
   28 I   -2  3 -1 -2 -3  1  0 -3  0  3  0  2  0 -2 -3 -2  0 -4 -2  0    0  23   2   0   0   5   5   0   2  30   7  18   2   0   0   0   4   0   0   2  0.29 0.14
   29 D   -1 -3  0 -1 -4 -1 -1  6 -1 -5 -5 -1 -4 -5 -4 -1 -3 -4 -4 -5    0   0   2   3   0   3   3  80   2   0   0   3   0   0   0   2   0   0   0   0  1.26 0.28
   30 L   -3 -4 -5 -5 -3 -4 -4 -5 -4  0  6 -4  2 -1 -5 -4 -3 -3 -3  1    0   0   0   0   0   0   0   0   0   0  91   0   3   0   0   0   0   0   0   6  1.12 0.30
   31 F   -2 -4 -4 -5 -2 -4 -4 -5 -4  4  4 -4  2  1 -4 -3 -2 -3 -2  2    0   0   0   0   0   0   0   0   0  32  45   0   3   7   0   0   0   0   0  13  0.65 0.19
   32 K    0  2  0  0 -2  0  0 -1  0 -1 -2  2 -1  0 -1  1  1 -2  0 -1    8  16   3   4   0   1   6   2   3   3   2  16   0   5   1  13  11   0   2   3  0.13 0.05
   33 P   -2 -3 -3 -2 -3 -2 -2 -3  2 -3 -3 -2 -3 -4  8 -2 -2 -4 -3 -3    1   1   1   1   0   1   1   1   6   1   2   1   0   1  77   1   1   0   1   1  1.83 0.28
   34 A    2  0  0  1 -2  1  2 -1 -1 -2 -2 -1 -1 -3  2  1  0 -3 -2  0   24   3   4   6   0   7  15   3   0   1   1   1   0   1  11   7   6   0   0   9  0.20 0.07
   35 Y    1 -1 -1 -1 -1  0  0 -1 -1 -1 -1 -1 -1 -1  4  1  0 -1  1  0   16   2   2   2   1   5   4   4   1   2   3   2   1   1  21  14   4   1   7   8  0.23 0.05
   36 V   -1  0 -1 -1  2  0  0 -1 -1  1  1  1  0 -1  0 -1 -1 -2 -1  1    2   5   1   3   7   3   7   5   1   8  13  13   2   1   3   2   2   0   3  17  0.03 0.03
   37 D   -3  7 -2  0 -5 -1 -1 -1 -2 -4 -4  1 -3 -4 -3 -2  1 -4 -3 -4    0  72   0   6   0   0   2   5   0   0   0   6   0   0   0   0   8   0   0   0  1.06 0.29
   38 P   -1 -2  2  0 -3 -1  0 -1 -2 -3 -3  1 -2 -4  2  2  4 -4 -3 -2    2   0  10   3   0   0   5   2   0   0   0   8   0   0  11  18  41   0   0   0  0.49 0.19
   39 D    1 -1  1  3  0  1  3 -1  0 -3 -2  0 -2 -3  0  1 -1 -3 -1 -2   13   1   5  20   3   6  25   3   2   1   3   3   0   0   4   8   1   0   2   1  0.29 0.10
   40 T    1 -1  2 -2 -3 -2 -2  4 -2 -4 -4 -1 -3 -3 -3  2  1 -3 -1 -3    9   2  13   0   0   0   0  41   0   0   0   3   0   0   0  21   8   0   3   0  0.54 0.17
   41 S   -1 -1  3 -2 -4 -2 -3  6 -3 -5 -5 -1 -4 -5 -1  1 -2 -4 -4 -4    0   3  17   0   0   0   0  68   0   0   0   2   0   0   2   9   0   0   0   0  1.06 0.26
   42 Y   -3  0 -1 -4 -4  0 -3 -2  4  0 -2 -2 -2  2 -4 -3 -1  0  7 -1    0   7   3   0   0   5   0   3  11   6   0   0   0   5   0   0   4   0  54   2  0.87 0.26
   43 R   -3  8 -2 -4 -5 -1 -2  0 -2 -5 -4  0 -3 -5 -4 -3 -3 -5 -4 -5    0  92   0   0   0   0   0   8   0   0   0   0   0   0   0   0   0   0   0   0  1.67 0.39
   44 Y   -1  2 -1 -1 -3  0 -2 -3  0  0  2  0  1  0 -3 -1  0 -2  3  0    3  19   2   4   0   2   0   0   2   2  24   4   6   2   0   2   8   0  14   6  0.16 0.10
   45 Y   -4 -4 -4 -5 -5 -4 -4 -5 -1 -3 -3 -4 -3  5 -5 -4 -4  0  8 -3    0   0   0   0   0   0   0   0   0   0   0   0   0  23   0   0   0   0  77   0  1.96 0.41
   46 T   -1 -1  2  3 -3  0 -1  1 -2 -3 -4  0 -3 -4 -2  3  3 -4 -3 -3    2   2   9  21   0   3   0   9   0   0   0   3   0   0   0  29  22   0   0   0  0.43 0.17
   47 D   -1  2 -1  4 -4  1  3 -3 -1 -4 -3 -1 -3  1 -3 -1 -1 -3  0 -3    6  14   0  30   0   7  28   0   0   0   0   0   0   9   0   0   2   0   4   0  0.52 0.18
   48 S    1  1  2  1 -3  2  2 -2  2 -3 -3  1 -2 -3 -2  1  0 -4 -2 -2   19   6  10   7   0  10  16   0   6   0   0   9   0   0   0  11   6   0   0   0  0.29 0.11
   49 Q    1 -2 -1  6 -4  2  0 -2  3 -4 -4 -2 -3 -4 -3  0  0 -5 -3 -2   15   0   0  54   0   9   0   0   9   0   0   0   0   0   0   4   5   0   0   3  0.75 0.23
   50 L   -1 -3 -4 -4 -2 -3 -4 -3 -4  3  3 -3  1  1 -4 -3 -2 -3 -2  3    2   0   0   0   0   0   0   2   0  18  43   0   2   6   0   0   0   0   0  27  0.54 0.17
   51 I    0  1  0  2 -4  4  3 -3  2 -2 -2  1 -2 -4 -2 -1 -1 -4 -2 -2    6   9   3  15   0  25  20   0   7   3   2   5   0   0   0   0   2   0   0   2  0.40 0.15
   52 H   -2  5 -2 -1 -4 -1  0 -4  1 -1 -2  1 -2 -1 -3 -2  1  3  0 -2    0  53   0   2   0   0   7   0   3   3   3   6   0   2   0   0   9   5   3   3  0.60 0.21
   53 L   -2 -4 -5 -5 -2 -4 -4 -5 -4  2  5 -4  1  1 -4 -4 -2 -3 -2  2    0   0   0   0   0   0   0   0   0   9  68   0   2   4   0   0   0   0   0  17  0.77 0.22
   54 D    0  2 -1  0  2  2  1 -2  2 -1  0  1  0 -3 -2  1  0 -3 -2 -1    4  18   0   6   7  11   6   0   7   3   9   8   4   0   0  11   4   0   0   2  0.16 0.08
   55 L   -3 -2 -3 -1 -3  2  1 -4 -2  0  1 -1 -1  6 -4 -2 -1 -2  0  0    0   0   0   4   0  16   9   0   0   3  13   2   0  44   0   0   2   0   0   6  0.50 0.20
   56 I   -3 -4 -5 -5 -3 -4 -5 -5 -5  6  2 -4  0 -2 -4 -4 -2 -4 -3  3    0   0   0   0   0   0   0   0   0  65  15   0   0   0   0   0   0   0   0  20  0.95 0.26
   57 K    0  4 -2 -2  0  2 -1 -3 -2 -2 -1  4 -2 -4 -3 -1 -2 -4 -3 -2    7  32   0   0   2   8   0   0   0   2   6  36   0   0   0   4   0   0   0   3  0.54 0.19
   58 S    0  3  0  1  2  0 -1 -2  3 -1 -1 -1 -1  0 -3  1 -1 -3  0 -1   12  21   5   8   5   5   0   0   9   3   6   0   0   6   0  11   2   0   3   4  0.13 0.10
   59 L    3 -1 -3 -3  3 -2 -2 -2  0 -1  2 -1  2  1 -3  0 -1  3  0 -1   33   3   0   0   8   0   0   0   3   0  23   2   6   5   0   8   2   5   2   0  0.25 0.15
   60 K   -2  5 -2 -3 -4  3 -1 -3 -2  1 -2  3 -2  1 -3 -2 -1 -3 -2 -2    0  36   0   0   0  16   0   0   0  10   3  24   0   7   0   0   3   0   0   0  0.57 0.22
   61 Y    0  2  2  3 -4  2  4 -2  0 -4 -4  0 -3 -3 -2 -1 -2 -4  0 -3    8  10   9  19   0   7  34   2   2   0   0   3   0   0   0   2   0   0   4   0  0.49 0.17
   62 I    0 -2  0 -1  0  1  0 -3 -2  1  3 -2  1 -1 -3 -2  0 -3 -2  1   10   0   5   2   2   8   8   0   0   9  38   0   2   0   0   0   5   0   0  10  0.18 0.11
   63 G   -2 -1 -2  0 -4 -3 -2  7 -4 -6 -6 -3 -5 -5 -4 -2 -3 -4 -5 -5    0   3   0   4   0   0   3  90   0   0   0   0   0   0   0   0   0   0   0   0  1.60 0.35
   64 T   -2 -4 -4 -4 -3 -4 -4 -4 -3  3  1 -4  2  5 -4 -3  0 -2  0  2    0   0   0   0   0   0   0   0   0  17  11   0   7  40   0   0   6   0   0  19  0.64 0.21
   65 P    0 -1  2 -2 -3  1 -1  0 -2 -4 -4 -1 -3 -4  4  4  0 -4 -3 -3    6   2  10   0   0   8   0   7   0   0   0   0   0   0  20  42   3   0   0   0  0.60 0.21
   66 L   -3 -4 -4 -5 -3 -3 -4 -5 -4  2  5 -4  2 -1 -4 -3  0 -3 -2  2    0   0   0   0   0   0   0   0   0   8  71   0   5   0   0   0   5   0   0  11  0.80 0.24
   67 E    1 -1  1  3 -3  1  3 -1  1 -3 -3  1 -3 -4 -2  2 -1 -4 -3 -2   14   0   4  18   0   6  22   4   3   0   0  11   0   0   0  17   0   0   0   2  0.37 0.14
   68 E    0 -1 -1  3 -4  1  5  0 -2 -4 -4  1 -3 -4 -2  0 -1 -4 -3 -3   10   0   0  15   0   5  49   7   0   0   0   8   0   0   0   3   3   0   0   0  0.64 0.21
   69 M   -1 -4 -4 -4  0 -3 -4 -4 -4  6  2 -3  2 -1 -4 -2 -2 -3 -2  2    4   0   0   0   2   0   0   0   0  61  15   0   4   0   0   2   0   0   0   9  0.70 0.22
   70 K    1  2  0 -1 -3  1 -1  1  0 -2 -1  4 -2 -3 -2 -1 -1 -3 -2 -2   19  12   3   2   0   7   0   9   2   3   5  36   0   0   0   0   0   0   0   0  0.30 0.14
   71 K    1  2 -1  1  1  1  2 -2  0 -2 -2  2 -1 -3 -2  0  0 -3 -2 -2   13  15   0   9   3   5  20   1   2   1   3  15   2   0   1   3   3   0   0   2  0.23 0.09
   72 A    1 -1 -3 -2 -2 -2 -1 -3 -2  1  3 -2  2  1 -2 -2 -1 -2  0  0   18   4   0   3   0   0   3   1   0  11  41   1   4   5   1   1   1   0   3   3  0.22 0.11
   73 Q   -2 -2 -3 -1  1 -1 -2 -2 -3  1  4 -2  2  0 -3 -2 -1 -2  0  0    1   1   0   5   4   4   1   4   0   6  52   1   7   3   1   1   3   0   3   5  0.31 0.13
   74 D    0  1  1  2 -2  0  2  0  0 -2 -2  1 -2 -3  0  1  1 -3 -2 -2    7  11   7  17   0   2  12   6   3   1   4   6   0   0   4   9   9   0   0   1  0.19 0.06
   75 L    0 -1  0  1 -2  0  0  0  0  0  2 -1  1 -1 -2  0  0 -2 -2  0   10   1   6  10   0   6   3   8   2   3  28   3   3   0   1   6   5   0   0   4  0.06 0.06
   76 E    0  1  0  1  0  1  1 -1 -1 -1  0  1 -1  0  1 -1  0  0 -1 -1    8   7   2   6   2   9  13   3   0   1  16   9   0   5   7   1   8   2   0   1  0.09 0.06
   77 M    0 -2  2  0  6 -1  0 -1 -2  0 -2 -2  1 -3  2  0  1 -3 -3 -1    5   1  12   6  21   2   6   3   0   6   1   1   7   0  10   5  11   0   0   1  0.30 0.13
   78 E    1  0  1  2 -3  0  3 -1 -1 -3 -3  0 -2  1  0  1  0 -3 -2 -2   12   5   6  13   0   2  23   4   0   0   0   5   0   8   3  11   3   0   0   2  0.22 0.10
   79 E   -1 -2  0  4 -4  2  4  1 -2 -4 -4 -1 -3 -4  2 -1 -2 -4 -4 -4    4   0   3  27   0  12  31  11   0   0   0   0   0   0  10   0   0   0   0   0  0.63 0.21
   80 L   -1  1 -1  0 -2 -1 -1 -2  0  1  2 -1  1 -2  0 -1  0 -3 -2  1    4  13   3   7   0   2   3   2   3   8  26   0   4   0   4   3   7   0   0  11  0.08 0.07
   81 F    0  1  0 -1 -2  0  1 -1  0 -1  1  1 -1  0 -1  0  1 -2  1 -1    9   9   3   0   0   2  11   4   3   1  18   8   0   4   2   9   9   0   6   2  0.06 0.06
   82 A    3 -1  1  1 -2  0  0 -2  3 -3 -2 -1 -2 -3  0  1  0 -4 -2 -2   37   3   6   9   0   3   6   0  12   0   3   0   0   0   4  13   5   0   0   0  0.31 0.16
   83 F    0 -1 -2 -1 -2  0 -1 -1 -2  0  2  1  0  1 -2  0  0 -2 -1  1    9   0   0   3   0   4   2   5   0   0  29  11   0   8   0   8   6   0   0  14  0.09 0.09
   84 Y    2 -2 -3 -3  1  2 -1 -3 -2 -1  2 -1 -1  1 -3 -2 -1  5  1 -1   21   0   0   0   3  15   3   0   0   0  27   3   0   6   0   0   4  10   6   0  0.30 0.17
   85 T    1  2  0  1 -3  1  1 -2  0 -1 -1  1 -1 -3 -2  0  0 -3 -2  0   18  16   4  10   0   5  11   0   2   4   5   9   0   0   0   2   7   0   0   7  0.16 0.09
   86 E    0  1  1  3 -3  1  3 -2  2 -3 -2  1 -2 -3 -2  1 -1 -4 -2 -1   10   6   7  17   0   4  22   0   6   0   2   9   0   0   0  10   0   0   0   5  0.30 0.12
   87 Q   -1  1 -1 -2 -3  4  1 -3  2 -2 -2  3 -2 -3  1  0 -2  4 -2 -2    3   8   0   0   0  23   7   0   7   3   2  23   0   0   8   5   0   7   0   2  0.41 0.17
   88 E    1  1  0 -1 -2  1  1 -2 -2  1  0  1 -1 -2 -2  1  1 -3 -2  0   15   8   3   2   0  10   7   0   0  10  13  10   0   0   0  10   8   0   0   2  0.10 0.08
   89 R   -1  3 -1 -1 -3  1  2  0 -2  0 -1  2 -1 -3 -2 -1  0 -3 -2 -1    5  26   0   2   0   7  16   6   0   9   5  14   0   0   0   0   5   0   0   3  0.25 0.13
   90 Q    0  1  1  0 -3  1  1 -2  1  0  0  1 -1 -1 -2 -1  0 -3 -2  0    7  11  10   5   0   9  13   0   6   7  14   6   0   2   0   2   5   0   0   4  0.10 0.07
   91 I    0 -2 -3 -3  0 -2 -1 -3 -3  3  2 -1  0 -2 -3  1 -1 -3 -2  2    6   0   0   0   2   0   4   0   0  20  26   5   0   0   0  17   0   0   0  19  0.23 0.14
   92 R    2  3  0  1 -3  3  2 -2 -2 -1 -3  1 -1 -4 -2  0 -1 -4 -3 -2   21  22   4   9   0  14  13   0   0   4   0   5   2   0   0   6   0   0   0   0  0.34 0.17
   93 E    0  3 -1  1  0  1  3 -3  0 -2 -2  1 -2 -3 -2  0 -1 -4 -3 -1    8  25   1   8   3   5  22   0   3   3   3   5   0   0   0   7   3   0   0   3  0.30 0.14
   94 K   -1  3 -2 -2 -4  3  1 -2 -2 -3 -2  4 -2 -3 -3 -1  0  4 -2 -2    4  18   0   0   0  14  10   3   0   0   3  31   0   0   0   0   8   7   0   2  0.49 0.21
   95 L   -1  2 -2 -1 -2  0 -2 -3  0  2  2  1  2 -1 -3 -2  0  2 -2  1    5  13   0   3   0   3   0   0   2  18  23  10   8   0   0   0   4   3   0   6  0.17 0.11
   96 D    0  1  0  2 -4  2  4 -1  1 -3 -2  1  0 -4 -1 -1 -2 -4 -3 -3    9   7   3  12   0  13  32   3   3   0   2   8   4   0   3   0   0   0   0   0  0.39 0.17
   97 F    0  1 -1  1 -3  0  2 -1  3 -1  0  0 -1  0 -2  0 -2 -3 -1 -1   11   9   0   9   0   0  22   3  12   2  15   6   0   4   0   4   0   0   0   2  0.17 0.12
   98 L   -1 -1 -4 -4 -2 -3 -3 -4 -3  3  4 -3  2 -1 -4 -3 -1 -3  0  1    5   4   0   0   0   0   0   0   0  21  47   0   7   0   0   0   2   0   3   9  0.49 0.19
   99 S    3 -1 -1  1 -2  1  2 -2 -2 -2 -1  1 -2 -3 -2  1  1 -3 -3 -2   32   0   0   8   0   5  14   0   0   0   7   9   0   0   0  11  13   0   0   0  0.28 0.16
  100 A    1  3  0  0 -3  1  3 -2  1 -1 -2  1 -2 -3 -2  0  0 -4 -2 -2   14  23   2   2   0   5  24   0   5   4   2   9   0   0   0   2   5   0   0   0  0.34 0.16
  101 L   -3  2 -4 -4 -3 -2 -3 -5 -3  2  4  0  5 -2 -4 -3 -2 -3 -3 -1    0  16   0   0   0   0   0   0   0  15  40   5  24   0   0   0   0   0   0   0  0.65 0.27
  102 E   -1  2  0  0 -4  1  3 -3 -2  2 -1  1 -2 -3 -1 -1 -2 -4 -3 -1    4  15   5   4   0   6  30   0   0  17   3   9   0   0   2   2   0   0   0   3  0.30 0.17
  103 Q    0  3  0  3 -3  3  0 -1  1 -2 -3  0  1 -4 -3  0  0 -4 -3 -1   11  21   4  20   0  18   3   2   3   3   0   0   5   0   0   3   5   0   0   4  0.31 0.17
  104 T   -1  1  0  0 -3  2  1 -3  2  0 -1  2  0 -2  0 -1  1 -3  0  0    5   7   3   3   0  10  10   0   6   6   3  18   2   0   4   0  15   0   3   6  0.16 0.10
  105 I   -1 -3 -4 -2 -3 -3 -2 -5 -4  4  4 -2  0  0 -4 -3 -2 -3 -2  0    4   0   0   3   0   0   3   0   0  26  56   3   0   3   0   0   0   0   0   3  0.61 0.24
  106 S    1  1  0  1  0  3  1 -2 -1 -2 -2  0 -1 -3 -2  2  0 -4 -3 -1   15   8   4  10   2  17  10   0   0   3   2   4   2   0   0  18   3   0   0   3  0.23 0.13
  107 L    1  1  0  1 -3  0  2 -1 -2 -2  0  0  0 -3 -2  1  1 -3 -2 -2   16  11   4   8   0   2  18   4   0   0  13   5   3   0   0   8   9   0   0   0  0.16 0.10
  108 V   -2  0 -4 -4 -3 -2 -3 -4 -3  3  3 -1  4  0 -4 -3 -1 -3 -2  1    0   7   0   0   0   0   0   0   0  17  41   4  17   3   0   0   3   0   0   7  0.50 0.20
  109 K    0  2 -1 -2 -3  2  1 -3  1 -1 -1  2 -1 -3  2 -1 -1 -3 -2  0    8  12   2   0   0  14   8   0   4   3   8  20   0   0  10   3   3   0   0   6  0.22 0.11
  110 K    1  2 -1  2 -3  1  3 -2  1 -3 -3  1 -2 -3 -2  0  2 -3  0 -2   13  12   0  11   0   6  23   0   4   0   0  10   0   0   0   4  15   0   3   0  0.32 0.14
  111 R    0  2 -1  0 -2  2  1 -2  1  0  0  1  1 -2 -2  0 -1 -2 -2  0    7  15   1   4   0   9  10   1   4   5   9  10   7   0   1   9   1   0   0   7  0.11 0.07
  112 M   -2 -1 -3 -1  2 -1 -2 -3 -2  2  2 -2  3  1  1 -2  0 -2  0  1    0   2   0   4   6   3   0   0   0  12  29   0  12   4   9   0   8   0   4   6  0.21 0.11
  113 K    1  1 -1  1 -3  2  3 -2 -1 -3 -3  1 -2 -3  0  1  1 -3 -3 -1   13  10   0   7   0  10  27   0   0   0   0   5   0   0   3   8  12   0   0   4  0.30 0.13
  114 R   -2  4  0  0 -3  3  1 -1 -1 -3 -1  2 -2 -1 -2  0  0 -3 -2 -3    0  28   3   4   0  20   7   5   0   0   6  10   0   4   0   4   6   0   0   0  0.33 0.13
  115 Q    1 -1  1  0  2  1 -1  0  3 -1 -1 -1 -1 -2 -2  0  1  2  0 -1   18   3   7   5   5   9   0   6  10   4   6   0   0   0   0   4  13   4   4   0  0.11 0.08
  116 M    0  0 -2 -1 -2  2 -1 -3 -2  1  2  0  3 -1 -2 -1 -1 -3 -2  0   11   6   0   5   0  12   0   0   0  10  26   5  17   0   0   0   0   0   0   5  0.17 0.10
  117 E   -1  0  1  1 -3  0  4  0  1 -3 -2  2 -2 -2 -2 -1  0 -2  0 -2    1   4   6   6   0   1  41   7   4   1   5  12   0   1   1   1   5   0   5   1  0.33 0.11
  118 Y    1 -1 -1  0 -2 -1 -1 -1  3 -1 -1 -1  1  0 -1  1 -1  3  3 -1   16   1   1   6   0   1   2   2  11   1   6   1   6   1   1  17   1   4  19   2  0.18 0.08
  119 P   -1  1 -2 -2 -2 -1 -1 -2 -2 -1  2  0  0 -1  4 -1 -1 -2 -2 -1    2  11   1   2   1   1   2   2   1   2  32   8   1   1  26   2   2   0   1   2  0.34 0.08
  120 A    3 -1 -1 -1 -1 -1 -1  0 -1  0 -1 -1 -1 -1 -1  1  0 -2 -1  1   44   2   2   2   1   2   2   3   1   2   3   2   1   1   2  10   2   1   1  17  0.16 0.04
  121 L   -1 -1  0 -1 -1 -1 -1 -1  2  1  2 -1  2  0 -1 -1 -1 -1  0  0    3   2   7   2   1   2   3   3  11  12  26   2  12   2   2   3   2   1   1   3  0.07 0.02
  122 G    2 -1  1  1 -1 -1 -1  3 -1 -2 -2 -1 -2 -2 -1  1  0 -2 -2 -1   26   1  11   7   1   1   2  30   1   1   2   2   1   1   1   8   2   0   1   2  0.26 0.05
  123 E   -1 -1  0  0 -2  0  3 -1  5 -2 -2  0 -1 -2 -1  2  0 -2  0 -2    2   2   1   2   1   1  27   2  25   2   3   2   1   1   2  22   2   0   1   2  0.31 0.07
  124 V   -1 -3 -3 -3  8 -3 -3 -3 -3  0 -1 -3 -1 -2 -3 -2 -1 -3 -2  3    1   1   1   1  53   1   1   1   0   1   1   1   0   1   1   1   1   0   0  35  0.92 0.16
  125 F   -1 -1 -1 -2 -3  1 -1  0  4 -2 -2  0 -1  3  3 -1 -2 -1  2 -2    1   1   1   1   0  11   1  10  15   1   1   9   0  17  20   1   1   0  10   1  0.33 0.07
  126 V    1 -2 -1 -2  3 -2 -2  5 -2 -1 -2 -2 -2 -2 -2 -1 -1 -3 -2  1   10   1   1   1   9   1   1  52   0   1   1   1   0   1   1   1   1   0   0  20  0.47 0.09
  127 L   -2 -2  2  4 -3 -1  0 -2 -2 -1  2  0 -1 -2 -2 -1 -1 -3 -2  0    1   0  10  41   0   0   0   1   0   0  28   6   0   0   0   1   0   0   0   9  0.32 0.09
  128 D   -2 -2  2  5 -3  1  1 -1  1 -3 -3 -1 -2  0 -2  1 -1 -3 -2 -3    1   0   9  51   0   6   5   4   5   0   1   0   0   8   0   9   0   0   0   0  0.51 0.10
  129 E   -1  3  1  1 -3  0  1  1  2 -1 -1  0 -1 -2 -2  0 -1 -3 -1 -2    1  28   6   8   0   0  10  11  10   6   9   0   0   0   0   9   0   0   0   0  0.17 0.06
  130 E    1 -2  1 -1 -2 -1  1 -2 -1 -3 -3 -1 -2 -2  5  1 -1 -3  1 -2   14   0  10   0   0   0  10   1   0   0   1   0   0   0  41  15   0   0   6   0  0.68 0.10
  131 E   -2 -2  0  5 -4  2  3 -2 -1 -3 -4 -1 -3 -4 -2 -1  2 -4 -3 -3    0   0   0  51   0   8  24   0   0   0   0   0   0   0   0   0  17   0   0   0  0.73 0.14
  132 I   -1 -4 -3 -4  9 -3 -4 -3 -4  2 -2 -4 -2 -3 -4  0 -1 -3 -3 -1    0   0   0   0  70   0   0   0   0  19   0   0   0   0   0  11   0   0   0   0  1.31 0.20
  133 R   -2  3 -3 -3 -4 -2 -2 -3 -3 -3 -2 -1 -3 -4  7 -2 -2 -4 -3 -3    0  21   0   0   0   0   0   0   0   0   6   0   0   0  73   0   0   0   0   0  1.59 0.19
  134 I   -2 -4 -4 -4 -2 -4 -4 -5 -4  6  2 -4  1 -1 -4 -3 -2 -3 -2  2    0   0   0   0   0   0   0   0   0  89  11   0   0   0   0   0   0   0   0   0  0.76 0.15
  135 I   -2 -3 -4 -4 -2 -3 -4 -4 -4  5  2 -3  3  0 -3 -3 -1 -3 -2  2    0   0   0   0   0   0   0   0   0  67  20   0  13   0   0   0   0   0   0   0  0.54 0.10
  136 Q   -1  0  1  2 -3  3  4 -2 -1 -4 -3  1 -2 -4 -2  1 -1 -3 -2 -3    0   0   6   6   0  14  54   0   0   0   0   7   0   0   0  14   0   0   0   0  0.55 0.08
  137 T    0 -1  2  1 -2  1  2 -2 -1 -2 -3  0 -2 -3 -2  2  3 -3 -2 -2    0   0  12   7   0   9  21   0   0   0   0   0   0   0   0  20  31   0   0   0  0.35 0.06
  138 E   -2 -2 -3 -2 -2 -1  1 -4 -2  2  3 -2  4  0 -3 -2 -1 -2 -2  1    0   0   0   0   0   0  16   0   0  11  52   0  21   0   0   0   0   0   0   0  0.31 0.05
  139 A    3 -2 -1 -2 -1 -1 -1 -1 -2 -1 -1 -1  2  2 -2  2  0 -2  0 -1   48   0   0   0   0   0   0   0   0   0   0   0  13  16   0  23   0   0   0   0  0.25 0.06
  140 E   -1 -1  2  4 -3  0  2  2 -1 -3 -3  1 -3 -3 -2  1 -1 -4 -3 -3    0   0  15  30   0   0  20  16   0   0   0   7   0   0   0  12   0   0   0   0  0.41 0.02
  141 G    1 -3 -1 -2 -3 -2 -2  6 -2 -4 -4 -2 -3 -3 -2  0 -2 -3 -3 -3    8   0   0   0   0   0   0  92   0   0   0   0   0   0   0   0   0   0   0   0  1.05 0.06
  142 I    3 -2 -2 -2 -1 -1 -2  1 -2  1 -1 -1  0 -2 -2  1  0 -3 -2  1   53   0   0   0   0   0   0  10   0  27   0   0   0   0   0  10   0   0   0   0  0.20 0.02
  143 G    2 -2 -1 -2 -2 -2 -2  5 -2 -3 -3 -1 -2 -3 -2  0 -1 -3 -3 -2   26   0   0   0   0   0   0  74   0   0   0   0   0   0   0   0   0   0   0   0  0.73 0.00
  144 P   -1  0 -1 -1 -3  4  1 -2 -1 -3 -3  0 -1 -4  6 -1 -1 -3 -2 -2    0   0   0   0   0  45   0   0   0   0   0   0   0   0  55   0   0   0   0   0  1.05 0.00
  145 E   -1 -1 -1  0 -2  1  4 -3 -1  1 -1  0 -1 -2 -2 -1 -1 -3 -2  2    0   0   0   0   0   0  55   0   0   0   0   0   0   0   0   0   0   0   0  45  0.26 0.00
  146 N   -2  0  6  1 -3  0  0  0  1 -3 -4  0 -2 -3 -2  1  0 -4 -2 -3    0   0 100   0   0   0   0   0   0   0   0   0   0   0   0   0   0   0   0   0  0.73 0.01
  147 V   -1 -2 -3 -3 -1 -1 -2 -3 -2  2  1 -2  4  0 -3 -2  0 -2 -1  3    0   0   0   0   0   0   0   0   0   0   0   0  45   0   0   0   0   0   0  55  0.27 0.00
  148 L   -2 -2 -4 -4 -1 -2 -3 -4 -3  2  4 -3  2  0 -3 -3 -1 -2 -1  1    0   0   0   0   0   0   0   0   0   0 100   0   0   0   0   0   0   0   0   0  0.45 0.00
  149 N   -2  0  6  1 -3  0  0  0  1 -3 -4  0 -2 -3 -2  1  0 -4 -2 -3    0   0 100   0   0   0   0   0   0   0   0   0   0   0   0   0   0   0   0   0  0.72 0.00
  150 A    4 -2 -2 -2  0 -1 -1  0 -2 -1 -2 -1 -1 -2 -1  1  0 -3 -2  0  100   0   0   0   0   0   0   0   0   0   0   0   0   0   0   0   0   0   0   0  0.40 0.00
  151 S    1 -1  1  0 -1  0  0  0 -1 -3 -3  0 -2 -3 -1  4  1 -3 -2 -2    0   0   0   0   0   0   0   0   0   0   0   0   0   0   0 100   0   0   0   0  0.45 0.00
  152 Y   -2 -2 -2 -3 -3 -2 -2 -3  2 -1 -1 -2 -1  3 -3 -2 -2  2  7 -1    0   0   0   0   0   0   0   0   0   0   0   0   0   0   0   0   0   0 100   0  0.85 0.00
  153 S    1 -1  1  0 -1  0  0  0 -1 -3 -3  0 -2 -3 -1  4  1 -3 -2 -2    0   0   0   0   0   0   0   0   0   0   0   0   0   0   0 100   0   0   0   0  0.45 0.00
  154 K   -1  2  0 -1 -3  1  1 -2 -1 -3 -3  5 -1 -3 -1  0 -1 -3 -2 -2    0   0   0   0   0   0   0   0   0   0   0 100   0   0   0   0   0   0   0   0  0.51 0.00
  155 L   -2 -2 -4 -4 -1 -2 -3 -4 -3  2  4 -3  2  0 -3 -3 -1 -2 -1  1    0   0   0   0   0   0   0   0   0   0 100   0   0   0   0   0   0   0   0   0  0.45 0.00
  156 K   -1  2  0 -1 -3  1  1 -2 -1 -3 -3  5 -1 -3 -1  0 -1 -3 -2 -2    0   0   0   0   0   0   0   0   0   0   0 100   0   0   0   0   0   0   0   0  0.51 0.00
  157 K   -1  2  0 -1 -3  1  1 -2 -1 -3 -3  5 -1 -3 -1  0 -1 -3 -2 -2    0   0   0   0   0   0   0   0   0   0   0 100   0   0   0   0   0   0   0   0  0.51 0.00
  158 F   -2 -3 -3 -4 -3 -3 -3 -3 -1  0  0 -3  0  6 -4 -3 -2  1  3 -1    0   0   0   0   0   0   0   0   0   0   0   0   0 100   0   0   0   0   0   0  0.73 0.00
  159 I   -1 -3 -3 -3 -1 -3 -3 -4 -3  4  2 -3  1  0 -3 -3 -1 -3 -1  3    0   0   0   0   0   0   0   0   0 100   0   0   0   0   0   0   0   0   0   0  0.38 0.00
  160 E   -1  0  0  2 -4  2  5 -2  0 -3 -3  1 -2 -3 -1  0 -1 -3 -2 -3    0   0   0   0   0   0 100   0   0   0   0   0   0   0   0   0   0   0   0   0  0.73 0.00
  161 S    1 -1  1  0 -1  0  0  0 -1 -3 -3  0 -2 -3 -1  4  1 -3 -2 -2    0   0   0   0   0   0   0   0   0   0   0   0   0   0   0 100   0   0   0   0  0.45 0.00
  162 A    4 -2 -2 -2  0 -1 -1  0 -2 -1 -2 -1 -1 -2 -1  1  0 -3 -2  0  100   0   0   0   0   0   0   0   0   0   0   0   0   0   0   0   0   0   0   0  0.40 0.00
  163 D   -2 -2  1  6 -4  0  2 -1 -1 -3 -4 -1 -3 -4 -2  0 -1 -5 -3 -3    0   0   0 100   0   0   0   0   0   0   0   0   0   0   0   0   0   0   0   0  0.92 0.00
  164 G    0 -2  0 -1 -3 -2 -2  6 -2 -4 -4 -2 -3 -3 -2  0 -2 -3 -3 -3    0   0   0   0   0   0   0 100   0   0   0   0   0   0   0   0   0   0   0   0  1.04 0.00
  165 F   -2 -3 -3 -4 -3 -3 -3 -3 -1  0  0 -3  0  6 -4 -3 -2  1  3 -1    0   0   0   0   0   0   0   0   0   0   0   0   0 100   0   0   0   0   0   0  0.73 0.00
  166 T    0 -1  0 -1 -1 -1 -1 -2 -2 -1 -1 -1 -1 -2 -1  1  5 -3 -2  0    0   0   0   0   0   0   0   0   0   0   0   0   0   0   0   0 100   0   0   0  0.46 0.00
  167 N   -2  0  6  1 -3  0  0  0  1 -3 -4  0 -2 -3 -2  1  0 -4 -2 -3    0   0 100   0   0   0   0   0   0   0   0   0   0   0   0   0   0   0   0   0  0.72 0.00
  168 N   -2  0  6  1 -3  0  0  0  1 -3 -4  0 -2 -3 -2  1  0 -4 -2 -3    0   0 100   0   0   0   0   0   0   0   0   0   0   0   0   0   0   0   0   0  0.72 0.00
  169 S    1 -1  1  0 -1  0  0  0 -1 -3 -3  0 -2 -3 -1  4  1 -3 -2 -2    0   0   0   0   0   0   0   0   0   0   0   0   0   0   0 100   0   0   0   0  0.45 0.00
  170 Y   -2 -2 -2 -3 -3 -2 -2 -3  2 -1 -1 -2 -1  3 -3 -2 -2  2  7 -1    0   0   0   0   0   0   0   0   0   0   0   0   0   0   0   0   0   0 100   0  0.85 0.00
  171 G    0 -2  0 -1 -3 -2 -2  6 -2 -4 -4 -2 -3 -3 -2  0 -2 -3 -3 -3    0   0   0   0   0   0   0 100   0   0   0   0   0   0   0   0   0   0   0   0  1.04 0.00
  172 A    4 -2 -2 -2  0 -1 -1  0 -2 -1 -2 -1 -1 -2 -1  1  0 -3 -2  0  100   0   0   0   0   0   0   0   0   0   0   0   0   0   0   0   0   0   0   0  0.40 0.00
  173 T    0 -1  0 -1 -1 -1 -1 -2 -2 -1 -1 -1 -1 -2 -1  1  5 -3 -2  0    0   0   0   0   0   0   0   0   0   0   0   0   0   0   0   0 100   0   0   0  0.46 0.00
  174 F   -2 -3 -3 -4 -3 -3 -3 -3 -1  0  0 -3  0  6 -4 -3 -2  1  3 -1    0   0   0   0   0   0   0   0   0   0   0   0   0 100   0   0   0   0   0   0  0.73 0.00
  175 S    1 -1  1  0 -1  0  0  0 -1 -3 -3  0 -2 -3 -1  4  1 -3 -2 -2    0   0   0   0   0   0   0   0   0   0   0   0   0   0   0 100   0   0   0   0  0.45 0.00
  176 F   -2 -3 -3 -4 -3 -3 -3 -3 -1  0  0 -3  0  6 -4 -3 -2  1  3 -1    0   0   0   0   0   0   0   0   0   0   0   0   0 100   0   0   0   0   0   0  0.73 0.00
  177 Q   -1  1  0  0 -3  6  2 -2  0 -3 -2  1  0 -3 -1  0 -1 -2 -2 -2    0   0   0   0   0 100   0   0   0   0   0   0   0   0   0   0   0   0   0   0  0.64 0.00
  178 P   -1 -2 -2 -2 -3 -1 -1 -2 -2 -3 -3 -1 -3 -4  8 -1 -1 -4 -3 -3    0   0   0   0   0   0   0   0   0   0   0   0   0   0 100   0   0   0   0   0  2.03 0.00
  179 Y   -2 -2 -2 -3 -3 -2 -2 -3  2 -1 -1 -2 -1  3 -3 -2 -2  2  7 -1    0   0   0   0   0   0   0   0   0   0   0   0   0   0   0   0   0   0 100   0  0.85 0.00
  180 T    0 -1  0 -1 -1 -1 -1 -2 -2 -1 -1 -1 -1 -2 -1  1  5 -3 -2  0    0   0   0   0   0   0   0   0   0   0   0   0   0   0   0   0 100   0   0   0  0.46 0.00
  181 S    1 -1  1  0 -1  0  0  0 -1 -3 -3  0 -2 -3 -1  4  1 -3 -2 -2    0   0   0   0   0   0   0   0   0   0   0   0   0   0   0 100   0   0   0   0  0.45 0.00
  182 I   -1 -3 -3 -3 -1 -3 -3 -4 -3  4  2 -3  1  0 -3 -3 -1 -3 -1  3    0   0   0   0   0   0   0   0   0 100   0   0   0   0   0   0   0   0   0   0  0.38 0.00
  183 D   -2 -2  1  6 -4  0  2 -1 -1 -3 -4 -1 -3 -4 -2  0 -1 -5 -3 -3    0   0   0 100   0   0   0   0   0   0   0   0   0   0   0   0   0   0   0   0  0.92 0.00
  184 E   -1  0  0  2 -4  2  5 -2  0 -3 -3  1 -2 -3 -1  0 -1 -3 -2 -3    0   0   0   0   0   0 100   0   0   0   0   0   0   0   0   0   0   0   0   0  0.73 0.00
  185 M   -1 -1 -2 -3 -2  0 -2 -3 -2  1  2 -1  6  0 -3 -2 -1 -2 -1  1    0   0   0   0   0   0   0   0   0   0   0   0 100   0   0   0   0   0   0   0  0.33 0.00
  186 T    0 -1  0 -1 -1 -1 -1 -2 -2 -1 -1 -1 -1 -2 -1  1  5 -3 -2  0    0   0   0   0   0   0   0   0   0   0   0   0   0   0   0   0 100   0   0   0  0.46 0.00
  187 Y   -2 -2 -2 -3 -3 -2 -2 -3  2 -1 -1 -2 -1  3 -3 -2 -2  2  7 -1    0   0   0   0   0   0   0   0   0   0   0   0   0   0   0   0   0   0 100   0  0.85 0.00
  188 R   -2  6  0 -2 -4  1  0 -2  0 -3 -2  2 -1 -3 -2 -1 -1 -3 -2 -3    0 100   0   0   0   0   0   0   0   0   0   0   0   0   0   0   0   0   0   0  0.74 0.00
  189 H   -2  0  1 -1 -3  0  0 -2  8 -3 -3 -1 -2 -1 -2 -1 -2 -3  2 -3    0   0   0   0   0   0   0   0 100   0   0   0   0   0   0   0   0   0   0   0  0.84 0.00
  190 I   -1 -3 -3 -3 -1 -3 -3 -4 -3  4  2 -3  1  0 -3 -3 -1 -3 -1  3    0   0   0   0   0   0   0   0   0 100   0   0   0   0   0   0   0   0   0   0  0.38 0.00
  191 F   -2 -3 -3 -4 -3 -3 -3 -3 -1  0  0 -3  0  6 -4 -3 -2  1  3 -1    0   0   0   0   0   0   0   0   0   0   0   0   0 100   0   0   0   0   0   0  0.73 0.00
  192 T    0 -1  0 -1 -1 -1 -1 -2 -2 -1 -1 -1 -1 -2 -1  1  5 -3 -2  0    0   0   0   0   0   0   0   0   0   0   0   0   0   0   0   0 100   0   0   0  0.46 0.00
  193 P   -1 -2 -2 -2 -3 -1 -1 -2 -2 -3 -3 -1 -3 -4  8 -1 -1 -4 -3 -3    0   0   0   0   0   0   0   0   0   0   0   0   0   0 100   0   0   0   0   0  2.03 0.00
  194 V    0 -3 -3 -3 -1 -2 -3 -3 -3  3  1 -2  1 -1 -3 -2  0 -3 -1  4    0   0   0   0   0   0   0   0   0   0   0   0   0   0   0   0   0   0   0 100  0.34 0.00
  195 L   -2 -2 -4 -4 -1 -2 -3 -4 -3  2  4 -3  2  0 -3 -3 -1 -2 -1  1    0   0   0   0   0   0   0   0   0   0 100   0   0   0   0   0   0   0   0   0  0.45 0.00
  196 T    0 -1  0 -1 -1 -1 -1 -2 -2 -1 -1 -1 -1 -2 -1  1  5 -3 -2  0    0   0   0   0   0   0   0   0   0   0   0   0   0   0   0   0 100   0   0   0  0.46 0.00
  197 N   -2  0  6  1 -3  0  0  0  1 -3 -4  0 -2 -3 -2  1  0 -4 -2 -3    0   0 100   0   0   0   0   0   0   0   0   0   0   0   0   0   0   0   0   0  0.72 0.00
  198 K   -1  2  0 -1 -3  1  1 -2 -1 -3 -3  5 -1 -3 -1  0 -1 -3 -2 -2    0   0   0   0   0   0   0   0   0   0   0 100   0   0   0   0   0   0   0   0  0.51 0.00
  199 Q   -1  1  0  0 -3  6  2 -2  0 -3 -2  1  0 -3 -1  0 -1 -2 -2 -2    0   0   0   0   0 100   0   0   0   0   0   0   0   0   0   0   0   0   0   0  0.64 0.00
  200 I   -1 -3 -3 -3 -1 -3 -3 -4 -3  4  2 -3  1  0 -3 -3 -1 -3 -1  3    0   0   0   0   0   0   0   0   0 100   0   0   0   0   0   0   0   0   0   0  0.38 0.00
  201 S    1 -1  1  0 -1  0  0  0 -1 -3 -3  0 -2 -3 -1  4  1 -3 -2 -2    0   0   0   0   0   0   0   0   0   0   0   0   0   0   0 100   0   0   0   0  0.45 0.00
  202 S    1 -1  1  0 -1  0  0  0 -1 -3 -3  0 -2 -3 -1  4  1 -3 -2 -2    0   0   0   0   0   0   0   0   0   0   0   0   0   0   0 100   0   0   0   0  0.45 0.00
  203 I   -1 -3 -3 -3 -1 -3 -3 -4 -3  4  2 -3  1  0 -3 -3 -1 -3 -1  3    0   0   0   0   0   0   0   0   0 100   0   0   0   0   0   0   0   0   0   0  0.38 0.00
  204 T    0 -1  0 -1 -1 -1 -1 -2 -2 -1 -1 -1 -1 -2 -1  1  5 -3 -2  0    0   0   0   0   0   0   0   0   0   0   0   0   0   0   0   0 100   0   0   0  0.46 0.00
  205 P   -1 -2 -2 -2 -3 -1 -1 -2 -2 -3 -3 -1 -3 -4  8 -1 -1 -4 -3 -3    0   0   0   0   0   0   0   0   0   0   0   0   0   0 100   0   0   0   0   0  2.03 0.00
  206 D   -2 -2  1  6 -4  0  2 -1 -1 -3 -4 -1 -3 -4 -2  0 -1 -5 -3 -3    0   0   0 100   0   0   0   0   0   0   0   0   0   0   0   0   0   0   0   0  0.92 0.00
  207 M   -1 -1 -2 -3 -2  0 -2 -3 -2  1  2 -1  6  0 -3 -2 -1 -2 -1  1    0   0   0   0   0   0   0   0   0   0   0   0 100   0   0   0   0   0   0   0  0.33 0.00
  208 E   -1  0  0  2 -4  2  5 -2  0 -3 -3  1 -2 -3 -1  0 -1 -3 -2 -3    0   0   0   0   0   0 100   0   0   0   0   0   0   0   0   0   0   0   0   0  0.73 0.00
  209 I   -1 -3 -3 -3 -1 -3 -3 -4 -3  4  2 -3  1  0 -3 -3 -1 -3 -1  3    0   0   0   0   0   0   0   0   0 100   0   0   0   0   0   0   0   0   0   0  0.38 0.00
  210 T    0 -1  0 -1 -1 -1 -1 -2 -2 -1 -1 -1 -1 -2 -1  1  5 -3 -2  0    0   0   0   0   0   0   0   0   0   0   0   0   0   0   0   0 100   0   0   0  0.46 0.00
  211 T    0 -1  0 -1 -1 -1 -1 -2 -2 -1 -1 -1 -1 -2 -1  1  5 -3 -2  0    0   0   0   0   0   0   0   0   0   0   0   0   0   0   0   0 100   0   0   0  0.46 0.00
  212 I   -1 -3 -3 -3 -1 -3 -3 -4 -3  4  2 -3  1  0 -3 -3 -1 -3 -1  3    0   0   0   0   0   0   0   0   0 100   0   0   0   0   0   0   0   0   0   0  0.38 0.00
  213 P   -1 -2 -2 -2 -3 -1 -1 -2 -2 -3 -3 -1 -3 -4  8 -1 -1 -4 -3 -3    0   0   0   0   0   0   0   0   0   0   0   0   0   0 100   0   0   0   0   0  2.03 0.00
  214 K   -1  2  0 -1 -3  1  1 -2 -1 -3 -3  5 -1 -3 -1  0 -1 -3 -2 -2    0   0   0   0   0   0   0   0   0   0   0 100   0   0   0   0   0   0   0   0  0.51 0.00
  215 G    0 -2  0 -1 -3 -2 -2  6 -2 -4 -4 -2 -3 -3 -2  0 -2 -3 -3 -3    0   0   0   0   0   0   0 100   0   0   0   0   0   0   0   0   0   0   0   0  1.04 0.00
  216 R   -2  6  0 -2 -4  1  0 -2  0 -3 -2  2 -1 -3 -2 -1 -1 -3 -2 -3    0 100   0   0   0   0   0   0   0   0   0   0   0   0   0   0   0   0   0   0  0.74 0.00
  217 Y   -2 -2 -2 -3 -3 -2 -2 -3  2 -1 -1 -2 -1  3 -3 -2 -2  2  7 -1    0   0   0   0   0   0   0   0   0   0   0   0   0   0   0   0   0   0 100   0  0.85 0.00
  218 A    4 -2 -2 -2  0 -1 -1  0 -2 -1 -2 -1 -1 -2 -1  1  0 -3 -2  0  100   0   0   0   0   0   0   0   0   0   0   0   0   0   0   0   0   0   0   0  0.40 0.00
  219 C    0 -4 -3 -4  9 -3 -4 -3 -3 -1 -1 -3 -2 -3 -3 -1 -1 -2 -3 -1    0   0   0   0 100   0   0   0   0   0   0   0   0   0   0   0   0   0   0   0  1.19 0.00
  220 I   -1 -3 -3 -3 -1 -3 -3 -4 -3  4  2 -3  1  0 -3 -3 -1 -3 -1  3    0   0   0   0   0   0   0   0   0 100   0   0   0   0   0   0   0   0   0   0  0.38 0.00
  221 A    4 -2 -2 -2  0 -1 -1  0 -2 -1 -2 -1 -1 -2 -1  1  0 -3 -2  0  100   0   0   0   0   0   0   0   0   0   0   0   0   0   0   0   0   0   0   0  0.40 0.00
  222 Y   -2 -2 -2 -3 -3 -2 -2 -3  2 -1 -1 -2 -1  3 -3 -2 -2  2  7 -1    0   0   0   0   0   0   0   0   0   0   0   0   0   0   0   0   0   0 100   0  0.85 0.00
  223 N   -2  0  6  1 -3  0  0  0  1 -3 -4  0 -2 -3 -2  1  0 -4 -2 -3    0   0 100   0   0   0   0   0   0   0   0   0   0   0   0   0   0   0   0   0  0.72 0.00
  224 F   -2 -3 -3 -4 -3 -3 -3 -3 -1  0  0 -3  0  6 -4 -3 -2  1  3 -1    0   0   0   0   0   0   0   0   0   0   0   0   0 100   0   0   0   0   0   0  0.73 0.00
  225 S    1 -1  1  0 -1  0  0  0 -1 -3 -3  0 -2 -3 -1  4  1 -3 -2 -2    0   0   0   0   0   0   0   0   0   0   0   0   0   0   0 100   0   0   0   0  0.45 0.00
  226 P   -1 -2 -2 -2 -3 -1 -1 -2 -2 -3 -3 -1 -3 -4  8 -1 -1 -4 -3 -3    0   0   0   0   0   0   0   0   0   0   0   0   0   0 100   0   0   0   0   0  2.03 0.00
  227 E   -1  0  0  2 -4  2  5 -2  0 -3 -3  1 -2 -3 -1  0 -1 -3 -2 -3    0   0   0   0   0   0 100   0   0   0   0   0   0   0   0   0   0   0   0   0  0.73 0.00
  228 H   -2  0  1 -1 -3  0  0 -2  8 -3 -3 -1 -2 -1 -2 -1 -2 -3  2 -3    0   0   0   0   0   0   0   0 100   0   0   0   0   0   0   0   0   0   0   0  0.84 0.00
  229 Y   -2 -2 -2 -3 -3 -2 -2 -3  2 -1 -1 -2 -1  3 -3 -2 -2  2  7 -1    0   0   0   0   0   0   0   0   0   0   0   0   0   0   0   0   0   0 100   0  0.85 0.00
  230 F   -2 -3 -3 -4 -3 -3 -3 -3 -1  0  0 -3  0  6 -4 -3 -2  1  3 -1    0   0   0   0   0   0   0   0   0   0   0   0   0 100   0   0   0   0   0   0  0.73 0.00
  231 L   -2 -2 -4 -4 -1 -2 -3 -4 -3  2  4 -3  2  0 -3 -3 -1 -2 -1  1    0   0   0   0   0   0   0   0   0   0 100   0   0   0   0   0   0   0   0   0  0.45 0.00
  232 N   -2  0  6  1 -3  0  0  0  1 -3 -4  0 -2 -3 -2  1  0 -4 -2 -3    0   0 100   0   0   0   0   0   0   0   0   0   0   0   0   0   0   0   0   0  0.72 0.00
  233 L   -2 -2 -4 -4 -1 -2 -3 -4 -3  2  4 -3  2  0 -3 -3 -1 -2 -1  1    0   0   0   0   0   0   0   0   0   0 100   0   0   0   0   0   0   0   0   0  0.45 0.00
  234 Q   -1  1  0  0 -3  6  2 -2  0 -3 -2  1  0 -3 -1  0 -1 -2 -2 -2    0   0   0   0   0 100   0   0   0   0   0   0   0   0   0   0   0   0   0   0  0.64 0.00
  235 K   -1  2  0 -1 -3  1  1 -2 -1 -3 -3  5 -1 -3 -1  0 -1 -3 -2 -2    0   0   0   0   0   0   0   0   0   0   0 100   0   0   0   0   0   0   0   0  0.51 0.00
  236 L   -2 -2 -4 -4 -1 -2 -3 -4 -3  2  4 -3  2  0 -3 -3 -1 -2 -1  1    0   0   0   0   0   0   0   0   0   0 100   0   0   0   0   0   0   0   0   0  0.45 0.00
  237 I   -1 -3 -3 -3 -1 -3 -3 -4 -3  4  2 -3  1  0 -3 -3 -1 -3 -1  3    0   0   0   0   0   0   0   0   0 100   0   0   0   0   0   0   0   0   0   0  0.38 0.00
  238 K   -1  2  0 -1 -3  1  1 -2 -1 -3 -3  5 -1 -3 -1  0 -1 -3 -2 -2    0   0   0   0   0   0   0   0   0   0   0 100   0   0   0   0   0   0   0   0  0.51 0.00
  239 Y   -2 -2 -2 -3 -3 -2 -2 -3  2 -1 -1 -2 -1  3 -3 -2 -2  2  7 -1    0   0   0   0   0   0   0   0   0   0   0   0   0   0   0   0   0   0 100   0  0.85 0.00
  240 I   -1 -3 -3 -3 -1 -3 -3 -4 -3  4  2 -3  1  0 -3 -3 -1 -3 -1  3    0   0   0   0   0   0   0   0   0 100   0   0   0   0   0   0   0   0   0   0  0.38 0.00
  241 A    4 -2 -2 -2  0 -1 -1  0 -2 -1 -2 -1 -1 -2 -1  1  0 -3 -2  0  100   0   0   0   0   0   0   0   0   0   0   0   0   0   0   0   0   0   0   0  0.40 0.00
  242 D   -2 -2  1  6 -4  0  2 -1 -1 -3 -4 -1 -3 -4 -2  0 -1 -5 -3 -3    0   0   0 100   0   0   0   0   0   0   0   0   0   0   0   0   0   0   0   0  0.92 0.00
  243 R   -2  6  0 -2 -4  1  0 -2  0 -3 -2  2 -1 -3 -2 -1 -1 -3 -2 -3    0 100   0   0   0   0   0   0   0   0   0   0   0   0   0   0   0   0   0   0  0.74 0.00
  244 Q   -1  1  0  0 -3  6  2 -2  0 -3 -2  1  0 -3 -1  0 -1 -2 -2 -2    0   0   0   0   0 100   0   0   0   0   0   0   0   0   0   0   0   0   0   0  0.64 0.00
  245 L   -2 -2 -4 -4 -1 -2 -3 -4 -3  2  4 -3  2  0 -3 -3 -1 -2 -1  1    0   0   0   0   0   0   0   0   0   0 100   0   0   0   0   0   0   0   0   0  0.45 0.00
  246 T    0 -1  0 -1 -1 -1 -1 -2 -2 -1 -1 -1 -1 -2 -1  1  5 -3 -2  0    0   0   0   0   0   0   0   0   0   0   0   0   0   0   0   0 100   0   0   0  0.46 0.00
  247 V    0 -3 -3 -3 -1 -2 -3 -3 -3  3  1 -2  1 -1 -3 -2  0 -3 -1  4    0   0   0   0   0   0   0   0   0   0   0   0   0   0   0   0   0   0   0 100  0.34 0.00
  248 V    0 -3 -3 -3 -1 -2 -3 -3 -3  3  1 -2  1 -1 -3 -2  0 -3 -1  4    0   0   0   0   0   0   0   0   0   0   0   0   0   0   0   0   0   0   0 100  0.34 0.00
  249 S    1 -1  1  0 -1  0  0  0 -1 -3 -3  0 -2 -3 -1  4  1 -3 -2 -2    0   0   0   0   0   0   0   0   0   0   0   0   0   0   0 100   0   0   0   0  0.45 0.00
  250 D   -2 -2  1  6 -4  0  2 -1 -1 -3 -4 -1 -3 -4 -2  0 -1 -5 -3 -3    0   0   0 100   0   0   0   0   0   0   0   0   0   0   0   0   0   0   0   0  0.92 0.00
  251 V    0 -3 -3 -3 -1 -2 -3 -3 -3  3  1 -2  1 -1 -3 -2  0 -3 -1  4    0   0   0   0   0   0   0   0   0   0   0   0   0   0   0   0   0   0   0 100  0.34 0.00
  252 Y   -2 -2 -2 -3 -3 -2 -2 -3  2 -1 -1 -2 -1  3 -3 -2 -2  2  7 -1    0   0   0   0   0   0   0   0   0   0   0   0   0   0   0   0   0   0 100   0  0.85 0.00
  253 E   -1  0  0  2 -4  2  5 -2  0 -3 -3  1 -2 -3 -1  0 -1 -3 -2 -3    0   0   0   0   0   0 100   0   0   0   0   0   0   0   0   0   0   0   0   0  0.73 0.00
  254 L   -2 -2 -4 -4 -1 -2 -3 -4 -3  2  4 -3  2  0 -3 -3 -1 -2 -1  1    0   0   0   0   0   0   0   0   0   0 100   0   0   0   0   0   0   0   0   0  0.45 0.00
  255 I   -1 -3 -3 -3 -1 -3 -3 -4 -3  4  2 -3  1  0 -3 -3 -1 -3 -1  3    0   0   0   0   0   0   0   0   0 100   0   0   0   0   0   0   0   0   0   0  0.38 0.00
  256 I   -1 -3 -3 -3 -1 -3 -3 -4 -3  4  2 -3  1  0 -3 -3 -1 -3 -1  3    0   0   0   0   0   0   0   0   0 100   0   0   0   0   0   0   0   0   0   0  0.38 0.00
  257 P   -1 -2 -2 -2 -3 -1 -1 -2 -2 -3 -3 -1 -3 -4  8 -1 -1 -4 -3 -3    0   0   0   0   0   0   0   0   0   0   0   0   0   0 100   0   0   0   0   0  2.03 0.00
  258 I   -1 -3 -3 -3 -1 -3 -3 -4 -3  4  2 -3  1  0 -3 -3 -1 -3 -1  3    0   0   0   0   0   0   0   0   0 100   0   0   0   0   0   0   0   0   0   0  0.38 0.00
  259 H   -2  0  1 -1 -3  0  0 -2  8 -3 -3 -1 -2 -1 -2 -1 -2 -3  2 -3    0   0   0   0   0   0   0   0 100   0   0   0   0   0   0   0   0   0   0   0  0.84 0.00
  260 Y   -2 -2 -2 -3 -3 -2 -2 -3  2 -1 -1 -2 -1  3 -3 -2 -2  2  7 -1    0   0   0   0   0   0   0   0   0   0   0   0   0   0   0   0   0   0 100   0  0.85 0.00
  261 S    1 -1  1  0 -1  0  0  0 -1 -3 -3  0 -2 -3 -1  4  1 -3 -2 -2    0   0   0   0   0   0   0   0   0   0   0   0   0   0   0 100   0   0   0   0  0.45 0.00
  262 P   -1 -2 -2 -2 -3 -1 -1 -2 -2 -3 -3 -1 -3 -4  8 -1 -1 -4 -3 -3    0   0   0   0   0   0   0   0   0   0   0   0   0   0 100   0   0   0   0   0  2.03 0.00
  263 K   -1  2  0 -1 -3  1  1 -2 -1 -3 -3  5 -1 -3 -1  0 -1 -3 -2 -2    0   0   0   0   0   0   0   0   0   0   0 100   0   0   0   0   0   0   0   0  0.51 0.00
  264 K   -1  2  0 -1 -3  1  1 -2 -1 -3 -3  5 -1 -3 -1  0 -1 -3 -2 -2    0   0   0   0   0   0   0   0   0   0   0 100   0   0   0   0   0   0   0   0  0.51 0.00
  265 Q   -1  1  0  0 -3  6  2 -2  0 -3 -2  1  0 -3 -1  0 -1 -2 -2 -2    0   0   0   0   0 100   0   0   0   0   0   0   0   0   0   0   0   0   0   0  0.64 0.00
  266 E   -1  0  0  2 -4  2  5 -2  0 -3 -3  1 -2 -3 -1  0 -1 -3 -2 -3    0   0   0   0   0   0 100   0   0   0   0   0   0   0   0   0   0   0   0   0  0.73 0.00
  267 E   -1  0  0  2 -4  2  5 -2  0 -3 -3  1 -2 -3 -1  0 -1 -3 -2 -3    0   0   0   0   0   0 100   0   0   0   0   0   0   0   0   0   0   0   0   0  0.73 0.00
  268 Y   -2 -2 -2 -3 -3 -2 -2 -3  2 -1 -1 -2 -1  3 -3 -2 -2  2  7 -1    0   0   0   0   0   0   0   0   0   0   0   0   0   0   0   0   0   0 100   0  0.85 0.00
  269 R   -2  6  0 -2 -4  1  0 -2  0 -3 -2  2 -1 -3 -2 -1 -1 -3 -2 -3    0 100   0   0   0   0   0   0   0   0   0   0   0   0   0   0   0   0   0   0  0.74 0.00
  270 V    0 -3 -3 -3 -1 -2 -3 -3 -3  3  1 -2  1 -1 -3 -2  0 -3 -1  4    0   0   0   0   0   0   0   0   0   0   0   0   0   0   0   0   0   0   0 100  0.34 0.00
  271 E   -1  0  0  2 -4  2  5 -2  0 -3 -3  1 -2 -3 -1  0 -1 -3 -2 -3    0   0   0   0   0   0 100   0   0   0   0   0   0   0   0   0   0   0   0   0  0.73 0.00
  272 M   -1 -1 -2 -3 -2  0 -2 -3 -2  1  2 -1  6  0 -3 -2 -1 -2 -1  1    0   0   0   0   0   0   0   0   0   0   0   0 100   0   0   0   0   0   0   0  0.33 0.00
  273 K   -1  2  0 -1 -3  1  1 -2 -1 -3 -3  5 -1 -3 -1  0 -1 -3 -2 -2    0   0   0   0   0   0   0   0   0   0   0 100   0   0   0   0   0   0   0   0  0.51 0.00
  274 I   -1 -3 -3 -3 -1 -3 -3 -4 -3  4  2 -3  1  0 -3 -3 -1 -3 -1  3    0   0   0   0   0   0   0   0   0 100   0   0   0   0   0   0   0   0   0   0  0.38 0.00
  275 E   -1  4  0  0 -4  2  4 -2  0 -3 -3  2 -2 -3 -2  0 -1 -3 -2 -3    0  50   0   0   0   0  50   0   0   0   0   0   0   0   0   0   0   0   0   0  0.55 0.00
  276 I   -1 -3 -3 -3 -1 -3 -3 -4 -3  4  2 -3  1  0 -3 -3 -1 -3 -1  3    0   0   0   0   0   0   0   0   0 100   0   0   0   0   0   0   0   0   0   0  0.38 0.00
  277 L    3 -2 -2 -3 -1 -1 -2 -1 -2  0  2 -2  1 -1 -2  0 -1 -2 -1  0   50   0   0   0   0   0   0   0   0   0  50   0   0   0   0   0   0   0   0   0  0.20 0.00
  278 D   -1 -1  1  5 -4  1  4 -2 -1 -3 -3  0 -3 -4 -1  0 -1 -4 -3 -3    0   0   0  50   0   0  50   0   0   0   0   0   0   0   0   0   0   0   0   0  0.69 0.00
  279 H   -2  0  1 -1 -3  0  0 -2  7 -3 -3 -1 -2 -1 -2 -1 -2 -2  2 -3    0   0   0   0   0   0   0   0   0   0   0   0   0   0   0   0   0   0   0   0  0.00     0.00
  280 H   -2  0  1 -1 -3  0  0 -2  7 -3 -3 -1 -2 -1 -2 -1 -2 -2  2 -3    0   0   0   0   0   0   0   0   0   0   0   0   0   0   0   0   0   0   0   0  0.00     0.00
  281 H   -2  0  1 -1 -3  0  0 -2  7 -3 -3 -1 -2 -1 -2 -1 -2 -2  2 -3    0   0   0   0   0   0   0   0   0   0   0   0   0   0   0   0   0   0   0   0  0.00     0.00
  282 H   -2  0  1 -1 -3  0  0 -2  7 -3 -3 -1 -2 -1 -2 -1 -2 -2  2 -3    0   0   0   0   0   0   0   0   0   0   0   0   0   0   0   0   0   0   0   0  0.00     0.00
  283 H   -2  0  1 -1 -3  0  0 -2  7 -3 -3 -1 -2 -1 -2 -1 -2 -2  2 -3    0   0   0   0   0   0   0   0   0   0   0   0   0   0   0   0   0   0   0   0  0.00     0.00
  284 H   -2  0  1 -1 -3  0  0 -2  7 -3 -3 -1 -2 -1 -2 -1 -2 -2  2 -3    0   0   0   0   0   0   0   0   0   0   0   0   0   0   0   0   0   0   0   0  0.00     0.00

                      K         Lambda
Standard Ungapped    0.1353     0.3184
Standard Gapped      0.0403     0.2670
PSI Ungapped         0.1318     0.3177
PSI Gapped           0.0403     0.2670
