
Last position-specific scoring matrix computed, weighted observed percentages rounded down, information per position, and relative weight of gapless real matches to pseudocounts
           A  R  N  D  C  Q  E  G  H  I  L  K  M  F  P  S  T  W  Y  V   A   R   N   D   C   Q   E   G   H   I   L   K   M   F   P   S   T   W   Y   V
    1 M   -1 -2 -3 -4 -2 -1 -3 -3 -2  1  2 -2  8  0 -3 -2 -1 -2 -2  0    0   0   0   0   0   0   0   0   0   0   0   0 100   0   0   0   0   0   0   0  0.74 0.10
    2 R    1  5 -1 -2 -3  2  0 -2 -1 -3 -3  3 -2 -3 -2 -1 -1 -3 -2 -2   17  52   0   0   0   9   0   0   0   0   0  22   0   0   0   0   0   0   0   0  0.56 0.08
    3 L    0  2 -3 -3 -2 -2 -2 -3 -3  3  2  0  1 -1 -3 -2  0 -3 -2  1    7  16   0   0   0   0   0   0   0  31  32   6   0   0   0   0   4   0   0   5  0.22 0.07
    4 F   -2 -4 -4 -4 -2 -4 -4 -5 -4  5  1 -4  0  4 -4 -3 -2 -2  0  2    0   0   0   0   0   0   0   0   0  63   6   0   0  23   0   0   0   0   0   7  0.67 0.15
    5 G    1 -3 -2 -3  4 -3 -3  6 -3 -1 -3 -3 -3 -4 -3 -1 -2 -4 -4 -3    8   0   0   0  10   0   0  75   0   6   0   0   0   0   0   0   0   0   0   0  1.01 0.16
    6 Y   -4 -4 -4 -5 -4 -3 -4 -5  0 -3 -3 -4 -3  1 -5 -4 -4  0  9 -3    0   0   0   0   0   0   0   0   0   0   0   0   0   0   0   0   0   0 100   0  2.25 0.39
    7 A    4 -3 -3 -3  4 -2 -3 -2 -3  1  0 -2 -1 -2 -3 -1 -1 -4 -3  2   50   0   0   0  11   0   0   0   0  10   7   0   0   0   0   0   0   0   0  22  0.45 0.16
    8 R   -3  8 -2 -3 -5 -1 -2 -4 -2 -5 -4  1 -3 -5 -4 -2 -3 -4 -3 -4    0 100   0   0   0   0   0   0   0   0   0   0   0   0   0   0   0   0   0   0  1.77 0.34
    9 V   -1 -3 -4 -4 -2 -3 -3 -4 -4  2 -1 -1 -1 -2 -3 -2  0 -4 -3  6    3   0   0   0   0   0   0   0   0   3   0   5   0   0   0   0   5   0   0  83  0.82 0.23
   10 S    0 -2 -1 -2 -3 -2 -2 -2 -2 -4 -4 -2 -3  0 -2  6  0 -4 -3 -3    0   0   0   0   0   0   0   0   0   0   0   0   0   5   0  95   0   0   0   0  1.14 0.31
   11 T   -1 -2 -1 -2 -2 -2 -2 -3 -3 -2 -3 -2 -2  0 -2  3  6 -4 -2 -2    0   0   0   0   0   0   0   0   0   0   0   0   0   5   0  22  73   0   0   0  0.92 0.26
   12 S   -1 -1  3  1 -3  0  2 -1  1 -1  0  0 -1  0 -2  1  1 -3 -1 -2    0   0  21   7   0   0  21   4   5   3  10   4   0   6   0   9   9   0   0   0  0.19 0.09
   13 Q   -1 -1  1  4 -4  2  3 -1 -1 -3 -1  0 -2 -4 -2 -1 -2 -4 -3 -3    5   0   8  36   0   9  25   3   0   0   9   4   0   0   0   0   0   0   0   0  0.50 0.14
   14 Q   -3 -1 -2 -2 -5  8  0 -4 -1 -5 -4  0 -2 -5 -3 -2  0 -4 -3 -4    0   0   0   0   0  95   0   0   0   0   0   0   0   0   0   0   5   0   0   0  1.66 0.37
   15 S   -1 -2  5  3 -3 -1 -1 -2 -1 -4 -2 -1 -3 -4 -3  3  1 -5 -3 -3    0   0  39  22   0   0   0   0   0   0   4   0   0   0   0  28   7   0   0   0  0.67 0.18
   16 L   -2 -3 -1 -3 -2 -3 -3 -4 -3  2  4 -3  0 -1  2 -2  1 -3 -2  1    0   0   4   0   0   0   0   0   0  12  56   0   0   0  10   0  13   0   0   5  0.45 0.14
   17 D    0 -1  2  3 -3  1  3 -2 -1 -4 -4  0 -3 -4 -2  1  0 -4 -3 -3    7   0  14  24   0   4  29   0   0   0   0   5   0   0   0  12   5   0   0   0  0.49 0.13
   18 I    1  5  1 -2 -3 -1 -2 -3  1  0  1  0 -1 -2 -3 -1 -2 -3 -2 -1   14  44   7   0   0   0   0   0   5   6  17   0   0   0   0   4   0   0   0   3  0.36 0.14
   19 Q   -3 -1 -2 -2 -5  8  0 -4 -1 -5 -4  0 -2 -5 -3 -2 -3 -4 -3 -4    0   0   0   0   0 100   0   0   0   0   0   0   0   0   0   0   0   0   0   0  1.83 0.39
   20 V   -2  2 -3 -3 -2 -1  0 -4 -3  4  1  0  0  0 -3 -2 -1 -3 -2  2    0  16   0   0   0   0   9   0   0  38  10   5   0   4   0   0   0   0   0  18  0.29 0.12
   21 R    0  2  2  3 -4  2  3 -1 -1 -4 -4  1 -3 -4 -2 -1 -1 -4 -3 -3    8  11  10  22   0   9  28   4   0   0   0   9   0   0   0   0   0   0   0   0  0.46 0.12
   22 A    2  0  1 -1 -2  1  2 -1 -1 -2 -1  0  1  0 -2  0 -1 -2  0 -2   32   5   7   0   0   7  21   2   0   0   6   5   5   4   0   0   0   0   4   0  0.18 0.09
   23 L   -1 -3 -3 -4 -2 -3 -3 -4 -3  2  4 -3  3 -1 -3 -3 -1 -3 -2  0    4   0   0   0   0   0   0   0   0  16  63   0   8   0   0   0   4   0   0   0  0.55 0.15
   24 K   -1  3  2 -1 -3  0  2 -2 -1 -2 -2  3 -2 -3 -2 -1  2 -3 -2  0    1  16  10   0   0   0  14   0   0   0   1  31   0   0   0   0  17   0   0   8  0.34 0.11
   25 D    2 -1  1  1  1  0  1 -1  1 -3 -3  2 -2 -3 -2  1  0 -3 -2 -2   26   0   5  10   4   2  10   0   3   0   1  17   0   0   0  15   4   0   0   0  0.23 0.08
   26 A    3 -2 -2 -2 -2 -1 -1 -2 -1  0 -2  0 -1  1 -2  0 -1 -1  4 -1   44   1   0   1   0   0   4   1   0   9   1   5   0   4   1   4   1   0  24   1  0.33 0.13
   27 G    0 -3  2 -2 -3 -2 -3  6 -3 -4 -4 -2 -3 -4 -3 -1 -2 -3 -4 -4    6   0  11   0   0   0   0  77   0   0   1   0   0   0   0   1   0   0   0   0  1.13 0.20
   28 V   -1 -3 -3 -3  6 -2 -1 -3 -2  1  0 -3  2 -1 -3 -1  0  3  3  1    0   0   0   0  25   0   6   0   0  10   3   0   9   0   0   2   7   5  15  15  0.42 0.13
   29 K   -2  1 -1  3 -4  1  3 -2 -1 -3 -3  2 -2 -3  2 -1 -2 -3  1 -3    1   7   0  21   0   4  32   0   0   0   1  17   0   0   8   0   0   0   7   0  0.47 0.12
   30 A    1 -1  0  1 -1 -1  0 -1 -2  0  0  0 -1 -2  1  0  0 -2 -2  2   14   1   5  10   0   1   6   2   0   5   6   7   0   1   8   7   1   0   1  25  0.08 0.04
   31 N    0  0  0  0 -2  1  0 -1  2  1 -1  0 -1 -1 -1  0  0 -1  2  0    9   7   5   5   1   8   5   2   8  12   2   1   1   1   1   7   5   0  10  10  0.05 0.03
   32 R   -1  4  1 -1 -3  3  1 -1 -1 -3 -2  3 -2 -3 -2 -1  0 -3 -2 -2    4  28   6   0   0  16   5   4   0   0   4  25   0   0   0   1   4   0   0   1  0.39 0.11
   33 I   -1 -3 -4 -4 -2 -3 -3 -4 -4  5  1 -1  0  1 -3 -3 -2 -3 -2  2    4   0   0   0   0   0   0   0   0  65   7   4   0   5   0   0   0   0   0  12  0.59 0.17
   34 F   -3 -3 -3 -4 -3 -3 -3 -4  1  2  0 -3 -1  5 -4 -3 -2  0  5 -1    0   0   0   0   0   0   0   0   4  20   6   0   0  37   0   0   0   0  30   0  0.76 0.17
   35 T    0  1 -1 -1 -3  2  3 -2  1 -1 -3  2 -2 -3 -2  1  2 -3 -2 -2    4   7   0   0   0  12  25   0   5   5   0  14   0   0   0  13  16   0   0   0  0.32 0.11
   36 D   -3 -2 -1  6 -5  0  5 -3 -2 -5 -5 -1 -4 -5 -3 -2 -2 -5 -4 -4    0   0   0  52   0   0  48   0   0   0   0   0   0   0   0   0   0   0   0   0  1.22 0.25
   37 K   -2  1 -1 -2 -4  2  1 -3  4  1 -3  5 -2 -3 -2 -2 -2 -4 -2 -2    0   3   0   0   0  10   9   0  15  14   0  50   0   0   0   0   0   0   0   0  0.56 0.18
   38 A    2 -2 -2 -3 -2 -1 -2  2 -3  3 -1 -1 -1 -2 -2  0 -1 -3 -3  1   27   0   0   0   0   3   0  22   0  27   2   5   0   0   0   4   0   0   0  10  0.24 0.11
   39 S    0 -2 -1 -2 -2 -2 -2 -2 -2 -4 -4 -2 -3 -4 -2  6  1 -4 -3 -3    0   0   0   0   0   0   0   0   0   0   0   0   0   0   0  97   3   0   0   0  1.22 0.31
   40 G    0 -4 -2 -3 -4 -3 -4  7 -4 -5 -5 -3 -4 -5 -4 -2 -3 -4 -5 -4    5   0   0   0   0   0   0  95   0   0   0   0   0   0   0   0   0   0   0   0  1.64 0.28
   41 S    2 -1 -1 -2 -2 -1  0 -2 -2  0 -1  2  0 -2 -2  2  1 -3  0 -1   25   0   0   0   0   0   4   0   0   8   5  20   2   0   0  23   7   0   5   0  0.20 0.10
   42 S    0  1  2  2 -3  0  1 -2  1 -2 -2  2 -2 -3 -2  2  1 -4 -2 -2    3   9  14  11   0   2   5   0   3   3   4  20   0   0   0  18   7   0   0   0  0.24 0.08
   43 S    0  1 -1 -2 -2 -1  0 -2 -2  1  1  0  2 -2 -1  1  1 -3 -2  0    6   9   0   0   0   0   5   0   0   8  12   7  13   0   2  19  12   0   0   7  0.12 0.07
   44 D    0  0  2  4 -4  1  3 -2  2 -4 -4  2 -3 -4 -2 -1 -2 -4 -3 -3    9   3  13  27   0   3  27   0   5   0   0  13   0   0   0   0   0   0   0   0  0.52 0.13
   45 R   -3  7 -2 -3 -5  0 -2 -4 -2 -5 -4  2 -3 -5 -4 -2 -3 -4 -3 -4    0  95   0   0   0   0   0   0   0   0   0   5   0   0   0   0   0   0   0   0  1.64 0.32
   46 K   -2 -2 -2  1 -4 -1  1 -3 -3 -4 -4  2 -4 -5  7 -2 -2 -5 -4 -4    0   0   0   8   0   0  12   0   0   0   0  18   0   0  63   0   0   0   0   0  1.45 0.24
   47 G    0 -2  1 -1 -3  3  1  4 -2 -2 -3 -1 -2 -4 -3  0 -2 -3 -3 -2    4   0   5   0   0  24  12  43   0   3   0   0   0   0   0   5   0   0   0   4  0.54 0.15
   48 L   -3 -3 -5 -5 -3 -3 -4 -5 -3  0  5 -4  1  2 -4 -4 -2 -2  1  1    0   0   0   0   0   0   0   0   0   0  83   0   0   7   0   0   0   0   5   5  0.83 0.21
   49 D   -1  0  2  2 -3  1  2 -2 -1 -1  0  2  1  0 -2 -1 -1 -3 -2 -2    4   3  11  16   0   7  20   0   0   3  11  15   5   5   0   0   0   0   0   0  0.21 0.08
   50 L    0  3  0 -2 -3  1  1 -3 -1 -2  0  3  0 -3 -2 -1  0 -3 -2 -2    6  25   5   0   0   4   8   0   0   0  11  32   3   0   0   0   5   0   0   0  0.35 0.12
   51 L    1 -3 -4 -4  2 -3 -3 -4 -3  2  4 -3  4 -1 -3 -2 -2 -3 -2  1   13   0   0   0   5   0   0   0   0   9  47   0  21   0   0   0   0   0   0   6  0.48 0.15
   52 R   -2  1 -4 -4 -3 -3 -3 -5 -4  4  4 -2  1 -1 -4 -3 -2 -3 -2  0    0  13   0   0   0   0   0   0   0  31  56   0   0   0   0   0   0   0   0   0  0.61 0.17
   53 M    0  1  1  3 -3  1  2 -2 -1 -3 -2  2  1 -3 -2  0 -1 -4 -3 -2    7   9   6  24   0   4  14   0   0   0   3  19   6   0   0   6   0   0   0   0  0.33 0.10
   54 K   -1  1 -1  2 -3 -1  1 -3  1 -2  0  1  2  3 -3 -1 -1 -2  1 -2    5   9   0  18   0   0  10   0   5   0   7   9  12  19   0   0   2   0   3   0  0.18 0.09
   55 V    1 -3 -4 -4 -2 -3 -3 -3 -3  2  3 -3  1 -1 -3 -2 -1 -3 -2  3   19   0   0   0   0   0   0   0   0  15  38   0   3   0   0   0   0   0   0  24  0.40 0.12
   56 E   -1  4  0 -1 -3  3  2 -3  2  0 -3  2 -2 -3 -2  0 -1 -3 -2 -2    4  28   3   0   0  18  18   0   5   8   0   8   0   0   0   8   0   0   0   0  0.40 0.12
   57 E    0  0  1  1  1  1  3 -2 -1 -3 -3  2  1 -3  1  0  0 -4 -3 -2    7   2   9   4   3   5  34   0   0   0   0  14   7   0   7   4   3   0   0   0  0.34 0.11
   58 G    0 -4 -2 -1 -4 -3 -3  6 -3 -4 -4 -3 -4 -4 -3 -2 -3 -4 -4 -1    5   0   0   4   0   0   0  86   0   0   0   0   0   0   0   0   0   0   0   5  1.32 0.24
   59 D   -3 -2  0  6 -5 -1  3 -3 -2 -4 -2 -1 -3 -4 -3 -1 -2 -5 -4 -4    0   0   0  69   0   0  26   0   0   0   5   0   0   0   0   0   0   0   0   0  1.13 0.21
   60 V   -1 -1 -2 -3 -2  0 -2 -3 -3  2 -1  0 -1 -2 -2  0  4 -3 -2  3    0   4   0   0   0   4   0   0   0  13   0   6   0   0   0   4  37   0   0  33  0.34 0.13
   61 I   -2 -3 -4 -4 -2 -3 -4 -4 -4  3  2 -3  0  2 -3 -3 -1 -3 -1  4    0   0   0   0   0   0   0   0   0  18  25   0   0   9   0   0   2   0   0  45  0.49 0.12
   62 L   -2 -3 -4 -4 -2 -3 -4 -4 -4  4  2 -3  0 -1 -4 -3 -1 -3  0  4    0   0   0   0   0   0   0   0   0  31  15   0   0   0   0   0   0   0   4  50  0.59 0.14
   63 V    1 -4 -4 -4  2 -3 -3 -4 -4  3  0 -3  0 -2 -3 -2 -1 -4 -2  5   11   0   0   0   5   0   0   0   0  20   0   0   0   0   0   0   0   0   0  64  0.61 0.16
   64 K    0 -1 -2 -2 -3  1  1 -3  2 -2 -2  1 -2 -1 -3 -1  3  7  3 -1    6   0   0   0   0   5  11   0   7   0   0  10   0   0   0   0  27  19  12   4  0.48 0.13
   65 K    0  2 -1  3 -3  0  0 -2 -1 -3 -3  4 -2 -2 -2  1 -1 -3  2 -3    5  13   0  20   0   0   0   0   0   0   0  41   0   0   0  10   0   0  10   0  0.44 0.13
   66 L   -2 -2 -3 -3 -2 -2 -1 -4 -3  2  4 -1  2 -1  2 -2 -2 -3 -2  0    0   0   0   0   0   0   5   0   0  16  54   5   7   0  11   0   0   0   0   0  0.39 0.11
   67 D   -3 -3  0  7 -4 -2  0 -3 -2 -4 -4 -2 -4 -5 -3 -1  2 -5 -4 -4    0   0   0  84   0   0   0   0   0   0   0   0   0   0   0   0  16   0   0   0  1.34 0.24
   68 R   -3  7 -2 -3 -5  0 -2 -4 -2 -5 -4  1 -3 -4 -4 -2 -3 -4 -3 -4    0 100   0   0   0   0   0   0   0   0   0   0   0   0   0   0   0   0   0   0  1.64 0.28
   69 L   -2 -3 -5 -5 -2 -3 -4 -5 -4  3  5 -4  1 -1 -4 -4 -2 -3 -2  0    0   0   0   0   0   0   0   0   0  21  79   0   0   0   0   0   0   0   0   0  0.82 0.18
   70 G    2 -2 -1 -2 -2 -2 -2  4 -2 -3 -3 -2 -3 -4 -2  2  1 -3 -3 -2   24   0   0   0   0   0   0  45   0   0   0   0   0   0   0  21  10   0   0   0  0.62 0.13
   71 R   -3  7 -2 -3  1  0 -2 -1 -2 -4 -4  1 -3 -4 -4 -2 -2 -4 -3 -4    0  91   0   0   4   0   0   5   0   0   0   0   0   0   0   0   0   0   0   0  1.34 0.25
   72 D   -1 -1  3  2 -3 -1 -1  0 -1 -3 -3  0 -2  1  1  3  0 -3 -2 -3    0   0  23  10   0   0   0   6   0   0   0   5   0   9   8  39   0   0   0   0  0.38 0.12
   73 T    0 -2  0 -2 -2 -2 -2  0 -2  0  2 -2  3 -1 -3 -1  2 -2  0  1    7   0   6   0   0   0   0   9   0   0  30   0  12   0   0   0  25   0   4   7  0.18 0.09
   74 A    1  1  0  0 -2  1  0 -2 -1 -1 -1  2  2  1 -2  1 -1 -3 -1 -1   22  10   4   7   0   5   2   0   0   0   0  15  13   9   0   9   0   0   0   4  0.13 0.07
   75 D   -2 -1  2  5 -4  1  2 -2  4 -4 -4  0 -3 -4 -2  0 -2 -4 -2 -4    0   0   9  45   0   5  17   0  15   0   0   6   0   0   0   4   0   0   0   0  0.69 0.14
   76 M    0 -2 -3 -3 -2  0 -2 -3 -3  2  4 -2  3 -1 -3 -2 -1 -2 -2  1    8   0   0   0   0   6   0   0   0   8  55   0  10   0   0   0   0   0   0  10  0.37 0.10
   77 I   -2  1 -3 -3 -2  0  0 -4 -3  4  2 -1  0  0 -3 -2 -1 -3 -2  2    0  14   0   0   0   5   8   0   0  45  16   0   0   5   0   0   0   0   0   8  0.29 0.11
   78 Q    0  2  1  0 -3  2  2 -2  1 -1 -2  1 -1 -3 -2  0  1 -3 -2  0    9  15   6   4   0  10  13   0   4   5   0  11   0   0   0   2  10   0   0  10  0.17 0.05
   79 L   -2 -3 -4 -4 -2 -3 -3 -4 -4  3  4 -3  1 -1 -3 -2  1  3 -2  1    0   0   0   0   0   0   0   0   0  20  60   0   0   0   0   0  12   5   0   4  0.53 0.13
   80 I   -1 -3 -3 -1 -2 -3 -3 -4 -4  4  1 -3  0 -1 -3 -1  0 -3 -2  4    0   0   0   5   0   0   0   0   0  35  11   0   0   0   0   4   3   0   0  42  0.45 0.12
   81 K   -1 -1  2  4 -4  1  3 -1  2 -4 -4  1 -3 -4 -2  0 -1 -4 -2 -3    4   0  10  31   0   7  26   2   6   0   0  10   0   0   0   3   0   0   0   0  0.52 0.11
   82 E   -1  2  0  1  2  2  3 -2 -1 -3 -2  1 -2 -3 -2  0  0 -3  0 -2    5  11   4   9   6   8  31   0   0   0   4  10   0   0   0   4   4   0   5   0  0.29 0.08
   83 F   -2 -3 -4 -4 -2 -3 -4 -5 -3  3  4 -3  1  3 -4 -3 -2 -2  1  0    0   0   0   0   0   0   0   0   0  26  54   0   0  14   0   0   0   0   6   0  0.57 0.14
   84 D   -1  3  1  1 -3  0  1 -2  1 -3 -3  2 -2 -2 -2  0  1 -3  1 -2    4  26   5  10   0   0   8   0   3   0   0  21   0   0   0   6  11   0   6   0  0.32 0.09
   85 A    2  1  0  3 -3  1  3 -2 -1 -3 -3  2 -2 -4 -2  0 -1 -4 -3 -2   24   6   3  21   0   7  21   0   0   0   0  15   0   0   0   4   0   0   0   0  0.38 0.10
   86 Q   -2  4 -1 -2 -4  2  1  0 -1 -3 -2  3  0 -3 -2  0  0 -3 -3 -3    0  37   0   0   0   7   6   6   0   0   4  29   3   0   0   4   4   0   0   0  0.47 0.12
   87 G   -1 -2  1  0 -4 -2  0  6 -2 -5 -4  1 -3 -4 -3  0 -2 -4 -4 -4    0   0   6   4   0   0   5  71   0   0   0  11   0   0   0   4   0   0   0   0  0.92 0.17
   88 V    2 -3 -3 -4 -2 -3 -3 -3 -4  4  0 -3  0 -2 -3 -2 -1 -4 -2  4   27   0   0   0   0   0   0   0   0  32   0   0   0   0   0   0   0   0   0  41  0.49 0.15
   89 S    1  2  2 -1 -2  0 -1 -2  4 -2 -3  1 -2 -3  1  2  0 -3 -1 -1   12  16  10   0   0   0   0   0  15   0   0   6   0   0   6  23   5   0   0   6  0.26 0.09
   90 I   -2 -3 -4 -4 -2 -3 -4 -4 -3  3  2 -3  0  4 -4 -3 -2 -2  0  3    0   0   0   0   0   0   0   0   0  18  20   0   0  27   0   0   0   0   0  34  0.51 0.13
   91 R   -2  3 -2 -2 -3 -1  0 -3  4  1 -2  1 -1 -2  2 -2 -2 -3  1  1    0  21   0   0   0   0   7   0  16  15   0  11   0   0  14   0   0   0   6  11  0.29 0.10
   92 F    1  0 -1 -2  3 -2 -2  1 -2 -2 -2 -1  1  3 -2  3  1 -2  0 -2   10   6   0   0   8   0   0   9   0   0   0   0   5  23   0  33   6   0   0   0  0.26 0.11
   93 I   -2 -2 -3 -3 -2 -2 -3 -4 -3  3  3 -1  2 -1 -3 -2  1 -3 -2  2    0   0   0   0   0   0   0   0   0  24  40   6   5   0   0   0  11   0   0  14  0.36 0.10
   94 D    1  1  2  1 -3  1  1 -2 -1 -2 -2  3 -2 -3 -2  0  1 -4 -2  0   14   4  11  10   0   4  10   0   0   0   0  29   0   0   0   0  10   0   0   9  0.24 0.08
   95 D   -2 -2  0  5 -4  1  3  1  2 -4 -4 -1 -3 -4 -2 -1 -2 -4 -3 -4    0   0   0  52   0   5  23  14   6   0   0   0   0   0   0   0   0   0   0   0  0.80 0.17
   96 G   -1  1  2 -1 -3 -1  0  2  1 -2 -1 -1 -1 -3  1  1  1 -3 -2 -1    0  11  15   0   0   0   6  21   4   0   9   0   0   0   9  10  11   0   0   5  0.19 0.07
   97 I    0 -2 -2 -3 -2  0 -2 -1 -2  4  1 -2  0 -1 -3  0  0 -2  1  1    5   0   0   0   0   6   0   6   0  43  11   0   0   0   0   9   6   0   6   8  0.20 0.09
   98 S    0 -2  0  5 -3  1  2  1 -2 -4 -4 -1 -3 -4 -2  2 -1 -4 -3 -3    6   0   0  40   0   5  17   8   0   0   0   0   0   0   0  24   0   0   0   0  0.57 0.14
   99 T   -1 -2  1 -1 -2 -1  0 -1 -2 -1  1  0 -1  0  1  0  3 -3 -2 -1    0   0  11   0   0   0   8   3   0   0  23   5   0   4   6   3  38   0   0   0  0.22 0.11
  100 D    0 -2  0  4 -3  1  1 -2 -2 -3 -3 -1 -3 -4 -2  3  2 -4 -3 -3    4   0   0  30   0   6   9   0   0   0   0   0   0   0   0  38  12   0   0   0  0.51 0.14
  101 G    1 -1  2 -1 -2 -1  1  1 -2 -3 -3  0 -2 -3  1  3  2 -3 -3 -2    9   0  11   0   0   0  11  10   0   0   0   5   0   0   6  29  20   0   0   0  0.31 0.09
  102 E    1 -2 -2  0 -3 -1  3 -2 -2 -3 -3 -1 -3 -1  5  1  0 -4 -2 -3   16   0   0   2   0   0  28   0   0   0   0   0   0   5  37   9   3   0   0   0  0.73 0.15
  103 M    1 -2 -2 -3 -2 -1 -2 -2  1  0  1 -2  5 -1 -2  0  1 -2  2  0   20   0   0   0   0   0   0   0   4   5   7   0  36   0   0   5   9   0  11   0  0.29 0.13
  104 G    0  0  2  0 -3 -2 -2  5 -2 -3 -3  0  1 -4 -3  0 -2 -4 -3 -3    7   5  10   6   0   0   0  56   0   0   0   5   6   0   0   4   0   0   0   0  0.62 0.13
  105 K   -1  3  1  1 -3  3  2  0 -1 -3 -3  2  0 -3 -2  1 -1 -3 -2 -3    0  17   7   5   0  18  11   9   0   0   0  17   4   0   0  12   0   0   0   0  0.34 0.09
  106 M   -1 -3 -3 -1 -2 -2 -3 -3 -3  1  2 -3  4  3 -3 -2 -1 -2  0  1    6   0   0   6   0   0   0   0   0   7  27   0  21  20   0   0   0   0   0  13  0.30 0.10
  107 V    0 -3 -3 -3 -2 -2 -3 -3 -2  1  1 -2  3  4 -3 -1  0 -1  2  1   13   0   0   0   0   0   0   0   0   8  13   0  14  24   0   3   4   0   7  14  0.25 0.08
  108 V   -2 -2 -3 -3 -2 -2 -2 -3 -2  1  2  1  3  4 -3 -2  0 -1  0  1    0   0   0   0   0   0   0   0   0   8  17  13  13  33   0   0   7   0   0   8  0.30 0.10
  109 T    0  0  0  1 -2  2  1 -2  4  0 -2 -1 -1 -3 -2  0  2 -3 -1  0    8   4   0  12   0  15   5   0  20   7   0   0   0   0   0   5  18   0   0   6  0.23 0.09
  110 I   -1 -3 -4 -4 -2 -3 -3 -4 -4  3  2 -3  3 -1 -3 -3 -1 -3 -2  4    0   0   0   0   0   0   0   0   0  22  13   0  14   0   0   0   0   0   0  51  0.53 0.14
  111 L   -2  0 -3 -4 -2 -2 -3 -4 -3  1  3 -2  5  2 -3 -3 -2 -2 -1  1    0   8   0   0   0   0   0   0   0   7  35   0  36   9   0   0   0   0   0   5  0.47 0.14
  112 S    2 -2  1 -1 -2  1  0  3 -2 -3 -3 -1 -2 -3 -2  3  0 -3 -3 -2   25   0   6   0   0   6   7  26   0   0   0   0   0   0   0  30   0   0   0   0  0.40 0.11
  113 A    3 -2 -2 -2 -1 -2 -2  1 -3  1 -1 -2  1 -2 -2  1 -1 -3 -2  1   47   0   0   0   0   0   0  13   0  13   0   0   5   0   0  10   0   0   0  12  0.28 0.11
  114 V   -2 -3 -4 -4 -2 -3 -4 -4 -3  2  2 -3  0  4 -4 -3 -2 -2  0  4    0   0   0   0   0   0   0   0   0   8  15   0   0  33   0   0   0   0   0  44  0.52 0.14
  115 A    4 -2  0 -1 -2 -1  1 -1 -2 -3 -3 -1 -2 -3 -2  2  0 -4 -3 -1   63   0   4   0   0   0  10   0   0   0   0   0   0   0   0  23   0   0   0   0  0.52 0.14
  116 Q   -2  2  0  0 -4  4  5 -1 -1 -4 -4  0 -2 -4 -2 -1 -2 -4 -3 -3    0  11   5   0   0  22  57   5   0   0   0   0   0   0   0   0   0   0   0   0  0.74 0.15
  117 A    0 -2 -2  1 -3  0 -2 -3 -1 -1  1 -2  2  5 -3 -2 -2 -1  3 -1   10   0   0  11   0   6   0   0   0   0  15   0   9  38   0   0   0   0  10   0  0.35 0.10
  118 E   -2 -1 -1  2 -5  3  6 -3 -1 -4 -4  0 -3 -4 -2 -1 -2 -4 -3 -4    0   0   0  11   0  10  79   0   0   0   0   0   0   0   0   0   0   0   0   0  1.04 0.19
  119 R   -2  6 -1 -3 -4  0 -1 -3 -1 -4 -3  2 -2  0 -3 -2  0 -3  1 -3    0  77   0   0   0   0   0   0   0   0   0   7   0   5   0   0   5   0   6   0  0.93 0.18
  120 Q    1  0  3  3 -3  1  2 -2 -1 -3 -2  1 -2 -3 -2  0 -1 -4 -3 -3   14   5  20  24   0   3  20   0   0   0   3  10   0   0   0   0   0   0   0   0  0.39 0.08
  121 R   -2  2 -2  1 -2 -1  0 -3 -2  1  3  0  2 -1 -3 -2 -1 -3 -2  0    0  15   0  11   0   0   6   0   0  13  42   7   5   0   0   0   0   0   0   0  0.21 0.08
  122 I   -2  2  0 -3 -2 -2 -2 -4  3  4  1 -1  0 -1 -3 -1 -1 -3 -2  1    0  16   5   0   0   0   0   0  10  57   6   0   0   0   0   6   0   0   0   0  0.34 0.12
  123 L   -1  3  1 -2 -2 -1 -1 -3 -2  1  1  1  0 -2 -2  0 -1 -3 -2  1    3  24  10   0   0   0   0   0   0  10  22  13   0   0   0   6   0   0   0  12  0.16 0.06
  124 E   -2  1 -1  0 -4  2  6 -3 -1 -3 -2  0  3 -4 -2 -1 -2 -4 -3 -3    0   6   0   0   0   6  74   0   0   0   0   0  14   0   0   0   0   0   0   0  0.85 0.18
  125 R   -2  7 -1 -3 -5  0 -1 -3 -1 -4 -3  2 -2 -4 -3 -2 -2 -4 -3 -4    0  90   0   0   0   0   0   0   0   0   0  10   0   0   0   0   0   0   0   0  1.29 0.22
  126 T   -1 -1 -1 -2 -2  4 -1 -3 -2  1 -2 -1 -1 -3 -2  1  5 -3 -2 -1    0   0   0   0   0  29   0   0   0  10   0   0   0   0   0   5  55   0   0   0  0.56 0.16
  127 N    0  4  2 -1 -3  1  0 -2  2 -3 -2  2 -1 -3 -2  1 -1 -3 -2 -2   11  36  13   0   0   5   0   0   6   0   2  11   3   0   0  12   0   0   0   0  0.36 0.09
  128 E    1  1 -1  0 -3  3  3 -2 -1 -3 -3  0 -2 -4 -2  2 -1 -3 -2 -2   15  10   0   0   0  17  34   0   0   0   0   0   0   0   0  24   0   0   0   0  0.45 0.11
  129 G   -1 -3 -1 -2 -4 -3 -3  7 -3 -5 -5 -3 -4 -4 -3 -1 -3 -4 -4 -4    0   0   0   0   0   0   0 100   0   0   0   0   0   0   0   0   0   0   0   0  1.58 0.21
  130 R   -2  3 -3 -3 -2 -1 -2 -4 -2  3  2  0  3 -1 -3 -2 -1 -3 -2  1    0  23   0   0   0   0   0   0   0  30  23   5  13   0   0   0   0   0   0   6  0.31 0.09
  131 Q    1  0 -1  1 -2  3  1 -2 -1  0  0  2  1 -2 -2 -1 -1 -3 -2 -1   22   3   0   7   0  22   6   0   0   5  10  16   5   0   0   0   0   0   0   3  0.17 0.07
  132 E    2  2 -2 -2 -2  1  1 -2 -2 -1  1  0  0 -2 -2  0  0 -3 -2  0   27  17   0   0   0   7  10   0   0   0  24   0   0   0   0   6   2   0   0   6  0.15 0.07
  133 A    5 -2 -2 -3 -2 -2 -2 -1 -3 -2 -3  0 -2 -3 -2  0 -1 -4 -3 -1   93   0   0   0   0   0   0   0   0   0   0   7   0   0   0   0   0   0   0   0  0.81 0.19
  134 M   -2  4 -1 -2 -3  0 -1 -3 -2 -2 -2  4  2 -3 -2 -1 -1 -4 -2  0    0  30   0   0   0   0   0   0   0   0   0  49  10   0   0   0   0   0   0  10  0.57 0.14
  135 A    3  0  0 -1 -2  2  1  1 -2 -2 -1  3 -1 -3 -2  0 -1 -3 -2 -1   39   0   3   0   0  10   6   8   0   0   5  26   0   0   0   0   0   0   0   3  0.26 0.09
  136 K    1  4  2 -1 -3  1  1 -2 -1 -3 -3  3 -2 -4 -2  0  0 -4 -2 -3   14  30  16   0   0   5   6   0   0   0   0  26   0   0   0   0   3   0   0   0  0.43 0.10
  137 G   -1 -3 -1 -2 -4 -3 -3  6 -3 -5 -5 -3 -4 -4  0 -1 -3 -4 -4 -4    0   0   0   0   0   0   0  95   0   0   0   0   0   0   5   0   0   0   0   0  1.44 0.20
  138 V   -1  4 -2  0 -3  0 -1 -3 -2  1 -1  2  1  1 -3 -1 -1 -3 -1  1    4  39   0   5   0   0   0   0   0  10   0  13   7  10   0   0   0   0   0  11  0.27 0.09
  139 V   -2  1  0 -3 -3 -1 -2 -3  0  1  0  2 -1  2 -3 -2 -2  0  5  0    0   9   6   0   0   0   0   0   0  14   5  18   0   9   0   0   0   0  31   7  0.29 0.09
  140 F    0  1 -1 -2 -3 -1 -2  4 -2 -3 -2  1 -2  2 -2 -1  0 -2 -1 -2    9  10   0   0   0   0   0  41   0   0   0  15   0  18   0   0   6   0   0   0  0.37 0.08
  141 G   -1 -2 -1 -2 -4 -2 -2  6 -3 -5 -5  1 -3 -4 -3 -1 -2 -4 -4 -4    0   0   0   0   0   0   0  88   0   0   0  12   0   0   0   0   0   0   0   0  1.23 0.16
  142 R   -2  7  0 -2 -4  0  1 -3 -1 -4 -3  1 -2 -4 -3 -2 -2 -4 -3 -4    0  84   4   0   0   0  12   0   0   0   0   0   0   0   0   0   0   0   0   0  1.08 0.18
  143 K   -2  1 -2 -2 -4 -1 -1 -3 -2 -3 -2  4 -2 -4  6 -1 -2 -4 -3 -3    0   8   0   0   0   0   0   0   0   0   4  41   0   0  46   0   0   0   0   0  1.02 0.14
  144 R   -1  3 -2 -2 -3  0  0 -3 -2  0 -3  3 -2 -3  5  0 -1 -4 -3 -2    0  25   0   0   0   0   6   0   0  10   0  21   0   0  30   8   0   0   0   0  0.61 0.12
  145 K    0  1  1  2 -3  0  1 -2 -1 -2 -3  3 -2 -3 -2  1  0 -4 -2 -1    9   5   7  11   0   0  10   0   0   3   0  38   0   0   0   8   6   0   0   4  0.29 0.08
  146 I    0 -3 -3  0 -2 -2 -2 -3 -2  2  2 -3  1  1 -3 -2  0 -2  1  2    6   0   0   7   0   0   0   0   0  14  34   0   0   5   0   0   5   0   8  21  0.23 0.07
  147 D   -1 -1  2  2 -3  0  0  0  1 -1 -3  1 -2 -3  2  1  1 -4 -2 -2    0   0  16  17   0   3   0   6   5   5   0  12   0   0  10  15  11   0   0   0  0.27 0.07
  148 R    0  2 -1  0 -3  1  2 -2  3  0 -2  2 -1 -2  0  0 -1 -3  1 -1    7  14   0   3   0   3  15   0  11  14   0  22   0   0   3   3   0   0   5   0  0.21 0.07
  149 D    0 -1  2  4 -3  2  3 -2  2 -4 -4  0 -3 -4 -2  1 -1 -4 -2 -3    8   0  14  25   0   8  30   0   5   0   0   0   0   0   0  10   0   0   0   0  0.51 0.11
  150 A   -1  3 -1  1 -3  4  2 -2  1 -2 -1  0 -1 -3 -2  0  0 -3 -2 -1    4  19   0   8   0  27  17   0   5   0   8   0   0   0   0   3   7   0   0   3  0.33 0.10
  151 V    1 -3 -4 -4 -2 -3 -3 -3 -4  4  1 -3  1 -1 -3 -2 -1 -3 -2  4   18   0   0   0   0   0   0   0   0  36   6   0   3   0   0   0   0   0   0  37  0.43 0.12
  152 L    0 -1 -1 -3 -2 -2 -2  1 -2  2  2 -1  0  1 -3 -1  0 -2 -1  2    6   3   5   0   0   0   0  13   0  15  24   3   0   7   0   3   3   0   0  19  0.10 0.05
  153 N    1  3  0 -1 -2  0  2 -2 -1 -2  0  1 -1 -3 -2  0  2 -3 -2 -1   12  21   4   0   0   0  17   0   0   0  11   9   0   0   0   0  26   0   0   0  0.25 0.09
  154 M   -2  1 -4 -4 -2 -2 -3 -4 -3  0  4 -2  4 -1 -4 -3 -2 -3 -2  0    0  12   0   0   0   0   0   0   0   0  70   0  18   0   0   0   0   0   0   0  0.64 0.16
  155 W   -2  3 -2 -3 -3 -1 -2 -3  3  1  2  1  0  0 -3 -2 -2  3  4 -1    0  21   0   0   0   0   0   0   9  10  24  10   0   0   0   0   0   4  22   0  0.31 0.10
  156 Q    1  1  1  2 -3  3  2 -1 -1 -3 -3  1 -2 -4 -2  1 -1 -3 -2 -2   16   7   4  15   0  21  16   3   0   0   0   8   0   0   0  11   0   0   0   0  0.34 0.08
  157 Q    0  1  3  0 -3  3  2  1 -1 -4 -3  1 -2 -4  0  0 -1 -3 -3 -3    7   6  24   0   0  17  16  11   0   0   0  10   0   0   5   4   0   0   0   0  0.36 0.09
  158 G   -1 -2 -1 -2 -3 -2  0  6 -2 -4 -4  1 -3 -4 -3 -1 -2 -3 -3 -4    0   0   0   0   0   0   9  77   0   0   0  10   0   0   0   0   0   0   0   0  0.99 0.16
  159 L   -1 -2 -2 -2  2  1  0 -3  2  1  1 -1  2 -1 -2  0  1 -2  2  0    0   0   0   0   5  10   6   0   8  13  13   0   9   0   0   6  15   0  11   4  0.12 0.07
  160 G    0 -1 -1 -2 -2  0 -1  2 -2 -3 -3  0 -2 -3  4  3  2 -4 -3 -2    5   0   0   0   0   3   0  14   0   0   0   7   0   0  21  31  19   0   0   0  0.48 0.11
  161 A    0  1 -3 -3 -2 -2 -2 -3 -2  3  0  0  0  2  0 -2 -1 -2  1  1   13  12   0   0   0   0   0   0   0  40   0   6   0  10   5   0   0   0   5   9  0.20 0.09
  162 S    2  0  0 -1 -2  1 -1  0 -1 -2 -2  2  0 -3 -2  2  1 -3 -2  0   23   4   5   0   0   6   0   5   0   0   0  17   3   0   0  21   9   0   0   7  0.20 0.07
  163 H    1  0 -1  1 -3  4  3 -2  1 -3 -3  3 -2 -4 -2  0  0 -3 -2 -3   12   0   0   9   0  26  21   0   4   0   0  22   0   0   0   0   6   0   0   0  0.43 0.11
  164 I   -2 -3 -4 -4 -2 -3 -4 -4 -4  5  1 -3  0 -1 -3 -2  1 -3 -2  3    0   0   0   0   0   0   0   0   0  61   9   0   0   0   0   0  11   0   0  19  0.59 0.15
  165 S    5 -2 -2 -2  2 -2  0 -1 -3 -2 -1 -2 -2 -3 -2  1 -1 -4 -3  0   75   0   0   0   5   0   5   0   0   0   4   0   0   0   0   4   0   0   0   7  0.56 0.16
  166 K    0  3 -1  1 -3  0  1 -2  0  0 -2  3 -2 -3 -2 -1 -1 -4 -2 -2   10  26   0  10   0   0  11   0   3   9   3  29   0   0   0   0   0   0   0   0  0.32 0.09
  167 T   -1  1 -1  0 -3  2  2 -3 -1  1  0  0  1 -2 -2 -1  1 -3 -2  0    4  11   0   5   0  16  19   0   0  16  11   0   5   0   0   0  13   0   0   0  0.17 0.07
  168 M   -1 -3 -2 -3 -2 -2 -3 -3 -1  0  1 -2  1  3 -3 -1  1  4  4  1    5   0   0   0   0   0   0   0   0   0  14   0   4  21   0   4  17   6  19  11  0.32 0.09
  169 N   -1 -1  3  3 -3  0  0  3 -1 -4 -4  1 -3 -4 -2  0 -1 -4 -3 -4    0   0  25  19   0   3   3  30   0   0   0  14   0   0   0   6   0   0   0   0  0.50 0.11
  170 I   -1 -3 -4 -4  2 -3 -3 -4 -4  4  1 -3  0 -1 -3 -2  0 -3 -2  4    0   0   0   0   6   0   0   0   0  37  11   0   0   0   0   0   7   0   0  39  0.49 0.12
  171 A    2 -2 -1 -2 -2 -1 -1  1 -2 -3 -3 -1 -2 -3 -2  5  2 -4 -3 -2   16   0   0   0   0   0   0   9   0   0   0   0   0   0   0  66   9   0   0   0  0.62 0.17
  172 R   -2  5 -2 -3 -4  0 -1 -3 -2 -1 -1  2 -2 -3  1 -2 -2 -4 -3  1    0  58   0   0   0   0   0   0   0   0   3  14   0   0   6   0   0   0   0  19  0.63 0.16
  173 S    2 -1 -1 -1 -2  2  1  0 -2 -2 -2 -1  0 -3 -2  3  1 -3 -2 -2   21   0   0   0   0  13   6   5   0   0   0   0   5   0   0  41  11   0   0   0  0.36 0.12
  174 T   -1 -2 -1 -2 -2  2 -2 -3 -3 -2 -3 -2 -2 -3 -2  1  6 -4 -3 -1    0   0   0   0   0  11   0   0   0   0   0   0   0   0   0   5  84   0   0   0  0.95 0.23
  175 V   -1 -3 -4 -4 -2 -3 -4 -4 -4  3  3 -3  1  1 -3 -3 -1 -3 -2  4    0   0   0   0   0   0   0   0   0  18  28   0   0   4   0   0   0   0   0  50  0.53 0.13
  176 Y   -3 -2 -3 -4 -3 -2 -3 -4  4 -2  0  1 -2  1 -4 -3 -2  0  7 -1    0   0   0   0   0   0   0   0  10   0   7  11   0   0   0   0   0   0  67   5  0.99 0.21
  177 K   -2  6 -1 -2 -4  2 -1 -3 -1 -4 -3  3 -2 -4 -3 -2 -2 -4 -3 -4    0  67   0   0   0  11   0   0   0   0   0  22   0   0   0   0   0   0   0   0  1.02 0.19
  178 V   -2  1 -3 -3 -2 -2 -2 -4 -1  2 -1  1 -1  0 -3 -2 -1 -1  4  3    0  12   0   0   0   0   0   0   0  16   0  11   0   0   0   0   0   0  28  33  0.34 0.11
  179 I   -2 -3 -3 -4 -2 -3 -3 -4  0  1  3 -3  1  3 -4 -3  0  6  0  0    0   0   0   0   0   0   0   0   4   4  50   0   0  22   0   0   7  13   0   0  0.51 0.09
  180 N    1 -1  3  0 -2  2  1 -1 -1 -3 -3  0 -2 -3  3  1  1 -3 -2 -2   20   0  24   0   0  11   8   0   0   0   0   5   0   0  17   7   8   0   0   0  0.37 0.06
  181 E    2  0  0  3 -3  2  3 -1 -1 -3 -3  2 -2 -3 -2  0 -1 -3 -2 -2   26   0   0  19   0   8  24   0   0   0   0  23   0   0   0   0   0   0   0   0  0.38 0.07
  182 S   -1  0 -1 -2 -2 -1  1  1 -2 -1  1 -1  0 -1 -2  1 -1  5 -1  0    0   8   0   0   0   0  12  15   0   0  24   0   0   0   0  19   0  13   0  10  0.18 0.04
  183 N   -1 -1  6  2 -3  0 -1 -1  0 -4 -4 -1 -3 -4 -2  2  0 -4 -3 -3    0   0  75   8   0   0   0   0   0   0   0   0   0   0   0  17   0   0   0   0  0.79 0.09

                      K         Lambda
Standard Ungapped    0.1330     0.3181
Standard Gapped      0.0428     0.2670
PSI Ungapped         0.1397     0.3177
PSI Gapped           0.0428     0.2670
