
Last position-specific scoring matrix computed, weighted observed percentages rounded down, information per position, and relative weight of gapless real matches to pseudocounts
            A   R   N   D   C   Q   E   G   H   I   L   K   M   F   P   S   T   W   Y   V   A   R   N   D   C   Q   E   G   H   I   L   K   M   F   P   S   T   W   Y   V
    1 D    -4  -3   1   5  -6   5   4  -4  -3  -6  -6  -2  -4  -6  -4  -3  -3  -6  -5  -5    0   0   5  37   0  28  29   0   0   0   0   0   0   0   0   0   0   0   0   0  1.32 0.55
    2 V     1  -4  -4  -5  -3  -2  -4  -4  -5   4   1  -4   0  -1  -4  -1   0  -5  -3   4   15   0   0   0   0   2   0   0   0  32   9   0   2   2   0   4   7   0   0  27  0.61 0.35
    3 V    -1  -3  -4  -3  -5   5  -2  -2  -4   0  -3  -1  -2  -5  -5  -4  -1  -1  -5   5    4   0   0   1   0  31   1   3   0   4   1   4   1   0   0   0   4   1   0  45  0.99 0.59
    4 M    -4  -6  -6  -7  -5  -3  -6  -7  -6   1   4  -6   4   0  -6  -5  -2  -5  -4   4    1   0   0   0   0   1   0   0   0   7  42   0  12   3   0   0   2   0   0  32  1.14 0.58
    5 T    -2  -5  -4  -5  -5   2  -2  -6  -2   1  -4  -3  -2  -6  -5   0   7  -6  -6   0    2   0   0   0   0   8   2   0   1   8   1   1   1   0   0   6  63   0   0   7  1.38 0.77
    6 Q    -5  -3  -5  -4  -2   8   0  -7   1  -1  -3   0  -2  -7  -4  -3  -4  -7  -2  -4    0   1   0   1   1  72   5   0   2   4   2   4   1   0   1   2   1   0   2   2  1.96 1.01
    7 T    -1  -2   0   0  -5   0   1  -4  -3  -4  -3  -2  -3  -5   4   3   3  -6  -5  -2    4   2   4   4   0   3   8   1   0   1   2   1   1   0  19  26  21   0   0   3  0.64 0.47
    8 P    -4  -3  -4  -1  -7   0   1   0  -5  -7  -7  -2  -6  -7   8  -2  -3  -7  -7  -5    1   1   1   3   0   5   8   7   0   0   0   3   0   0  65   3   2   0   0   1  1.85 0.92
    9 L     2   2  -1   0  -3   0   0   0  -1  -2  -1   1  -2  -3   1   2   0  -4  -3  -1   16  10   1   4   0   4   6   6   1   2   5   8   1   1   6  19   6   0   0   4  0.20 0.20
   10 S    -1  -2  -1   0  -3  -1   0  -2   1  -2  -1  -1  -3   1   1   3   1  -4   0  -1    5   1   3   6   0   2   6   2   3   2   7   3   0   7   8  28   9   0   3   4  0.24 0.26
   11 L    -1  -3  -3  -5  -5   0  -1  -4  -4   1   3  -2   1  -2  -5  -3  -1  -6  -5   5    5   1   1   1   0   5   5   1   0   5  25   2   3   1   0   1   3   0   0  39  0.71 0.46
   12 P    -1  -1   0   1  -4  -1   0  -2  -3  -1  -1   0  -1  -4  -1   3   3  -5  -4   0    4   3   5   7   0   2   5   2   0   4   5   5   1   0   3  23  21   0   0   7  0.32 0.31
   13 V     3  -3  -6  -6  -5  -5  -4  -1  -4   0  -1   0  -3  -3  -5  -2   0  -3  -4   5   21   1   0   0   0   0   1   4   0   5   6   6   0   1   0   2   5   0   1  46  0.90 0.57
   14 S     0   1  -1  -3  -4   2   0  -2  -3  -2   0   1  -1   1   1   1   1  -2  -2   0    8   6   3   0   0  12   5   3   0   1   9   9   2   6   6  13   9   0   1   7  0.16 0.21
   15 L    -1  -1  -5  -4  -5  -2   2  -5  -5   0   2  -3  -1  -4   4  -3   0  -2  -2   2    5   4   0   0   0   2  13   0   0   4  22   1   1   0  23   1   5   1   2  13  0.56 0.43
   16 G    -4  -4   0  -2  -8  -7  -4   7  -3  -9  -6  -3  -8  -8  -8   0  -2  -8  -5  -8    1   1   5   2   0   0   1  78   1   0   1   2   0   0   0   6   2   0   1   0  2.03 0.99
   17 D     0   0  -1   2  -6   4   3   2  -2  -6  -4   1  -3  -4  -5   1  -1  -6  -6  -5    7   4   2  11   0  16  19  13   1   0   2   8   1   1   0  11   3   0   0   0  0.53 0.42
   18 Q    -4   1   1   2  -1  -1  -1  -4  -5  -4  -5  -1  -1  -7   0   4   4  -2  -6  -3    1   8   6   9   1   2   4   1   0   1   0   4   2   0   6  30  22   1   0   2  0.67 0.52
   19 A     4  -6  -8  -8  -6  -7  -7  -7  -5   1   1  -7  -3  -6  -5  -5  -3  -8  -7   6   30   0   0   0   0   0   0   0   0   8  14   0   1   0   1   0   2   0   0  44  1.35 0.75
   20 S    -3   1  -1  -3  -6   0  -1  -6  -3   0  -1   2   0  -4  -5   2   5  -6  -4   0    1   8   2   1   0   4   4   0   1   4   7  11   2   1   0  12  32   0   0   8  0.58 0.46
   21 I    -7  -8  -9  -9  -7  -8  -8  -9  -8   4   6  -8   3   1  -8  -8  -7  -7  -6  -1    0   0   0   0   0   0   0   0   0  18  67   0   6   5   0   0   0   0   0   4  1.80 0.87
   22 S    -4   1   1  -2  -3  -1  -1  -4  -1  -4  -3   0  -5  -4   1   4   4  -3  -3  -5    1   8   6   2   1   3   3   1   1   1   2   5   0   1   8  28  27   0   1   0  0.71 0.54
   23 C    -7  -9  -9  -9  12  -9  -9  -9  -9  -8  -6  -9  -8  -8  -9  -6  -4  -8  -8  -4    0   0   0   0  94   0   0   0   0   0   1   0   0   0   0   1   1   0   0   1  4.62 1.74
   24 R     1   2  -1  -2  -4   1   1  -1  -1  -1  -1   1  -2  -1  -2   0   2  -1  -2  -1   10  13   2   2   0   6  11   4   1   3   5   9   1   2   1   7  15   1   1   4  0.19 0.19
   25 S     3  -3  -2  -3  -2  -3  -3  -1  -2   0   1  -3  -2   0  -2   0   0  -3   2   2   27   1   2   1   1   1   1   6   1   4  11   1   1   4   2   6   5   0   9  16  0.33 0.25
   26 S    -1   0   0  -2  -2  -2  -2  -1  -1  -2  -2  -1  -3  -1  -1   5   2  -4  -1  -3    4   4   4   2   1   2   2   5   1   3   4   3   1   2   3  43  11   0   2   2  0.60 0.38
   27 Q    -1  -1   0  -1  -3   2   0   3   0  -2  -2   0  -2  -2   0   1   0  -1   1  -1    3   3   4   4   1   8   7  23   2   2   3   4   1   2   6  11   7   1   4   4  0.20 0.16
   28 S     0  -1   0   1  -2  -1  -1   1   0  -2  -1  -1  -2   0   0   3   0  -2  -1  -1    5   4   5   9   1   3   4  12   2   2   6   3   1   4   5  25   4   1   2   4  0.18 0.13
   29 L     0  -1   0   0  -1   0  -1  -1  -1   1   1  -1   0  -1   1   0   0  -1   0   1    8   4   5   5   1   4   3   5   2  10  14   3   2   2   8   6   5   1   3   9  0.03 0.03
   30 V     0  -1  -1   0  -1   0   0  -1   0   0   0  -1   0   0   1   0   0   0   1   1    6   3   3   5   1   4   4   5   2   6  11   4   2   3   7   7   6   1   5  14  0.03 0.04
   31 H    -1  -2   0  -1  -1   0   0  -1   0  -1  -1  -1  -2   3   2   0   1  -1   2   0    5   2   5   4   1   5   5   5   2   3   4   4   1  13  13   7   7   1   6   6  0.15 0.13
   32 S    -1  -2   1   0  -3  -1  -1   2  -1   0  -2  -1  -3  -3   0   2   3  -1  -1  -1    4   1   6   6   0   3   4  14   1   5   3   3   0   1   5  16  19   1   2   3  0.25 0.22
   33 N    -2  -2   1   0  -3   0  -1  -1   1  -1   0  -1  -2   3   1   0   0   2   1  -1    2   2   9   5   0   4   4   5   3   3  11   3   1  14   7   8   6   3   5   4  0.12 0.13
   34 G    -1  -1   0   0  -3  -2   0   2  -1  -3  -3  -1  -1  -2   3   2   1  -4  -1  -3    5   3   5   6   0   2   7  15   2   1   3   4   2   1  14  18  10   0   2   2  0.30 0.24
   35 N    -1   0   2   1  -3   0   0  -1   2  -2  -1   0  -2  -2   1   2   0   0  -1  -1    4   5  10   8   0   4   4   5   5   2   6   5   1   2   7  19   6   1   2   4  0.16 0.17
   36 T    -2  -2   0  -1  -4  -1  -2  -2   0  -1   0  -2   1   1   2   1   1  -2   4  -1    2   2   5   3   0   2   2   3   2   3  10   2   4   6  10  12  10   0  16   5  0.28 0.24
   37 Y     0   0   0  -1  -3   0   0   0   1  -2  -3  -2  -3   1  -3   1   1   4   4  -1    8   6   5   3   0   4   5   7   3   2   3   2   0   5   1  10   9   5  17   4  0.28 0.23
   38 L    -3  -6  -6  -6  -1  -5  -6  -1  -6   4   2  -4   5  -2  -4  -4  -3   1  -1   4    2   0   0   0   1   0   0   5   0  24  20   1  13   1   1   1   1   2   2  23  0.91 0.49
   39 H     0  -1   1  -2  -3   1   1  -2   3  -2  -2   0  -2   1  -4   2   1  -2   3  -3    8   3   6   2   0   7   8   2   7   2   3   6   1   5   0  16   9   0  10   1  0.27 0.26
   40 W    -8  -8  -8  -2  -8  -7  -5  -8  -8  -8  -4  -8  -7  -6  -8  -5  -8  13  -5  -8    0   0   0   2   0   0   1   0   0   0   2   0   0   0   0   1   0  90   0   0  4.83 1.88
   41 Y     0   0  -2  -3  -2  -2  -2  -3  -2   0   0  -1  -2   4  -3  -2  -1  -1   5   2    7   6   2   1   1   2   2   2   1   5   8   4   1  15   1   2   3   1  23  15  0.54 0.33
   42 L    -3   5  -3  -3  -3   4  -3  -2  -1  -3   0   1  -3   0  -3  -2  -3  -2  -2   0    2  33   1   1   1  18   1   3   1   2   8   8   0   4   1   3   2   1   2   8  0.69 0.42
   43 Q    -4  -2  -2  -1  -2   7   1  -4   1  -2  -3   0  -4  -5  -2  -2  -3  -4  -3  -3    2   2   2   3   1  52   9   1   3   2   3   6   0   1   2   3   2   0   1   2  1.24 0.66
   44 K     0   1   0   0  -4   0  -1  -1   3  -3  -2   4  -2  -2   1  -1   0  -1  -1  -2    9   8   5   6   0   3   3   5   8   1   4  24   1   2   6   3   6   1   2   2  0.28 0.22
   45 P    -1  -1  -1  -1  -4  -1  -1  -2  -2  -3  -2   1  -2  -3   6  -1  -1  -4  -4  -2    5   4   4   4   0   2   5   3   1   1   5   9   1   1  42   5   4   0   1   3  0.82 0.47
   46 G    -1  -2   0   1  -5  -2   0   6  -1  -4  -5  -2  -2  -5  -3  -2  -2  -5  -3  -3    6   2   4   6   0   2   6  54   2   1   1   3   1   1   2   3   2   0   1   2  0.99 0.52
   47 Q    -1   0  -1  -1  -4   3   1  -1   1  -3  -2   4  -3  -2  -2   0   0  -4  -3  -1    5   5   2   3   0  15  10   5   3   1   4  24   1   2   2   8   5   0   1   4  0.37 0.30
   48 S     1   0  -1  -1  -2   1  -2   3  -2  -3  -3  -2  -1  -4   3   1  -1  -1  -3  -2   13   4   3   3   1   5   2  23   1   2   3   2   2   1  14  13   4   1   1   3  0.35 0.28
   49 P    -3  -1  -1  -2  -4  -1  -1  -2  -2  -2   3  -2  -3   0   5  -2  -2  -4  -2  -1    2   3   3   3   0   4   5   4   1   2  26   2   0   4  31   3   2   0   1   4  0.64 0.40
   50 K    -2   2  -3  -1  -2   2   4  -2  -1  -2  -2   2  -3  -3  -1   0   0  -4  -4   0    4  11   1   3   1   9  24   3   1   2   5  14   0   1   3   6   5   0   0   8  0.36 0.29
   51 L    -2  -2  -3  -3   0  -2  -2  -2  -1  -1   2  -2  -2   2  -2  -2   1   8   1  -1    3   2   2   1   2   2   3   3   2   4  22   3   1   8   2   3   9  20   4   4  0.65 0.37
   52 L    -2  -4  -3  -3  -3  -4  -3  -2  -3   3   4  -2   3   0  -2  -2  -3  -1  -1   2    4   1   1   2   0   1   2   4   1  15  35   2   6   4   2   3   1   1   2  13  0.51 0.29
   53 I     0  -4  -3  -4   2  -2  -2   1  -1   4   2  -3   0  -1  -2  -1  -1  -4  -2   1    8   1   1   1   4   2   2  10   2  27  16   1   2   2   2   5   4   0   1   8  0.35 0.24
   54 Y    -2   0   0  -3  -5  -2  -4  -2  -2  -3  -2   1  -4   1  -3   0  -2   5   7  -2    4   6   4   2   0   2   1   4   1   2   4   7   0   5   1   6   2   7  39   3  0.99 0.55
   55 K     0   1   1   1  -3   0   0   0   1   0  -1   0  -2   0  -2   2  -1   0   2  -1    8   7   8   7   0   3   5   6   3   5   4   4   1   3   2  15   4   1   8   5  0.08 0.12
   56 V     1  -1   1   1  -2   0  -1   0   0  -1  -2  -1  -1   0   0   1   1  -3   0   0   12   4   6   7   0   5   3   8   3   3   4   2   2   5   4  12  10   0   4   6  0.08 0.11
   57 S    -2  -1   2   0  -5  -1  -1   1   0  -3  -3  -1  -2  -5   1   4   1  -3  -2  -3    3   3   8   5   0   3   5  11   2   2   3   4   1   0   8  30   9   0   2   2  0.40 0.35
   58 N    -2  -1   4   1  -5   2   1   0   1  -2  -4   1  -4  -4  -2   1   1  -5  -1  -4    3   3  20   9   0   9   8   7   3   2   1   7   0   1   2  12   9   0   2   1  0.40 0.33
   59 R    -2   2  -1  -1  -4   0   0   1  -1  -2   1   2  -2  -1  -3  -2  -1  -2   2  -1    2  14   2   4   0   3   7  13   2   2  14  14   1   3   1   3   4   1   8   5  0.20 0.20
   60 F     1  -1   0   0  -3   0   0   1   0   0  -1   0  -1  -1   1   0   0   1   1   0   13   2   4   5   0   4   6  11   3   6   7   4   1   3   8   4   4   2   5   6  0.05 0.07
   61 S    -1  -2   0   0  -1  -1   0  -1  -4  -2  -1   0  -2  -3   3   3   2  -1   1  -2    4   2   4   4   1   3   5   5   0   3   5   5   1   1  15  23  11   1   5   2  0.31 0.29
   62 G     0   0   0   0  -4  -1  -1   4  -1  -1  -1  -2  -1  -2  -1   1   1   1  -2  -1    8   5   5   5   0   3   3  28   1   3   6   2   1   2   3   9   8   2   1   4  0.25 0.21
   63 V     0  -3  -2  -1   0  -2  -1  -4  -1   2   0  -2   0   0  -3  -3   0  -4   3   4    8   1   2   5   2   1   5   1   1   9   9   2   3   4   1   1   6   0  11  27  0.35 0.26
   64 P     0  -2   1  -1  -5  -2  -1  -1   2  -3  -2   1  -3  -5   5   1  -1   2  -3  -3    6   1   6   4   0   2   3   5   4   1   4  10   1   0  31  11   4   3   1   2  0.61 0.40
   65 D     0   1   0   3  -4   0   1   1  -2  -4  -3   0  -1  -3  -1   1  -1  -1  -4  -2    9   8   4  18   0   4  10  12   1   1   3   4   2   1   4  12   3   1   0   4  0.26 0.22
   66 R    -2   6  -2  -3  -5   0   1  -1   1  -2  -2   1  -4  -3  -2  -2  -3  -5   0  -2    3  46   2   2   0   3   8   4   3   2   4   8   0   1   3   3   1   0   3   3  0.88 0.49
   67 F    -3  -3  -5  -3  -3  -2  -2  -3   1   2  -1  -3  -1   6  -1  -3  -3   0   3   0    2   2   1   2   1   2   4   2   3  13   7   2   2  38   3   2   2   1   8   6  0.84 0.44
   68 S    -1  -1   0  -1  -4  -1   1  -2  -2  -1  -1   1  -2  -4  -1   4   2   0  -4   0    5   3   3   3   0   3   8   3   1   3   6   9   1   0   3  30  13   1   0   6  0.34 0.30
   69 G     1   0  -2  -2  -4  -1   0   3  -1   2  -2  -1  -2  -1  -2   0  -1  -2  -3   0   12   4   2   2   0   2   6  26   1  11   4   4   1   3   2   6   4   1   0   8  0.24 0.20
   70 S    -1   0   0   1  -1   1  -2  -3  -1  -2  -1   1  -4  -3  -2   5   2  -2  -5  -3    5   5   4   7   1   5   2   2   1   2   6   7   0   1   2  37  10   1   0   1  0.51 0.39
   71 G    -2   3   1  -1  -5   0  -1   2   1  -2  -2   2   1  -1   0   0   0  -1  -3  -2    3  16   6   4   0   3   3  16   4   2   5  11   4   2   6   5   6   1   1   3  0.23 0.19
   72 S    -1  -4   1   2  -6  -1  -2  -2   1  -2  -2  -1  -1  -6   0   5   1  -6  -4  -3    5   1   5  10   0   3   3   3   3   2   4   4   2   0   6  38   8   0   1   2  0.62 0.45
   73 G     0   0   2  -1  -6   2  -3   4  -2  -2  -3   0  -4  -5   0   1  -2   0  -4  -5    8   5  10   3   0   8   2  29   1   2   3   6   1   1   5  10   3   1   1   1  0.48 0.32
   74 T     1   0   3  -1  -6  -1  -1   0   0  -3  -1  -1  -1  -4  -2   2   3  -1  -4  -3   11   4  14   4   0   3   4   7   2   2   6   4   2   1   2  13  18   1   1   2  0.34 0.26
   75 D    -3  -2   3   4  -6   1  -1  -4   0  -2  -2   0  -1  -4  -4   1   3  -6  -3  -1    2   2  12  20   0   6   4   1   2   3   5   5   1   1   1  10  17   0   1   4  0.49 0.33
   76 F     1  -3  -3  -4   2  -4  -4   1   0  -4  -1  -3  -1   6  -3   0  -2  -6   3  -1   12   2   1   1   3   1   2  10   2   1   7   2   1  28   2   7   3   0   8   5  0.68 0.36
   77 T     0  -2  -2  -2  -6  -2  -4  -6   2  -3  -4   0  -6  -2  -3   4   4  -6   3  -1    7   2   3   3   0   2   2   1   4   2   2   5   0   2   2  25  26   0   9   4  0.76 0.44
   78 L     0  -8  -8  -8  -1  -8  -8  -8  -8   1   6  -8   1  -2  -8  -8  -3  -8  -2  -1    8   0   0   0   2   0   0   0   0   8  68   0   3   2   0   0   2   0   1   4  1.69 0.75
   79 K    -2   1  -1  -4  -3   3  -1  -4   1  -1  -1   0  -1  -2  -2  -1   4   1   1  -1    3   8   3   1   1  11   5   1   4   3   6   6   2   2   2   5  24   2   4   5  0.39 0.30
   80 I    -7  -8  -8  -8  -1  -3  -8  -3  -8   7   2  -3   4  -1  -8  -8  -7   0  -7   1    0   0   0   0   2   2   0   2   0  47  19   2   9   3   0   0   0   1   0  10  1.59 0.70
   81 S    -1   0   2  -2   1   1   0  -4   2  -4  -2  -1  -3  -4   0   4   2   0  -3  -4    6   4   8   3   2   6   6   1   4   1   4   3   1   1   5  24  13   2   1   2  0.40 0.33
   82 R     0   3   3   1  -1  -1  -1  -1   3  -8  -4  -1  -7  -8   0   2   0  -8  -2  -8    7  13  14   8   1   3   4   5   7   0   2   4   0   0   6  16   5   0   2   0  0.49 0.38
   83 V     1  -3  -4  -9  -1   0  -4  -4  -8   1   3  -8   2  -2  -3  -1  -2   0  -1   4   11   2   1   0   1   4   1   2   0   6  26   0   4   2   2   5   3   1   2  27  0.68 0.41
   84 E    -3   1  -2   1   0   5   2  -3   1  -3  -3   0  -1  -2  -3  -1   2   1  -8  -2    2   7   2   8   2  22  12   2   3   2   3   5   2   2   2   5  10   2   0   3  0.45 0.44
   85 A     1  -1  -2  -2   3  -1  -1  -3   0  -1  -1  -1   0   0   3   0   0   5  -1   0   11   4   2   2   5   4   4   3   2   3   6   3   2   5  15   6   6   7   2   7  0.28 0.24
   86 E     0  -2  -1   0  -7   0   4  -1  -1  -2  -3  -2   0  -2  -3   2   0   3  -1  -2    8   2   3   4   0   4  26   5   2   3   3   3   2   2   2  13   5   4   2   3  0.36 0.36
   87 D   -10  -3   1   8 -11   0  -3 -10   0  -2  -5  -3  -1 -11 -10  -2   0 -11 -10 -10    0   2   6  64   0   4   2   0   3   2   2   2   2   0   0   4   6   0   0   0  1.96 1.01
   88 L     0  -1  -1  -1   1   1   2  -1   0  -1  -1  -2   2   0  -4   1   1   3   1  -2    6   3   2   3   3   6  16   5   2   3   7   2   5   5   0  11   9   4   4   3  0.14 0.19
   89 G     2   0   0  -1  -7   0  -1   5  -7  -7  -2   0  -7  -8  -1  -1   0  -8  -8  -1   16   5   4   4   0   4   4  35   0   0   4   5   0   0   4   4   5   0   0   4  0.67 0.39
   90 V    -1   0   0   0   2   0   0  -1   2   0  -1   0   2   1   0  -1   0   4   1  -1    5   5   5   5   5   5   5   5   5   5   5   5   5   5   5   5   5   5   5   5  0.09 0.08
   91 Y    -3  -1  -2  -5  -5  -1  -1  -2   0   0  -3  -5  -4   1  -2  -2  -1   1   8   0    2   3   2   0   0   3   4   3   2   4   2   0   0   5   2   3   5   2  52   6  1.22 0.69
   92 F    -1   0  -1  -3   1   1  -1  -3   1   0   1  -1   1   3  -3  -1   0  -2   3   0    4   4   3   0   3   7   4   0   5   4  13   4   3  17   0   3   4   0  13   4  0.18 0.21
   93 C     0   1  -2  -2   2   1   0  -3  -2  -1   0   0   2   1  -2   0   0   4   1   0    7   7   0   0   7   7   7   0   0   0   7   7   7   7   0   7   7   7   7   7  0.14 0.16
   94 S    -1   0  -1  -1   7   1  -1  -1   0   0   0  -1   0  -1  -4   0   0  -4  -4  -1    4   6   3   3  28   5   4   4   3   5   8   4   3   3   0   7   4   0   0   3  0.48 0.34
   95 Q     0   1  -1  -2   0   2   0  -2   0   0   0   1   0  -1  -1  -1   1  -3  -1   1    8   8   2   0   2  12   5   3   3   4   7   7   3   2   2   4   8   0   2  12  0.07 0.15
   96 S    -1   0   1   0   1  -1  -1  -1   0  -1  -1  -2  -1   1  -1   1   0   4   1   2    3   5   7   4   3   2   4   5   3   2   5   2   1   5   3  11   6   6   5  17  0.13 0.16
   97 T    -2   1   3   2  -5   1  -1  -1   2  -1  -2  -1  -1  -2  -2   0   1   0   2  -1    3   6  16  10   0   6   3   4   4   3   4   2   2   2   2   7  10   2   7   5  0.21 0.23
   98 H    -1   0   0   0   2   1   0  -1   2   0  -1   0   2   0   0  -1   0  -4   1  -1    5   5   5   5   5   5   5   5   5   5   5   5   5   5   5   5   5   0   5   5  0.02 0.07
   99 V    -1   0   0   0   2   0   0  -1   2   0  -1   0   2   0   0  -1   0   3   1  -1    5   5   5   5   5   5   5   5   5   5   5   5   5   5   5   5   5   5   5   5  0.04 0.09
  100 P    -1   0   0   0   2   0   0  -1   2   0  -1   0   2   0   0  -1   0   3   1  -1    5   5   5   5   5   5   5   5   5   5   5   5   5   5   5   5   5   5   5   5  0.04 0.09
  101 L    -1   0   0   0   2   0   0  -1   2   0  -1   0   2   1   0  -1   0   4   1  -1    5   5   5   5   5   5   5   5   5   5   5   5   5   5   5   5   5   5   5   5  0.09 0.08
  102 T    -1   0   0   0   2   0   0  -1   2   0  -1   0   2   1   0  -1   0   4   1  -1    5   5   5   5   5   5   5   5   5   5   5   5   5   5   5   5   5   5   5   5  0.09 0.08
  103 F    -1   0   0   0   2   0   0  -1   2   0  -1   0   2   1   0  -1   0   4   1  -1    5   5   5   5   5   5   5   5   5   5   5   5   5   5   5   5   5   5   5   5  0.09 0.08
  104 G    -2  -1  -1  -6  -6   0   0   4   1  -1  -2   1   0  -1   1   1   0  -6   0  -2    4   4   3   0   0   5   7  26   4   3   4   7   3   2   7  10   5   0   3   3  0.33 0.27
  105 A     1  -1  -1  -1   1   1   1   0   0  -1  -1   0   1  -2  -1   0   0   2   0   0   11   3   3   3   3   6   9   6   2   4   6   6   4   2   3   8   6   2   3   6  0.04 0.08
  106 G    -1   0   0  -1   0   1   2   2   1  -2  -2   1  -1  -2  -1   1  -1   1  -1   0    6   6   4   3   2   6  11  14   3   2   5   9   2   2   3   9   4   2   2   6  0.11 0.12
  107 T     0   0   0   0  -2   1   0   0   1   0  -1   0   1   0   1   0   0  -2   1   0    6   6   5   6   0   5   6   6   5   6   6   6   5   5   6   6   6   0   5   6  0.03 0.06
  108 K     0   0   0  -1   0   1   0  -1   1   0   0   1   0  -1   0   1   0  -3   0   0    7   6   3   3   2   6   5   3   4   5   9  11   2   3   4  11   7   0   3   6  0.04 0.06
  109 L     0   0   0   0  -2   1   0   0  -1   0   0   0   1   0   1   0   0  -2   1   0    6   6   6   6   0   6   6   6   0   6   6   6   6   6   6   6   6   0   6   6  0.03 0.06
  110 E     0   0  -1   0   1   0   1  -2   1   0  -1   0   2  -1  -1   0   1  -5   0   1    7   5   3   5   3   4  10   3   3   5   5   7   5   3   3   6   9   0   4   9  0.04 0.08
  111 L    -1   0   0   0   2   0   0  -1   2   0  -1   0   2   1   0  -1   0   4   1  -1    5   5   5   5   5   5   5   5   5   5   5   5   5   5   5   5   5   5   5   5  0.09 0.08
  112 K     0   0   0   0  -3   0   0   0   2   0  -1   0  -1   0   0   0   0   3   1   0    6   6   5   6   0   5   6   6   5   6   6   6   0   5   6   6   6   5   5   6  0.06 0.08
  113 R     0   0   0   0   2   0   0  -1   2   0  -1   0   1  -2   0   0   0   3   1   0    5   5   5   5   5   5   5   5   5   5   5   5   5   0   5   5   5   5   5   5  0.07 0.11
  114 A     0   0   0   0   2   0   0   0   1   0  -1   0  -1   0   1   0   0  -2   1   0    6   6   5   6   5   5   6   6   5   6   6   6   0   5   6   6   6   0   5   6  0.03 0.06
  115 D    -1   1   1   1  -3   1   1  -1   0  -1  -1   1   0  -1   2  -1   0  -3   0   0    3   7   7  10   0   5   7   3   2   4   5  10   2   2  12   3   7   0   3   8  0.14 0.15
  116 A     1   0   0  -1  -2   0   1   0   1   0  -1   0   0   0   0   0   0  -3   0   1   11   7   3   3   0   5   9   7   3   3   5   6   3   4   3   8   4   0   3  12  0.04 0.07
  117 A     0   0   1   0  -3   1   0   0   2  -2  -1   0   1   0   1   0   0  -2   1  -1    6   6   6   6   0   6   6   6   6   0   6   6   6   6   6   6   6   0   6   6  0.05 0.09
  118 P    -2  -1  -1   0   1  -1  -1  -5   1  -1  -2  -1   1  -1   6  -1  -1  -6  -5  -1    3   3   4   5   3   3   3   0   3   4   4   4   3   3  42   4   4   0   0   5  0.81 0.52
  119 T    -1   1   0   0  -4   2   0  -2   2  -1  -2   1   0   1   0   1   1   2   0  -1    3   9   5   6   0   9   4   3   4   3   3   7   3   6   5   9  11   3   3   5  0.12 0.16
  120 V    -2  -3  -3  -4  -1  -2  -3  -7  -1   4  -1  -1  -1   2   0  -2  -2   1  -2   5    3   1   2   1   1   2   2   0   2  21   6   4   1   7   4   3   2   2   1  34  0.67 0.43
  121 S    -2   0   0  -1  -1   1  -1  -3   2   0   0   0  -1  -2   1   1   2   1   1   1    3   5   4   3   1   7   3   1   6   6   7   4   2   2   6  11  14   2   4   9  0.14 0.17
  122 I    -1  -2  -2  -2  -4   0  -2  -2   0   2   2  -2   0   0   0  -1   1  -5  -1   3    5   3   2   3   0   4   2   4   3  11  16   3   2   4   4   4   7   0   2  25  0.26 0.22
  123 F    -1  -1   0  -1   2   0   0  -2   2   0   0  -1  -1   3   0   1   0   1   2  -1    4   3   4   3   4   4   5   2   5   5  11   3   2  13   4  10   6   2   8   3  0.15 0.14
  124 P     0  -1  -2  -1   1   0   0  -1   1  -1  -1  -1  -2   0   4   1   0  -3  -3  -1    6   4   0   3   3   4   4   5   3   4   5   4   0   4  26  12   7   0   0   5  0.32 0.24
  125 P     0   0   1   0  -2   1   0   0   2   0  -1   0   1  -2   1   0   0  -3  -2   0    6   6   6   6   0   6   6   6   6   6   6   6   6   0   6   6   6   0   0   6  0.06 0.08
  126 S     0   0   1   0  -3   1   0  -1   2  -3  -2   0   1   0   1   2   1   2   0  -1    5   5   7   5   0   6   5   3   5   0   3   6   4   5   6  18   7   3   3   4  0.12 0.17
  127 S     0   0   0  -1   0   0   0  -1   1   0   0   0   0  -1   2   0   1  -3  -1   0    6   6   3   2   2   3   6   4   5   5   8   7   2   2   9   9  10   0   2   9  0.07 0.09
  128 E     0   1  -1   0  -3   1   2   0   1  -1  -2   0   0  -3   1   0   0   0   0   0    7   8   2   5   0   7  14   6   4   4   3   4   2   0   8   8   4   2   4   8  0.11 0.14
  129 Q     0   0   0   0   2   0   0   0   1   0  -1   0   1   0   1   0   0  -3  -1   0    6   6   5   6   5   5   6   6   5   6   6   6   5   5   6   6   6   0   0   6  0.03 0.07
  130 L     0   0  -1  -2  -3  -1   0  -1  -1   1   2  -1   1  -1   1  -1   1   1  -1   0    7   5   3   2   0   2   5   5   2   7  23   3   5   2   6   3   9   2   2   6  0.07 0.11
  131 T     0  -1   1   0  -3   1   1   0   0  -2  -2   0  -3   0   3   0   1  -4  -1  -2    8   2   8   6   0   6   8   6   2   3   3   6   0   4  16   8  10   0   3   3  0.20 0.19
  132 S    -1  -1  -1   0  -4   1   1   4   2  -4  -3   0  -3  -2   0   0   0  -4  -4  -2    3   3   3   4   0   6  11  31   6   0   3   6   0   2   5   8   5   0   0   4  0.36 0.30
  133 G    -1  -1   2   1   0   1   1   2   3  -3  -2   0   0  -4   0   0  -1  -4   0  -2    5   3   9   8   2   6  11  14   8   0   5   6   3   0   4   4   4   0   3   3  0.17 0.19
  134 G    -1   0   2   0   0   1   0   0   0  -1  -2   1  -1  -1   2   1   1  -4  -1  -1    4   5  11   6   2   6   7   6   3   3   3   9   2   3   9   8  10   0   2   3  0.13 0.14
  135 A     1  -1   0  -1  -3  -2  -1  -1  -3   0   0  -1   1   0  -1   0   0  -3   0   3   13   4   5   3   0   0   3   4   0   4  10   3   4   5   3   5   5   0   3  24  0.14 0.18
  136 S    -1   0   1  -1  -4   0   0  -2  -1  -1  -2  -1   0  -1  -2   1   4   2  -1   0    4   6   5   2   0   5   6   2   2   3   4   4   2   3   2  10  28   3   2   8  0.28 0.29
  137 V     0  -2  -2  -3  -2   1  -2   0  -2   1   0  -2   2   2  -2  -1   0   4   2   1    9   0   0   0   0   9   1   9   0   9   9   0   9   9   0   1   9   8   9   9  0.16 0.13
  138 V    -1   2   0   0  -3   0   0  -2   0   0   0   0   0  -1  -1   0   3  -3  -1   1    3  16   4   4   0   2   7   2   2   3   7   2   3   2   2   4  24   0   2  10  0.15 0.14
  139 C     1  -6  -5  -6  11  -6  -6  -5  -6  -5  -5  -6  -5  -6  -6   1  -4  -6  -6  -4   11   0   0   0  78   0   0   0   0   0   0   0   0   0   0  11   0   0   0   0  2.83 0.76
  140 F    -1   0   0   0   2   0   0  -1   2   0  -1   0   2   1   0  -1   0   4   1  -1    5   5   5   5   5   5   5   5   5   5   5   5   5   5   5   5   5   5   5   5  0.09 0.08
  141 L     3  -5  -5  -5  -4  -4  -2  -3  -5   1  -1  -5  -1   0  -5   1  -1  -5  -1   5   25   0   0   0   0   0   2   2   0   8   4   0   1   3   0  12   2   0   2  39  0.74 0.47
  142 N     0   1   1   0  -3  -1   1  -1   0  -2  -1   1  -1  -1  -2   2   2  -2   0  -2    9   7   6   4   0   2   8   5   3   1   6   7   1   2   1  20  13   1   3   2  0.16 0.17
  143 N    -1  -1   3   3  -5   0  -1   4   1  -5  -5  -1  -4  -2  -4   0  -3  -5  -1  -5    5   3  14  15   0   4   3  37   3   0   1   4   0   2   0   6   1   0   2   0  0.68 0.38
  144 F    -1  -2  -3   0  -1  -3  -3   1   0  -2  -2  -3  -3   6   1  -1  -2   0   1  -3    4   2   1   5   1   1   2  11   2   2   3   1   0  41   8   6   3   1   4   2  0.72 0.37
  145 Y    -1  -1   1  -1  -4  -2  -3  -3   3  -2  -2   0   0   3   0   0  -1  -2   6  -1    5   3   7   3   0   1   1   2   8   1   4   5   2  10   5   8   4   0  27   4  0.50 0.32
  146 P    -3  -3  -6  -5  -6  -5  -5  -4  -2  -6  -4  -5  -6  -6   8  -1  -3  -6  -3  -6    2   2   0   0   0   0   0   1   1   0   2   0   0   0  80   5   2   0   1   0  2.47 0.99
  147 K     1   1  -2   0  -4   1   2   0  -3  -3  -2   1  -3  -4   4   0  -1  -2  -4  -3   13   7   1   4   0   5  13   8   0   2   4   7   0   0  23   8   3   1   0   1  0.42 0.28
  148 D     0   0   0   3  -4   0   1  -2   1  -2  -2   0  -2  -4   3   1  -1  -4  -3   0    9   4   5  15   0   5   9   3   4   2   3   4   1   0  16  11   3   0   0   7  0.28 0.21
  149 I     0  -2  -3  -2   0  -1  -3  -2  -3   4   1  -3   0  -1   1  -2  -1  -3   0   2    7   2   1   2   2   2   1   3   1  31  11   1   2   2   6   3   2   0   4  16  0.35 0.20
  150 N    -1  -1   1  -2  -4   0   2  -2   1  -3  -2   0  -2  -1  -2   1   3   2   1  -2    5   3   7   2   0   5  14   3   3   1   3   4   1   3   1  12  22   3   6   2  0.28 0.25
  151 V    -3  -5  -6  -6   0  -5  -5  -6  -5   4   1  -5   0   0  -5  -5  -2  -5   1   5    2   0   0   0   2   0   0   0   0  24  13   0   2   4   0   0   2   0   5  44  1.07 0.51
  152 K    -2   2  -1   0  -4   2   1  -3   1  -2  -2   1   0  -1  -2   1   3   1   0  -2    2  10   3   6   0   9  11   1   3   2   4   9   2   2   1  11  18   2   3   2  0.24 0.22
  153 W    -7  -8  -8  -9  -7  -7  -8  -8  -7  -4  -2  -8  -1  -2  -8  -8  -7  13  -1  -7    0   0   0   0   0   0   0   0   0   1   4   0   1   2   0   0   0  87   2   0  4.50 1.52
  154 K    -2   0   0  -4  -4   1   0  -4   0  -2   2   2   2   3  -4  -2   0   2   2  -2    3   5   4   0   0   5   5   0   2   1  19  13   6  14   0   2   7   3   8   1  0.30 0.25
  155 I    -2   4  -2  -1  -2   0  -1  -2   1  -1  -1   4   0  -1  -3  -1  -2  -2  -4  -1    3  20   1   3   1   3   4   3   3   4   8  32   2   2   1   4   2   0   0   5  0.47 0.32
  156 D    -3  -1   5   5  -5   0   0   0   2  -5  -3  -2  -5  -5  -2  -2  -3  -6  -5  -4    2   3  33  31   0   3   4   8   4   0   2   2   0   0   2   2   1   0   0   1  0.98 0.51
  157 G    -3  -2   1   0  -6  -3  -2   6  -2  -4  -5  -4  -5  -6  -4  -1  -3  -6  -6  -6    1   2   6   5   0   1   3  69   1   1   1   1   0   0   1   4   1   0   0   0  1.45 0.66
  158 S    -2   0   0  -1   0   4   1  -1   2  -2  -3   2  -1  -3  -2   1   1  -4  -2   0    2   5   4   2   2  22   8   3   5   3   2  12   2   1   2   9   8   0   1   7  0.29 0.26
  159 E    -2  -1  -2   0  -2   0   3  -3  -2  -2  -1   1  -2  -5   5  -1   0  -3  -4  -1    3   3   2   4   1   5  23   1   1   2   8   7   1   0  25   5   6   0   0   4  0.53 0.35
  160 R    -2  -2  -4  -2  -4   1   1  -4  -3   3   2  -2   2  -2  -1  -2  -2  -4  -3   2    2   1   0   2   0   7  10   1   1  18  24   2   6   1   3   2   1   0   0  16  0.38 0.28
  161 Q    -1   0  -1   0  -4   1   2  -1   1  -2  -1   1  -2  -3   2   1   2  -4  -3  -2    4   5   2   5   0   7  13   4   3   3   5   8   1   1  12  10  15   0   0   2  0.23 0.21
  162 N     0   0   1   1  -3   2   1   1   1  -2  -2   0  -1  -1   0   1   0  -3  -2  -1    8   4   8   8   0  10   9  10   3   1   2   4   1   3   4  11   7   0   1   5  0.14 0.13
  163 G    -1  -1   1   1  -2  -1   0   3  -1  -1  -2  -1  -2  -1  -1   1   1  -1  -1  -1    4   3   5  10   1   1   4  23   1   4   4   3   1   3   3  12   8   1   3   5  0.17 0.14
  164 V    -1  -1   0  -2  -3   1   0  -1  -2   1  -1   0   1   0  -1   0   0   1   0   3    2   3   4   2   0   7   6   5   1   6   5   5   3   4   2   7   7   2   4  24  0.11 0.15
  165 L     0   0  -1  -1  -1   0   1  -2   2   0   0   0   1   0  -1   0   1  -3   0   0    6   4   1   2   1   5  12   2   5   4  10   6   4   5   2   8  13   0   3   8  0.07 0.11
  166 N    -1   0   2   0  -2   0   0  -1   2  -2  -1   0  -1  -4  -2   3   2   0  -1  -2    3   5  10   5   1   5   7   5   5   3   7   4   1   0   2  22  11   2   2   2  0.21 0.22
  167 S    -1  -1   1   1  -2   0   0  -1  -1  -2  -2  -1  -1   0  -2   2   3  -1  -2  -1    5   3   6   9   1   5   6   4   1   2   4   3   1   5   2  18  19   1   1   4  0.20 0.21
  168 W    -1  -1  -1   0  -3   1   0   0   0  -1  -1   0  -1  -1   2   0   1   0  -1   0    4   3   2   5   0   6   7   9   2   4   6   6   1   2  12   9  10   2   2   6  0.10 0.10
  169 T     0   0   0   0  -3   0  -1  -1  -1  -1   0   0   0  -1   2   1   2  -4  -2   0    6   5   4   6   0   3   4   3   1   3   8   6   3   3  11  13  13   0   1   8  0.12 0.13
  170 D     0  -2   0   0  -2   0   0  -2  -1   2   0  -2   0   0   2   1   0  -3  -1   1    6   2   4   5   1   5   5   2   2  14   9   1   2   5  10  12   5   0   1  11  0.11 0.12
  171 Q    -2   2  -1  -2  -3   2   1  -3   0  -1   1   1   1  -1   1   0  -1  -3   0   0    3  13   2   2   0  10   9   2   2   3  13   9   4   2   7   6   3   0   4   6  0.15 0.15
  172 D    -1  -1   3   2  -2   1   0  -1   0  -2  -2   0  -2   0   3   0  -1  -2  -2  -1    4   3  14  13   1   7   5   5   2   2   5   4   1   5  15   5   2   1   1   5  0.25 0.20
  173 S     0   0   1   0  -3   0   0   2   1  -3  -3   0  -1  -1   0   3   0  -1  -3  -3    7   5   8   4   0   3   7  17   3   2   2   5   2   3   4  21   5   1   0   1  0.23 0.20
  174 K     0   0   1   0   0   0   0   1   0  -2  -1   1  -1  -3   1   1   0  -1  -2  -1    9   5   6   6   2   4   5  11   2   2   6  10   2   1   7  11   6   1   1   5  0.09 0.08
  175 D    -2  -1   3   6  -4  -1  -1  -1  -2  -4  -3  -1  -2  -4   0   0  -1  -4  -4  -4    3   3  16  39   0   2   3   6   1   1   3   4   1   1   4   8   4   0   1   1  0.75 0.41
  176 S    -2  -3   1  -1   0  -2  -1   5   0  -3  -4  -1  -4  -4  -2   0  -1   6   0  -2    3   1   7   3   2   2   5  38   2   1   1   4   0   1   2   7   4  11   3   3  0.67 0.38
  177 T    -3  -1   0  -3  -4  -1  -2  -2  -3  -3   1   0  -2  -3  -3   3   5  -4  -1  -3    1   4   4   1   0   3   2   2   1   1  12   6   1   1   1  20  37   0   2   1  0.64 0.43
  178 Y    -3  -3  -3  -3   0  -3  -3  -3   0  -1   0  -3  -2   6  -3  -2  -2   3   6   0    2   1   1   2   2   1   2   2   2   3   7   1   1  29   1   3   3   3  28   5  0.99 0.43
  179 S    -1  -2  -1  -1  -1   3  -1  -3   2  -2  -2  -2   1   2  -2   1   2  -1   3  -1    5   2   3   3   1  15   4   2   5   2   4   2   3   9   1  12  13   1   9   4  0.24 0.21
  180 M     1   0  -2  -3  -2  -2  -2  -2  -3   2   2   0   1  -2  -2  -1   1  -3  -3   2   12   5   1   1   0   1   2   3   0  11  17   8   3   1   1   3  10   0   1  19  0.22 0.18
  181 S    -2   0  -1  -1  -3  -1   0  -3   1   0   0  -1  -1   1  -3   2   2   5   1  -1    2   5   3   3   0   3   7   1   4   5   8   2   1   5   1  20  13   9   5   3  0.27 0.23
  182 S     1  -2  -1  -2  -2  -1  -3   0   0  -3  -3  -1  -2  -4  -2   5  -2  -4  -2   0   10   2   2   2   1   3   1   6   2   1   2   4   1   1   2  50   2   0   1   8  0.73 0.47
  183 T    -1   1  -2  -2  -2   0   0  -3   2   0  -1   0   0  -1  -3   1   3   1   2   0    5   7   1   1   1   5   5   1   6   4   4   6   2   2   0  11  21   2   9   8  0.22 0.23
  184 L    -2  -6  -7  -7  -2  -6  -7  -7  -7  -1   6  -5  -1  -2  -7  -6  -1  -1  -2   1    3   0   0   0   1   0   0   0   0   2  76   1   1   1   0   0   5   1   2   7  1.53 0.77
  185 T    -2   2   0  -1  -4   0   2  -3   3   0  -2   0  -2  -2  -3   1   3  -2  -2   0    3  12   5   3   0   4  14   2   7   6   3   4   1   1   1   9  18   0   1   9  0.24 0.25
  186 L    -3  -6  -6  -7  -5  -6  -6  -7  -3   4   3  -6   2   2  -5  -5  -4  -2   0   4    1   0   0   0   0   0   0   0   1  21  26   0   4  10   1   1   1   1   3  31  1.00 0.53
  187 T     0   0  -1   0  -3   1  -1  -3  -1   0  -1   0  -2  -2   3   0   3  -5  -3   0    6   6   3   5   0   6   3   1   1   5   5   6   1   2  14   8  21   0   0   6  0.25 0.25
  188 K     1  -1   1   0  -5  -1   0  -2  -4  -4  -1   0  -2  -5   5   1  -1  -6  -4  -1   13   3   7   4   0   2   6   3   0   1   6   6   1   0  28  12   3   0   0   5  0.48 0.36
  189 D     1   0  -1   0  -3  -1   1   1  -2  -1  -1  -1  -2  -1  -1   1   2  -4  -3   2   11   5   2   6   0   2   9   9   1   2   4   2   0   3   3  12  13   0   0  17  0.16 0.20
  190 E    -1   2   0   1  -4   2   2  -1  -1  -4  -2   1  -2  -2   1   1   0  -4  -2  -2    4  10   3   8   0  12  14   3   1   0   3  10   1   2   7   9   7   0   1   3  0.26 0.22
  191 Y    -1  -1  -2  -2  -1   0   3  -2  -1  -2  -1  -1   0   0   2  -1  -2   7   1  -2    5   3   2   2   1   5  18   3   2   2   5   3   2   4  12   5   2  15   4   3  0.42 0.28
  192 E    -1   1   1   4  -4   3   2  -2   1  -3  -2   0  -1  -2  -1   0  -1  -4  -2  -3    4   6   6  21   0  13  14   3   3   1   3   4   2   2   3   8   4   0   1   2  0.36 0.26
  193 R    -1   1   1   5  -4   2  -1  -3   2  -1  -4   0  -3  -4  -1   1  -1  -4  -4  -1    6   7   7  31   0   9   2   1   6   3   1   4   0   0   2  12   4   0   0   4  0.50 0.34
  194 H     0   0   0   0  -4   0   1   4   3  -3  -3  -1  -1  -2  -2   1   0  -4  -1  -2    8   4   3   5   0   4   8  30   7   1   2   3   2   2   1  10   5   0   2   2  0.35 0.26
  195 N     0  -1   1   3  -4  -1   0   4   0  -4  -4   0  -1  -5  -2   0   0  -5  -4  -2    9   2   7  16   0   2   6  32   2   0   2   5   1   0   1   6   5   0   0   2  0.48 0.31
  196 S    -1  -1   1  -1  -2   1   1  -1   0   0  -1   0  -2  -2   1   0   2   0  -2   1    2   3   6   2   1   6  10   4   3   5   4   5   0   2   6   8  17   1   1  14  0.13 0.17
  197 Y    -6  -7  -7  -8  -7  -6  -7  -7  -2  -2   0  -7  -3   4  -7  -6  -6  -3   9   1    0   0   0   0   0   0   0   0   1   3   8   0   0  15   0   0   0   0  64   8  2.28 1.00
  198 T    -1   1  -1  -1  -2  -1  -1  -4  -5   0  -3  -3  -4  -4  -5   3   5   0  -1  -1    5   7   2   3   1   2   4   1   0   6   2   1   0   0   0  22  38   1   2   4  0.69 0.52
  199 C    -4 -10  -9 -10  12  -9 -10  -9  -9  -5  -8 -10  -8  -9  -9  -7  -7  -9  -9  -7    1   0   0   0  98   0   0   0   0   1   0   0   0   0   0   0   0   0   0   0  4.73 1.67
  200 E    -3   3  -2  -3  -3   4   2  -5   3  -1  -1   0   0  -3  -5   1  -2  -3  -3   2    0  18   1   0   0  19  12   0   7   3   5   4   2   1   0   9   2   0   1  14  0.49 0.40
  201 A     2  -7  -7  -7  -5  -6  -7  -5  -3   1  -3  -6  -1  -6  -7  -4  -5  -7  -6   7   15   0   0   0   0   0   0   1   1   5   1   0   1   0   0   1   0   0   0  75  1.88 0.89
  202 T     0   0  -1  -1  -4   1   2   0  -1  -3  -2   1   0  -3  -4   1   3  -2  -1  -1    7   4   2   2   0   6  17   7   1   1   3  10   3   1   0  13  18   1   2   3  0.27 0.27
  203 H    -5  -3   2  -3  -7   0  -3  -6  10  -7  -5  -4  -6  -1  -6  -2  -4  -6   1  -4    1   1  11   1   0   4   1   0  68   0   1   1   0   3   0   2   1   0   3   2  2.43 0.98
  204 K    -2  -2  -1  -1  -3   1   4  -3  -3  -2  -3   0  -2  -4   3   1  -2   2  -1   1    3   2   3   2   0   5  32   1   0   1   2   4   1   0  16   9   2   3   3  10  0.51 0.39
  205 T     3  -5  -1  -3  -3  -4  -3   4  -3  -5  -5  -3  -2  -4  -2   3   1   1  -5  -2   22   0   3   1   0   0   1  34   1   0   0   1   1   1   1  20  10   2   0   2  0.76 0.49
  206 S     0  -3   0  -4  -4  -2  -3   0  -3  -1   5  -3  -1   0  -4   1  -1  -5  -3  -1    6   1   6   0   0   1   1   6   0   2  53   1   1   3   0  10   3   0   1   4  0.60 0.42
  207 T     0  -1   1   1  -4   2   1  -1   1  -3  -4   1  -3  -5   3   1   2  -5  -4  -3    7   2   5   7   0   8  10   4   3   1   1   7   0   0  17  12  14   0   0   1  0.38 0.29
  208 S     0  -1   1   0  -4   2   2  -2   2  -2  -3   1  -1  -1  -1   2   0  -4  -3  -1    9   1   7   3   0  12  16   1   5   2   2  11   1   3   2  14   6   0   0   4  0.24 0.23
  209 P    -1  -1  -1  -1  -3  -1  -3  -1   2  -2  -4  -1  -2  -5   7   0  -1  -5  -4  -4    5   3   3   4   1   3   0   4   5   3   1   4   1   0  50   8   4   0   1   1  1.07 0.52
  210 I    -2  -2  -4  -3   1  -1  -4  -4  -4   2   3   0   1   0  -4  -2   0  -4   0   3    2   2   0   1   4   3   0   1   0  12  27   7   2   3   0   2   6   0   4  25  0.41 0.29
  211 V    -1   1  -2  -1  -4  -2   2  -2  -1  -1   0   0  -2  -4  -2   0   4  -5  -4   1    4   7   1   2   0   1  15   3   1   4   9   4   1   0   1   4  34   0   0   9  0.37 0.32
  212 K     0   1  -2  -3  -4   3  -1  -1  -3  -2   0   2  -1  -3  -2  -1   1  -4  -1   2    6   8   1   0   0  19   2   5   0   0  10  17   1   1   1   2   9   0   3  15  0.27 0.27
  213 S     0   2   1  -2  -4  -1   0  -3   2  -3  -4   1  -4  -5  -2   3   3   2  -3  -2    6  12   5   1   0   1   6   1   5   1   0   6   0   0   1  30  19   3   0   2  0.49 0.37
  214 F    -3  -6  -6  -2  -5  -4  -6  -6  -5   2   1  -6  -1   3  -5  -3  -4   9   1   2    2   0   0   3   0   1   0   0   0  13  16   0   1  12   1   1   0  32   3  16  1.32 0.57
  215 N     0   1   2   2  -4   1   3  -2  -3  -4  -4   1  -3  -5  -3   2   2  -5  -2  -2    6   7   8  11   0   6  19   1   0   0   0   7   0   0   0  17  13   0   1   2  0.42 0.30
  216 R    -1   5  -4  -4  -5  -1  -2  -5  -1  -2  -2   1  -4  -4   5  -2  -2  -5  -2  -2    5  32   0   0   0   2   1   0   1   2   4   8   0   1  35   2   1   0   1   3  0.98 0.47
  217 N     2   0   1  -2  -1  -1  -1   1  -3  -1  -4  -1  -3  -4  -1   4   1  -2  -4  -2   17   4   7   1   1   2   2   9   0   4   0   1   0   0   2  39   8   1   0   1  0.45 0.32
  218 E    -3  -2   1   2  -6   1   6  -1  -2  -6  -5   1  -4  -6  -4  -2  -2  -5  -4  -5    0   0   7  10   0   3  66   4   0   0   0   8   0   0   0   1   1   0   0   0  1.18 0.47
  219 C    -2  -5  -5  -5  11  -5  -6  -4  -5  -3  -3  -5  -3  -4  -5  -3  -3  -4  -4  -3    0   0   0   0 100   0   0   0   0   0   0   0   0   0   0   0   0   0   0   0  2.81 0.40

                      K         Lambda
Standard Ungapped    0.1278     0.3127
Standard Gapped      0.0402     0.2670
PSI Ungapped         0.1312     0.3180
PSI Gapped           0.0402     0.2670
