
Last position-specific scoring matrix computed, weighted observed percentages rounded down, information per position, and relative weight of gapless real matches to pseudocounts
            A   R   N   D   C   Q   E   G   H   I   L   K   M   F   P   S   T   W   Y   V   A   R   N   D   C   Q   E   G   H   I   L   K   M   F   P   S   T   W   Y   V
    1 S     1  -1   1   0  -1   0   0   0  -1  -2  -2   0  -1  -2  -1   4   1  -3  -2  -2    0   0   0   0   0   0   0   0   0   0   0   0   0   0   0   0   0   0   0   0  0.00     0.00
    2 H    -2   0   1  -1  -3   0   0  -2   7  -3  -3  -1  -2  -1  -2  -1  -2  -2   2  -3    0   0   0   0   0   0   0   0   0   0   0   0   0   0   0   0   0   0   0   0  0.00     0.00
    3 M    -1  -1  -2  -3  -1   0  -2  -3  -2   1   2  -1   5   0  -2  -1  -1  -1  -1   1    0   0   0   0   0   0   0   0   0   0   0   0   0   0   0   0   0   0   0   0  0.00     0.00
    4 A     3  -2  -1  -2  -1  -1  -2   4  -2  -2  -3  -1  -2  -3  -2   1  -1  -3  -3  -1   50   0   0   0   0   0   0  50   0   0   0   0   0   0   0   0   0   0   0   0  0.51 0.00
    5 P    -1  -2  -2  -2  -3  -1  -1  -2  -2  -3  -3  -1  -3  -4   8  -1  -1  -4  -3  -3    0   0   0   0   0   0   0   0   0   0   0   0   0   0 100   0   0   0   0   0  2.03 0.00
    6 Q    -1   1   0   0  -3   6   2  -2   0  -3  -2   1   0  -3  -1   0  -1  -2  -2  -2    0   0   0   0   0 100   0   0   0   0   0   0   0   0   0   0   0   0   0   0  0.64 0.00
    7 F    -2  -3  -3  -4  -3  -3  -3  -3  -1   0   0  -3   0   6  -4  -3  -2   1   3  -1    0   0   0   0   0   0   0   0   0   0   0   0   0 100   0   0   0   0   0   0  0.73 0.00
    8 S     1  -1   1   0  -1   0   0   0  -1  -3  -3   0  -2  -3  -1   4   1  -3  -2  -2    0   0   0   0   0   0   0   0   0   0   0   0   0   0   0 100   0   0   0   0  0.45 0.00
    9 Q    -1   1   0   0  -3   6   2  -2   0  -3  -2   1   0  -3  -1   0  -1  -2  -2  -2    0   0   0   0   0 100   0   0   0   0   0   0   0   0   0   0   0   0   0   0  0.64 0.00
   10 Q    -1   1   0   0  -3   6   2  -2   0  -3  -2   1   0  -3  -1   0  -1  -2  -2  -2    0   0   0   0   0 100   0   0   0   0   0   0   0   0   0   0   0   0   0   0  0.64 0.00
   11 R    -2   6   0  -2  -4   1   0  -2   0  -3  -2   2  -1  -3  -2  -1  -1  -3  -2  -3    0 100   0   0   0   0   0   0   0   0   0   0   0   0   0   0   0   0   0   0  0.74 0.00
   12 E    -1   0   0   4  -4   1   5  -2   0  -3  -3   0  -2  -4  -1   0  -1  -3  -2  -3    0   0   0  27   0   0  73   0   0   0   0   0   0   0   0   0   0   0   0   0  0.67 0.00
   13 E    -1   0   0   2  -4   2   5  -2   0  -3  -3   1  -2  -3  -1   0  -1  -3  -2  -3    0   0   0   0   0   0 100   0   0   0   0   0   0   0   0   0   0   0   0   0  0.74 0.00
   14 D    -2   4   0   4  -4   0   1  -2  -1  -3  -3   1  -2  -3  -2  -1  -1  -4  -2  -3    0  54   0  46   0   0   0   0   0   0   0   0   0   0   0   0   0   0   0   0  0.56 0.00
   15 I    -1  -3  -3  -3  -1  -3  -3  -4  -3   4   2  -3   1   0  -3  -3  -1  -3  -1   3    0   0   0   0   0   0   0   0   0 100   0   0   0   0   0   0   0   0   0   0  0.40 0.00
   16 Y    -2  -2  -3  -4  -2  -2  -3  -4   0   1   3  -2   1   2  -3  -2  -1   1   5   0    0   0   0   0   0   0   0   0   0   0  54   0   0   0   0   0   0   0  46   0  0.41 0.00
   17 R    -2   6  -1  -2  -4   1   0  -3   0  -3  -2   2  -1  -3  -2  -1  -1  -3  -2  -3    0 100   0   0   0   0   0   0   0   0   0   0   0   0   0   0   0   0   0   0  0.76 0.00
   18 F    -2  -3  -3  -4  -3  -3  -3  -3  -1   0   0  -3   0   7  -4  -3  -2   1   3  -1    0   0   0   0   0   0   0   0   0   0   0   0   0 100   0   0   0   0   0   0  0.75 0.00
   19 L    -2  -2  -4  -4  -1  -2  -3  -4  -3   2   4  -3   2   0  -3  -3  -1  -2  -1   1    0   0   0   0   0   0   0   0   0   0 100   0   0   0   0   0   0   0   0   0  0.46 0.00
   20 K    -1   1   0   1  -4   2   4  -2   0  -3  -3   3  -2  -3  -1   0  -1  -3  -2  -3    0   0   0   0   0   0  54   0   0   0   0  46   0   0   0   0   0   0   0   0  0.51 0.00
   21 D     1  -2   0   4  -2  -1   0  -1  -2  -2  -2  -1  -2  -3  -1   1   2  -3  -2  -1   27   0   0  46   0   0   0   0   0   0   0   0   0   0   0   0  27   0   0   0  0.36 0.00
   22 N    -1   1   5   1  -3   0   0  -1   0  -3  -3   2  -2  -3  -2   0   0  -4  -2  -3    0   0  73   0   0   0   0   0   0   0   0  27   0   0   0   0   0   0   0   0  0.54 0.00
   23 G     0  -2   0  -1  -3  -2  -2   6  -2  -4  -4  -2  -3  -3  -2   0  -2  -3  -3  -3    0   0   0   0   0   0   0 100   0   0   0   0   0   0   0   0   0   0   0   0  1.05 0.00
   24 P    -1  -2  -2  -2  -3  -1  -1  -2  -2  -3  -3  -1  -3  -4   8  -1  -1  -4  -3  -3    0   0   0   0   0   0   0   0   0   0   0   0   0   0 100   0   0   0   0   0  2.05 0.01
   25 Q    -1   1   0  -1  -3   5   2  -2   5  -3  -2   1  -1  -3  -2   0  -1  -2   0  -3    0   0   0   0   0  73   0   0  27   0   0   0   0   0   0   0   0   0   0   0  0.56 0.00
   26 R    -2   6  -1  -2  -4   1   0  -3   0  -3  -2   2  -1  -3  -2  -1  -1  -3  -2  -3    0 100   0   0   0   0   0   0   0   0   0   0   0   0   0   0   0   0   0   0  0.76 0.00
   27 A     4  -2  -2  -2   0  -1  -1   0  -2  -1  -2  -1  -1  -2  -1   1   0  -3  -2   0  100   0   0   0   0   0   0   0   0   0   0   0   0   0   0   0   0   0   0   0  0.41 0.00
   28 L    -2  -2  -4  -4  -1  -2  -3  -4  -3   2   4  -3   2   0  -3  -3  -1  -2  -1   1    0   0   0   0   0   0   0   0   0   0 100   0   0   0   0   0   0   0   0   0  0.46 0.00
   29 V    -1  -1  -1  -2  -2  -1  -1  -3   6   1  -1  -1   0  -1  -2  -1  -1  -3   1   2    0   0   0   0   0   0   0   0  54   0   0   0   0   0   0   0   0   0   0  46  0.33 0.00
   30 I    -1  -3  -3  -3  -1  -3  -3  -4  -3   4   2  -3   1   0  -3  -3  -1  -3  -1   3    0   0   0   0   0   0   0   0   0 100   0   0   0   0   0   0   0   0   0   0  0.40 0.00
   31 A     4  -2  -2  -2   0  -1  -1   0  -2  -1  -2  -1  -1  -2  -1   1   0  -3  -2   0  100   0   0   0   0   0   0   0   0   0   0   0   0   0   0   0   0   0   0   0  0.41 0.00
   32 Q    -1   2   0  -1  -3   4   1  -2   0  -3  -2   4  -1  -3  -1   0  -1  -3  -2  -2    0   0   0   0   0  46   0   0   0   0   0  54   0   0   0   0   0   0   0   0  0.49 0.00
   33 A     4  -2  -2  -2   0  -1  -1   0  -2  -1  -2  -1  -1  -2  -1   1   0  -3  -2   0  100   0   0   0   0   0   0   0   0   0   0   0   0   0   0   0   0   0   0   0  0.41 0.00
   34 L    -2  -2  -4  -4  -1  -2  -3  -4  -3   2   4  -3   2   0  -3  -3  -1  -2  -1   1    0   0   0   0   0   0   0   0   0   0 100   0   0   0   0   0   0   0   0   0  0.46 0.00
   35 G     0  -2   0  -1  -3  -2  -2   6  -2  -4  -4  -2  -3  -3  -2   0  -2  -3  -3  -3    0   0   0   0   0   0   0 100   0   0   0   0   0   0   0   0   0   0   0   0  1.05 0.00
   36 M    -1  -2  -2  -3  -2   0  -2  -3  -2   1   2  -1   6   0  -3  -2  -1  -2  -1   1    0   0   0   0   0   0   0   0   0   0   0   0 100   0   0   0   0   0   0   0  0.36 0.01
   37 R    -1   4   0  -1  -2   0  -1  -2  -1  -2  -2   1  -1  -3  -2   1   3  -3  -2  -1    0  46   0   0   0   0   0   0   0   0   0   0   0   0   0   0  54   0   0   0  0.38 0.00
   38 T     0  -1   0  -1  -1  -1  -1  -2  -2  -1  -1  -1  -1  -2  -1   1   5  -3  -2   0    0   0   0   0   0   0   0   0   0   0   0   0   0   0   0   0 100   0   0   0  0.48 0.00
   39 A     4  -2  -2  -2   0  -1  -1   0  -2  -1  -2  -1  -1  -2  -1   1   0  -3  -2   0  100   0   0   0   0   0   0   0   0   0   0   0   0   0   0   0   0   0   0   0  0.41 0.00
   40 K    -1   2   0  -1  -3   1   1  -2  -1  -3  -3   5  -1  -3  -1   0  -1  -3  -2  -2    0   0   0   0   0   0   0   0   0   0   0 100   0   0   0   0   0   0   0   0  0.53 0.00
   41 D    -1  -1   1   5  -4   1   4  -2  -1  -3  -3   0  -3  -4  -1   0  -1  -4  -3  -3    0   0   0  46   0   0  54   0   0   0   0   0   0   0   0   0   0   0   0   0  0.69 0.00
   42 V     0  -3  -3  -3  -1  -2  -3  -3  -3   3   1  -2   1  -1  -3  -2   0  -3  -1   4    0   0   0   0   0   0   0   0   0   0   0   0   0   0   0   0   0   0   0 100  0.35 0.00
   43 N    -2  -1   6   1  -3   0   0   0   1  -3  -4   0  -2  -3  -2   1   0  -4  -2  -3    0   0 100   0   0   0   0   0   0   0   0   0   0   0   0   0   0   0   0   0  0.74 0.01
   44 R    -1   4  -1  -2  -3   0  -1  -2  -1  -3  -3   1  -2  -3   6  -1  -1  -3  -2  -3    0  46   0   0   0   0   0   0   0   0   0   0   0   0  54   0   0   0   0   0  1.04 0.00
   45 D    -2  -2   0   4  -2  -1   0  -3  -2   2   1  -2   0  -1  -2  -1  -1  -3  -2   0    0   0   0  46   0   0   0   0   0  27  27   0   0   0   0   0   0   0   0   0  0.26 0.00
   46 L    -2  -2  -4  -4  -1  -2  -3  -4  -3   2   4  -3   2   0  -3  -3  -1  -2  -1   1    0   0   0   0   0   0   0   0   0   0 100   0   0   0   0   0   0   0   0   0  0.46 0.00
   47 Y    -2  -2  -2  -3  -3  -2  -2  -3   2  -1  -1  -2  -1   3  -3  -2  -2   2   7  -1    0   0   0   0   0   0   0   0   0   0   0   0   0   0   0   0   0   0 100   0  0.88 0.01
   48 R     0   4   0  -1  -2   0   0  -1  -1  -3  -2   1  -2  -3  -1   3   1  -3  -2  -2    0  46   0   0   0   0   0   0   0   0   0   0   0   0   0  54   0   0   0   0  0.39 0.00
   49 M    -1  -2  -2  -3  -2   0  -2  -3  -2   1   2  -1   6   0  -3  -2  -1  -2  -1   1    0   0   0   0   0   0   0   0   0   0   0   0 100   0   0   0   0   0   0   0  0.36 0.01
   50 K    -1   5   0  -1  -3   1   0  -2  -1  -3  -2   4  -1  -3  -2  -1  -1  -3  -2  -3    0  54   0   0   0   0   0   0   0   0   0  46   0   0   0   0   0   0   0   0  0.57 0.00
   51 S     0  -1   5   1  -2   0   0   0   0  -3  -3   0  -2  -3  -2   3   1  -3  -2  -2    0   0  54   0   0   0   0   0   0   0   0   0   0   0   0  46   0   0   0   0  0.47 0.00
   52 R    -1   4   0  -1  -3   1   0  -2  -1  -3  -2   4  -1  -3  -2   0  -1  -3  -2  -3    0  46   0   0   0   0   0   0   0   0   0  54   0   0   0   0   0   0   0   0  0.55 0.00
   53 H    -2   0   1  -1  -3   0   0  -2   8  -4  -3  -1  -2  -1  -2  -1  -2  -3   2  -3    0   0   0   0   0   0   0   0 100   0   0   0   0   0   0   0   0   0   0   0  0.88 0.01
   54 L    -2  -2  -4  -4  -1  -2  -3  -4  -3   2   4  -3   2   0  -3  -3  -1  -2  -1   1    0   0   0   0   0   0   0   0   0   0 100   0   0   0   0   0   0   0   0   0  0.46 0.00
   55 L    -2  -2  -4  -4  -1  -2  -3  -4  -3   2   4  -3   2   0  -3  -3  -1  -2  -1   1    0   0   0   0   0   0   0   0   0   0 100   0   0   0   0   0   0   0   0   0  0.46 0.00
   56 D     0  -1   1   4  -2   0   1  -1  -1  -2  -3  -1  -2  -3  -1   2   2  -3  -2  -2    0   0   0  46   0   0   0   0   0   0   0   0   0   0   0  27  27   0   0   0  0.43 0.00
   57 M    -1  -2  -3  -3  -2  -1  -2  -3  -1   1   1  -2   4   1  -3  -2  -1   0   4   2    0   0   0   0   0   0   0   0   0   0   0   0  46   0   0   0   0   0  27  27  0.25 0.00
   58 D    -1  -1   1   5  -3   0   1  -1  -1  -3  -4  -1  -3  -3  -1   2   0  -4  -3  -3    0   0   0  73   0   0   0   0   0   0   0   0   0   0   0  27   0   0   0   0  0.65 0.00
   59 E    -1  -1   0   3  -3   1   4   3  -1  -4  -3   0  -3  -3  -2   0  -1  -3  -3  -3    0   0   0  27   0   0  46  27   0   0   0   0   0   0   0   0   0   0   0   0  0.51 0.00
   60 Q    -1   1   0   0  -2   5   2  -1   0  -2  -2   1   0  -2  -1   0   0  -1  -1  -2    2   1   1   1   1  74   2   2   1   1   2   2   1   1   1   2   2   0   1   2  0.41 0.00
   61 S     1  -1   0  -1  -1   0  -1  -1  -1  -1  -2   0  -1  -2  -1   3   4  -3  -2  -1    0   0   0   0   0   0   0   0   0   0   0   0   0   0   0  46  54   0   0   0  0.39 0.00
   62 K    -1   1   0   0  -2   3   1  -1   0  -2  -2   3  -1  -2  -1   0   0  -2  -1  -2    2   1   1   1   1  28   2   2   1   1   2  48   1   1   1   2   2   0   1   2  0.29 0.00
   63 A     3  -1  -1  -1  -1   0  -1   0  -1   0   0  -1   3  -1  -1   0   0  -1  -1   0   48   1   1   1   1   1   2   2   1   1   2   2  28   1   1   2   2   0   1   2  0.12 0.00
   64 W    -3  -3  -4  -5  -3  -2  -3  -3  -3  -3  -2  -3  -2   1  -4  -3  -3  11   2  -3    0   0   0   0   0   0   0   0   0   0   0   0   0   0   0   0   0 100   0   0  2.34 0.01
   65 T     0   0   0  -1  -1   0   0  -2  -2  -1  -2   2  -1  -3  -1   1   4  -3  -2  -1    0   0   0   0   0   0   0   0   0   0   0  27   0   0   0   0  73   0   0   0  0.35 0.00
   66 I    -1  -3  -3  -3  -1  -3  -3  -4  -3   4   2  -3   1   0  -3  -3  -1  -3  -1   3    0   0   0   0   0   0   0   0   0 100   0   0   0   0   0   0   0   0   0   0  0.40 0.00
   67 Y    -2  -2  -2  -3  -3  -2  -2  -3   2  -1  -1  -2  -1   3  -3  -2  -2   2   7  -1    0   0   0   0   0   0   0   0   0   0   0   0   0   0   0   0   0   0 100   0  0.88 0.01
   68 R    -2   6   0  -2  -4   1   0  -2   0  -3  -2   2  -1  -3  -2  -1  -1  -3  -2  -3    0 100   0   0   0   0   0   0   0   0   0   0   0   0   0   0   0   0   0   0  0.75 0.00
   69 W    -2  -3  -4  -4  -2  -2  -3  -2  -2  -3  -2  -3  -1   1  -4  -3  -2  10   2  -3    0   0   0   0   0   0   0   0   0   0   0   0   0   0   0   0   0   0   0   0  0.00     0.00
   70 T     0  -1   0  -1  -1  -1  -1  -2  -2  -1  -1  -1  -1  -2  -1   1   4  -2  -2   0    0   0   0   0   0   0   0   0   0   0   0   0   0   0   0   0   0   0   0   0  0.00     0.00
   71 I    -1  -3  -3  -3  -1  -3  -3  -4  -3   4   1  -3   1   0  -3  -2  -1  -3  -1   3    0   0   0   0   0   0   0   0   0   0   0   0   0   0   0   0   0   0   0   0  0.00     0.00
   72 Y    -2  -2  -2  -3  -2  -1  -2  -3   2  -1  -1  -2  -1   3  -3  -2  -2   2   6  -1    0   0   0   0   0   0   0   0   0   0   0   0   0   0   0   0   0   0   0   0  0.00     0.00

                      K         Lambda
Standard Ungapped    0.1330     0.3229
Standard Gapped      0.0410     0.2670
PSI Ungapped         0.1330     0.3229
PSI Gapped           0.0410     0.2670
