
Last position-specific scoring matrix computed, weighted observed percentages rounded down, information per position, and relative weight of gapless real matches to pseudocounts
           A  R  N  D  C  Q  E  G  H  I  L  K  M  F  P  S  T  W  Y  V   A   R   N   D   C   Q   E   G   H   I   L   K   M   F   P   S   T   W   Y   V
    1 M   -1 -2 -2 -3 -2 -1 -2 -3 -2  1  2 -2  6  0 -3 -2 -1 -2 -1  1    0   0   0   0   0   0   0   0   0   0   0   0 100   0   0   0   0   0   0   0  0.40 0.01
    2 S    1 -1  0 -1 -1  0 -1 -1 -1 -2 -2 -1 -1 -2 -1  3  4 -3 -2 -1    0   0   0   0   0   0   0   0   0   0   0   0   0   0   0  48  52   0   0   0  0.40 0.01
    3 R   -1  5  0  0 -4  3  3 -2  0 -3 -3  2 -2 -3 -2 -1 -1 -3 -2 -3    0  57   0   0   0  14  29   0   0   0   0   0   0   0   0   0   0   0   0   0  0.55 0.01
    4 A    4 -2 -1 -2 -1 -1 -1  2 -2 -2 -2 -1 -1 -3 -1  2  0 -3 -2 -1   69   0   0   0   0   0   0  16   0   0   0   0   0   0   0  15   0   0   0   0  0.36 0.01
    5 K   -1  1  0 -1 -3  3  1  1  3 -3 -3  3 -1 -3 -2  0 -1 -3 -1 -3    0   0   0   0   0  29   0  16  15   0   0  40   0   0   0   0   0   0   0   0  0.35 0.01
    6 A    3 -1 -1  0 -1  0  2  0 -1 -2 -2  0 -1 -3 -1  2  0 -3 -2 -1   57   0   0   0   0   0  29   0   0   0   0   0   0   0   0  15   0   0   0   0  0.31 0.01
    7 A    2 -1  2  0 -2  0  1 -1 -1 -2 -2  0 -2 -3  3  1  1 -3 -2 -1   40   0  14   0   0   0  16   0   0   0   0   0   0   0  14   0  15   0   0   0  0.30 0.00
    8 P   -1 -1 -1  2 -3  2  3 -2 -1 -3 -3  0 -2 -4  5  0 -1 -3 -3 -3    0   0   0  15   0  16  29   0   0   0   0   0   0   0  40   0   0   0   0   0  0.80 0.01
    9 V    1 -1 -1 -2 -1 -1 -1  2  3  0 -1 -1 -1  0 -2 -1 -1 -1  2  1   16   1   1   1   0   1   1  18  15   1   1   1   0   1   1   1   1   0  15  26  0.10 0.00
   10 A    3 -1 -1 -1 -1 -1 -1  3 -1 -2 -2  1 -1 -2 -1  1  0 -2 -2 -1   52   1   1   1   0   1   1  25   0   1   1  14   0   0   1   1   1   0   0   1  0.28 0.01
   11 G    1 -2  0 -1 -2 -2 -2  5 -2 -3 -3 -1 -2 -3 -2  1 -1 -3 -3 -3    7   0   0   0   0   0   0  76   0   0   1   0   0   0   0  12   0   0   0   0  0.76 0.03
   12 P   -1 -1 -1 -1 -3 -1 -1 -2 -2 -3 -3  1 -2 -3  7  0  1 -3 -3 -2    1   0   0   0   0   0   0   0   0   0   1  18   0   0  64   0  12   0   0   0  1.17 0.04
   13 E    2 -1  0  0 -2  1  3 -1 -1 -2 -2  0 -2 -3 -1  2  0 -3 -2 -2   22   0   0   0   0   0  36   0   0   0   1   0   0   0   0  37   0   0   0   0  0.33 0.02
   14 V   -1 -2 -2 -3 -1 -2 -2 -3 -3  3  2 -2  1 -1 -2 -1  1 -3 -1  3    0   0   0   0   0   0   0   0   0  35  16   0   0   0   0   0  17   0   0  28  0.25 0.02
   15 A    1 -2 -2 -2 -3 -1 -1  1 -2 -3 -3 -1 -3 -4  7  0 -1 -4 -3 -2   13   0   0   0   0   0   4  14   0   0   0   0   0   0  64   5   0   0   0   0  1.22 0.06
   16 A    2  0 -1 -1 -2  1  0 -1 -1  0 -2  2 -1 -2 -1  1  1 -3 -2  0   30   3   0   0   0   8   0   0   0   5   1  19   0   0   0  14   8   0   0   9  0.19 0.06
   17 N   -2 -1  5  1 -4 -1 -1 -2 -2 -4 -4  3 -3 -4 -3  1  3 -5 -3 -3    0   0  35   5   0   0   0   0   0   0   0  25   0   0   0  11  23   0   0   0  0.71 0.26
   18 R   -3  3 -3 -3 -6 -1 -2 -4 -3 -5 -5  7 -4 -5 -4 -3 -3 -5 -1 -5    0  13   0   0   0   0   0   0   0   0   0  84   0   0   0   0   0   0   2   0  1.71 0.50
   19 A    1 -1  0 -1 -2  2  0  0  1  0 -1  0  0 -2 -2  1  1 -3  0  0   14   2   2   2   0  12   4   7   4   6   6   5   2   0   1  12  10   0   5   5  0.08 0.08
   20 G    1  1  0  0 -3  2  2 -1 -1 -2 -1  1 -1 -3 -2  0  1 -3 -2 -1   13  10   3   4   0  12  20   4   1   2   5   6   1   0   0   7   8   0   1   4  0.20 0.11
   21 R   -4  8 -3 -5 -6 -2 -3 -5 -3 -2 -5  0 -4 -6 -5 -4 -4 -6 -5 -5    0  96   0   0   0   0   0   0   0   2   0   1   0   0   0   0   0   0   0   0  2.27 0.59
   22 Q   -4  0 -2 -1 -5  6 -2 -5  8 -4  1 -2 -3 -4 -4 -3 -4 -5 -2 -4    0   4   0   2   0  44   0   0  36   0  14   0   0   0   0   0   0   0   0   0  1.38 0.46
   23 A    1  3  0  0 -3  1  1 -2 -2  1 -1  1 -1 -2 -3  0 -1 -4 -3 -2   17  21   3   6   0   9   9   1   0  11   5   7   2   1   0   7   2   0   0   0  0.20 0.13
   24 R    2  2 -3 -3 -2  0 -2 -3 -3 -1  1  4 -2 -3 -3 -2 -2 -4 -1 -1   21  11   0   0   1   3   0   0   0   2  17  39   0   0   0   0   0   0   3   3  0.48 0.25
   25 I   -4 -6 -6 -6 -4 -5 -6 -6 -6  7  0 -5 -1  1 -5 -5 -3 -5 -3  1    0   0   0   0   0   0   0   0   0  86   3   0   0   7   0   0   0   0   0   4  1.68 0.48
   26 V   -1  4 -3 -3 -1  0  0 -4 -3 -1  2  4 -1 -3 -3 -2 -2 -4 -1  0    3  22   0   0   1   3   4   0   0   2  24  32   0   0   0   0   0   0   2   6  0.48 0.24
   27 A    1  1 -1  2 -4  2  5 -2 -2 -3 -4  0 -1 -5 -3  0 -2 -5 -4 -4   11   6   1  13   0  10  44   1   0   1   0   5   2   0   0   6   0   0   0   0  0.68 0.28
   28 I   -2 -5 -5 -5 -3 -5 -5 -6 -5  6  4 -5  1 -1 -5 -4 -3 -4 -3  0    3   0   0   0   0   0   0   0   0  52  39   0   2   2   0   0   0   0   0   1  1.08 0.36
   29 L   -4 -5 -6 -6 -3 -5 -5 -6 -5  6  4 -5 -1 -2 -5 -5 -3 -5 -3  1    0   0   0   0   0   0   0   0   0  58  35   0   0   0   0   0   0   0   0   7  1.22 0.38
   30 S    0  1  2  0 -2  1  1 -2  1 -3 -2  2  1 -3 -2  2  1 -4 -3 -3    6   9   9   5   1   7   9   1   5   0   2  14   4   0   0  18   9   0   0   0  0.25 0.14
   31 S    0  1  2 -1 -3  2  3 -2 -2 -4 -3  0 -3 -4 -3  2  1 -4 -3 -3    8  10  11   1   0  12  23   2   0   0   2   5   0   0   0  20   8   0   0   0  0.40 0.20
   32 A   -2  1  3 -1 -5  2  4 -3  3 -4 -4  3 -2 -4 -3 -1  0 -4  1 -4    1   7  14   0   0   9  28   1   9   0   0  18   1   0   0   1   4   0   5   0  0.56 0.25
   33 Q   -1  2 -1  1 -1  1  3 -1  1 -2 -3  2 -2 -4  1  0  0 -4 -3 -1    1  10   1   8   2   5  23   4   5   3   1  15   0   0   6   6   4   0   0   6  0.26 0.14
   34 V   -2 -5 -5 -5 -2 -5 -5 -5 -5  6  0 -5 -1  3 -5 -4 -3 -4 -2  4    3   0   0   0   1   0   0   0   0  52   2   0   0  12   0   0   0   0   0  31  1.07 0.36
   35 R    0  1 -2 -1  0  0  3  3  1 -4 -4 -1 -3 -4 -3  2  0 -4 -3 -4    6   8   0   1   2   1  29  23   4   0   0   1   0   0   0  19   5   0   0   0  0.48 0.23
   36 S   -2 -1  2 -3 -3 -3 -3 -2 -3 -4 -4 -1 -3 -5 -3  4  6 -5 -4 -3    0   2  10   0   0   0   0   2   0   0   0   4   0   0   0  29  53   0   0   0  1.01 0.40
   37 Q   -4 -2 -3 -4 -6  9 -1 -5 -3 -6 -6 -2 -4 -7 -5 -3 -4 -5 -5 -6    0   0   0   0   0 100   0   0   0   0   0   0   0   0   0   0   0   0   0   0  2.65 0.74
   38 N   -1 -2  0  3 -4  1  5  0  2 -4 -4  0 -2 -2 -3  1 -2 -4 -2 -2    3   0   2  14   0   5  43   8   5   0   0   3   1   1   0  11   0   0   1   2  0.59 0.26
   39 E   -4 -1 -3  3 -6  3  7 -5 -3 -6 -6 -2 -5 -6 -4 -3 -3 -6 -5 -5    0   2   0  14   0  11  73   0   0   0   0   0   0   0   0   0   0   0   0   0  1.56 0.49
   40 L   -4 -5 -6 -6 -4 -5 -5 -6 -5  3  5 -5  0  0 -5 -5 -3 -4 -3 -1    0   0   0   0   0   0   0   0   0  20  76   0   1   2   0   0   0   0   0   0  1.27 0.40
   41 A    2 -1 -3 -4  1  0 -3 -3 -3  1  1 -1  0 -2 -3  0 -1 -4 -3  3   21   3   0   0   4   6   0   0   0   5  14   2   2   0   0   9   0   0   0  33  0.32 0.20
   42 A    0  1  0  2 -4  2  3 -2  0 -2 -2  1 -3 -4 -3  0  0 -4 -3 -3   10   8   3  14   0  10  27   2   2   2   3  10   0   0   0   3   5   0   0   0  0.38 0.18
   43 L    2  2 -3 -2 -3  0  2 -3 -1  0  2  1  1 -2 -3 -2 -2 -3 -1 -1   19  13   0   0   0   2  17   0   1   5  29   7   3   0   0   0   1   0   2   1  0.26 0.18
   44 L   -4 -5 -6 -6 -4 -5 -6 -6 -6 -1  6 -5  0 -2 -6 -5 -4 -4 -4 -2    0   0   0   0   0   0   0   0   0   0 100   0   0   0   0   0   0   0   0   0  1.76 0.51
   45 A    0  3  1 -1 -4  3  2 -2  0 -2 -1  3 -2 -2 -3 -1 -2 -4 -3 -2   11  16   6   1   0  13  14   1   2   1   6  24   0   1   0   2   0   0   0   3  0.36 0.19
   46 A    2  1  0  2 -4  1  3 -2 -1 -3 -3  3 -3 -4 -3  0 -1 -4 -3 -2   20   6   3  13   0   6  19   0   0   0   2  22   0   0   0   6   1   0   0   2  0.39 0.19
   47 E    1  1  0  1  0  2  3 -2  2 -2 -1  0  0 -2 -3  0 -2 -3  0 -2   12   9   5   6   3   9  26   1   5   2   6   2   2   1   0   7   0   0   3   1  0.22 0.14
   48 G   -3 -5  0  1 -5 -4 -3  7 -4 -6 -6 -3 -5 -6 -5 -3 -4 -5 -6 -6    0   0   3   7   0   0   1  88   0   0   0   1   0   0   0   0   0   0   0   0  1.86 0.49
   49 I   -2 -4 -5 -5 -3 -4 -5 -5 -1  4  0 -4  2  5 -5 -4 -3 -2  2  2    2   0   0   0   0   0   0   0   1  31   5   0   6  33   0   0   0   0   7  16  0.85 0.30
   50 E    0  2  3  3 -1  0  2 -2 -2 -3 -3  0 -3 -2 -2  0 -1 -4 -3 -2    8  11  22  19   2   3  14   0   0   1   2   5   0   1   1   6   3   0   0   2  0.37 0.18
   51 V    1 -5 -5 -5 -3 -4 -4 -5 -5  3 -1 -4  0 -3 -4 -3 -1 -5 -3  6   11   0   0   0   0   0   0   0   0  19   3   0   1   0   0   0   3   0   0  63  1.03 0.36
   52 T    0 -4  2 -3 -4 -3 -3 -4 -4 -4 -4 -3 -3 -5 -4 -1  7 -5 -4 -2    8   0  12   0   0   0   0   0   0   0   0   0   0   0   0   1  78   0   0   1  1.47 0.51
   53 Q   -4 -2 -3 -4 -6  9 -1 -5 -3 -6 -6 -2 -4 -7 -5 -3 -4 -5 -5 -6    0   0   0   0   0 100   0   0   0   0   0   0   0   0   0   0   0   0   0   0  2.65 0.74
   54 A    6 -4 -3 -4 -3 -3 -3 -2 -4 -4 -4 -3 -3 -5 -1  2 -1 -5 -4 -2   76   0   0   0   0   0   0   1   0   0   0   0   0   0   2  18   2   0   0   1  1.21 0.44
   55 T   -3 -3 -3 -4 -4 -3 -3 -4 -4 -4 -4  2 -4 -5 -4  0  7 -5 -4 -3    0   0   0   0   0   0   0   0   0   0   0  13   0   0   0   3  84   0   0   0  1.67 0.55
   56 L   -3 -5 -5 -6 -3 -4 -5 -6 -5  3  4 -5 -1 -2 -5 -4 -3 -4 -3  5    0   0   0   0   0   0   0   0   0  13  41   0   0   0   0   0   0   0   0  46  1.01 0.34
   57 S   -1 -4 -2 -3 -4 -3 -3 -3 -4 -5 -6 -3 -5 -5 -4  7 -2 -6 -5 -5    1   0   0   0   0   0   0   0   0   0   0   0   0   0   0  99   0   0   0   0  1.92 0.62
   58 R   -5  8 -4 -5 -7 -2 -3 -6 -3 -6 -5 -1 -5 -6 -5 -4 -4 -6 -5 -6    0 100   0   0   0   0   0   0   0   0   0   0   0   0   0   0   0   0   0   0  2.51 0.65
   59 D   -5 -5 -2  8 -6 -3 -2 -4 -4 -5 -5 -4  4 -5 -5 -3 -4  2 -5 -5    0   0   0  84   0   0   0   0   0   0   0   0  13   0   0   0   0   3   0   0  2.04 0.57
   60 L   -3 -5 -5 -6  3 -5 -5 -6 -5  5  4 -5  2 -1 -5 -4 -3 -4 -3  0    0   0   0   0   7   0   0   0   0  48  38   0   4   2   0   0   0   0   0   1  1.05 0.35
   61 E    0  3  0  1 -4 -1  0 -3  1 -4 -4  5 -3 -4 -3  0  1 -5 -3 -3    9  17   3   8   0   0   2   0   4   0   0  41   0   0   0   7   8   0   0   1  0.59 0.26
   62 E   -2  0 -1  0 -6  1  6 -4 -3 -5 -5  3 -2 -6 -4 -2 -3 -5 -4 -5    3   3   2   3   0   5  66   0   0   0   0  16   1   0   0   0   0   0   0   0  1.22 0.41
   63 L   -4 -4 -5 -6 -3 -4 -5 -6 -5  1  5 -5  4  3 -5 -4 -3 -3 -2  0    0   0   0   0   0   0   0   0   0   7  67   0  11  12   0   1   0   0   0   2  1.06 0.35
   64 G   -2  2  2 -3 -5  2 -2  5  4 -5 -5  1 -4 -5 -4 -1 -3 -5 -3 -5    0  10  10   0   0   9   0  46  12   0   0  11   0   0   0   2   0   0   0   0  0.84 0.30
   65 A    3 -4 -5 -5 -3 -4 -4 -4 -4  3  4 -4 -1 -2 -4 -3 -2 -4 -3  1   31   0   0   0   0   0   0   0   0  16  47   0   0   0   0   0   0   0   0   6  0.71 0.30
   66 V   -1 -1 -4 -4 -3 -3 -4 -4 -4  4  0 -2  0 -1 -4 -1  0 -4 -1  5    5   4   0   0   0   0   0   0   0  25   3   2   1   1   0   5   7   0   1  47  0.62 0.27
   67 K   -4  5 -3 -4 -6 -1 -2 -4 -3 -6 -5  7 -4 -6 -4 -3 -3 -6 -5 -5    0  29   0   0   0   0   0   0   0   0   0  71   0   0   0   0   0   0   0   0  1.68 0.51
   68 L   -1 -3 -2 -4 -3 -3 -3 -3 -4  2  0 -2  0 -3 -3  0  3 -4 -3  4    3   0   2   0   0   0   0   1   0  10   6   2   2   0   0   7  20   0   0  46  0.54 0.25
   69 R    0  5 -2 -3 -4  0 -2 -3  0 -4 -1  1  0 -4  5 -1 -2 -4 -2 -3    6  34   1   0   0   4   0   1   3   0   6   7   3   0  28   4   0   0   1   0  0.72 0.27
   70 G   -1 -2  2  2 -3 -1  0  2 -2 -1 -1 -2  0 -2 -1  1  2 -4 -3 -2    4   1  15  12   0   0   4  15   0   3   6   0   2   1   3  15  17   0   0   2  0.24 0.14
   71 A    2  0  1  1 -2  0  1  1  0 -2 -2  0  0 -2  1  0  0 -3 -2 -2   21   3   7   8   0   4  10  10   3   0   1   6   3   2   7   5   7   0   0   1  0.17 0.09
   72 D   -1  0  2  4 -4  0  2 -2  0 -4 -4  3 -3 -4 -2  0  0 -4 -2 -3    3   5  13  25   0   3  13   2   2   0   1  22   0   0   0   4   6   0   1   0  0.47 0.19
   73 G   -2 -4  2 -2 -4 -1 -3  6 -4 -4 -4 -2  3 -5 -4 -2 -2 -4 -5 -4    0   0   9   1   0   3   0  69   0   0   0   2  10   0   0   1   1   0   0   0  1.25 0.38
   74 G    0  2  1  1 -3  1  2  2  1 -3 -2  1 -2 -2 -2  0 -1 -3  1 -3    7  14   5   6   0   6  16  15   4   0   3   9   0   1   0   4   3   0   5   0  0.21 0.10
   75 T   -1  2 -2 -4 -4 -1 -1 -4  0 -1 -1 -2  5  0 -4 -1  0 -1  6  0    3  14   1   0   0   1   4   0   2   1   3   0  17   1   0   5   5   0  35   6  0.62 0.28
   76 G    0  1 -1 -1 -2  0  0 -1  3 -1  0  2 -1  0 -1  0 -1 -1  2  0    6   6   1   2   1   1   3   5  10   3  10  20   1   4   2   7   3   0   8   7  0.08 0.06
   77 I   -2  2 -3 -3 -3 -2 -2 -3 -1  0  0 -1 -1  1 -3 -2 -2 -1  6  3    3  12   1   1   0   1   1   1   0   4   5   4   0   3   1   1   1   0  34  26  0.54 0.21
   78 Y    1 -3 -3 -4 -4 -3 -3 -4 -1 -2 -1 -1  0  0 -4 -2 -2 -1  8 -1   16   0   0   1   0   0   1   1   1   1   4   4   2   1   0   3   1   0  61   3  1.22 0.38
   79 V    2 -2 -2 -3  4 -1 -1 -2 -3  1 -1 -1  0 -3 -2  2  0 -3 -3  2   20   2   0   0  11   2   3   1   0  10   4   2   1   0   1  19   4   0   0  17  0.24 0.15
   80 V   -2 -3 -4 -3 -2 -3 -2 -2 -3  2  4 -3  0  2 -1 -2 -1 -3 -2  2    2   0   0   1   0   0   2   4   0  12  48   0   1   8   3   3   2   0   0  13  0.42 0.19
   81 P   -1 -2 -2 -1 -4 -2 -1 -2 -3 -4 -3 -1 -3 -4  7  0  0 -4 -4 -2    5   1   2   4   0   1   4   2   0   0   3   4   0   0  57   8   5   0   0   2  1.21 0.32
   82 E    2 -1  2  0 -3  1  2  0  0 -3 -3  0 -2 -3 -1  1  1 -3 -3 -2   19   1  12   3   0   7  20   8   2   0   1   2   0   0   2  12   8   0   0   2  0.27 0.14
   83 D   -1 -1  1  3 -3  0  4 -2 -1 -3 -2  0 -2 -3 -1  0  0 -3 -2 -2    2   2   5  22   0   3  32   2   0   1   4   3   0   1   2   8   6   0   1   3  0.41 0.15
   84 G    0  0  0  1 -2  1  1  2  1 -1 -1  0 -1 -2  0  0  0 -2 -2 -1    4   6   3   7   1   9   9  21   4   6   6   3   1   1   4   6   6   0   1   2  0.12 0.05
   85 S    0  1  1  1 -2  0  1 -1  0 -1 -1  1  1 -2  0  1  0  0 -1  0    6   8   6   7   1   3   8   4   3   4   5  11   6   1   4  10   4   1   1   7  0.06 0.03
   86 P    0 -1  0  0 -2  0  0 -1 -1  0 -1  0  0  0  4  0  0 -1  1 -1    6   2   5   6   1   6   4   3   1   7   4   4   2   6  21   6   4   1   7   5  0.19 0.06
   87 V    0  0 -1 -1 -1 -1 -1  0  0  1  0  0  0 -1  0  0  1 -1 -1  1    6   5   2   2   1   2   4   7   2  14   8   6   3   2   5   5  10   1   1  15  0.03 0.02
   88 R    1  1  0  1 -1  1  0 -1 -1 -1 -1  1 -1 -1  0  0  1 -1 -1 -1   13  10   4   9   1   9   5   4   1   3   5   9   1   3   3   6   8   1   1   3  0.08 0.03
   89 G    0 -1  0  0 -1  0  0  2 -1 -1 -1  0  0 -1  0  1  1 -1 -1  0    9   3   4   7   1   3   3  18   1   5   5   5   2   2   5   8  11   1   2   6  0.08 0.02
   90 V    0 -1  0  0 -1  0  0  0  0  0  0  0 -1 -1  2  1  0 -1 -1  0    6   3   4   7   1   6   6   9   2   3   8   3   1   2   9  11   6   1   2  11  0.06 0.02
   91 S    1 -1  0  0 -1 -1  0 -1 -1 -1 -1 -1  0  1  2  1  1 -1 -1 -1   11   3   3   5   1   2   7   4   1   4   5   3   3  11   9  16   8   1   1   4  0.08 0.04
   92 G    0  0  2  1 -2  0  0  1  1 -2 -1  0 -1 -1  1  0 -1  0 -1 -2    9   7  16  10   1   5   3  11   4   2   9   4   1   2   6   6   2   1   1   2  0.11 0.05
   93 G    0 -1 -1 -1 -2 -1  0  1 -1 -1 -1  0 -1 -2  4  0  0  3 -1 -1    7   3   1   3   1   2   5  15   2   5   6   5   2   1  21   6   5   5   1   3  0.24 0.07
   94 T    0  0  0  0 -2  1  2 -1  0  0  0  0 -1 -1 -1  1  0  1  1  0    5   3   4   3   0   5  19   5   1   5  10   4   1   2   1  10   6   2   5   9  0.06 0.05
   95 D    0  0  1  3 -3  1  3 -1  0 -2 -2  1 -2 -3  1  0 -1 -3 -2 -2    6   4   6  17   0   7  21   5   2   1   2  10   1   1   8   5   1   0   1   3  0.28 0.10
   96 R   -2  4 -1 -1 -3  1  1 -2 -2  0 -2  4 -1 -3 -2 -1  0 -3 -2 -2    1  27   1   2   0   6   7   2   0   7   2  28   1   1   1   3   6   0   1   2  0.43 0.17
   97 M   -2 -3 -3 -3 -2 -2 -3 -3 -3  2  4 -3  3  1 -3 -2 -1  0 -1  1    2   1   1   1   0   1   1   2   0   9  52   1   9   6   1   1   3   1   1   6  0.48 0.17
   98 A   -1  3 -1 -1 -2  0  0 -1 -2 -1 -1  3  0 -1 -2  1  0 -3 -2  0    4  16   1   3   0   3   4   5   0   3   4  27   4   2   1  11   3   0   1   7  0.20 0.11
   99 R   -1  5  1 -1 -3 -1  0  0 -1 -3 -2  1 -1 -1 -2  1  0 -3 -2 -3    2  37   8   3   0   1   5   7   0   1   5   8   1   3   1  10   6   0   1   1  0.37 0.16
  100 L    0 -2 -1 -2 -2 -1 -2 -2 -2  2  2 -1  2  0  0  0  0 -2  1  1    6   1   2   1   0   1   1   1   0  13  28   2   5   2   5   8   6   0   7   8  0.14 0.09
  101 L   -2 -4 -4 -4 -1 -3 -4 -4 -4  1  4 -4  2  4 -4 -3 -2 -2 -1  1    2   0   0   0   1   0   0   0   0   6  48   0   5  21   0   2   1   0   0  12  0.66 0.24
  102 G    0  3  0  0 -3  0  0  1  0 -2 -3  3  0 -3 -2  1 -1 -3 -2 -2    6  18   3   4   0   3   6  14   2   2   0  22   4   0   0   9   2   0   1   3  0.26 0.14
  103 E   -2 -2  3  4 -4  0  3  0  1 -3 -3 -1  1 -4 -3  0 -2 -4 -3 -2    0   0  18  27   0   3  21   6   4   1   2   1   5   0   0   6   0   0   0   4  0.50 0.21
  104 L    1 -1 -2 -2 -1 -2  0 -1 -1 -1  2 -2 -1  1 -3  1  0 -2  0  0   12   2   0   0   1   0   9   5   2   0  30   0   0   8   0  16   7   0   4   4  0.15 0.14
  105 L   -3 -4 -5 -5 -3 -4 -4 -5 -4  1  2 -4 -1  3 -4 -4 -2 -3  1  5    0   0   0   0   0   0   0   0   0   6  15   0   0  14   0   0   0   0   4  59  0.91 0.33
  106 V   -1 -1 -3 -4 -2 -1 -1 -4 -2  2  2 -2  0 -1 -2 -1  0 -1 -1  3    2   4   0   0   0   2   3   0   1  15  26   1   1   2   1   4   7   1   1  29  0.30 0.16
  107 S   -2 -1  1  3 -4 -2  0 -1 -2 -4 -4  1  0 -4 -3  4  1 -5 -4 -4    0   1   5  18   0   0   3   4   1   0   0  11   3   0   0  48   6   0   0   0  0.64 0.30
  108 T   -1 -4 -4 -5 -3 -4 -4 -5 -2  5  1 -4  2 -2 -4 -2 -1 -4  0  4    5   0   0   0   0   0   0   0   1  36   9   0   4   0   0   2   3   0   4  37  0.72 0.27
  109 D    1  0  1  5 -4  0  2 -3 -3 -4 -4  1 -4 -3 -3 -1 -1 -5 -4 -4   11   4   4  46   0   3  14   1   0   0   1   8   0   1   0   3   3   0   0   0  0.74 0.28
  110 D    1  2  1 -1  0  0 -2 -1  5 -2 -3 -1  0  1 -1  1 -1 -3  2 -2   17  15   6   2   2   3   0   3  17   2   0   0   4   6   2  10   3   0   8   0  0.25 0.17
  111 S    2 -3  4 -2 -3  0 -2 -1 -2 -1 -3 -2 -3 -4 -3  2  0 -5 -3  1   21   0  30   0   0   4   0   3   0   3   0   0   0   0   0  20   6   0   0  14  0.49 0.26
  112 G    0 -2  0  2 -4  3  4  3 -1 -5 -4 -1 -3 -5 -3  0 -2 -4 -4 -4    9   1   4  14   0  17  28  21   1   0   1   0   0   0   0   5   0   0   0   0  0.58 0.25
  113 N    0 -2  6 -1 -4 -1 -2 -3  2 -3 -4  0 -2  2 -3  1  1 -4 -1 -2    9   0  45   2   0   2   0   0   6   1   0   5   0   9   0  10   7   0   2   2  0.63 0.28
  114 L   -2 -3 -4 -4 -3  0 -4 -5 -4  3  4 -3  4  2 -4 -1  0 -3 -2  0    1   0   0   0   0   5   0   0   0  16  41   0  15   8   0   6   5   0   0   3  0.56 0.24
  115 A    1 -4 -3 -5 -3 -4 -4 -5 -5  4  2 -4  1 -2 -4 -3 -2 -4 -3  4   10   0   1   0   0   0   0   0   0  31  14   0   2   0   0   0   0   0   0  41  0.78 0.29
  116 V   -3 -5 -5 -6 -3 -5 -5 -6 -6  4  0 -5  1 -3 -5 -3 -2 -5 -4  6    0   0   0   0   0   0   0   0   0  20   3   0   2   0   0   2   0   0   0  72  1.30 0.42
  117 L   -3 -5 -5 -5 -3 -4 -5 -6 -5  5  3 -5  2 -1 -5 -4 -3 -4 -3  3    0   0   0   0   0   0   0   0   0  49  26   0   4   1   0   0   0   0   0  20  0.99 0.33
  118 R   -3  5  0 -3 -5  0 -2 -4  5 -5 -5  5 -2 -5 -4 -3 -3 -5 -3 -3    0  29   3   0   0   3   0   0  16   0   0  47   1   0   0   0   0   0   0   1  1.17 0.40
  119 T   -2 -4 -3 -4 -4 -4 -4 -5 -5 -3 -4 -4 -4 -5 -4 -1  8 -6 -5 -1    1   0   0   0   0   0   0   0   0   0   0   0   0   0   0   1  94   0   0   4  1.96 0.60
  120 P    0 -1 -1 -3 -3 -2 -2 -2  0  1  3 -1  1 -2  2  1 -1 -4 -2 -1    6   4   3   0   0   0   1   2   3   8  36   3   4   0  12  13   3   0   0   2  0.24 0.16
  121 P   -1 -4 -4 -1 -5 -4 -3 -4 -5 -5 -1 -3 -2 -5  7  1 -2 -6 -5 -4    4   0   0   4   0   0   1   0   0   0   7   0   1   0  69  12   2   0   0   0  1.74 0.47
  122 G   -2 -5 -3 -4 -5 -4 -5  7 -1 -6 -6 -4 -5 -6 -5 -2 -2 -5 -6 -6    1   0   0   0   0   0   0  94   2   0   0   0   0   0   0   1   2   0   0   0  2.07 0.53
  123 A    2  1  3 -2 -3 -1  0 -1  2 -3 -2 -1  1 -3 -3  2  0 -3  1 -2   25   9  16   0   0   0   6   3   5   0   3   0   5   0   0  15   6   0   6   0  0.28 0.19
  124 A    7 -4 -4 -5 -3 -4 -4  0 -4 -4 -4 -4 -4 -5 -4 -2 -3 -5 -5 -3   93   0   0   0   0   0   0   7   0   0   0   0   0   0   0   0   0   0   0   0  1.64 0.53
  125 H   -3 -2  2  1 -4  5 -1 -3  5 -5 -4 -2  0 -5  2  2 -1 -5 -3 -4    0   0   8   7   0  35   1   1  16   0   0   0   3   0  10  17   3   0   0   0  0.76 0.33
  126 Y    2 -3 -3 -3 -2 -3 -3  2 -3 -1  1 -3 -1  0 -1  1 -2  2  2  1   24   0   0   0   0   0   0  20   0   2  15   0   0   4   3  11   0   3   7  11  0.26 0.17
  127 L    0 -4 -5 -5  0 -4 -4 -5 -4  4  2 -4  1  0 -4 -3 -2 -4 -3  3    9   0   0   0   2   0   0   0   0  32  23   0   2   3   0   0   1   0   0  28  0.64 0.25
  128 A    6 -4 -4 -4 -1 -3 -4  3 -4 -4 -4 -3 -4 -5 -4 -1 -3 -5 -5 -3   72   0   0   0   1   0   0  26   0   0   0   0   0   0   0   1   0   0   0   0  1.27 0.44
  129 S    1  2  1 -2 -3 -1  1 -1 -2 -3 -2 -1  0 -3 -3  3  0 -4  0 -1   15  17   7   0   0   0   9   2   0   0   3   0   3   0   0  33   2   0   4   6  0.33 0.21
  130 A    3 -4 -4 -1 -1 -3 -3 -3 -4  1  3 -3  0  3 -4 -2 -2  1 -1  0   31   0   0   4   1   0   0   0   0   9  35   0   1  12   0   1   0   2   1   4  0.43 0.23
  131 I   -4 -5 -6 -6 -3 -5 -5 -6 -5  6  4 -5  1 -1 -5 -5 -3 -4 -3  0    0   0   0   0   0   0   0   0   0  57  38   0   2   2   0   0   0   0   0   2  1.21 0.38
  132 D   -5 -5 -2  8 -7 -3  0 -4 -4 -6 -7 -4 -6 -7 -4 -3 -2 -7 -6 -6    0   0   0  96   0   0   2   0   0   0   0   0   0   0   0   0   2   0   0   0  2.37 0.61
  133 R    1  2  3  0 -3  2  0 -2  3 -4 -3  0 -3 -4 -3  2  0 -4 -2 -2   10  16  17   3   0  12   4   0   7   0   2   2   0   0   0  22   3   0   1   2  0.38 0.20
  134 A    1 -2 -1 -2 -3 -1 -1 -2 -1  1  3 -2  2  0 -3 -1 -2 -1 -2  1   13   2   3   2   0   2   5   2   1   8  40   2   8   3   0   2   0   1   0   7  0.24 0.15
  135 A    0  0  2  2 -4  0  2  3  2 -4 -3  1 -3 -2 -1  0 -2 -4 -3 -3    7   3   9  14   0   3  13  22   6   0   1  11   0   2   3   4   1   0   0   1  0.32 0.15
  136 L   -2  0  0 -1 -4 -2 -3 -3 -1  1  1  2  0  1 -1  0 -2  8  1 -2    1   4   5   4   0   0   0   1   1   9  15  14   2   5   3   8   0  24   4   0  0.56 0.23
  137 P   -1 -2  0  3 -4 -1  2 -1  0 -3 -4  0 -4 -5  5  1 -1 -5 -4 -4    4   1   4  20   0   1  14   3   2   1   0   6   0   0  32  11   3   0   0   0  0.71 0.25
  138 Q   -2 -1  0  3 -5  1  5  0 -2 -5 -2 -2 -1 -4 -3 -1 -2  0 -1 -4    1   2   4  14   0   5  55   8   0   0   3   0   2   0   0   2   2   2   2   0  0.80 0.32
  139 V   -3 -5 -5 -6 -3 -5 -5 -6 -6  6  0 -2  0 -3 -5 -4 -3 -5 -4  4    0   0   0   0   0   0   0   0   0  65   2   3   1   0   0   0   0   0   0  29  1.34 0.42
  140 V    1 -4 -5 -5 -3 -4 -4 -4 -4  2  4 -4  2  0 -4 -2 -2 -4 -3  3   11   0   0   0   0   0   0   0   0  10  46   0   5   2   0   1   0   0   0  24  0.64 0.25
  141 G    0 -5 -3 -4 -5 -5 -5  7 -5 -7 -6 -4 -5 -6 -5 -3 -4 -5 -6 -6    5   0   0   0   0   0   0  95   0   0   0   0   0   0   0   0   0   0   0   0  2.15 0.54
  142 T   -3 -4 -2 -4  2 -4 -4 -4 -5 -2 -4 -4 -3 -5 -4  0  7 -5 -5 -1    0   0   1   0   4   0   0   0   0   2   0   0   0   0   0   3  88   0   0   2  1.74 0.56
  143 I   -3 -5 -6 -6 -3 -5 -5 -6 -5  6  2 -5 -1 -2 -5 -4 -3 -5 -3  3    0   0   0   0   0   0   0   0   0  61  16   0   0   0   0   0   0   0   0  23  1.24 0.39
  144 A    6 -4 -4 -4  5 -4 -4  0 -4 -4 -4 -4 -4 -5 -4 -1 -1 -5 -4 -3   78   0   0   0  14   0   0   5   0   0   0   0   0   0   0   1   2   0   0   0  1.39 0.47
  145 G   -3 -5 -3 -2 -5 -4 -5  7 -5 -7 -7 -2 -6 -6 -5 -3 -4 -5 -6 -6    0   0   0   2   0   0   0  96   0   0   0   2   0   0   0   0   0   0   0   0  2.14 0.54
  146 D   -1 -4  0  7 -6 -3  0 -3 -1 -6 -6 -2 -5 -6 -4 -3 -2 -7 -5 -5    7   0   4  82   0   0   2   1   1   0   0   2   0   0   0   0   2   0   0   0  1.77 0.50
  147 D   -2 -4  3  8 -6 -3 -1 -4 -4 -6 -7 -3 -6 -6 -4 -3 -4 -7 -6 -6    2   0  11  87   0   0   0   0   0   0   0   0   0   0   0   0   0   0   0   0  2.09 0.56
  148 T   -2 -4 -3 -4 -4 -4 -4 -5  2 -4 -4 -4 -4 -5 -4 -2  8 -5 -4 -1    1   0   0   0   0   0   0   0   4   0   0   0   0   0   0   0  92   0   0   2  1.91 0.60
  149 I   -3 -5 -5 -6  4 -5 -5 -6 -5  6  1 -5 -1 -3 -5 -4 -3 -5 -4  3    0   0   0   0  10   0   0   0   0  59  10   0   0   0   0   0   0   0   0  21  1.19 0.38
  150 L   -3 -5 -5 -6 -4 -4 -5 -6 -4  0  4 -5  4  6 -5 -4 -4 -2  0 -2    1   0   0   0   0   0   0   0   0   3  46   0  11  38   0   0   0   0   2   0  1.15 0.37
  151 V   -2 -5 -5 -5  0 -4 -5 -5 -5  5  1 -4  0 -3 -5 -3 -1 -5 -3  5    1   0   0   0   2   0   0   0   0  35   7   0   2   0   0   0   3   0   0  50  1.03 0.35
  152 V    0 -4 -4 -4  0 -4 -4 -4 -4  5  1 -4  0 -2 -4 -3  2 -4 -3  3    9   0   0   0   2   0   0   0   0  44  10   0   2   0   0   0  15   0   0  17  0.67 0.27
  153 A    1 -4 -4 -4  7 -3 -3 -3 -4 -1 -1 -3 -2 -4  4  0  0 -4 -4  1   14   0   0   0  27   0   0   0   0   3   5   0   0   0  25   6   5   0   0  14  0.85 0.29
  154 R    0  5 -2 -2 -4  0  0 -3 -1 -1 -3  2 -3 -4  0  0  1 -4 -3 -3    8  43   0   2   0   2   6   1   1   4   0  15   0   0   5   4   9   0   0   1  0.58 0.25
  155 E   -1 -1  2  4 -3 -1  1 -1 -1 -4 -3 -1 -2 -4  1  3  2 -4 -3 -3    2   2   9  25   0   0   8   3   1   0   2   1   0   0   7  24  13   0   0   0  0.46 0.21
  156 P   -1 -1  0  0 -3  1  2  0 -2 -1 -1  1 -2 -3  3 -1  0 -4 -3  1    4   1   5   5   0   5  19   8   0   4   5   8   0   0  15   3   4   0   0  12  0.22 0.12
  157 T    0  0  0  0 -1  0  3 -2  1 -2 -1  1  0 -1  0  1  0 -3 -2 -1    6   4   4   5   1   1  26   2   4   1   8   9   2   4   3  10   6   0   0   3  0.16 0.11
  158 T    1  0  1  2 -3  1  0  0 -2 -1 -3  1  0 -3 -1  1  2 -4 -3 -1   15   5   7  15   0   5   2   7   0   3   0   8   2   0   2   9  15   0   0   4  0.18 0.11
  159 G    3 -1 -2 -3  0 -2 -3  1 -3  2 -1 -2  0 -3 -1 -1  2 -4 -3  1   34   3   1   0   1   1   0  11   0  17   4   0   2   0   2   2  16   0   0   7  0.30 0.19
  160 A    0  1  0 -1 -3  2  3 -1 -1 -2 -2  2 -2 -2  1  1 -1 -4 -3 -2    8   5   3   1   0  11  24   3   1   3   4  15   0   1   6  12   2   0   0   1  0.28 0.15
  161 Q    1  0 -1  0 -3  2  3 -1 -1 -1 -1  1 -1 -2 -2  1  0 -4 -3 -1   11   3   1   5   0  11  26   4   1   3   5  11   1   1   0  10   4   0   0   5  0.24 0.14
  162 L   -3 -2 -5 -5  1 -4 -4 -5 -5  3  4 -4  1  0 -4 -4 -1 -4 -3  3    0   2   0   0   4   0   0   0   0  21  44   0   2   4   0   0   3   0   0  20  0.69 0.26
  163 A    1  0 -2 -2 -2  0  0 -1 -1  1  0  0  2  1 -3 -1  0 -2  1  1   19   3   0   1   0   5   7   2   1   9   5   7   7   6   0   3   6   0   5  12  0.08 0.09
  164 G    0 -1  1  3 -4  2  4 -2 -1 -4 -4  2 -2 -4 -3  1 -1 -5 -4 -3    7   0   6  17   0   9  29   1   0   1   0  13   1   0   0  12   3   0   0   1  0.51 0.23
  165 M    0  4 -1 -1 -4  0  1 -3  1 -2 -2  3 -1 -1 -3 -1  0  0  1 -2    7  27   2   2   0   1   8   0   4   2   4  21   1   3   0   4   5   1   7   2  0.34 0.18
  166 F   -4 -5 -5 -6 -3 -5 -5 -6 -5  5  4 -5  1  4 -5 -4 -3 -3 -2  0    0   0   0   0   0   0   0   0   0  37  40   0   2  19   0   0   0   0   0   2  0.98 0.33
  167 E    0  1  0  0 -3  2  2 -3  1 -1  1  2 -1 -1 -3  0 -1 -3 -2 -2    6   7   3   3   0   8  15   0   5   1  19  16   1   3   0   9   2   0   0   0  0.18 0.13
  168 N   -1  1  3  1 -4  1  2  0  1 -4 -4  3 -3 -4 -3  1 -1 -4 -3 -3    3   8  15   6   0   6  17   6   3   0   0  21   0   0   0  11   3   0   0   1  0.38 0.17
  169 L   -3 -2 -5 -5 -3 -4 -5 -5 -4  2  5 -4  4  2 -5 -4 -3 -3 -2  0    0   2   0   0   0   0   0   0   0  12  59   0  14  10   0   0   0   0   0   4  0.87 0.29
  170 R   -1  5  0 -1 -4  3  0 -2  0 -3 -3  3 -1 -3 -2 -1 -1 -3 -2 -3    0  52   0   0   0  16   0   0   0   0   0  32   0   0   0   0   0   0   0   0  0.60 0.04

                      K         Lambda
Standard Ungapped    0.1312     0.3142
Standard Gapped      0.0505     0.2670
PSI Ungapped         0.1649     0.3175
PSI Gapped           0.0505     0.2670
