
Last position-specific scoring matrix computed, weighted observed percentages rounded down, information per position, and relative weight of gapless real matches to pseudocounts
            A   R   N   D   C   Q   E   G   H   I   L   K   M   F   P   S   T   W   Y   V   A   R   N   D   C   Q   E   G   H   I   L   K   M   F   P   S   T   W   Y   V
    1 M    -2  -3  -4  -4  -2  -2  -3  -4  -3   2   3  -3   5   3  -4  -3  -2  -2  -1   1    0   0   0   0   0   0   0   0   0  17  40   0  29  14   0   0   0   0   0   0  0.49 0.10
    2 R    -2   2   2  -1  -4   3   2  -2  -1  -3  -2   3  -2   0  -2  -1  -1  -3  -2  -3    0  15  12   0   0  24  19   0   0   0   4  22   0   5   0   0   0   0   0   0  0.41 0.09
    3 M     0  -1  -1  -2  -3   0  -1   5  -2  -1  -2  -2   2   0  -3   0  -1  -3  -2   0    3   2   0   0   0   6   4  49   0   4   0   0   9   7   0   5   4   0   0   7  0.40 0.12
    4 D    -1  -2   1   3  -3  -1   0  -2  -2  -1  -3  -2  -2  -3  -1   1   5  -4  -1  -2    0   0   6  19   0   0   6   2   0   4   0   0   0   0   2   5  55   0   2   0  0.52 0.18
    5 E     0  -1   0   3  -3   1   3  -2  -1  -4  -4   0  -3  -4   3   2  -1  -4  -3  -3    7   2   2  17   0   6  31   0   0   0   0   2   0   0  14  18   0   0   0   0  0.51 0.13
    6 F    -3  -4  -5  -5  -4  -4  -5  -5  -3   0   2  -4  -1   7  -5  -4  -3  -1   2  -2    0   0   0   0   0   0   0   0   0   3  21   0   0  73   0   0   0   0   3   0  1.24 0.26
    7 Y    -2   2  -1   0  -4   5   2  -3  -1  -2  -2   0  -2  -2   1  -1   1  -3   2  -2    0  10   0   3   0  42  12   0   0   3   4   0   0   0   5   0  11   0   9   0  0.49 0.18
    8 T    -1   4  -1  -2  -3   2  -1  -3   0   0  -1   2  -1  -3  -3   0   0  -3  -2  -1    2  34   0   0   0  14   0   0   3   7   7  16   1   0   0   9   3   0   0   4  0.35 0.13
    9 K    -1   4  -1  -2  -4   2   1  -3  -1  -4  -3   4  -2  -3  -3   0  -2  -3   2  -3    4  30   0   0   0  12   5   0   0   0   0  33   0   0   0   6   0   0   9   0  0.58 0.17
   10 V    -2  -4  -4  -5  -2  -4  -4  -5  -4   2   2  -4   0   0  -4  -3  -2  -4  -2   6    0   0   0   0   0   0   0   0   0   9  14   0   0   3   0   0   0   0   0  74  0.83 0.23
   11 Y    -4  -4  -5  -6  -4  -4  -4  -5  -2  -3   1  -4  -2   3  -5  -4  -4  10   6  -3    0   0   0   0   0   0   0   0   0   0  14   0   0   9   0   0   0  47  30   0  1.86 0.33
   12 D    -1   0   3   2  -4   3   2  -1  -1  -4  -4   2  -2  -3  -2   1  -1  -3   0  -3    3   3  19  13   0  16  15   2   0   0   0  17   0   0   0   8   0   0   4   0  0.40 0.13
   13 A     2   0  -2  -2  -2   1   1  -3  -2   0   2  -1   0  -2  -2  -1   0  -3  -2   0   22   4   0   0   0   9  15   0   0   4  34   2   0   0   0   0   4   0   0   7  0.18 0.11
   14 V    -2  -3  -4  -4  -2  -3  -4  -5  -4   2   4  -3   0  -1  -4  -3   0  -3  -2   4    0   0   0   0   0   0   0   0   0  11  47   0   0   0   0   0   5   0   0  38  0.62 0.19
   15 C    -1   3  -1  -2   3   0   1  -1   1  -2   0   2   1  -3  -2   0  -1  -3  -2  -1    3  18   2   0  10   1   9   5   3   0  10  22   7   0   0   4   0   0   0   4  0.19 0.10
   16 E     0   1   2   0  -3   3   3  -2  -1  -2  -2   1  -2  -3  -2   0   1  -3  -2  -1    6   9  15   2   0  17  22   0   0   0   4   9   0   0   0   2   9   0   0   4  0.30 0.11
   17 I    -2  -4  -4  -5  -2  -4  -4  -5  -5   6   0  -4   0  -2  -4  -3   0  -4  -3   3    0   0   0   0   0   0   0   0   0  69   2   0   0   0   0   0   4   0   0  24  0.94 0.25
   18 P    -2  -2   0  -1  -5  -2  -1  -2  -3  -4  -5   3  -4  -5   7  -2  -2  -5  -4  -4    0   0   4   2   0   0   3   2   0   0   0  23   0   0  66   0   0   0   0   0  1.57 0.30
   19 Y     0   2  -2  -1   3  -1   0  -3   2  -2  -2   1  -2   2  -3  -2  -2   4   4  -1    7  17   0   3   8   0   8   0   4   0   0   9   0  10   0   0   0   5  23   5  0.32 0.13
   20 G    -1  -4  -2  -3  -4  -3  -4   7  -4  -6  -5  -3  -4  -5  -4  -1  -3  -4  -5  -5    0   0   0   0   0   0   0  96   0   0   0   0   0   0   0   4   0   0   0   0  1.73 0.33
   21 K    -1   0  -1   0  -4   1   4  -3   0  -3  -3   2   2  -2  -2   0   0  -2   3  -3    2   4   0   2   0   6  40   0   2   0   0  13   8   0   0   7   4   0  13   0  0.43 0.16
   22 V    -1  -3  -3  -4  -2  -3  -3  -4  -4   1  -1  -3   0  -3  -3  -1   4  -4  -3   5    0   0   0   0   0   0   0   0   0   2   2   0   1   0   0   2  34   0   0  58  0.70 0.24
   23 S    -1   3  -2  -3  -2  -1  -2  -3  -2   2   0   0   1  -2  -3   1   2  -4  -2   2    0  20   0   0   0   0   0   0   0  15   4   3   4   0   0  14  19   0   0  22  0.24 0.13
   24 T    -1  -3  -1  -2   2  -2  -2  -3   0  -3  -3  -2   0  -3  -3   3   6  -4   0  -2    0   0   0   0   4   0   0   0   3   0   0   0   2   0   0  23  65   0   3   0  0.84 0.27
   25 Y    -4  -4  -4  -5  -5  -4  -4  -5   0  -3  -3  -4  -3   3  -5  -4  -4   0   9  -3    0   0   0   0   0   0   0   0   0   0   0   0   0   6   0   0   0   0  94   0  2.19 0.43
   26 G    -1  -1  -1  -2  -4   2  -1   5  -2  -4  -4   2  -3  -4  -3   1  -2  -4  -4  -4    2   0   0   0   0  13   0  53   0   0   0  19   0   0   0  12   0   0   0   0  0.76 0.20
   27 E    -1  -1   0   4  -4   3   4  -3  -1  -4  -3   1  -3  -4  -2  -1  -2  -4  -3  -3    4   0   3  27   0  20  34   0   0   0   2   7   0   0   0   2   0   0   0   0  0.67 0.19
   28 I    -2  -4  -4  -5  -2  -3  -4  -5  -4   4   4  -4   2  -1  -4  -3  -2  -3   0   2    0   0   0   0   0   0   0   0   0  40  42   0   4   0   0   0   0   0   2  12  0.66 0.18
   29 A     6  -3  -3  -3  -2  -2  -3   0  -3  -3  -3  -2  -3  -4  -2   0  -2  -4  -3  -1   93   0   0   0   0   0   0   4   0   0   0   0   0   0   0   0   0   0   0   3  1.10 0.31
   30 R     1   1   0   1  -3   1   2  -2  -1  -2  -2   3  -1  -3  -2   0  -1  -4  -3  -1   13   7   4   8   0   7  15   0   0   0   2  33   2   0   0   4   0   0   0   6  0.30 0.12
   31 Y     2   1   0  -1  -2   1   0  -2   0  -1   0   1   1  -2  -2   0   0  -3   0  -1   34   8   5   2   0   6   6   0   2   1  12   7   6   0   0   3   3   0   3   2  0.12 0.09
   32 V     1  -3  -4  -4  -2  -3  -4  -4  -4   3   4  -3   1  -1  -4  -2  -2  -3  -2   1   16   0   0   0   0   0   0   0   0  18  57   0   0   0   0   0   0   0   0   9  0.54 0.18
   33 G    -1  -2   2  -2  -3  -1  -2   6  -2  -4  -4  -1  -3  -4  -3  -1  -2  -3  -3  -4    1   2  13   1   0   2   1  71   0   1   1   3   0   0   1   2   1   0   0   1  1.00 0.21
   34 M     0   0   2   2  -2   0   0  -1  -1  -1   0   1   2  -1  -1   0  -1  -2   0  -1    6   4  15  15   1   1   2   2   1   4  10  11  10   1   2   7   2   0   4   2  0.09 0.04
   35 P    -1  -2  -2  -2  -3  -1  -1  -2  -2  -2  -3   1  -2  -3   7  -1  -2  -3  -3  -1    2   1   1   1   0   1   3   2   1   1   2  12   1   1  62   2   1   0   1   4  1.22 0.18
   36 S    -1   1   0  -2  -3  -1  -1   1  -2   0  -2   3  -2  -3  -2   0   3  -3  -3  -1    2   5   5   0   0   0   0  12   0   8   0  28   0   0   0   5  30   0   0   3  0.28 0.13
   37 Y     4  -2  -2  -2  -2  -2  -2  -1   1  -3  -3  -2  -2  -3  -2   4  -1  -3   1  -2   50   0   0   0   0   0   0   2   4   0   0   0   0   0   0  37   0   0   7   0  0.62 0.23
   38 A     3  -3  -2  -3  -2  -2  -2  -2  -3  -2  -3  -2  -2  -3   5   2   0  -4   0   1   33   0   0   0   0   0   0   0   0   0   0   0   0   0  29  16   6   0   3  13  0.61 0.18
   39 R    -3   7  -2  -3  -5  -1  -2  -4  -2  -3  -2   2  -3  -4  -4  -3  -3  -5  -3  -4    0  90   0   0   0   0   0   0   0   2   3   6   0   0   0   0   0   0   0   0  1.52 0.34
   40 Q     5  -2  -2  -3  -2   1  -2  -2   2  -2  -2  -2  -2   0  -2   1  -1  -3  -2   0   67   0   0   0   0   6   0   0   6   0   0   0   0   6   0   7   0   0   0   8  0.58 0.22
   41 V    -1  -4  -5  -5   1  -4  -4  -5  -5   3  -1  -4  -1  -2  -4  -3  -2  -4  -3   6    2   0   0   0   3   0   0   0   0  13   0   0   0   0   0   0   0   0   0  82  0.99 0.28
   42 G     1  -4  -2  -3  -4  -3  -4   7  -4  -5  -5  -3  -4  -5  -4  -2  -3  -4  -5  -4   13   0   0   0   0   0   0  87   0   0   0   0   0   0   0   0   0   0   0   0  1.49 0.30
   43 Q     1  -1   1  -2  -2   1  -1   2  -1  -1   0  -1   2   0  -2   0  -1   1   1  -1   13   2  10   0   0   7   0  22   0   0   8   3  10   3   0   8   2   2   5   4  0.13 0.08
   44 A     5  -3  -3  -3   2  -2  -2  -1  -3  -2  -1  -2   2  -3  -3   0  -1  -3   1  -1   72   0   0   0   4   0   0   2   0   0   2   0   8   0   0   2   0   0   6   3  0.66 0.24
   45 M    -2  -3   1  -3   5  -2  -3  -4  -3   1   3  -3   5  -1  -4  -2  -2  -3   1   1    0   0  12   0  16   0   0   0   0   4  32   0  22   0   0   0   0   0   6   8  0.47 0.18
   46 K     1   2   0  -2  -3  -1  -1   3  -2  -4  -4   3  -3  -4  -2   2  -1  -4  -3  -3    8  11   4   0   0   0   0  31   0   0   0  28   0   0   0  18   0   0   0   0  0.48 0.16
   47 H     2   4   0  -2  -3   0  -1  -2   2  -1  -3   2  -2  -3  -2   1  -1  -4  -2  -2   23  35   5   0   0   0   0   1   5   5   0  14   0   0   0  11   0   0   0   0  0.41 0.16
   48 L    -1  -2   7  -1   1  -2  -2  -2  -1  -4  -1  -2  -3  -4  -4  -1  -2  -5  -4  -4    6   0  81   0   4   0   0   0   0   0  10   0   0   0   0   0   0   0   0   0  1.24 0.32
   49 H    -2   0   2  -1  -4  -2  -1  -3   1  -4  -4   2  -4  -5   7  -2  -2  -5  -4  -4    0   6  11   2   0   0   2   0   3   0   0  14   0   0  62   0   0   0   0   0  1.39 0.27
   50 P    -2  -3  -3   0  -3  -2   0  -4   1   3   1  -2   0   1  -1  -2  -2  -2   3   2    0   0   0   5   0   0   9   0   6  31  15   0   0   6   3   0   0   0  12  13  0.24 0.12
   51 E     3  -3  -2  -2  -2  -2  -1   0  -3  -2  -1  -2  -2  -1   5   0  -1  -3  -2  -2   31   0   0   0   0   0   4   7   0   0   8   0   0   4  36   5   3   0   0   0  0.64 0.16
   52 T    -2  -3  -3   0  -2  -2  -1  -3  -3   4   2  -3   1  -1  -3  -1   0  -3  -2   2    0   0   0   6   0   0   3   0   0  42  24   0   2   0   0   7   4   0   0  11  0.33 0.13
   53 H    -2  -2  -1  -3  -2  -2  -3  -3   0   4   1  -1   0   1  -3  -2   0  -2   0   2    0   0   3   0   0   0   0   0   3  35  15   4   0   6   0   0   7   0   3  20  0.27 0.11
   54 V    -2  -4  -4  -4  -2  -3  -4  -4  -4   5   1  -3   0  -1  -3  -3  -1  -3  -2   4    0   0   0   0   0   0   0   0   0  42   9   0   0   0   0   0   0   0   0  44  0.70 0.19
   55 P    -2  -4  -4  -3  -4  -3  -3  -4  -4  -4  -4  -3  -4  -5   8  -2  -3  -5  -4  -4    2   0   0   0   0   0   0   0   0   0   1   0   0   0  93   0   0   0   0   0  2.43 0.37
   56 W    -1  -5  -5  -6  10  -5  -6  -4  -5  -3  -3  -5  -3  -4  -5  -3  -3   7  -3  -3    4   0   0   0  81   0   0   0   0   0   0   0   0   0   0   0   0  15   0   0  2.49 0.43
   57 H    -4  -2  -2  -3  -5  -2  -2  -4  10  -5  -4  -3  -3   0  -4  -3  -4  -3   4  -5    0   0   0   0   0   0   0   0  83   0   0   0   0   3   0   0   0   0  14   0  2.09 0.41
   58 R    -3   8  -2  -3  -5  -1  -2  -4  -2  -5  -4   2  -3  -5  -4  -3  -3  -5  -4  -4    0  94   0   0   0   0   0   0   0   0   0   6   0   0   0   0   0   0   0   0  1.72 0.37
   59 V    -1  -4  -5  -5  -2  -4  -4  -5  -5   2  -1  -4  -1  -2  -4  -3  -2  -5  -3   6    4   0   0   0   0   0   0   0   0   7   0   0   0   0   0   0   0   0   0  89  1.08 0.30
   60 I    -2  -4  -5  -5  -2  -4  -4  -5  -5   5   1  -4   0  -2  -4  -3  -2  -4  -3   5    0   0   0   0   0   0   0   0   0  47   6   0   0   0   0   0   0   0   0  47  0.87 0.23
   61 N     1   0   1  -2   2  -1  -2   3   1  -3  -2  -1   0  -3   0   1   0  -3  -2  -2   14   8  10   0   7   0   0  32   4   0   4   3   3   0   3   8   4   0   0   0  0.27 0.09
   62 S     1   2  -1  -1  -3   0   0  -1   2  -3  -3   3  -2  -3  -2   3  -1  -4  -2  -3   14  10   0   0   0   3   4   2   6   0   0  21   0   0   0  37   0   0   0   0  0.38 0.15
   63 R    -2   0   4   4  -3   0   0  -2   1  -4  -4   0  -3  -4  -2   2   0  -4  -3  -3    0   5  32  29   0   4   2   0   3   0   0   5   0   0   0  16   3   0   0   0  0.58 0.16
   64 G    -1  -1   0  -2  -3  -2  -2   6  -3  -3  -2  -2  -3  -1  -3  -1  -2  -3  -3  -3    1   4   4   0   0   0   3  73   0   0   6   0   0   3   0   3   0   0   0   1  0.92 0.20
   65 T     0   1   0  -1  -2   1   0  -2  -1   0  -2   3  -1  -2  -1   1   2  -3  -2  -1    9   5   3   1   0   6   3   1   0  11   1  24   0   1   1  13  21   0   0   1  0.19 0.09
   66 I    -1  -2  -3  -3  -2  -2  -2  -3  -3   3   3  -1   2  -1  -2  -2  -1  -2  -2   2    4   1   1   1   0   1   1   1   0  20  42   4   3   1   1   1   1   0   1  15  0.30 0.09
   67 S     0  -2   1  -1  -2  -1  -1   3  -2  -2  -3  -1  -2  -3  -2   3   3  -3  -3  -2    1   0   6   2   0   0   1  25   0   2   1   1   0   0   0  32  26   0   0   1  0.45 0.15
   68 K    -1  -2   1  -1   0  -2  -2   5  -1  -2   0  -1  -2  -3   2  -1  -2  -3  -3  -2    1   0   9   2   2   0   0  51   1   2  15   4   0   0  11   0   0   0   0   0  0.52 0.15
   69 R    -2   0  -2  -2  -2  -2  -2   2   0  -2  -2  -1  -2   3  -2  -1  -1   3   6  -2    2   4   1   1   0   1   1  17   0   1   2   5   0  10   1   4   4   4  40   1  0.48 0.13
   70 D     0   3   0   1  -2   1   0   1   0  -2  -1   1  -1  -2  -1   0   1  -2  -1  -1    7  22   4   8   1   5   2  12   2   1   8   6   1   1   1   5  11   0   2   2  0.12 0.04
   71 I    -2  -2  -2  -2  -2  -2  -2  -2   2   0  -1  -2  -1   2  -2  -1  -2   7   6  -2    2   1   1   1   1   1   2   2   6   7   2   2   1   5   1   5   2  21  36   2  0.76 0.15
   72 S     0  -1   0   0  -2   0   0   3  -1  -2  -2  -1  -2  -2   1   2   1  -2  -2  -2    6   1   3   4   1   4   4  27   1   1   3   2   1   1   7  23  10   0   1   2  0.25 0.06
   73 A     0   1  -1  -2   0  -1  -1   3  -2  -1   1  -1  -1  -1   2   0   0  -2   0  -1    5  10   1   1   2   1   1  25   0   1  18   1   0   1  13   6   4   0   5   4  0.17 0.06
   74 G     0  -2  -1   1  -3   0  -2   5  -2  -4  -4   1  -3  -4  -2   0  -2  -3  -3  -3    4   0   0  10   0   4   0  61   0   0   1  11   0   0   0   5   0   0   0   0  0.76 0.18
   75 E    -1   0  -2  -2  -2   0   0  -3  -2   2   2   0   0  -1   1  -1   0  -3  -2   2    1   5   0   0   0   3   8   1   0  15  23   4   0   2   9   3   8   0   0  17  0.13 0.06
   76 Q     0   0   1   2  -3   2   3  -1  -1  -3  -3   2  -1  -3   0   0  -1  -3  -3  -3    9   2   5  10   0   9  28   4   0   0   1  17   2   0   4   7   0   0   0   0  0.33 0.10
   77 R    -1   2  -2  -2  -3  -1   1  -3  -1   0   1   1   2  -1  -3  -2  -1   1   2   0    4  19   0   0   0   0  14   0   0   6  21   7   7   0   0   0   2   2  10   6  0.18 0.10
   78 Q    -2   0  -2  -2  -5   4   0  -3  -2  -4  -4   6  -3  -1  -3  -2  -2  -4  -3  -4    0   0   0   0   0  20   0   0   0   0   0  76   0   3   0   0   0   0   0   0  1.13 0.31
   79 K    -1   2  -1  -1  -3   1   2  -3  -2   0   0   4   0  -3  -2  -1  -1  -3  -2  -1    4  13   0   0   0   7  15   0   0   6  12  35   3   0   0   0   2   0   0   2  0.30 0.12
   80 D     0   2  -2  -1  -3   1  -1  -3  -2  -2   0   1  -1   3  -3  -1   0   6   1  -2    8  19   0   3   0  10   0   0   0   0  10   7   0  20   0   2   5  14   2   0  0.34 0.13
   81 R    -2   2  -4  -4  -3  -2  -3  -4  -3   1   5   1   0  -1  -4  -3  -2  -3  -2  -1    3  14   0   0   0   0   0   0   0   5  69  10   0   0   0   0   0   0   0   0  0.58 0.20
   82 L    -3  -2  -5  -5  -3  -4  -4  -5  -4   0   6  -4   2  -1  -4  -4  -3  -3  -3  -1    0   2   0   0   0   0   0   0   0   0  95   0   3   0   0   0   0   0   0   0  1.11 0.29
   83 E     0   2   0   1  -4   1   5  -3  -1  -2  -2   1  -2  -4  -2  -1  -2  -4  -3  -3    9  15   4   4   0   4  49   0   0   3   3   8   0   0   0   0   0   0   0   0  0.55 0.18
   84 E     0   1   0  -2  -2   0   0  -3   2   0   2   0   1   1  -3  -1  -1  -2   0   0   11   8   7   0   0   3   6   0   8   5  27   6   3   6   0   0   2   0   2   6  0.08 0.06
   85 E    -3  -2   0   2  -5   0   7  -4  -2  -5  -5  -1  -4  -5  -3  -2  -3  -5  -4  -4    0   0   4   9   0   0  88   0   0   0   0   0   0   0   0   0   0   0   0   0  1.39 0.32
   86 G    -1  -1   1  -2  -4   1  -2   6   1  -5  -5  -1  -4  -4  -3  -1  -3  -4  -4  -4    0   3   8   0   0   7   0  76   3   0   0   3   0   0   0   0   0   0   0   0  1.08 0.22
   87 V    -1  -1   0  -3  -2  -2  -1  -4  -1   4   1   0   0  -1  -3  -2  -1  -4  -2   3    0   3   8   0   0   0   4   0   2  36   6   6   0   0   0   2   0   0   0  34  0.28 0.11
   88 E    -1   0   0   0  -3   0   2  -1  -1  -3  -1   3   0  -3   3   0   0  -3   0  -2    0   2   3   3   0   0  19   4   0   0   5  28   5   0  19   4   4   0   4   0  0.33 0.09
   89 I     0  -3  -3  -3  -2  -3  -3  -3  -3   3   2  -3   0  -1  -3  -2   1  -3  -2   3   10   0   0   0   0   0   0   0   0  33  17   0   0   0   0   0  12   0   0  29  0.33 0.08
   90 Y     0   0   1  -1  -2   1  -1   1   0  -3  -3   0  -2  -1   1   2   1  -1   3  -2    6   4   7   0   0  11   0  14   0   0   0   5   0   0   5  22   7   0  19   0  0.21 0.05
   91 Q     0   0   2   0  -2   3   2  -1  -1  -2  -2   3  -1  -3  -1   0  -1  -3  -2  -1   12   1  16   1   0  17  13   1   0   1   1  27   0   1   1   1   1   0   0   6  0.25 0.05
   92 T    -1  -1  -1  -1  -2  -1  -1   0  -2   0  -2   1  -2  -2   6  -1   1  -3  -2  -1    1   1   1   1   0   1   1  10   0  10   2  12   0   1  46   1  10   0   1   1  0.69 0.05
   93 S     1  -1   0  -1  -1   0  -1   1   2   0  -1   1  -1  -2  -1   2   0  -2  -1   0   17   1   1   1   0   1   1  11  10  14   2  13   0   1   1  22   1   0   1   1  0.10 0.02
   94 L    -1  -1   1  -1   3  -1  -1  -2  -1   1   1  -1   0   2  -1   0   0  -1   0   0    2   1  13   2   8   1   2   2   1  22  13   2   1  15   1  10   2   0   1   2  0.05 0.02
   95 G     0   1   0  -1  -2   0   0   2  -1  -3  -2   4  -2  -3  -1   1  -1  -2  -2  -2    1   1   1   1   0   1   1  21   0   1   2  53   0   1   1  11   1   0   1   1  0.32 0.05
   96 E    -1  -1   3   4  -3   0   2   1  -1  -3  -3  -1  -2  -3  -2   1  -1  -3  -2  -3    1   1  22  37   0   0  12  10   0   1   1   1   0   0   1  11   1   0   0   1  0.44 0.04
   97 Y    -1  -2  -2  -2  -2  -2  -2   2  -1  -1   1  -2   0   4  -2  -1   1   0   3  -1    1   1   0   1   0   0   1  22   0   1  19   1   0  26   1   1  14   0  12   1  0.20 0.03
   98 K    -1   2  -1  -1  -4   2   0   2  -1  -3  -3   4  -2  -4  -2  -1  -1  -3  -2  -3    0  11   0   0   0  10   0  18   0   0   0  61   0   0   0   0   0   0   0   0  0.49 0.07
   99 L    -1  -3  -3  -3  -1  -2  -3  -3  -3   3   2  -2   1  -1  -3   0  -1  -3  -2   2    0   0   0   0   0   0   0   0   0  44  30   0   0   0   0  14   0   0   0  11  0.29 0.05
  100 N     1   1   2   3  -2   0   0  -1  -1  -2  -3   0  -2  -3  -2   2   2  -3  -2  -2   10  11  12  21   0   0   0   0   0   0   0   0   0   0   0  27  18   0   0   0  0.30 0.04
  101 L    -1  -1  -2  -3  -2  -2  -2   1  -2   0   3   1   1   2  -3  -2  -2  -2  -1   0    0   0   0   0   0   0   0  14   0   0  59  15   0  12   0   0   0   0   0   0  0.22 0.05
  102 P    -1   3  -1  -2  -3   2   0  -2  -1  -2  -1   1   2  -3   4  -1   1  -3  -2  -2    0  23   0   0   0  11   0   0   0   0   0  11  14   0  27   0  14   0   0   0  0.46 0.05
  103 E    -1   4  -1   0  -4   1   3  -2  -1  -3  -3   3  -2  -3  -2  -1  -1  -3  -2  -3    0  42   0   0   0   0  29   0   0   0   0  29   0   0   0   0   0   0   0   0  0.57 0.05
  104 Y    -2  -2  -3  -4  -3  -2  -3  -4   1  -1   1  -3   0   4  -4  -2  -2   1   7  -1    0   0   0   0   0   0   0   0   0   0  16   0   0  15   0   0   0   0  69   0  0.80 0.07
  105 M    -1   4  -1  -2  -3   1   0  -2  -1  -2  -2   4   2  -3  -2  -1  -1  -3  -2  -2    0  26   0   0   0   0   0   0   0   0   0  60  14   0   0   0   0   0   0   0  0.49 0.06
  106 W    -2  -3  -3  -4  -3  -2  -3  -3  -1  -2  -2  -3  -2   3   3  -2  -2   9   4  -2    0   0   0   0   0   0   0   0   0   0   0   0   0  18  19   0   0  46  18   0  1.24 0.06
  107 K     0   0   4   0  -2   2   0  -1   0  -3  -3   2  -2  -3  -2   3   0  -3  -2  -3    0   0  32   0   0  15   0   0   0   0   0  16   0   0   0  37   0   0   0   0  0.39 0.04
  108 P    -1  -2  -2  -2  -3  -2  -2   3  -2  -3  -3  -1  -3  -4   7  -1  -1  -4  -3  -3    0   0   0   0   0   0   0  36   0   0   0   0   0   0  64   0   0   0   0   0  1.28 0.01
  109 G     0  -3   0  -1  -3  -2  -2   6  -2  -4  -4  -2  -3  -3  -2   0  -2  -3  -3  -3    0   0   0   0   0   0   0 100   0   0   0   0   0   0   0   0   0   0   0   0  1.04 0.00
  110 S     1  -1   1   0  -1   0   0   0  -1  -3  -3   0  -2  -3  -1   4   1  -3  -2  -2    0   0   0   0   0   0   0   0   0   0   0   0   0   0   0 100   0   0   0   0  0.46 0.00
  111 H    -2   0   1  -1  -3   0   0  -2   7  -3  -3  -1  -2  -1  -2  -1  -2  -2   2  -3    0   0   0   0   0   0   0   0   0   0   0   0   0   0   0   0   0   0   0   0  0.00     0.00
  112 H    -2   0   1  -1  -3   0   0  -2   7  -3  -3  -1  -2  -1  -2  -1  -2  -2   2  -3    0   0   0   0   0   0   0   0   0   0   0   0   0   0   0   0   0   0   0   0  0.00     0.00
  113 H    -2   0   1  -1  -3   0   0  -2   7  -3  -3  -1  -2  -1  -2  -1  -2  -2   2  -3    0   0   0   0   0   0   0   0   0   0   0   0   0   0   0   0   0   0   0   0  0.00     0.00
  114 H    -2   0   1  -1  -3   0   0  -2   7  -3  -3  -1  -2  -1  -2  -1  -2  -2   2  -3    0   0   0   0   0   0   0   0   0   0   0   0   0   0   0   0   0   0   0   0  0.00     0.00
  115 H    -2   0   1  -1  -3   0   0  -2   7  -3  -3  -1  -2  -1  -2  -1  -2  -2   2  -3    0   0   0   0   0   0   0   0   0   0   0   0   0   0   0   0   0   0   0   0  0.00     0.00
  116 H    -2   0   1  -1  -3   0   0  -2   7  -3  -3  -1  -2  -1  -2  -1  -2  -2   2  -3    0   0   0   0   0   0   0   0   0   0   0   0   0   0   0   0   0   0   0   0  0.00     0.00

                      K         Lambda
Standard Ungapped    0.1342     0.3179
Standard Gapped      0.0429     0.2670
PSI Ungapped         0.1401     0.3175
PSI Gapped           0.0429     0.2670
