
Last position-specific scoring matrix computed, weighted observed percentages rounded down, information per position, and relative weight of gapless real matches to pseudocounts
            A   R   N   D   C   Q   E   G   H   I   L   K   M   F   P   S   T   W   Y   V   A   R   N   D   C   Q   E   G   H   I   L   K   M   F   P   S   T   W   Y   V
    1 M    -1  -1  -2  -3  -1   0  -2  -3  -1   1   2  -1   5   0  -2  -1  -1  -1  -1   1    0   0   0   0   0   0   0   0   0   0   0   0   0   0   0   0   0   0   0   0  0.00     0.00
    2 M    -1  -1  -2  -3  -1   0  -2  -3  -1   1   2  -1   5   0  -2  -1  -1  -1  -1   1    0   0   0   0   0   0   0   0   0   0   0   0   0   0   0   0   0   0   0   0  0.00     0.00
    3 A     4  -1  -1  -2   0  -1  -1   0  -2  -1  -1  -1  -1  -2  -1   1   0  -2  -2   0    0   0   0   0   0   0   0   0   0   0   0   0   0   0   0   0   0   0   0   0  0.00     0.00
    4 S     1  -1   1   0  -1   0   0   0  -1  -2  -2   0  -1  -2  -1   4   1  -3  -2  -2    0   0   0   0   0   0   0   0   0   0   0   0   0   0   0   0   0   0   0   0  0.00     0.00
    5 W    -2  -3  -4  -4  -2  -2  -3  -2  -2  -2  -2  -3  -1   1  -4  -3  -2  10   2  -3    0   0   0   0   0   0   0   0   0   0   0   0   0   0   0   0   0   0   0   0  0.00     0.00
    6 S     1  -1   1   0  -1   0   0   0  -1  -2  -2   0  -1  -2  -1   4   1  -3  -2  -2    0   0   0   0   0   0   0   0   0   0   0   0   0   0   0   0   0   0   0   0  0.00     0.00
    7 H    -2   0   1  -1  -3   0   0  -2   7  -3  -3  -1  -1  -1  -2  -1  -2  -2   2  -3    0   0   0   0   0   0   0   0   0   0   0   0   0   0   0   0   0   0   0   0  0.00     0.00
    8 P    -1  -2  -2  -1  -3  -1  -1  -2  -2  -3  -3  -1  -2  -3   7  -1  -1  -4  -3  -2    0   0   0   0   0   0   0   0   0   0   0   0   0   0   0   0   0   0   0   0  0.00     0.00
    9 Q    -1   1   0   0  -3   5   2  -2   0  -3  -2   1   0  -3  -1   0  -1  -2  -1  -2    0   0   0   0   0   0   0   0   0   0   0   0   0   0   0   0   0   0   0   0  0.00     0.00
   10 F    -2  -3  -3  -3  -2  -3  -3  -3  -1   0   0  -3   0   6  -3  -2  -2   1   3  -1    0   0   0   0   0   0   0   0   0   0   0   0   0   0   0   0   0   0   0   0  0.00     0.00
   11 E    -1   0   0   1  -3   2   5  -2   0  -3  -3   1  -2  -3  -1   0  -1  -3  -2  -2    0   0   0   0   0   0   0   0   0   0   0   0   0   0   0   0   0   0   0   0  0.00     0.00
   12 K    -1   2   0  -1  -3   1   1  -1  -1  -3  -2   4  -1  -3  -1   0  -1  -3  -2  -2    0   0   0   0   0   0   0   0   0   0   0   0   0   0   0   0   0   0   0   0  0.00     0.00
   13 G     0  -2   0  -1  -2  -2  -2   5  -2  -4  -4  -1  -3  -3  -2   0  -2  -2  -3  -3    0   0   0   0   0   0   0   0   0   0   0   0   0   0   0   0   0   0   0   0  0.00     0.00
   14 A     4  -1  -1  -2   0  -1  -1   0  -2  -1  -1  -1  -1  -2  -1   1   0  -2  -2   0    0   0   0   0   0   0   0   0   0   0   0   0   0   0   0   0   0   0   0   0  0.00     0.00
   15 S     1  -1   1   0  -1   0   0   0  -1  -2  -2   0  -1  -2  -1   4   1  -3  -2  -2    0   0   0   0   0   0   0   0   0   0   0   0   0   0   0   0   0   0   0   0  0.00     0.00
   16 T     0  -1   0  -1  -1  -1  -1  -2  -2  -1  -1  -1  -1  -2  -1   1   4  -2  -2   0    0   0   0   0   0   0   0   0   0   0   0   0   0   0   0   0   0   0   0   0  0.00     0.00
   17 S     1  -1   1   0  -1   0   0   0  -1  -2  -3   0  -2  -3  -1   4   1  -3  -2  -2    0   0   0   0   0   0   0   0   0   0   0   0   0   0   0 100   0   0   0   0  0.46 0.00
   18 L     2  -2  -2  -3  -1  -1  -2  -1  -2   0   2  -2   1  -1  -2   0  -1  -2  -1   0   50   0   0   0   0   0   0   0   0   0  50   0   0   0   0   0   0   0   0   0  0.20 0.00
   19 Y    -2  -2  -3  -4  -3  -2  -3  -3   0  -2  -1  -2  -1   2  -3  -2  -2   9   5  -2    0   0   0   0   0   0   0   0   0   0   0   0   0   0   0   0   0  50  50   0  1.31 0.01
   20 K    -1   2   0  -1  -3   1   1  -2  -1  -3  -3   5  -1  -3  -1   0  -1  -3  -2  -2    0   0   0   0   0   0   0   0   0   0   0 100   0   0   0   0   0   0   0   0  0.52 0.00
   21 K     2   1  -1  -1  -2   1   0  -1  -1  -2  -2   4  -1  -3  -1   0  -1  -3  -2  -2   28   0   0   0   0   0   0   0   0   0   0  72   0   0   0   0   0   0   0   0  0.38 0.02
   22 A     3  -1   3  -1  -1  -1  -1   0  -1  -2  -2  -1  -1  -3  -1   1   2  -3  -2  -1   49   0  28   0   0   0   0   0   0   0   0   0   0   0   0   0  23   0   0   0  0.29 0.02
   23 G     0  -3  -1  -2  -2  -2  -3   5  -2  -2   0  -2  -1  -2  -3  -1  -2  -3  -3  -2    0   0   0   0   0   0   0  77   0   0  23   0   0   0   0   0   0   0   0   0  0.68 0.03
   24 R    -1   5   0  -1  -4   1   0  -2  -1  -3  -3   4  -2  -3  -2  -1  -1  -3  -2  -3    0  57   0   0   0   0   0   0   0   0   0  43   0   0   0   0   0   0   0   0  0.64 0.04
   25 S     1  -1   1   3  -2   0   0  -1  -1  -3  -3   0  -2  -3  -1   4   1  -3  -2  -2    0   0   0  23   0   0   0   0   0   0   0   0   0   0   0  77   0   0   0   0  0.46 0.04
   26 K     1   1   0  -1  -2   1   0  -1  -1  -3  -2   4  -1  -3  -1   2   0  -3  -2  -2   19   0   0   0   0   0   0   0   0   0   0  61   0   0   0  20   0   0   0   0  0.35 0.03
   27 F    -2  -3  -3  -4  -2  -3  -3  -4  -2   1   2  -3   1   5  -4  -3  -2   0   2   0    0   0   0   0   0   0   0   0   0   0  39   0   0  61   0   0   0   0   0   0  0.54 0.03
   28 T     0  -1  -1  -2  -1  -1  -1  -2  -2   0   1   1   0  -1  -2   1   2  -3  -2   1    0   0   0   0   0   0   0   0   0   0  23  19   0   0   0  20  19   0   0  20  0.11 0.01
   29 W    -2  -2   2  -2  -2  -1  -2  -2  -1  -1  -1  -2  -1   0  -2  -1  -1   9   1   0    1   1  19   1   0   1   1   1   0   1   1   1   0   1   1   1   1  50   0  18  0.94 0.05
   30 K     1   1   0   0  -2   1   2  -1  -1  -2  -2   3  -1  -2  -1   0   1  -2  -2  -1   17   1   1   1   0   1  19   1   0   1   1  34   0   1   1   1  18   0   0   1  0.22 0.02
   31 E    -1  -1   3   5  -3   0   2  -1  -1  -3  -3   0  -2  -3  -1   0  -1  -3  -2  -3    1   1  19  50   0   1  18   1   0   1   1   1   0   1   1   1   1   0   0   1  0.54 0.03
   32 L     0  -2  -1  -2  -1  -1  -1  -2  -2   2   2  -1   1  -1  -2   1   1  -2  -1   1    1   1   1   1   0   1   1   1   0  19  35   1   0   1   1  17  18   0   0   1  0.13 0.02
   33 I     0  -1   0  -1  -2  -1  -1   3   3   0  -1  -1  -1  -2  -2   0   1  -2  -1   0    1   1   1   1   0   1   1  34  19  18   2   1   0   1   1   1  16   0   1   1  0.20 0.02
   34 Q    -1   1   0   2  -3   4   1  -2   0  -3  -2   2  -1  -3  -1   0   1  -3  -2  -2    0   0   0  15   0  49   0   0   0   0   0  19   0   0   0   0  17   0   0   0  0.43 0.05
   35 L    -1  -1  -2  -2  -2  -1  -2  -2   0   0   1  -1   2   1  -2  -1   1   0   4   0    1   1   1   1   0   1   1   1   0   1  18   1  17   1   1   1  16   0  36   1  0.23 0.03
   36 G     0  -2   0  -1   4  -1  -1   4  -2  -2  -2  -1  -2  -2  -1   1  -1  -2  -2  -2    2   1   1   1  13   1   2  52   1   1   2   1   1   1   1  15   1   0   1   2  0.44 0.03
   37 S     0  -1   1   1  -2  -1   0  -1  -1  -1  -2  -1  -1  -2   4   2   0  -3  -2   0    2   1  10  12   0   1   1   1   0   1   2   1   0   1  26  25   1   0   1  13  0.36 0.04
   38 P    -1  -1  -2  -2  -2  -1  -1  -2  -2   1   0   0   0  -2   5  -1  -1  -2  -2   1    1   1   1   1   0   1   1   1   0   9  12  11   0   1  37   1   1   0   1  18  0.49 0.05
   39 S     2   1   1  -1  -1  -1  -1  -1  -1  -2  -2   0   1  -3  -2   3   2  -3  -2  -1   24  11   7   0   0   0   0   0   0   0   0   0   7   0   0  34  17   0   0   0  0.28 0.07
   40 K    -1   1  -1  -1  -3   1   1   0  -1  -1  -1   3  -1  -3   1   0   0  -3  -2  -1    0   6   0   0   0   6   8   8   0   0   9  33   0   0   7  10   6   0   0   8  0.18 0.05
   41 A     1  -2  -2   0  -2  -1  -1  -2  -2   2   0  -1   1  -2   3  -1   1  -3  -2   1   21   0   0   6   0   0   0   0   0  20   9   5   7   0  15   0  12   0   0   5  0.18 0.05
   42 Y    -1   2   0  -1  -3   2   1  -2   0  -2  -2   1  -1  -1   0   0   0  -1   3  -2    1  20   5   0   0  12  11   1   0   0   1  10   0   0   4   8   8   0  18   1  0.25 0.05
   43 E     0  -1   3   1  -2   0   1  -1   3  -2  -2  -1   0  -3   1   2   0  -3  -1  -1    5   0  25   7   0   4   7   0  14   0   1   0   4   0   6  20   0   0   0   4  0.27 0.07
   44 S     1  -1   1   2  -2   1   0  -1  -1  -3  -3   1  -2  -3  -2   3   2  -3  -2  -2   16   0   7  13   0   8   0   0   0   0   0  13   0   0   0  30  12   0   0   0  0.31 0.09
   45 S     0   0   0   1  -2   0   0  -1   0  -3  -3   2  -2  -3   2   2   2  -4  -2  -2    2   4   1   8   0   1   4   3   2   0   0  17   0   0  12  30  16   0   0   0  0.33 0.09
   46 L     0  -1  -1  -1  -2   1  -1  -1  -1   0   1  -1   4  -2  -2   2   1  -3  -2  -1    2   1   0   2   0   8   3   2   1   5  19   3  19   0   0  25   8   0   0   0  0.17 0.10
   47 A    -1   6  -1  -3  -1   0  -1  -3  -1  -4  -3   2  -2  -3  -1   0  -2  -3   0  -3    5  65   1   0   1   1   0   0   0   0   0  11   0   0   2   5   0   0   5   0  0.88 0.25
   48 C    -2   0  -2  -2   5  -2  -2  -3  -3   2  -1   3  -1  -1  -3  -1   0   2  -2   2    0   4   0   2  15   0   0   0   0  17   0  28   0   2   0   3   5   4   0  21  0.34 0.18
   49 I    -3  -5  -5  -5  -1  -4  -5  -5  -5   6   0  -4   0   0  -4  -4  -2  -1  -3   3    0   0   0   0   1   0   0   0   0  74   3   0   0   3   0   0   0   1   0  17  1.07 0.31
   50 A     0  -3  -4  -4  -2  -3  -4  -4  -3   4   2  -3   4   3  -4  -3  -2  -2  -1   1   11   0   0   0   0   0   0   0   0  32  17   0  16  16   0   0   0   0   0   8  0.49 0.19
   51 H    -4  -3  -2  -4  -1  -2  -2  -4  10  -4   0  -3  -1  -1  -4  -3  -4  -4   1  -4    0   0   0   0   1   0   0   0  84   0   9   0   2   3   0   0   0   0   2   0  2.06 0.47
   52 I    -1  -4  -4  -5   1  -4  -4  -5  -4   4   1  -4   0  -1  -4  -3  -2  -4  -1   5    2   0   0   0   3   0   0   0   0  36   5   0   1   2   0   0   0   0   1  51  0.77 0.25
   53 D    -4  -4  -1   8  -6  -2   0  -3  -3  -5  -6  -3  -5  -6  -4  -2  -3  -6  -5  -5    0   0   0 100   0   0   0   0   0   0   0   0   0   0   0   0   0   0   0   0  2.12 0.47
   54 M    -2  -3  -4  -5   3  -1  -4  -4  -3   0   1  -3   8   2  -4  -3  -3  -3  -2   0    3   0   0   0   7   3   0   0   0   2   8   0  64  11   0   0   0   0   0   2  1.16 0.37
   55 N    -4  -3   3   7  -5  -1   0  -3  -3  -5  -6  -2  -5  -5  -3  -2  -3  -6  -5  -5    0   0  14  83   0   1   2   0   0   0   0   0   0   0   0   0   0   0   0   0  1.65 0.39
   56 A     4  -3  -2  -4   8  -2  -3  -2  -3  -3  -3  -3  -3  -3  -3   1  -2  -3   2  -2   40   0   2   0  38   1   0   0   0   0   0   0   0   0   0  10   0   0  10   0  0.98 0.30
   57 F    -3  -5  -5  -6  -5  -5  -5  -5  -3  -2  -2  -5  -2   8  -6  -4  -4  -1   2  -3    2   0   0   0   0   0   0   0   0   0   0   0   0  94   0   0   0   0   4   0  2.11 0.48
   58 F    -4  -4  -5  -5  -4  -4  -5  -5  -2  -3  -2  -5  -2   7  -5  -4  -4   0   7  -3    0   0   0   0   0   0   0   0   0   0   1   0   0  57   0   0   0   0  42   0  1.76 0.42
   59 A     5  -3  -4  -4  -2  -3  -3  -2  -4   0  -2  -3  -2  -3  -3  -1  -2  -4  -3   2   76   0   0   0   0   0   0   0   0   3   2   0   0   0   0   0   0   0   0  19  0.90 0.33
   60 Q     2  -2  -1  -2  -3   3  -1  -2  -2  -4  -4  -2  -3  -4  -3   5   1  -4  -3  -3   19   0   0   0   0  19   0   0   0   0   0   0   0   0   0  58   5   0   0   0  0.82 0.34
   61 V    -2  -5  -5  -5   3  -4  -4  -5  -5   3  -1  -4  -1  -3  -4  -3  -2  -5  -3   6    0   0   0   0   8   0   0   0   0  13   1   0   0   0   0   0   0   0   0  78  1.17 0.37
   62 E    -1  -2  -2  -1  -5   0   6   1   0  -5  -5  -1  -4  -5  -3   0  -3  -5  -4  -3    2   0   0   0   0   0  77  11   2   0   0   0   0   0   0   6   0   0   0   1  1.17 0.39
   63 Q    -2   0  -2  -2  -1   3   2  -3  -2   2   0   0   5  -2  -3   0  -1  -3  -3  -1    0   2   0   0   1  22  14   0   0  17   4   5  23   0   0   8   2   0   0   1  0.38 0.22
   64 M     0   6  -2  -3  -4  -1  -2  -3  -2   0   0   0   0  -1  -3  -2  -1  -4  -3   0   10  54   1   0   0   0   0   0   0   6  12   3   3   3   0   1   3   0   0   5  0.58 0.25
   65 R    -2   2   3   4  -4   0   1  -2   0  -3  -1   0  -1  -2  -3   0  -1  -4  -1  -3    2  13  17  33   0   2   7   0   2   0   8   3   1   2   0   6   2   0   3   0  0.40 0.17
   66 C    -1   3   4   2   0   0   0  -2   3  -4  -2   0  -3  -1  -3   0  -2  -4  -2  -3    3  21  32  14   3   2   3   0   9   0   3   4   0   4   0   3   0   0   0   0  0.48 0.21
   67 G    -3  -4  -4  -4   1  -3  -3   0  -1  -5  -4  -3  -4  -6   8  -2  -3  -6  -5  -4    0   0   0   0   3   0   0   7   2   0   1   1   0   0  84   2   0   0   0   0  2.21 0.48
   68 L     0   0   0   3  -3   0   4  -2   1  -3  -1   1  -2  -4  -2   2   0  -4  -3  -3    7   3   1  17   0   1  34   1   3   0   6   7   0   0   0  17   3   0   0   0  0.41 0.18
   69 S    -3  -4  -4  -1  -3  -4  -4  -5  -3   0   5  -4   0   1  -4  -2  -3  -3   2  -1    0   0   0   5   0   0   0   0   0   2  78   0   0   4   0   3   0   0   9   0  0.86 0.31
   70 K    -1   5  -2  -3  -4   0  -1  -3   1  -2  -3   5  -2  -4  -3  -1  -2  -4  -3  -2    6  34   0   0   0   1   0   0   5   3   1  46   1   0   0   1   0   0   0   2  0.82 0.29
   71 E    -1  -1   2   2  -4  -2   0   5  -2  -4  -3  -1  -3  -4  -3   0  -1  -4  -4  -3    0   3  10  14   0   0   4  55   0   0   2   2   0   0   0   6   2   0   0   1  0.75 0.24
   72 D    -2   2  -2   0  -4   1  -1  -3  -1   0  -1   5  -2  -2  -3  -2  -1  -4  -3   0    1  11   0   6   0   4   0   0   1   7   4  55   0   2   0   0   2   0   0   8  0.57 0.25
   73 P    -1  -4  -4  -4  -2  -4  -3  -4  -5  -5  -5  -2  -5  -6   8  -3  -3  -6  -5  -3    4   0   0   0   1   0   0   0   0   0   0   2   0   0  93   0   0   0   0   1  2.61 0.53
   74 V    -1  -4  -4  -4   1  -3  -4  -2  -4   2   2  -3   1  -1  -4  -2  -2  -4  -2   4    3   0   0   0   3   0   0   3   0  12  24   0   3   2   0   3   0   0   0  47  0.54 0.22
   75 V     4  -3  -3  -4   0  -3  -3   0  -4   3  -1  -3  -1  -3  -3  -1  -2  -4  -3   2   53   0   0   0   1   0   0   5   0  19   2   0   0   0   0   0   0   0   0  20  0.57 0.26
   76 C    -2  -4  -5  -5   1  -4  -4  -5  -5   3  -1  -4  -1  -3  -4  -4  -2  -5  -3   6    1   0   0   0   3   0   1   0   0  12   1   0   0   0   0   0   0   0   0  83  1.20 0.38
   77 V     0  -3   0  -2   1   0  -2   5  -3  -2  -3  -2  -3  -4  -3   0   2  -4  -4  -1    4   0   3   1   4   5   0  52   0   2   0   1   0   0   0   5  16   0   0   6  0.63 0.22
   78 Q    -1   1  -1  -1  -3   2  -1   5  -2  -4  -4   0  -1  -4  -3   2  -2  -4  -3  -2    2   7   1   1   0  13   2  47   0   0   0   5   3   0   0  17   0   0   0   4  0.59 0.22
   79 W    -2   5   3  -2  -4  -1  -2  -2   1  -4  -3   1  -2  -2  -3   0   0   4   1  -3    0  44  18   0   0   0   0   3   4   0   1   5   1   1   0   6   6   6   6   0  0.61 0.24
   80 N    -1   2   1  -2  -4   0  -2   5  -2  -5  -4  -1  -3  -4  -3   1  -2  -4  -1  -4    3  13   7   0   0   3   0  55   0   0   0   1   0   0   0  15   1   0   3   0  0.77 0.25
   81 S    -1  -3  -3  -1  -2  -3  -1   2  -4   2  -1  -3   0  -2  -2  -1  -2  -4  -3   4    3   0   0   3   0   0   3  22   0  13   2   0   2   0   2   5   0   0   0  45  0.40 0.21
   82 I    -2  -3  -4  -4  -2  -3  -3  -4  -4   4   1  -3   0  -2  -3  -3   0  -3  -2   4    1   0   0   0   0   0   0   0   0  33  10   0   0   0   0   0   6   0   0  46  0.67 0.23
   83 I     2  -2  -1  -2   1  -2  -2  -1  -2   1   0  -2  -1  -2  -2   3   1  -3  -2   0   28   1   1   1   4   1   1   1   0  10  11   1   0   0   1  29   6   0   0   5  0.24 0.14
   84 A     3  -2  -1  -2  -1  -2  -2  -1  -2  -2  -2  -2  -2  -3  -2   2   5  -3  -3  -1   26   1   1   1   1   1   1   3   0   1   1   1   0   0   1  11  49   0   0   1  0.60 0.23
   85 V     3  -3  -2  -3   7  -2  -2  -2  -3  -2  -2  -1  -2  -3  -1   0  -1  -3  -3   1   40   1   1   1  30   1   1   1   0   1   1   4   0   0   2   7   1   0   0   9  0.68 0.23
   86 S    -1  -2   6  -1   2  -1  -2  -2  -1  -3  -3  -2  -3  -3  -2   4  -1  -4  -3  -3    1   1  45   1   5   1   1   1   0   1   1   1   0   0   1  38   1   0   0   1  0.83 0.28
   87 Y    -3  -3  -3  -4  -4  -3  -3  -4   0  -3  -3  -3  -3   1  -1  -3  -2   0   9  -2    1   1   1   1   0   1   1   1   0   1   1   1   0   0   3   1   2   0  83   2  1.77 0.42
   88 A     0  -1  -2  -1  -3   0   5  -3  -1   0  -1  -1  -2  -3   1  -1  -1  -3  -2   0    9   1   1   1   0   2  51   1   1   5   7   1   0   0   7   1   2   0   0   9  0.46 0.19
   89 A     6  -3  -3  -3  -2  -2  -2  -2  -3  -3  -3  -2  -3  -4  -2  -1   0  -4  -3  -2   90   0   0   0   0   0   0   0   0   0   1   0   0   0   0   0   5   0   0   0  1.18 0.38
   90 R    -3   7  -2  -3  -5  -1  -2   0  -2  -4  -4   2  -3  -4  -3  -2  -3  -4  -3  -4    0  80   0   0   0   0   0   7   0   0   1   7   0   0   0   0   0   0   0   0  1.41 0.38
   91 K     2   2  -1  -2  -3   1   1  -1  -2  -2  -3   4  -1  -3  -2   0  -1  -3  -3  -1   22  12   0   0   0   5   7   2   0   2   1  36   1   0   0   7   1   0   0   2  0.38 0.17
   92 Y     0  -1  -3  -4   1  -3  -3  -3   0  -2   0  -2  -2   5  -4  -2  -3   0   6  -2   10   3   0   0   4   0   0   0   2   0   6   3   0  35   0   1   0   0  33   0  0.80 0.26
   93 G    -2  -4   0  -2  -5  -3  -4   7  -4  -6  -6  -2  -5  -5   1  -2  -3  -5  -5  -5    0   0   3   1   0   0   0  88   0   0   0   1   0   0   7   0   0   0   0   0  1.62 0.40
   94 I    -1  -2  -4  -4  -2  -3  -4  -4  -4   4   1  -3   0  -2  -4  -3   0  -4  -3   5    4   2   0   0   0   0   0   0   0  28   9   0   0   0   0   0   4   0   0  52  0.72 0.26
   95 S     0   5  -2  -3  -4  -1  -1  -3   5  -4  -4   3  -3  -4  -3   0  -1  -4  -1  -2    6  40   0   0   0   0   1   0  16   0   0  23   0   0   0   6   3   0   2   3  0.71 0.26
   96 R     1   1   1  -2  -3  -2  -2  -2  -2  -4  -4  -1  -3  -4   3   4   2  -4  -3  -3    8   9   7   0   0   0   0   1   0   0   0   2   0   0  13  50  11   0   0   0  0.61 0.26
   97 M     4  -3  -2  -3  -2  -2  -3   4   0  -3  -1  -2   0  -3  -1   0   0  -4  -3  -2   46   0   1   0   0   0   0  31   3   0   8   0   3   0   2   2   4   0   0   0  0.57 0.24
   98 D     0   0  -4  -2  -4  -1   0  -4  -3   0  -1  -3   9  -3  -4  -2  -3  -4  -3  -2    7   6   0   3   0   2   7   0   0   3   0   0  72   0   0   1   0   0   0   0  1.34 0.46
   99 T     0  -1   1  -3  -4  -2  -2  -3  -3  -4  -4  -2  -3  -2   6   1   1   3  -1  -2    6   4   8   0   0   0   0   0   0   0   0   1   0   1  52  10  10   5   2   1  1.07 0.29
  100 I     0  -2  -2  -3   0  -2  -2   1  -3   2   1  -2   2  -2   0   0   1  -3  -2   2    5   0   0   0   2   0   1  13   0  14  11   0   8   0   5  10  12   0   0  18  0.15 0.10
  101 Q     1   1  -1  -1  -2   1  -1   0   1  -1  -1   0  -1   1  -2   1   0   4   1  -1   18   9   2   3   0   8   0   5   3   3   3   3   1   7   0  13   5   8   4   5  0.12 0.08
  102 E    -1   1   1   0  -3   2   2  -3   2  -1  -1   1   0  -2  -2  -1   0  -2  -1  -2    1   8   7   5   0  15  18   0   6   5   7  11   3   1   0   1   7   0   2   1  0.21 0.11
  103 A     6  -3  -3  -3  -2  -2   0  -1  -3  -3  -3  -2  -2  -3  -2   0  -2  -4  -3  -1   85   0   0   0   0   0   5   1   0   0   1   0   0   0   0   2   0   0   0   2  1.03 0.34
  104 L    -1   2  -1  -2  -3   0   0  -3   0  -1   2   3   1  -1  -2  -2  -2   3   1  -1    4  11   1   0   0   3   5   1   2   1  25  30   3   2   0   1   0   5   5   1  0.24 0.14
  105 K    -1   3   0   0  -4   2   2  -2  -1  -3  -3   4  -2  -4  -2  -1  -2  -3  -3  -3    4  13   4   2   0  11  16   1   1   0   2  41   0   0   0   1   0   0   0   1  0.54 0.20
  106 K    -1   1  -3  -3  -2  -2  -2  -3  -2   0   4   2   1  -1  -3  -2  -2  -2   1   0    3   9   0   1   0   0   1   1   1   3  52  16   3   1   0   1   1   0   5   2  0.35 0.17
  107 C    -1  -4  -2  -4  10  -3  -4  -3  -3  -2  -1  -4  -2  -3  -3  -2  -2  -3   1  -2    4   1   2   1  72   1   1   2   0   1   6   1   0   1   1   1   1   0   5   1  1.85 0.39
  108 S    -3  -3  -4  -3  -4   0  -3  -4  -4  -4  -5  -2  -4  -5   8  -1  -3  -5  -4  -4    0   1   0   0   0   5   0   0   0   0   0   1   0   0  87   3   0   0   0   0  2.31 0.47
  109 N    -2  -1   4   3  -4   4   2  -1   2  -4  -4   0  -2  -4  -2   0  -1  -3  -2  -3    1   1  24  17   0  24  12   3   7   0   1   2   0   0   1   4   2   0   1   0  0.53 0.19
  110 L     1  -2  -3  -3  -2  -2  -2   0  -3   1   4  -1   1  -1  -2  -2  -2  -2  -2  -1   18   1   1   1   0   1   1  10   0   5  53   5   1   0   1   1   1   0   0   1  0.33 0.16
  111 I    -1  -1  -2  -2   1  -1  -1  -3  -2   4   1  -2   0  -1  -2  -2   0  -2  -1   3    1   3   1   1   4   2   5   1   1  40   8   2   0   1   1   1   6   0   2  21  0.30 0.14
  112 P    -1  -2  -2  -3  -2  -2  -2  -2  -2   1   2  -1   1   3   0  -2   0   3   1   1    1   1   1   1   0   1   1   2   0  11  20   4   2  19   4   1   5   4   4  16  0.19 0.08
  113 I     0  -2  -2  -2  -1   0  -2  -2  -2   2   2   0   0  -1  -2  -1  -1  -2  -1   3    7   1   1   1   0   5   1   2   0  14  23   7   1   1   1   2   2   0   1  30  0.20 0.10
  114 H     0   0   1   0  -1   0   0   1   2   0  -1   0   0   0   0   0   0   0   1  -1    5   4   8   6   1   3   5  10  10   7   6   4   2   4   4   5   5   1   6   5  0.03 0.01
  115 T     0   0   0   0  -1   0   0   0   0  -1  -1   0   0   0   1   1   1   0   1   0    5   5   4   4   1   3   4   9   2   4   6   8   2   3   6  11   9   1   8   8  0.04 0.01
  116 A     1   0   0   0  -1   1   0   0   0  -1   0   0   0  -1   0   0   0  -1  -1   0   18   7   4   4   1   7   6   7   2   4   9   7   2   3   4   5   4   1   2   5  0.04 0.01
  117 V     0   0   0   0  -1   0   0   0   0   0   0   0   0   0   1   0   0   0   0   0   11   4   7   5   1   3   5   6   2   5   7   4   2   4   7   5   8   1   2  11  0.03 0.00
  118 F     0   0   0   1  -1   0   0   0   0   0   0   0   0   2   0   0   0   2   1   0    6   5   4   9   2   3   5   6   2   4   7   5   2  12   4   6   5   4   6   5  0.03 0.00
  119 K     0   1   0   0  -1   0   0   0   0   0   0   1   0  -1   0   0   0   0   0   0    6   8   5   4   1   3   5   6   2  10  10  11   2   3   4   5   8   1   2   6  0.01 0.00
  120 K     1   0   0   0  -1   0   0   0   0  -1  -1   0  -1   0   2   0   0   0   1  -1   15   5   3   4   1   3   5   5   2   4   6   8   2   3  10   7   5   1   7   5  0.07 0.01
  121 G     0   0   0   1  -1   0   0   2  -1  -1   0   0   0  -1   0   0   0  -1  -1  -1    6   8   3  10   1   3   4  17   2   4  12   4   2   3   4   5   4   1   2   5  0.04 0.01
  122 E     0   1   0   0  -1   0   1   0   0  -1  -1   1  -1  -1   0   1   0  -1  -1  -1    6  12   3   4   1   3  13   5   2   4   7   9   2   3   4  11   4   1   2   5  0.06 0.01
  123 D     0   0   0   1  -1   0   0   1   1  -1  -1   0  -1  -1   0   1   0  -1   0  -1    6   4   3   8   1   3   5  12   6   4   7   4   2   3   4  15   4   1   2   5  0.05 0.01
  124 F     0   0   0   0  -1   0   1  -1   0  -1   0   1   0   0   0   0   0  -1   0  -1    5   3   3   4   1   3  15   5   1   3  12  10   2   7   4  10   4   1   2   4  0.04 0.01
  125 W     1   0  -1  -1  -1   0   0   0  -1  -1  -1   0  -1   0   0   0   0   6   0  -1   15   3   3   4   1   3   4   5   1   3   6   9   2   3   4   5   4  19   2   4  0.24 0.03
  126 Q     0   1   0   0  -1   2   1   0   0  -1  -1   1   0  -1   0   0   0  -1  -1  -1   11   8   3   4   1  14  11   5   1   3   6   8   2   3   4   5   4   1   2   4  0.08 0.01
  127 Y     0   0   1   1  -1   0   0  -1   0   0  -1   0   0   0   0   0   0   0   3   0    5   3   9  10   1   3   4   5   1   8   6   4   2   3   4   5   4   1  17   4  0.06 0.02
  128 H     0   0   0  -1  -1   0   0  -1   2   0   0   0   0   1   2   0   0   0   2   0    5   3   3   4   1   3   4   5   9  10   6   4   2   7  10   5   4   1   9   4  0.06 0.01
  129 D     0   0   0   2  -1   1   0   0   0   0  -1   0  -1  -1   2   0   0  -1  -1   0    5   3   3  14   1  10   4   5   1   7   6   4   1   3  10   9   4   1   2   6  0.08 0.01
  130 G     0   0   1   1  -1   0   0   1   0  -1  -1   0  -1  -1   0   1   0  -1  -1   0    5   4   7  10   1   3   4  14   2   4   6   4   2   3   4  11   4   1   2   9  0.05 0.01
  131 C     1   0   0   0   1   0   0   0  -1   0   0   0   0   0   0   1   0  -1   0   0   12   4   3   4   5   3   4   5   2   8   6   8   3   4   4  11   4   1   2   6  0.01 0.00
  132 G     0   0   0   0  -1   1   1   1   0   0  -1   0   0  -1   0   1   0  -1  -1   0    5   5   3   4   1   9   9  11   2   7   6   4   2   3   4  11   6   1   2   5  0.04 0.01
  133 S     1   0   0   0  -1   0   0   0  -1   0   0   0   0  -1   0   1   0  -1  -1   0   15   5   6   3   1   3   4   6   1   3  10   4   1   2   3  13   4   1   2  10  0.03 0.01
  134 W     0   0   1   0  -1   0   0  -1  -1  -1  -1   1  -1  -1   0   0   0   5   0   0    5   3   9   3   1   3   4   5   1   3   6  13   1   2   3   5   9  11   2   9  0.11 0.02
  135 V     0  -1   0   0  -1   0   0   1  -1   0   0   0   0   0   0   0   0  -1   0   0    7   3   3   3   1   3  10  15   1   3   9   4   1   7   3   5   4   1   2  13  0.02 0.01
  136 Q     0   0   1   0  -1   1   0  -1   0   0   0   0   0  -1   0   0   0  -1  -1   0    5   3   9   5   1   7   8   4   1   9  10   7   1   2   3   9   4   1   2   7  0.02 0.01
  137 D     0   0   1   2  -1   1   0   0   0  -1   0   0   0  -1   0   0   0  -1  -1  -1   11   3  10  14   1   9   4   4   1   3  10   3   1   2   5   6   5   1   2   4  0.06 0.01
  138 P     0   0   0   2  -1   0   0   0  -1  -1  -1   0  -1  -1   3   1   0  -1  -1  -1    5   3   3  13   1   3   4   8   1   3   7   8   1   2  18  11   3   1   2   4  0.17 0.02
  139 A     0   1   0   0  -1   0   0  -1  -1   0   0   0   0  -1   0   0   0  -1  -1   0    9   8   6   5   1   3   6   4   1  12   5   7   1   2   3  10   3   1   2  10  0.02 0.01
  140 K     0   0   0   1  -1   0   0   0   0  -1  -1   0  -1   0   2   0   1  -1  -1  -1   12   3   3   8   1   3   6   6   3   3   6   8   1   4  11   5  10   1   2   4  0.08 0.01
  141 Q     0   0   1   1  -1   2   1  -1   0   0  -1   0   0  -1   0   0   0  -1  -1   0    7   5   7   7   1  16   7   5   1   5   6   4   1   2   3   6   4   1   2  10  0.06 0.01
  142 I     0  -1  -1  -1  -1   0  -1  -1  -1   1   1   0   0   0   0   0   1  -1   1   1    6   3   3   3   1   2   4   4   1  10  16   5   1   2   3   8   9   1   6  11  0.02 0.01
  143 S     0   1   1   0  -1   0   0   0   0  -1  -1   0  -1  -1   0   2   0  -1  -1  -1    7   8   9   5   1   3   4   5   1   3   6   4   1   2   5  24   4   1   2   4  0.08 0.02
  144 V     0   1   0  -1  -1   0   0   1  -1   0   0   0   0  -1   0   0   0  -1  -1   1    8  10   3   3   1   3   6  13   1   7  10   4   1   2   3   4   4   1   2  14  0.02 0.01
  145 E     0  -1   0   1  -1   0   0  -1  -1   0  -1   0   0  -1   1   0   0   3   0   0   13   3   3   8   1   3   8   5   1   9   6   4   1   2   7   6   5   5   5   6  0.05 0.01
  146 D    -1   0   0   2  -1   0   2  -1   0  -1  -1   0  -1   0   0   0   0  -1   0  -1    5   6   3  17   1   3  19   4   1   4   5   3   1   5   3   4   4   1   5   6  0.10 0.02
  147 H     0   0   0   0  -1   0   0   1   1   0   0   0   0   0   0   0   0  -1   1   0    5   6   7   3   1   3   4  12   5   9   9   3   1   3   3  10   3   1   6   5  0.02 0.01
  148 K     0   1  -2  -2  -2  -1  -1  -2  -2  -2  -2   2  -2  -3   5  -1  -1  -3  -2   1    8   7   1   1   0   1   2   1   0   1   2  20   0   1  38   2   2   0   1  12  0.65 0.16
  149 V     1  -2  -1   0  -1  -1  -1   1  -1   0   0  -1   0  -2   3   0   0  -2  -1   1   11   1   1   5   1   1   1  10   2   2  11   1   2   1  20  10   5   0   2  14  0.20 0.07
  150 S    -1   3   3   3   5  -1   0  -2   0  -3  -3  -1  -2  -3  -2   1  -1  -3  -3  -3    1  21  18  18  15   0   2   1   2   0   1   1   0   0   0  15   2   0   0   1  0.44 0.17
  151 L    -1  -1  -2  -3  -3  -2  -2  -2   2  -1   1   1   4   4  -2   0  -2  -1   1  -1    4   1   0   0   0   0   0   2   7   1  14  11  16  28   1  10   0   0   3   0  0.28 0.16
  152 E     1  -1   0   3  -1   2   2  -1  -1  -3  -2   0  -2  -2   0   0   0  -3   1  -2   15   2   2  21   1  12  16   4   0   0   4   1   0   0   3   5   6   0   6   1  0.23 0.11
  153 P     1   1  -1  -1  -2   0   1  -2   0   0   0   1  -1   0   1  -1  -1  -2   0   1   13   8   1   0   0   1  15   0   3   3  10  12   0   4   7   1   2   0   4  15  0.09 0.08
  154 Y    -1  -4  -4  -1  -4  -4  -4  -5  -1   0  -3  -4  -3   0  -5  -4  -4   4   8  -3    6   0   0   4   0   0   0   0   0   7   0   0   0   0   0   0   0   4  78   0  1.75 0.47
  155 R     0   4  -1  -2  -3   1   1   0  -1  -2  -3   2  -2  -4  -3   0  -1  -4  -2  -2    9  37   1   0   0   6  10   6   1   3   0  15   0   0   0   5   3   0   1   2  0.42 0.18
  156 R     1   1  -1  -1  -3   2   3  -2   3  -2  -3   1  -2  -4  -2   2   0  -4  -2  -3   12   8   1   1   0  11  23   0   9   2   0   6   0   0   0  22   2   0   0   0  0.36 0.17
  157 E     1  -2  -2  -1   2  -2   0  -3  -2   1   0  -1   1   0  -3   0  -1  -3   1   3   17   0   0   4   7   0   8   0   0   3   7   3   3   3   0   6   1   0   5  31  0.16 0.13
  158 S     0  -3  -1   0  -3  -2  -2   2  -3  -5  -5  -2  -4  -5  -3   6  -1  -5  -4  -4    2   0   0   4   0   0   0  13   0   0   0   0   0   0   0  81   0   0   0   0  1.14 0.41
  159 R     0   3   0   0  -3   1   1  -2  -1   0  -1   1  -1  -1  -2   0  -1  -2   1   0    7  21   3   5   0   6  10   0   1   6   3   8   1   1   0   7   1   0   8  11  0.14 0.09
  160 K     0   2  -1  -1  -4   4   3  -3   1  -3  -1   3  -2  -3  -2  -1  -2  -3  -1  -2    7  10   0   0   0  23  21   0   4   0   6  22   0   0   0   3   0   0   2   2  0.43 0.19
  161 A     1  -3   0  -3  -2  -3  -3  -3   1   4   0  -3   1   1  -3  -1  -1  -3  -2   3   14   0   6   0   0   0   0   0   4  35   0   0   4   6   0   4   1   0   0  24  0.36 0.19
  162 L    -2   4  -2  -3  -3  -1  -2   0   3  -1   0  -1   5   2  -4  -1  -1  -3   0  -1    0  28   0   0   0   2   0   6   8   1   8   1  22  12   0   3   3   0   3   2  0.38 0.21
  163 K     1   0   2   1  -2   3   2  -1  -1  -3  -3   1   1  -3  -2   0   0  -4  -3  -2   15   3  14   7   0  15  18   2   0   0   0   8   6   0   0   7   4   0   0   0  0.31 0.15
  164 I    -2  -4  -4  -4  -3  -3  -1  -2  -4   5   1  -3   1   1  -4  -3  -1  -3  -2   2    0   0   0   0   0   0   4   4   0  58  10   1   3   6   0   0   3   0   0  11  0.64 0.25
  165 F    -2  -3  -4  -4  -1  -3  -4  -4  -3   2   3  -3   2   5  -4  -3  -2  -1   1   1    1   0   0   0   1   0   0   0   0  13  28   0   6  37   0   0   0   0   2   9  0.61 0.20
  166 K     1   2   0   1  -2   1   1  -2   2  -3  -2   2  -1  -3  -2   1  -1  -3  -1  -2   11  15   4   6   0   3  12   1   7   0   3  20   1   0   0  12   1   0   2   0  0.24 0.11
  167 S    -1   3   0   1   2   2   2   0  -1  -3  -3   2  -2  -3  -2   1   0  -3  -2  -3    1  21   1   9   5   9  16   6   0   0   1  12   0   0   0  14   3   0   1   0  0.32 0.13
  168 A    -1  -2  -3  -1   2  -2  -3  -3   3  -1   1  -3   0   3  -3  -2  -2   0   6  -2    4   2   0   5   4   1   0   0   7   2  18   0   2  15   0   2   0   0  35   1  0.52 0.20
  169 C     1  -2  -1  -1   4  -2  -2   0  -1  -2  -1  -2  -2  -1  -2   2   4  -3  -2  -1    9   0   0   4  12   0   0   7   2   0   5   0   0   2   0  14  41   0   0   2  0.43 0.20
  170 D    -2  -2   0   4  -3  -1   1  -1  -1  -3  -4  -1  -3  -3   5   0   0  -3   1  -3    1   2   4  30   0   0   7   4   1   0   1   2   0   0  31   5   5   0   6   0  0.69 0.20
  171 L    -1  -1   1  -1  -2  -1   0  -3   0   1   2   1   0  -1   0  -1  -1  -2  -1   1    1   2   9   1   0   1   6   1   2   5  31  10   1   2   3   2   2   0   2  17  0.11 0.09
  172 V    -1  -3  -4  -4   0  -3  -3  -4  -4   4   2  -3   0   1  -3  -3  -1  -3  -2   4    5   0   0   0   1   0   0   0   0  27  14   0   1   5   0   0   0   0   0  42  0.53 0.19
  173 E    -2   1  -2  -1  -2   3   5  -3  -1  -3  -4   1  -2  -4  -2   0  -2  -4  -3  -3    1   7   0   0   1  13  61   1   1   1   1   6   1   0   0   5   0   0   0   0  0.85 0.28
  174 R     0   2  -2  -2  -3   2  -1  -3  -2  -1  -2   1   1  -2   5  -1  -1  -3  -1  -1   10  12   0   0   0  10   2   0   0   4   1   8   6   1  37   2   1   0   2   3  0.61 0.19
  175 A     1  -3  -2  -3  -2  -2  -3  -2  -3   1   3  -2   2   0  -3  -1  -1   0   0   2   19   0   2   0   0   0   0   1   0   7  35   0   7   4   0   1   2   1   2  15  0.25 0.13
  176 S     0  -2  -1  -2  -3  -2   0   1  -2  -4  -4  -2  -3  -4   1   5  -1  -4  -3  -3    2   0   0   0   0   0   5  11   0   0   1   0   0   0   7  70   0   0   0   0  0.84 0.32
  177 I    -2  -2  -4  -4  -1  -3  -4  -4  -3   5   3  -3   0   1  -4  -3  -2   0   1   1    1   2   0   0   1   0   0   0   0  46  30   0   0   4   0   0   1   1   7   3  0.57 0.21
  178 D    -1  -3  -1   7  -4  -2   0  -3  -3  -4  -4  -2  -4  -4  -3  -2  -2  -5  -4  -4    5   1   0  85   0   0   1   1   0   1   1   1   0   0   1   1   1   0   0   1  1.56 0.37
  179 E    -2  -2  -2   0  -4   0   6  -3   3  -4  -4  -1  -3  -4  -2   0  -2  -4  -3  -4    1   1   0   1   0   0  79   1   7   1   1   1   0   0   1   5   1   0   0   1  1.21 0.35
  180 V     5  -3  -1  -3   4  -1  -2   1  -3  -2  -2  -2  -2  -2  -2  -1  -1  -3  -3   0   60   1   2   1  12   2   1  10   0   1   1   1   0   1   1   1   1   0   0   6  0.61 0.23
  181 F    -3  -3  -3  -4  -3  -3  -3  -4  -1  -2  -1  -3  -2   5  -4  -1  -3   4   7  -2    1   1   0   1   0   0   1   1   0   1   2   1   0  31   1   5   1   5  48   1  1.20 0.31
  182 L    -1  -2  -3  -3  -2  -2  -3  -3  -3   2   4   0   3  -1  -3  -2  -2  -2   1   1    3   1   0   1   0   0   1   1   0  10  53   7   8   0   1   1   1   0   5   7  0.42 0.17
  183 D    -2  -2   1   6  -4  -1   3  -3  -2  -3  -4  -2  -3  -4  -2  -1  -2  -4  -4  -4    2   1   3  64   0   0  22   1   0   1   1   1   0   0   1   1   1   0   0   1  1.12 0.29
  184 L     0  -3  -3  -3  -2  -2  -3  -3  -3   2   2  -2   1  -1  -2  -2  -1  -3  -2   4    7   1   1   1   0   1   1   1   0  11  20   1   4   1   1   2   1   0   0  46  0.40 0.15
  185 G     1   0  -1  -2  -2  -1  -1   0  -2  -2  -2  -1  -2  -3  -2   2   5  -3  -2  -1    8   5   1   1   0   1   2   8   0   1   1   1   0   1   1  12  55   0   1   1  0.53 0.20
  186 R    -1   1   1   3  -2   2   2   0   1  -3  -2   0  -2  -3  -1   1  -1  -3  -1  -2    4   7   4  22   0  13  13   6   3   1   2   5   1   1   1  13   2   0   1   1  0.27 0.09
  187 I     1   0   0   1  -1  -1  -1   1  -1   0  -1   0   0  -2  -1   1   1  -2  -1   0   14   6   4   8   1   1   1  13   1   5   5   3   4   0   1  14  12   0   2   6  0.08 0.04
  188 C     0  -2  -2  -1   3  -2  -2  -2  -2   2   1  -1   0  -1  -2   0   0  -2  -2   2    4   2   1   3   8   1   1   2   0  19  14   4   0   1   1   7   7   0   1  23  0.14 0.07
  189 F     0   2  -1  -1  -3   2   1  -1   0  -2  -2   3  -2   0  -2   0  -1  -2   1  -2   10  10   1   2   0   8  12   3   1   1   1  30   0   5   1   3   2   0   8   2  0.24 0.10
  190 N    -1   1   3   0  -2   0   2   0  -1  -3  -2   1  -2  -2   0   1   1  -3  -2  -2    3   7  25   3   1   3  15   8   0   1   2   6   0   1   3   8  12   0   0   1  0.25 0.10
  191 M    -1   2  -1   0  -2  -1   0   2  -2   0   0   0   2  -2  -2  -1   0  -1  -2   0    3  18   1   7   0   1   5  18   0   8   9   2  11   1   1   1   9   1   1   3  0.10 0.07
  192 L    -1  -2  -2  -3  -2  -1  -2  -3  -2   2   3  -2   4   1  -2  -2  -1  -2  -1   1    1   1   1   1   0   2   3   1   0  15  32   1  19   8   1   1   3   0   1   9  0.29 0.10
  193 M     2  -1   0  -2  -2   1  -1  -1   2  -1   0  -1   1   3  -2  -1  -1  -2   0  -1   29   2   4   1   0   9   2   4   6   1  13   2   5  18   1   1   1   0   0   1  0.13 0.09
  194 F    -1   1  -1  -1  -2   1   1  -1   0  -2  -1   1  -1   4  -1   0  -1   0   0  -2    4  10   2   1   0   8  11   3   2   1   4  10   0  26   2   9   4   1   2   1  0.18 0.10
  195 D     1  -2  -1   3   1   0   3   0   0  -3   0  -1  -2  -3  -2   0  -1  -3  -3  -2   11   1   0  23   3   4  23   6   3   1  10   2   0   0   1   8   2   0   0   2  0.32 0.24
  196 N     0  -2   0  -1  -2   0  -1  -3  -1   3   0   0  -1   1   0  -1   0   2   1   0    7   0   4   3   0   5   3   1   2  24  10   5   0   6   5   3   7   3   7   3  0.11 0.14
  197 E     1   3  -2  -2  -3   1   1   2  -2  -1  -1   0  -2  -3   3  -1  -2   2  -3  -3   11  18   0   0   0   8   9  17   0   5   6   4   0   0  14   3   0   3   0   0  0.32 0.24
  198 Y     0   2  -1  -1  -3   3   1  -3  -2  -1   0   0   0  -2   0  -1   0  -3   2  -2   10  14   2   2   0  16  11   0   0   5   9   4   3   0   3   3   7   0  10   0  0.21 0.22
  199 E     1   2   0   1  -3   2   1   0  -2  -3  -3   1  -2  -4   2   0   1  -4  -3  -2   13  12   3   7   0   9  12   7   0   0   1   7   0   0   9   7  11   0   0   3  0.24 0.18
  200 L    -1  -3  -1  -3   0  -2  -1  -4  -3   4   2  -1   2  -2  -3  -1   0  -3   0   2    5   0   3   0   2   0   5   1   0  26  17   4   5   0   0   3   7   0   3  17  0.30 0.23
  201 T     0   2   0  -2   3   0   0  -2   2   0   0   0  -1   0  -3   2  -1   0   0  -2    9  12   3   0   7   2   6   2   6   5  11   4   0   5   0  19   3   1   3   0  0.12 0.16
  202 G     1   0   1  -1   0  -1   0  -1   0   1   0   0   0  -1   0   0   0  -3  -2   0   18   7   8   3   2   2   5   3   2  15   9   3   2   3   5   6   4   0   0   2  0.05 0.10
  203 D     1   0   1   1  -3   0   3   1  -2  -3  -3   2   0  -3  -3   0   0  -3   0  -3   12   4   6   9   0   4  22  13   0   0   1  12   3   0   0   3   6   0   4   0  0.29 0.23
  204 L    -1  -3  -3  -2   0  -3  -1  -4  -3   2   3   0   2   2  -4  -1   0  -3   0   0    3   0   0   2   2   0   3   0   0  12  41   8   6   8   0   3   5   0   3   2  0.35 0.26
  205 K     1   1   0  -1  -3   2   1   0   3   0  -3   1  -2  -3  -2   1   0  -3  -2  -1   14   8   3   2   0  10  10   8   8  10   1  11   0   0   0   8   4   0   0   2  0.18 0.18
  206 L     0   1  -3  -3  -3  -2  -1  -1  -3   3   2   0  -1  -2   2   0  -1  -3  -3   0    7   8   0   0   0   0   4   5   0  24  22   7   0   0   9   6   2   0   0   3  0.20 0.20
  207 K    -1   1   1  -2   2   1   0  -2  -2  -1  -2   3   0  -3   0   0   2  -3  -3   1    2   8   7   0   6   6   4   3   0   3   2  20   4   0   4   4  15   0   0  11  0.20 0.20
  208 D     0   0   0   1   0   0   1   0  -2   0  -1   1  -1  -3   2   0   0  -3  -2   1   10   3   3   8   2   2  11   6   0   4   3   8   0   0  10   7   5   0   0  17  0.11 0.12
  209 A     0   1   0  -1  -3   1   2  -1  -2  -1  -2   1  -2   1  -2   2  -1  -3   0  -2    8   8   5   2   0   4  20   4   0   5   4   7   0   8   0  18   2   0   4   0  0.18 0.19
  210 L     1   0  -1   0  -2   0  -1  -3  -2   1   1   0  -1  -1  -2  -1  -1  -2   2   0   15   5   3   6   0   5   4   1   0  12  20   6   0   0   0   4   3   0  12   4  0.11 0.15
  211 S     1  -2   0   0  -3  -1   2   2  -2  -3  -1   1   0   1  -2   0   0  -3  -2  -2   14   0   4   4   0   0  17  20   0   0   6   9   4   8   0   6   5   0   0   0  0.21 0.20
  212 N    -1   0   2  -1  -3  -1   0   0   0   2   0   2  -1  -1  -3  -2   0  -3  -2   2    3   6  11   2   0   0   5   8   3  17   6  16   0   2   0   1   4   0   0  17  0.12 0.17
  213 I     1  -1  -2  -1   1  -1   0   0  -2   1   1   0   1   0  -1   0   1  -3  -2   0   17   2   0   2   4   0   7   9   0  11  14   5   4   4   3   2   9   0   0   5  0.06 0.10
  214 R     1   1  -2   0   2  -1  -1  -1  -2   0  -1   0  -2  -1   4   0   0  -3  -2  -1   14   7   0   4   7   2   3   4   0   5   6   7   0   2  22   4   6   0   0   4  0.27 0.17
  215 E     1   1   1   0  -2   0   1   1  -2  -1  -1   0  -2  -3   0   2   1  -3  -2  -1   11   8   6   3   0   4   8  10   0   3   6   6   0   0   4  19   8   0   0   3  0.13 0.12
  216 A     0   0   1   1  -2   0   0  -2   2   0   0   1  -1  -1   0   0   1  -3  -2   0   11   3   6   8   0   3   6   1   6   4   8  13   0   3   4   6   8   0   0  10  0.07 0.09
  217 F     0   1  -2  -3  -2  -1  -2  -1  -1   0   0   0   1   2   0   0   1  -1   3   0    6   8   0   0   0   0   0   5   0   4   7   8   7   9   4   7   9   0  18   5  0.13 0.16
  218 I     1   0   1  -2  -2   1  -1   0   1   1   1   0   1   0  -2   0  -1  -2  -1   1   13   5   8   0   0   7   0   5   4   8  13   7   5   6   0   8   0   0   0  10  0.04 0.09
  219 G     2   0   0  -1  -2   0   2   2  -2  -2  -2   1   0  -3  -2   1   0  -3  -2  -2   18   3   2   1   0   3  17  15   0   3   4  11   3   0   1  13   4   0   0   1  0.21 0.17
  220 G     2  -2  -2  -1  -2  -2  -1   1  -2   0  -1   1   0  -2   3   0  -1  -3  -1   1   22   0   0   3   0   0   3  14   0   5   5   9   2   0  14   5   0   0   3  14  0.20 0.18
  221 N    -1   0   3   0  -3  -1  -1   1  -2  -1  -1   1   0  -1  -2   2  -1   1  -1  -1    4   3  19   3   0   0   1  11   0   5   5  11   4   3   0  20   1   2   2   5  0.16 0.18
  222 Y     0   2  -2  -2  -3   1   0   0  -2   1  -1   2  -2  -2  -3   0  -2  -2   3   0    7  11   0   0   0   8   7   9   0  10   5  13   0   0   0   8   0   0  14   6  0.18 0.19
  223 D     1   0   0   0  -2   1   1  -1   2   0  -1   0  -1   0  -2   0   0  -2   1  -1   14   4   4   4   0   7   8   4   6   6   7   7   0   4   0   8   5   0   7   4  0.07 0.09
  224 I    -1  -2   1   1   2  -2  -1  -3  -2   1  -1   0   0  -1   1   1   1  -3   0   1    4   0   6   8   5   0   3   1   0  12   5   7   3   2   8  11  10   0   3  11  0.12 0.16
  225 N     0   1   1   1   0  -1   0  -3   2  -1  -1   0   1   1   0  -1  -1   1   2   0    8  10  10   7   2   0   6   0   5   3   4   6   4   6   3   2   2   2   8  10  0.09 0.14
  226 S     0   0   0  -1   1   0   1  -1  -2   0   0   2   0   1  -3   0   0   2   0  -1    5   4   4   2   3   4   8   5   0   5   9  20   2   7   0   8   4   3   4   2  0.09 0.13
  227 H     0   1   0  -1  -2  -1  -1  -3  -1   2   0   1   1   0  -1  -1   1   1   0   0    8  10   4   3   0   2   4   1   1  15  11   8   5   4   2   4   9   2   4   4  0.06 0.10
  228 L     0  -1  -2  -3  -3   0  -1  -3  -2  -1   2   2   1   3   0  -1  -1  -2   0   1    7   3   1   1   0   3   4   1   0   1  22  16   3  14   5   3   3   0   2  11  0.17 0.18
  229 P     2   1  -2  -1  -3   1  -1   0  -1  -1  -2   0  -2  -3   4   1  -2  -3  -3   0   17   7   1   2   0   8   3   5   2   3   2   5   0   0  25  12   1   0   0   6  0.39 0.24
  230 L    -1   1   1   2  -3   2   1  -2  -2   0   0   2   0  -2  -2  -1  -1  -3  -2  -1    5   9   7  14   0  10   7   1   0   6  11  15   3   0   1   4   2   0   0   4  0.17 0.15
  231 I     0  -3  -2  -3  -3   0  -2   2  -2   1   1  -2   1   1   0   0  -1  -2   2   0    7   0   0   0   0   5   0  22   0  10  12   0   5   6   5   6   4   0   9   6  0.17 0.17
  232 P     1  -1  -2  -1  -3   1  -1  -3  -3   1  -1  -1  -1  -1   4   0   2  -4  -3  -1   12   2   0   4   0   8   3   1   0   9   6   3   2   2  22   7  15   0   0   3  0.32 0.23
  233 E    -1   0  -1   1   0   0   2  -1   0  -2  -1   0  -2   2   1   1   0  -2   0  -1    3   5   0   9   3   4  17   4   3   0   4   3   0  11   7  10   7   0   3   3  0.14 0.15
  234 K    -1  -1  -1   1  -3   0   1  -3  -2   1   1   0   1   0   0  -2   0   0   0   2    3   2   3   8   0   2  14   1   0   5  17   5   4   4   3   0   5   1   2  19  0.11 0.14
  235 I    -1  -1   0  -3  -3  -3  -1  -2  -3   4   1  -3   2   0  -3  -1  -2  -3  -1   2    4   4   5   0   0   0   4   2   0  33  12   0   6   3   0   4   0   0   2  18  0.35 0.25
  236 K    -1   1   1  -1  -4   0   3   0  -2  -4  -3   1  -3   0   1  -1   0   3   3  -3    4   7   6   2   0   4  24   7   0   0   1  11   0   3   7   2   5   5  12   0  0.34 0.26
  237 S     1  -3  -1   0  -3  -1  -2  -3  -3   1  -2   1  -3  -4   5   0   2  -4  -4  -2   13   0   2   7   0   2   0   0   0  10   3   9   0   0  34   6  13   0   0   0  0.64 0.36
  238 L    -1  -2  -1   0  -3  -1   0  -2  -1   0   2  -1   0   1   2  -1   0  -3  -2   1    4   1   2   7   0   1   7   1   1   5  25   3   2   9  10   3   4   0   0  11  0.13 0.14
  239 K     0   0   0   0  -3   1   1  -1   0  -3  -1   2  -2  -3   0   2   0  -4  -3  -1    4   5   3   6   0   8  10   3   2   0   6  15   0   0   4  22   6   0   0   5  0.21 0.19
  240 F     0   0   0  -2   2  -1   0   0  -2   0   0   0   1   1   1   0  -1  -2  -1   0    7   7   7   0   7   0   7   7   0   7   7   7   7   7   7   7   0   0   0   7  0.05 0.10
  241 E    -1   0  -2   2  -3   1   2  -1  -2   0  -1   0  -2   1   1   0  -1   2   2   0    5   3   0  13   0   5  16   3   0   5   5   7   0   6   6   4   3   3   8   7  0.13 0.15
  242 G     1  -2   1  -1  -2  -1   1   1   0  -1  -1   0  -1  -2   0   0   1  -3   0   1   11   0   9   0   0   0  12  14   3   3   6   4   0   0   4   7   9   0   4  13  0.10 0.14
  243 D     1  -2  -1   2  -2  -1   1   0   0   0  -1   0   1   0   1   0   0  -3  -2   0   15   0   0  16   0   0  12   6   3   5   3   4   4   6   7   7   4   0   0   8  0.13 0.15
  244 V    -1  -1  -2   0  -2  -2  -2  -3  -2   2   0   0   0   0   0   0   0   2   1   2    1   4   0   8   0   0   1   1   0  16   9   7   3   4   5   8   7   3   6  19  0.12 0.15
  245 F     0  -3  -3  -4   0  -3  -3  -2  -3   2   2  -3   2   2  -3  -2   0   0   2   1    7   0   0   0   2   0   0   4   0  12  28   0   5  12   0   1   6   1   7  10  0.29 0.18
  246 N    -1   1   2   4  -1   0   2  -3   1  -4  -4   0  -3  -4   3  -1  -1  -4  -3  -3    4   7  11  30   1   4  11   1   4   1   1   5   0   0  13   1   2   0   0   1  0.52 0.26
  247 P    -1  -1   2  -1  -3   0   3  -1  -1  -2   0   2  -1  -2   1  -1  -2  -3  -1   0    4   2  11   1   0   3  24   5   1   0  14  18   1   1   6   1   1   0   1   7  0.22 0.20
  248 E     1   1   0  -1   0   3   1  -2   1  -1  -1   0  -1  -3  -1   0   1  -3  -2   0   14   8   3   2   2  16  12   1   3   2   7   4   1   0   2   5   9   0   0   8  0.15 0.14
  249 G     0  -2  -1   0  -2  -1  -1   2   0   0   0   0  -1   0  -1   0  -1  -2   2   1    9   1   3   6   0   0   2  19   3   6   8   7   0   4   2   7   1   0  11  11  0.09 0.11
  250 R    -1   1  -1   0  -2   0   1  -1  -2   1   1   1   0  -2   1   0   0   1  -2   0    2   8   3   5   0   4   9   4   0  12  15   9   2   1   6   9   4   2   0   5  0.06 0.07
  251 D    -2  -1   1   5  -3   0   0   1  -2  -2  -3   1  -3  -4   1   0  -1  -4  -3  -3    2   2   6  38   0   4   4  10   0   3   1   8   0   0   8   8   4   0   0   1  0.50 0.25
  252 L    -1   0  -2  -3  -2  -1  -1  -2  -2   0   1   0   0   3  -3  -1  -1   3   1   3    4   5   1   1   0   3   4   3   0   2  12   6   2  13   1   4   2   5   3  29  0.19 0.16
  253 I    -1  -2  -1  -2  -1  -2  -2  -1  -3   2   1  -1   1  -1  -1  -1   2  -3  -1   2    4   1   2   2   1   1   2   6   0  13  14   4   4   1   3   1  21   0   2  18  0.17 0.15
  254 T     0   1  -1   0  -3   1   2  -2   2  -1  -1   1  -2  -1   0   0   1  -3  -1  -1    5   9   1   5   0   7  16   2   7   3   4  12   0   2   4   3  11   0   2   5  0.16 0.12
  255 D    -1   0   3   4  -3   1   1   0   0  -1  -2   0  -2  -3  -2  -1  -2  -3  -1   0    3   3  21  25   0   6   8   6   3   3   4   4   0   1   1   3   1   0   2   7  0.33 0.19
  256 W    -1   0   0   0  -2   0   0  -3  -2   0   1   2   1   1  -2  -1   0   5   0   0    3   3   4   4   0   3   7   1   0   4  17  16   4   5   1   2   5  10   2   7  0.16 0.13
  257 D     0   0  -1   1  -3  -1   0  -1   0   0   0   0   1  -3   4   0   0  -3  -3  -2    6   4   2  11   0   1   6   4   3   6   9   7   5   0  24   5   7   0   0   1  0.31 0.17
  258 D    -2  -1   2   3  -3  -1   1   3   3  -2  -3  -1  -3  -3  -2   0  -1  -3  -3   0    1   2   9  23   0   1   7  23   8   2   1   4   0   0   1   6   3   0   0   7  0.37 0.21
  259 V     0   0  -1  -1   0  -1  -1  -1  -1   2   0   2   2  -2  -2  -1   0  -3  -2   1    8   5   1   4   2   0   1   4   1  13  10  22   6   0   1   3   4   0   0  13  0.11 0.13
  260 I    -2   1  -2   0  -2   0  -1  -2   0   1   2   1   0   2  -1  -1  -1  -2  -1  -1    2   8   1   5   1   3   2   3   3   9  30  12   0   9   3   3   3   0   2   1  0.13 0.14
  261 L     1  -1  -2  -2  -2  -2  -2  -1  -2   0   2  -2   1   3   1   0  -1   2   0   0   12   3   1   2   0   1   1   4   0   6  23   1   5  15   8   6   3   3   2   4  0.16 0.13
  262 A     2   0  -1  -2  -3  -1  -1   3  -1  -2  -2  -2  -1   0   0   0   0  -3   0  -1   18   5   1   1   0   3   3  31   1   2   1   0   1   5   5   7   6   0   3   5  0.29 0.19
  263 L    -1   0  -2  -2   1  -1  -1  -1  -2   1   0  -1   0  -2   1   1   0  -3   0   2    3   4   0   2   3   2   2   4   0   6  11   3   1   0   7  14   6   0   5  25  0.12 0.14
  264 G     4  -3  -1  -3  -3  -3  -2   4  -3  -3  -3  -3  -3  -4   1  -1  -2  -4  -4  -1   34   1   2   1   0   1   2  39   0   1   1   1   0   0   8   2   2   0   0   4  0.74 0.35
  265 S     1  -1  -2  -1  -2  -1   0   0  -2   1  -1   1  -1  -1  -1   1   3  -3  -2  -1   13   3   1   2   0   2   7   6   0  10   6  11   0   2   2   9  22   0   0   3  0.15 0.15
  266 Q    -1   0  -1   1  -3   2   3  -3   0  -1   0   1   0  -3  -3  -2  -2   2  -1   1    5   5   2   8   0  10  21   1   2   1  12  11   3   0   0   1   1   3   1  12  0.22 0.19
  267 V    -1  -4  -4  -4  -3  -3  -4  -4  -4   5   1  -2   2   1  -4  -1   2  -4  -2   2    3   0   0   0   0   0   0   0   0  38  10   2   6   7   0   3  14   0   1  14  0.59 0.33
  268 C     5  -4  -4  -4   3  -3  -4   0  -4  -3  -1  -2  -3  -4  -4  -1  -1  -5  -4   1   62   0   0   0   7   0   0   5   0   0   6   2   0   0   0   3   3   0   0   9  0.90 0.48
  269 K     0   2   0  -1  -4   3   2  -2   0  -2  -1   3  -1  -4  -3   0  -1  -4  -3  -2    8  10   4   2   0  14  15   2   2   1   5  24   1   0   0   5   3   0   0   2  0.35 0.24
  270 G     0   1   0   2  -4   1   3  -1  -1  -1  -2   2  -1  -2  -3  -1  -1  -4  -1  -3   10   7   3  13   0   4  27   4   1   4   5  13   1   1   0   2   2   0   2   0  0.31 0.23
  271 I    -4  -5  -4  -5  -4  -4  -5  -6  -5   6   2  -2   3  -1  -5  -2  -3  -5  -4   1    0   0   1   0   0   0   0   0   0  56  22   3   7   2   0   4   0   0   0   4  1.09 0.50
  272 R    -2   6  -3  -3  -3   3   0  -4   0  -4  -1   2  -2  -3  -4  -2  -2  -5  -4  -2    3  50   0   0   1  14   4   0   2   0   5  11   1   1   0   2   2   0   0   3  0.94 0.47
  273 D     1   2   0   0  -3   3   2  -2   1  -2  -2   1  -1  -1  -1   0  -1  -4  -2  -3   13  11   4   5   0  17  12   2   4   3   3  10   1   2   2   7   2   0   1   0  0.25 0.20
  274 S     0   4  -2   2  -4   0   2  -3  -1  -2  -2   0   0  -4  -3   0   0   1  -3  -2    8  26   0  14   0   3  16   1   1   2   3   4   2   0   0   8   7   2   0   1  0.39 0.26
  275 I    -2  -4  -2  -3  -3  -4  -4  -3  -2   6   0  -1   2  -3  -2  -3  -3  -4  -3   2    3   0   2   1   0   0   1   2   1  53   7   5   5   0   2   1   0   0   0  15  0.82 0.40
  276 K    -1   1  -3  -3  -3  -1   0  -2  -1   0   2   2  -1   2  -3  -2  -2   5   2  -2    4   8   1   0   0   2   7   3   1   5  21  13   0  12   0   2   2  11   8   0  0.32 0.23
  277 D     0   2   2   1  -4   1   3  -1   1  -2  -3   2  -2  -4  -3   0  -1  -4  -3  -1    9  10  12   6   0   7  20   2   3   2   2  14   0   0   0   6   2   0   0   4  0.30 0.21
  278 I    -2   1  -1   0  -4   2   5  -3  -2  -2  -3   2  -3  -4  -1  -1   0  -4  -4  -2    2   8   1   3   0  11  43   1   0   3   3  12   0   0   3   3   5   0   0   3  0.65 0.37
  279 L    -3  -1  -4  -4  -3  -3  -2  -5  -4   0   4  -3   1   1  -4  -3   4  -4  -3   1    0   4   0   0   0   1   2   0   0   5  39   0   2   5   0   0  33   0   0   8  0.68 0.40
  280 G    -1  -2   1  -1   0   1   0   5   3  -5  -4  -1  -3  -4  -1  -2  -2  -4  -4  -4    3   1   6   3   2   6   5  52   8   0   2   4   1   0   3   2   2   0   0   0  0.82 0.39
  281 Y    -3  -4  -4  -3   1  -4  -2  -5  -4   3   5  -4  -1   1  -4  -4  -3  -3   1   1    1   0   0   1   4   0   2   1   0  15  56   0   0   5   0   1   0   0   4   7  0.78 0.38
  282 T    -2   0   0  -3  -3   1  -1  -3  -3  -1  -2  -2   0  -4   1   1   6  -1  -4  -1    2   4   5   0   0   5   3   1   0   3   3   1   2   0   6   8  51   1   0   5  0.70 0.42
  283 T     4  -1  -3  -4   6  -3  -3   0  -4  -1  -2   0  -3  -4  -3   0   1  -4  -3   1   37   3   0   0  17   0   0   6   0   3   3   7   0   0   0   4   8   0   0  10  0.55 0.34
  284 S     0  -2   0  -3   3  -3   0  -3   0  -3  -5  -2  -4  -5  -4   6  -1  -5  -4  -2    6   1   3   0   6   0   4   1   2   1   0   2   0   0   0  67   3   0   0   3  1.08 0.57
  285 C     4   0  -4  -4  -1  -3  -3  -1   0   2  -1  -3  -2   1  -3  -2  -2  -4  -3   2   47   5   0   0   1   0   0   3   2  12   4   0   0   7   0   0   1   0   0  15  0.55 0.36
  286 G    -2  -5  -3   1  -5  -4  -4   7  -5  -6  -6  -2  -5  -2  -5  -3  -4  -5  -5  -5    3   0   0   8   0   0   0  82   0   0   0   2   0   2   0   0   0   0   0   0  1.83 0.68
  287 L    -2  -2  -4  -4  -1  -4  -4  -3  -4   5   1  -4   0  -2  -4  -4  -1  -4  -3   4    1   2   0   0   1   0   1   3   0  45  12   0   2   0   0   1   3   0   0  28  0.88 0.40
  288 S     4  -2  -3  -1  -3   0  -3   2  -3  -4  -3  -3  -3  -4  -3   4  -2  -5  -4  -3   37   2   0   3   0   5   0  15   0   0   3   0   0   0   0  32   1   0   0   0  0.73 0.44
  289 S    -1  -2  -1  -1  -3   1  -2  -3   1  -3  -4  -2  -3   2   5   0  -2  -3   4  -2    3   1   3   3   1   6   2   1   4   1   0   2   0  10  33   7   1   0  17   3  0.73 0.37
  290 T    -4  -4   7   0   1  -3  -2   0  -3   0  -2  -3  -4  -5  -5   0  -1  -5   0  -1    0   0  56   3   3   0   2   8   0   6   4   0   0   0   0   7   3   0   3   4  1.03 0.53
  291 K    -4   1  -3  -2  -6  -1   0  -3  -4  -3  -4   7   0  -4  -1  -2  -2  -6  -5  -4    0   6   0   2   0   2   4   1   0   2   1  71   3   1   3   2   1   0   0   1  1.34 0.64
  292 N    -2  -2  -2  -4  -4  -1  -4  -4  -2  -2   2  -2   2   6  -4   0  -2  -2   1   1    2   2   1   0   0   3   0   0   1   0  19   2   4  39   0   8   2   0   3  12  0.66 0.36
  293 V    -2  -1  -5  -5  -4  -4  -4  -5  -5   2   5  -2   0  -1  -5  -2  -3  -4  -3   1    4   3   0   0   0   0   0   0   0   9  66   2   2   1   0   3   1   0   0   9  0.91 0.44
  294 C     6  -4  -4  -3  -1  -4  -1  -1  -4  -5  -5  -2  -4  -5  -4   0  -3   1   0  -4   75   0   0   1   1   0   4   4   0   0   0   2   0   0   0   5   0   2   4   0  1.25 0.62
  295 K    -2   1  -1  -4  -6  -1  -1  -2  -4  -5  -5   7  -4  -6  -2  -2  -1  -6  -5  -5    2   6   2   0   0   1   2   3   0   0   0  76   0   0   2   2   3   0   0   0  1.53 0.67
  296 L    -3  -1  -5  -5  -3  -4  -5  -5  -5   5   3  -4   4  -1  -5  -4  -2  -4  -3   2    0   4   0   0   0   0   0   0   0  36  28   0  13   2   0   0   1   0   0  13  0.88 0.42
  297 A     6  -2  -4  -4   2  -4  -2   1  -4  -3  -2  -3  -4  -5  -4  -1  -3  -5  -4  -1   71   2   0   0   4   0   2   9   0   1   3   0   0   0   0   2   0   0   0   4  1.12 0.57
  298 S     0   0  -1  -2   1  -3  -3  -4  -4  -3  -3  -1  -4  -5  -4   6   1  -6  -5  -4    5   6   2   2   3   0   0   0   0   1   3   3   0   0   0  68   7   0   0   0  1.12 0.61
  299 N    -4   1   0   6  -6  -2   2   3  -1  -6  -6   0  -5  -6  -4  -1  -4  -6  -5  -6    0   7   3  45   0   1  14  21   2   0   0   5   0   0   0   4   0   0   0   0  1.02 0.49
  300 Y    -2  -1  -4  -4  -3  -1  -2  -4  -1   2   2   0   4   2  -4  -2  -3   4   1   1    2   3   0   0   0   3   2   0   1  11  22   8  13  11   0   2   0   7   4   9  0.39 0.26
  301 K     1   2   4   2  -3   1   0   0   1  -4  -4   2  -3  -2  -3  -1  -2  -4  -1  -3   12  12  24  10   0   5   6   6   4   0   0  14   0   1   0   1   0   0   2   2  0.42 0.28
  302 K    -4   1   0  -4  -6  -1   0  -5  -4  -3  -6   7  -2  -6  -5  -4  -1  -6  -5  -5    0   4   3   0   0   2   4   0   0   2   0  80   1   0   0   0   4   0   0   0  1.75 0.76
  303 P    -2  -2  -5  -4  -5  -4  -4  -5  -5  -5  -4  -1  -5  -5   8  -4  -2  -5  -1  -2    3   3   0   0   0   0   0   1   0   0   2   3   0   0  79   0   3   0   2   3  2.20 0.77
  304 D     0  -1   5   4  -4  -2  -1  -3   2  -4  -2  -1  -3   1  -4  -1  -3  -4   0  -4    8   3  33  24   0   0   3   1   5   0   4   3   0   6   0   4   0   0   3   0  0.67 0.37
  305 A    -2  -1  -1  -1  -5   0  -4   7  -4  -5  -5  -2  -5  -5  -4  -3  -4  -5  -5  -5    3   4   3   3   0   5   0  77   0   0   1   2   0   0   0   1   0   0   0   0  1.57 0.59
  306 Q    -3   0  -1  -3  -4   5  -2  -4  -3   3   2  -1   1   1  -4  -2  -3  -3  -3   0    1   5   3   0   0  29   0   1   0  19  23   3   3   6   0   2   0   0   0   4  0.51 0.34
  307 T    -1  -1  -2  -2   2  -3  -3  -3  -2  -2  -1  -1  -1   4  -3   1   3  -2   4   0    4   3   1   2   4   0   0   1   1   0   6   3   1  17   0   9  23   0  15   7  0.38 0.28
  308 I    -2  -2  -4  -4  -1  -1   0  -4   0   2   2  -2  -1  -1  -4  -2  -1  -4  -2   5    1   2   0   0   1   2   6   1   3   9  16   3   0   2   0   1   3   0   1  47  0.54 0.32
  309 V    -3  -5  -5  -5  -1  -5  -5  -3  -5   5   2  -5  -1  -2  -5  -4  -2   3   0   4    0   0   0   0   1   0   0   2   0  36  20   0   0   1   0   0   2   5   4  29  0.90 0.44
  310 K    -1   1   0   1  -2   0   0  -1   1  -3  -1   0  -1  -3   3   1   3  -1  -2  -3    3   9   4   7   0   3   7   3   3   0   8   4   1   0  15   8  22   1   1   0  0.27 0.22
  311 N     0  -1   1  -1  -5  -1   1  -4   0  -3  -5   1  -4  -1   6  -1  -3  -2   2  -4    7   3   6   2   0   3  10   0   2   1   0   8   0   2  44   3   0   0   7   1  0.94 0.45
  312 D     0   1   1   3  -1   0   4   0   1  -2  -4  -1  -4  -4  -2  -1  -3  -5  -2  -2    9   7   5  22   2   3  29   7   4   2   0   1   0   0   1   4   0   0   2   2  0.47 0.31
  313 C    -1   1   2   3  -1   2   3  -3   0  -5  -4   1  -1  -5  -3   1   0  -5  -4  -4    4   8  12  14   1  11  24   1   2   0   0   6   2   0   0   9   6   0   0   0  0.49 0.31
  314 L     1  -2  -3  -3  -1  -1   0   0   0   2   0  -3   0  -1  -4  -1  -1  -1  -3   4   10   2   0   0   1   2   9   7   3  16   5   0   2   3   0   4   3   1   0  32  0.28 0.24
  315 L     0   1  -1   0  -3   1   2  -2   0   0  -1   1   1  -1   2  -1  -1  -4  -3  -1    7   9   1   6   0   8  13   2   2   9   6  10   5   2  12   4   2   0   0   3  0.16 0.15
  316 D     1  -1   0   4  -2   1   3  -1   0  -2  -4  -1  -4  -5  -2   0   0  -5  -4  -3   14   2   4  31   1   6  19   4   2   2   0   3   0   0   1   5   4   0   0   1  0.52 0.32
  317 F    -3  -3  -2  -2  -4  -4  -1  -4  -3   0   1  -3   1   7  -4   0  -1  -2   0   0    1   1   2   2   0   0   4   1   0   4  13   1   3  49   0   8   3   0   1   5  0.82 0.40
  318 L    -3   0  -4  -4  -3  -3  -4  -5  -4   3   4  -2   1   1  -4  -3  -2  -3  -2   3    1   5   0   0   0   0   0   1   0  16  41   3   2   6   0   1   1   0   0  22  0.63 0.32
  319 D     0   1   1   1  -2   0   1  -1   1  -2  -2   2  -1  -1  -1   1   0   1  -1  -2    6   7   6   7   0   2  12   4   4   1   3  17   2   3   2  13   4   2   1   2  0.16 0.11
  320 C     0   0   0   0   0   0   0   0  -1   0   0   0   1  -1  -1   0   1  -1  -1   1    6   3   5   5   2   2   5   5   1   7   6   9   5   2   3   6  12   1   2  12  0.02 0.03
  321 G     1  -1   1   0  -1   0   1   0  -1  -1  -1   0  -1  -1  -1   0   0   5   0   0   15   3   7   4   1   2   9   7   1   2   7   5   2   2   2   7   4  10   4   6  0.13 0.08
  322 K     0   0   1   3  -3   1   0  -1  -1  -3  -3   0  -3  -2   4   1  -1  -3  -3  -3    6   4   8  16   0   7   6   4   1   1   2   5   0   2  25   9   1   0   1   1  0.45 0.22
  323 F    -3  -2  -4  -2  -3  -3  -2  -4  -4   0   5  -1   1  -1  -4  -3   0  -3  -3   1    1   1   0   2   0   0   2   1   0   4  65   4   3   2   1   1   5   0   0   7  0.79 0.38
  324 E    -3   0  -2   2  -5  -1  -1  -4  -1  -2  -4   0  -4  -4   7  -1  -2  -5   1  -4    1   5   1  12   0   3   4   0   1   2   1   5   0   0  51   5   2   0   5   0  1.16 0.49
  325 I    -3  -5  -5  -2  -3  -4  -5  -5  -5   5   2  -4  -1  -3  -5  -4  -3  -5  -3   4    1   0   0   3   0   0   0   0   0  34  23   0   0   0   0   0   0   0   0  37  1.00 0.45
  326 T     0   3   1   0  -4   0   2   2  -2  -3  -4   1  -3  -4  -3   1   1  -4  -3  -3    8  20   6   4   0   2  16  14   0   1   0   8   0   0   0  10  10   0   0   0  0.36 0.25
  327 S    -1   2  -1   3  -2  -1   2  -3  -3  -2  -3   5  -1  -4  -3  -1  -1  -5  -4  -3    5   8   2  15   1   0  12   0   0   3   2  41   2   1   0   4   2   0   0   1  0.61 0.36
  328 F    -3  -4  -4  -5  -3  -4  -4  -5  -4   4   3  -4   4   3  -4   0  -3  -3  -2   1    0   0   0   0   0   0   0   0   0  31  28   0  10  13   0   7   0   0   0   8  0.75 0.38
  329 W    -2   1  -4  -4  -4  -3  -3  -3   4  -4  -3  -1  -4   1   5  -1  -3   6   1  -1    3   7   0   0   0   0   0   2  12   0   1   3   0   7  36   4   0  13   4   5  1.02 0.46
  330 T    -3  -4  -3  -2  -5  -1  -2   7  -4  -5  -5  -4  -1  -3  -4  -1  -1  -5  -2  -5    0   0   0   3   0   3   2  78   0   0   1   0   2   1   0   3   4   0   2   0  1.57 0.61
  331 L    -3  -4  -5  -5  -3  -4  -5  -5  -5   4   1  -2  -2  -3  -5  -4  -3  -5  -4   6    1   0   0   0   0   0   0   0   0  24  11   3   0   0   0   0   0   0   0  58  1.18 0.52
  332 G    -1  -5  -3  -2  -5  -4  -1   7  -4  -6  -6  -4  -5  -5  -5  -2  -4  -5  -5  -5    5   0   0   3   0   0   5  81   0   0   1   0   0   0   0   2   0   0   0   0  1.76 0.65
  333 G    -1   1   0  -2  -4  -1   0   0   0  -4  -4   5  -4  -4   3   0  -2  -4  -2  -4    3   7   3   2   0   1   6   9   2   0   0  42   0   0  13   8   1   0   1   0  0.64 0.37
  334 V     1   1  -3  -4   2  -2  -3  -4  -4   0  -2   3  -2  -4  -3   0   0  -5  -3   4   12   7   0   0   5   0   0   0   0   4   0  22   0   0   0   7   7   0   0  35  0.51 0.36
  335 L    -2  -3  -3  -4  -1  -2  -3  -4  -2   0   2  -2   3   1  -1   1   5  -4  -3  -1    2   0   0   0   1   1   0   0   1   4  19   2   9   6   2   8  43   0   0   2  0.64 0.41
  336 G     3  -1  -2  -2  -3  -1   2   2  -3  -3  -2   1  -3  -2  -3   0  -2  -4  -2   0   32   3   1   1   0   2  16  15   0   0   3   9   0   1   0   6   1   0   1   8  0.34 0.27
  337 K     1   2  -1   0  -5   2   5  -3   0  -5  -4   2  -4  -5  -2  -1  -2  -5  -2  -4   12  10   2   4   0   7  38   1   2   0   0  14   0   0   2   4   2   0   1   0  0.62 0.37
  338 E    -1   3   0   0   0   0   0  -3   1  -1  -4   5  -2  -4  -3   0   0  -5  -3  -3    3  17   3   5   2   2   5   0   4   5   0  40   1   0   0   5   6   0   0   1  0.59 0.35
  339 L    -4  -5  -5  -6  -4  -4  -5  -6  -5   2   6  -5   4  -2  -5  -5  -3  -4  -4  -1    0   0   0   0   0   0   0   0   0  11  74   0   9   1   0   0   1   0   0   2  1.35 0.56
  340 I     1   0   2  -1  -2   1   1  -2   3   0  -1   1   0  -2  -1  -1   0  -3  -1   0   12   5  14   1   0   5   9   1  10   8   4   9   2   1   3   2   4   0   2   7  0.12 0.13
  341 D     1   1   1   3  -3   1   2  -2  -2  -3  -2   1  -2  -3  -2   1   0  -3  -3  -3   11   6   7  18   0   5  13   1   0   1   5  10   0   0   1  14   5   0   0   1  0.28 0.19
  342 V    -1  -2  -2   0   3  -2  -3  -3  -2   2   3  -2   4   0  -3  -1  -1   1  -2   0    6   1   1   6   6   1   1   1   1  11  36   2  12   3   1   3   2   2   0   4  0.35 0.22
  343 L     0  -3  -1  -2  -3  -2  -2   5   1  -3   1  -1  -2  -3  -1  -1  -2  -3   0  -2    7   1   3   1   0   1   3  45   4   1  15   4   0   1   3   4   1   0   4   2  0.51 0.26
  344 D    -1  -2  -1   2  -2  -1  -1   1  -2   3   1  -2   0  -1  -3  -1  -1  -3  -2   1    2   1   3  14   0   3   3  11   1  28  12   1   1   1   1   5   3   0   1   9  0.20 0.17
  345 L    -1   0   1  -1   0   0   1  -2   1   1   1   1  -1   1  -2  -1  -1  -2   0   0    1   5   7   3   2   5   8   1   4  14  12  13   0   6   1   3   3   0   4   7  0.06 0.09
  346 P    -2   1   0  -2  -3   1   0  -1  -2  -1  -1   1   0  -3   0   0   4  -3   0  -2    1   9   3   1   0   5   4   4   0   2   4   8   3   1   4   7  36   0   4   2  0.33 0.24
  347 H     0  -2  -2   0   4  -1  -1   1   2   1   0   0  -1  -2  -2  -1   0   1  -2   0    5   1   1   6  13   2   3  12   8  14   7   7   0   1   1   2   7   2   1   6  0.15 0.14
  348 E     1   2   0  -1  -1   0   1   1  -1   0  -1   1  -1  -2  -1   0  -1   0  -1  -1   12  12   3   2   2   5   9  15   0   8   5   9   0   1   2   6   2   1   2   4  0.09 0.09
  349 N    -1   0   0   5  -3   1   1  -1   0  -2  -1   0   0  -3  -1  -1   0  -3  -3  -2    6   4   4  35   0   8   8   4   2   3   5   4   3   1   3   3   6   0   1   1  0.38 0.21
  350 S    -1  -1  -2  -1   0  -1  -1   0  -2   1   2  -1   1   0  -2   0   1  -2  -2   1    3   3   1   4   2   3   2   9   0   8  27   3   4   3   1   5  11   0   1  11  0.10 0.10
  351 I     1   1  -2   0  -2   2  -1  -2  -2   1   2   0   0   0  -2  -1   0  -2  -1  -1   17  10   1   5   0  10   3   3   0   9  22   3   1   3   1   3   5   0   1   2  0.11 0.13
  352 K     1   2   1   1  -3   1   1  -1  -1  -2  -2   2  -1  -2  -2   0  -1  -3   0  -1   15  11   8   7   0   6   8   2   1   1   2  19   1   2   1   7   3   0   3   4  0.19 0.14
  353 H    -1  -1  -1  -2   0  -1  -1  -1   0   1   1   1   1   1  -2   0   1  -2   2   0    4   3   2   1   2   2   4   3   2   8  15  10   4   6   1   7  11   0   8   7  0.05 0.08
  354 I    -1  -1   0   1   0   0   0   0   0   0  -1   0  -1   0   2   1   0  -2   1   0    2   1   4  11   2   3   6   6   2   8   7   4   1   3  10  13   6   0   6   5  0.08 0.07
  355 R    -1   2  -1  -2  -3   1   2  -1  -2  -1   0   2  -1  -1   0  -1   0  -3  -1  -1    4  15   1   1   0   7  14   4   0   2  14  13   0   3   4   3   7   0   2   4  0.15 0.14
  356 E    -1   0   1   3  -3   1   2  -1   2  -2  -2   1   0  -3   0  -1  -1   1  -2  -2    5   3   6  18   0   8  19   5   5   1   3   7   4   1   4   3   4   2   0   2  0.24 0.16
  357 T    -1  -1   0   1  -2   0   1  -2   2   0   1   0   0   1  -2  -1   0  -2   1   0    4   3   3   7   0   2  11   2   6   4  20   6   3   9   1   3   7   0   4   5  0.07 0.09
  358 W    -1  -2  -2  -3  -3   0  -2  -2  -2   0   3   0   0   3  -3  -2  -2   3   3  -1    5   2   2   1   0   5   1   3   0   3  38   7   1  12   1   1   1   4  10   3  0.35 0.22
  359 P     0   0  -1  -1   0   0   0   1  -1   1   0   1   0  -2   0   0   0  -2  -1   0    6   3   2   2   2   4   8  13   1  12   8  13   2   1   5   7   5   0   3   4  0.05 0.06
  360 D    -1   2   0   2  -3   1   2  -1  -1  -2  -1   2  -1  -1  -1   1  -1   0  -2  -2    5  10   3  11   0   6  18   3   1   3   6  14   1   3   2  10   1   1   0   1  0.22 0.16
  361 N    -1   2   0  -1  -1   0   0  -3   2   1   0   1   0  -2  -2   0   2  -3   0   0    3  17   4   2   1   2   5   1   6  10   8   9   2   0   1   4  16   0   4   6  0.14 0.14
  362 A    -1  -2  -4  -4  -1  -3  -2  -3  -2   3   2  -2   1   4  -4  -2  -1   0   1   1    4   1   0   0   1   0   3   1   1  23  20   3   3  21   0   2   4   1   4   7  0.39 0.23
  363 G    -2  -2  -1  -2  -4  -1  -2   5  -2  -2  -4  -3  -4   0  -4  -1  -3   5   0  -2    2   3   3   2   0   3   2  56   1   2   1   0   0   4   0   4   1  10   3   3  0.96 0.44
  364 Q    -2   2   0   2  -2   1   2  -2   1   0  -2   3   0  -2  -1  -1  -2  -4  -3  -2    1  11   4  12   1   7  16   1   4   7   2  21   3   2   2   2   1   0   0   2  0.31 0.22
  365 L     0  -1  -1  -3  -3  -1  -3  -3   0   1   3  -2   1   2  -3  -1  -1  -3  -1   1    9   4   3   0   0   2   0   1   2   7  36   2   3  12   0   4   3   0   1   9  0.27 0.20
  366 K     2  -1  -2  -3  -2  -1  -2   3   0  -1  -2   2  -1  -3  -1   1  -1  -3  -2  -1   18   2   0   0   1   3   1  28   3   4   4  14   2   1   2   9   2   0   1   5  0.29 0.21
  367 E     0   2   0   0  -2   2   1  -1   4  -2  -2   1  -1  -2  -1   0  -1  -2   0  -2    8  16   4   5   1   9   9   3  14   1   3   9   1   1   2   6   2   1   4   2  0.25 0.18
  368 F    -1  -1  -2  -1  -2  -1  -1   2  -2   0   1  -1   0   3  -3  -1   0   0   0   0    3   4   1   4   0   1   2  16   0   6  11   4   2  20   1   5   5   1   3   9  0.13 0.13
  369 L    -2  -1  -2  -3  -2  -1  -2  -3  -2   3   2  -2   0   1  -2   0   1  -2   2   0    1   3   1   1   0   2   2   1   0  19  25   2   1   6   2  10   9   0   9   5  0.22 0.17
  370 D    -1  -2   0   3  -3   1   1  -1   0   0   0  -1   0   0  -1  -2  -2   1   2   0    3   1   4  25   0   6   8   3   3   4  10   2   2   4   2   1   1   2  11   6  0.20 0.15
  371 A     0   1   1   1  -2   0   2  -1  -1  -1  -1   0  -1  -2   0   0   1  -1   0  -1    9   8   6   9   0   3  14   3   1   3   8   6   2   1   4   6   9   1   4   4  0.08 0.07
  372 K    -1   4  -1  -2  -2   1   0  -2   0  -1  -1   3  -2   0  -2   0   0  -3  -1  -2    3  26   2   1   1   5   5   2   2   4   6  23   0   4   1   5   5   0   1   2  0.32 0.19
  373 V     1  -1  -1  -1  -2  -1  -1  -1  -2   0   2  -1   1   1   1   0  -1  -2  -1   0   17   3   3   3   0   2   4   4   1   6  25   3   3   6   8   4   2   0   1   4  0.09 0.09
  374 K     0   1   1  -1  -2   0   0  -1   2   0  -1   1  -1  -2  -1   0   0  -2  -1   1    8  11   8   1   1   3   7   4   5   4   6  13   1   1   1   4   4   0   2  15  0.08 0.08
  375 Q    -1  -1   0  -1   0   3   2   2  -1  -2  -2   1  -1  -3  -2   0   1   0  -2  -1    3   3   3   3   2  17  13  19   1   2   2   8   1   1   1   4  11   1   1   4  0.24 0.16
  376 S     1  -1   2  -1  -2  -1   0  -1  -1   1  -1   0   0  -2   0   1   1   0  -2   0   10   2  11   3   1   1   4   2   1  11   4   6   3   1   5  14  10   1   1   7  0.09 0.09
  377 D    -1  -1   1   4  -2   1   1   0   2  -2  -2   0  -2  -2  -1   1   0  -2  -1  -2    2   2   5  30   1   5   9   5   6   1   3   4   1   1   3  12   4   0   2   2  0.34 0.17
  378 Y     0   1  -1   0  -2  -1   0  -1   1  -1   0  -1  -1   3   0   0  -1   0   3  -1    6  10   3   6   1   2   4   4   3   4   8   2   1  16   4   9   2   1  14   2  0.14 0.11
  379 D     0   2   1   0  -2   0   1   2  -1  -2  -1   0  -1  -1   0   0   0  -2  -2  -2    7  17   7   5   1   2   9  17   1   2   6   2   1   4   5   6   6   0   1   2  0.13 0.09
  380 R     0   3  -1  -1  -2   0   1  -1  -1   1  -1   0  -1  -1   0  -1   0  -2  -2   1    6  24   2   3   1   3  10   3   1  10   3   5   1   2   5   3   4   0   1  11  0.16 0.11
  381 S     0   1   0   0  -2   0   0  -1   1  -1  -1   3  -1  -1   1   0   0  -2  -1  -1    7   5   4   6   1   4   2   3   4   3   8  25   1   3   8   8   4   1   1   3  0.14 0.09
  382 T    -1  -1   0   0  -1  -1  -1  -1  -1   0   0  -1  -1  -1   0   2   2  -1   1   0    3   3   4   5   1   2   3   5   1   5  10   4   1   1   4  21  15   0   6   6  0.10 0.09
  383 S     0   1  -1   0  -1  -1   0   1  -1   1   0   0   0  -1   0   0   0  -2  -1   1    5   9   2   4   1   2   7  10   1   8  10   5   2   1   3   9   5   0   1  14  0.03 0.04
  384 N     0  -1   2   1  -2  -1  -1   1  -1  -2  -1  -1  -1  -2   1   2   1  -2   0  -1    5   3  10   7   1   1   3  11   1   2   7   2   1   1   7  25   7   0   3   3  0.16 0.11
  385 I    -1   0  -1  -2  -2  -1  -1  -1  -1   1   0   0  -1   1   0  -1  -1   3   2   2    5   6   2   2   1   1   4   3   2   8   7   6   1   5   4   4   2   6   7  24  0.11 0.09
  386 D    -1   0   0   1  -1   1   3  -2   0  -1  -1   0   0  -2  -1   0   1  -2  -1  -1    4   6   5   7   2   5  27   3   1   3   7   5   2   1   2   5  10   0   3   4  0.18 0.11
  387 P    -1   1   1   0  -1   0   0   0   0  -1  -1   0  -1  -2   3   1   0  -2  -1  -1    4   9   6   6   1   5   4   6   2   3   5   5   1   1  16  12   6   0   2   5  0.16 0.07
  388 L     0  -1  -1   0  -2   0   1  -1   1   0   1   0  -1  -1  -1   0   2  -2  -1  -1    5   2   2   6   1   3   9   3   3   7  14   5   1   2   2   7  21   0   2   3  0.09 0.08
  389 K    -1   2   0  -1  -2   0  -1   0   1  -1   0   2  -1   1  -1   0   0  -1   2  -1    3  15   3   2   1   5   3   8   3   2   9  14   1   9   2   5   5   0   8   4  0.10 0.08
  390 T     0   0   0   1  -2   0   0   0  -1   0   0   0   0   1   1   0   0   0   0   0    8   5   3   9   1   2   8   6   1   6   8   4   2   8   6   7   5   1   4   5  0.03 0.02
  391 A     0   2  -1  -1  -2   0   1   2  -1  -1  -2   0  -1  -2   1   0   1  -2  -2  -1    7  15   1   3   0   4  11  16   1   5   3   4   2   2   8   4   9   0   1   5  0.13 0.10
  392 D    -1   1   0   3  -3   0   1  -2  -2  -1  -3   3  -2  -3  -2   0   0  -3  -3  -1    4   8   3  23   0   2   7   3   0   3   2  25   0   1   1   6   6   0   1   4  0.36 0.21
  393 L    -1   0  -1  -1  -2   0  -1  -2  -1   1   1  -1   1   2  -2   2   1  -2  -1  -1    2   5   3   2   0   3   2   1   1  12  17   2   3   9   1  22   9   0   1   3  0.14 0.15
  394 A     0  -1  -2  -2  -2  -1  -1   3  -1   1  -1  -1   0  -2   2  -1  -1  -2   0   0    7   4   1   2   0   2   5  23   2  13   6   3   2   1  11   4   2   0   5   8  0.16 0.13
  395 E     0   0   0   2  -3   1   1   2   0  -1  -2  -1  -2  -1  -1   0   0  -3  -1  -1    5   6   5  12   0   9  10  20   3   3   3   1   0   3   3   7   6   0   2   3  0.16 0.12
  396 K     0   2   1   1  -2   0   1  -1   1  -1  -1   1   0  -2  -2   1   0  -3  -1   0    5  16   6   7   1   3   9   5   5   3   6   6   3   1   1  12   3   0   2   7  0.09 0.09
  397 L    -1  -3  -3  -2  -3   0   2  -4  -3   1   4  -3  -1   0  -4  -2  -1  -3  -1  -1    4   1   0   2   0   5  18   1   0   8  47   0   0   3   0   2   4   0   1   3  0.49 0.32
  398 F    -1   0  -3  -2  -4  -1  -2  -3   2   0   0  -2  -2   1  -4  -1   0   6   5   0    4   5   0   2   0   2   2   1   4   6  10   2   0   5   0   5   6  13  26   6  0.55 0.32
  399 K    -1   1   2   1   2   0   1  -1   1  -3  -1   0  -2  -3  -1   0   2  -3   1  -2    4   7  11   9   6   4   9   3   4   0   7   4   0   0   2   5  19   0   6   1  0.18 0.18
  400 L    -2   1  -3  -2  -3  -2  -1  -4   0   1   3  -1   1   2  -4  -2  -2  -2   2   1    2   7   1   3   0   1   3   0   3   9  33   4   3  11   0   1   1   0   7   8  0.28 0.21
  401 S     4  -2  -3   0   5  -2   0  -1  -3  -3  -2  -1  -3  -3  -1   2  -1  -4  -4  -2   41   2   0   5  12   1   5   2   0   1   3   3   0   1   3  16   2   0   0   2  0.51 0.35
  402 R    -2   5   0  -2  -5   2   0  -4   3  -4  -3   2  -3  -2  -3  -1  -2  -4  -3  -2    3  41   4   1   0   7   6   0   9   0   3  14   0   2   1   4   1   0   0   3  0.71 0.39
  403 G     0  -3   1   2  -4  -3  -1   5   0  -5  -2  -2  -4  -3  -4  -2  -3  -5  -4  -2    7   1   6  12   0   0   4  57   2   0   5   1   0   1   0   1   1   0   0   2  0.93 0.44
  404 R    -2  -1  -4  -4  -3  -4  -1  -2  -1   6   2  -4  -1  -2  -3  -1  -2  -2  -1   1    3   4   0   0   0   0   4   3   1  52  15   0   1   0   1   4   1   1   3   6  0.69 0.39
  405 Y    -3  -1  -1   6  -2  -2   1  -2   0  -3  -4   0  -4  -3  -4   1  -2  -1   2  -2    1   2   2  46   1   0   8   3   2   1   1   7   0   0   0  10   2   1   8   4  0.74 0.41
  406 G    -1  -2   3   2  -3  -1   2  -1   3  -2  -1  -1   0  -2   0   0   1  -1  -2  -1    5   1  15  13   0   0  14   4  10   2   7   2   2   2   4   4   9   1   1   3  0.21 0.18
  407 L    -1   4   0   1  -3  -1   0  -2  -2   0   1  -1  -2  -3  -3   1   0  -3  -2  -1    3  27   4   7   0   1   7   2   0   5  16   2   0   0   0  12   5   0   1   5  0.23 0.21
  408 P    -3  -1  -3   0  -5  -1   5  -4  -2  -1  -1  -1  -2  -4   5  -2  -2  -4  -1  -4    1   4   0   4   0   2  37   0   1   3   8   2   1   0  30   2   1   0   2   0  0.87 0.44
  409 L    -1  -3  -2  -4  -3   0  -3  -4  -2   2   2  -2   0  -2  -4  -2  -2  -4  -1   5    3   0   2   0   0   4   1   0   1   8  19   3   2   0   0   3   1   0   2  49  0.63 0.36
  410 S    -1   0   2   0   2   0   2  -2  -1  -1  -2   3  -1  -3  -3   1   0  -4  -2  -1    4   4  11   4   6   3  13   1   1   4   4  21   1   0   0  11   6   0   1   4  0.22 0.19
  411 S     0  -1   0   0  -1  -1   1  -2  -1   0  -1  -1  -2  -2   4   0   1   1  -2  -1    8   2   3   6   1   2   9   3   1   5   8   2   0   1  26   6  10   2   1   2  0.33 0.21
  412 R     0   3   1   1   0   1   2  -2   1  -3  -2   0   0  -3  -1   1  -1  -3   0  -1    6  21   6   7   2   7  17   1   3   0   2   3   2   1   2   9   2   0   3   6  0.26 0.20
  413 P    -1   4  -2   0  -1   2   1  -1  -2  -1   0   1   0  -3  -1  -2  -2  -4  -3   0    5  29   0   5   1   9  11   6   0   3  11   5   2   0   2   2   1   0   0   6  0.29 0.22
  414 V    -1   0  -2  -1  -3   1   2  -2  -2   2   1   0   1  -2   0  -1  -1  -3  -2   1    3   6   1   3   0   7  15   2   0  14  14   6   4   1   4   3   2   0   0  14  0.13 0.14
  415 V    -1   4  -3  -4  -2  -1  -2  -4  -1   1  -1  -1  -1  -2   3  -1  -2  -1  -1   3    5  27   0   0   1   2   1   0   1   8   5   1   1   1  14   5   0   1   2  25  0.45 0.32
  416 K     1   0  -3  -3   0   2   0  -2  -3  -2  -4   5  -3  -3  -1  -1  -1  -2  -2  -3   12   3   0   0   2  10   4   3   0   2   1  50   0   1   2   4   2   1   1   1  0.73 0.44
  417 S     0   2  -1  -1  -4   1  -1  -2   0  -2  -1  -1  -3  -3  -3   5  -1  -1  -4  -2    5  11   2   3   0   6   3   2   2   2   6   2   0   1   1  49   2   1   0   2  0.54 0.41
  418 M    -3   3  -4  -3  -2  -2  -4  -5   0   4   0  -2   2  -1  -4  -1  -2  -5  -2   3    0  20   0   1   1   1   0   0   3  30   4   1   6   2   0   6   1   0   1  25  0.61 0.38
  419 M    -1  -3  -2  -3  -1  -1  -2   4  -3  -1   2  -2   1  -2  -3   3  -2  -4  -2  -2    2   0   0   0   1   3   2  32   0   2  20   2   5   1   0  24   1   0   1   2  0.46 0.32
  420 S     0   3   0  -1   1   0   1  -3   1  -2  -2   1  -2  -2  -3   2   0  -4  -2   1    6  17   4   2   4   4   9   0   4   0   2  11   0   1   0  17   7   0   1  11  0.23 0.21
  421 N     0   0   1   0  -4  -1   4   1  -2  -2  -2   1  -3  -3  -3   1  -1  -4  -2  -1    6   4   5   4   0   1  37  10   1   2   5   6   0   1   0  12   1   0   1   4  0.38 0.29
  422 K    -1   3  -1   1  -4   1   1  -1   2  -1  -1   3   0  -3  -3   0   0  -4  -2  -1    2  17   0   7   0   4  10   3   7   5   5  18   2   0   0   9   5   0   0   4  0.25 0.21
  423 N    -2  -1   3  -1  -4   1  -1   1  -3  -4  -3   0  -3  -5  -4   1   5  -5  -2  -3    2   3  14   2   0   5   3  10   0   0   2   4   0   0   0   7  45   0   1   0  0.69 0.45
  424 L    -1   0  -3  -5  -4  -4  -4  -5  -2   0   2   0  -1   5  -5  -3   0   1   3   0    4   5   1   0   0   0   0   0   1   3  22   7   0  32   0   0   7   2  10   6  0.61 0.36
  425 R     1   1  -1  -1  -2   0   0  -1  -1  -2  -1   1   0  -2   3   1   0   0   0  -1   12   7   2   2   0   2   7   2   1   2   7   9   3   1  16  13   5   1   5   3  0.18 0.12
  426 G     1  -1  -1   0  -3   0   1   4   0  -3  -1  -1  -2  -2  -2   0  -2  -3  -1  -2   10   3   3   4   0   5  10  40   2   1   6   3   0   2   1   4   1   0   2   2  0.40 0.21
  427 K    -2   3   1   2  -2   1   1  -3  -2  -2  -2   3  -2  -1  -3  -1   0  -4  -2  -2    1  19   5  15   1   7   8   0   0   3   3  21   1   4   0   2   7   0   1   2  0.36 0.25
  428 S    -1   0  -1   3  -3  -1  -1  -3  -3   0  -1   0  -2  -3  -1   1   4  -4  -2   0    3   6   1  22   0   3   1   1   0   5   6   4   0   0   2   8  30   0   1   6  0.37 0.28
  429 C    -1  -3  -2  -2   1  -1  -3  -3  -1   2   2  -1   1   0  -1  -1   0  -3  -2   3    3   0   1   2   4   2   1   1   2  13  21   4   4   4   2   3   7   0   0  25  0.24 0.18
  430 N    -1   0   2   1  -3   0  -1  -2   1  -1  -1   1  -2  -2  -3   0   2  -3   1   0    2   5  14   9   0   3   1   1   4   2   8  12   0   1   0   6  17   0   5   9  0.17 0.18
  431 S    -1  -1   1   1  -3   0  -1  -2  -2   1   1  -1  -1  -2   0   1   1   0  -1   0    3   1   7  11   0   4   3   1   0   7  16   4   0   1   4  17   8   2   2   8  0.10 0.14
  432 I    -2   0  -1   1  -4   1   3  -4  -3  -1   1   3   0  -1  -1  -1   0   0  -3  -3    1   4   3   6   0   4  24   0   0   3  13  24   2   3   3   3   5   2   0   0  0.34 0.28
  433 V    -1   0  -1   2  -1   0   2  -1  -2   1   0   0   0  -1  -3  -1  -1  -4  -1   2    2   5   1  13   1   3  19   5   1   9   8   5   2   2   0   2   1   0   2  19  0.16 0.17
  434 D     0   3  -2   2   0   0   3  -3  -1  -2  -1   3  -3  -4  -3  -1  -2  -4  -3  -1    6  16   0  13   3   3  22   0   1   2   7  18   0   0   0   3   1   0   0   4  0.38 0.28
  435 C     0  -2  -2  -2   4   0  -1  -2   0   2   1  -1  -1   2  -3  -1   0   1   3   0    8   1   1   1  11   5   3   3   2  17  11   3   0   9   0   2   4   2  11   6  0.19 0.18
  436 I     1  -1  -1  -1  -2   0   0  -1   1   1   1   0   0  -1  -1   0   0   0   0   0   16   1   3   2   0   6   5   4   4  11  19   5   1   2   2   6   3   1   4   6  0.05 0.09
  437 S     0   0   1   5  -4   2   1  -2   1  -3  -3   0  -3  -4  -2   1  -2  -4  -3  -2    8   6   6  33   0   9   8   2   3   2   3   5   0   0   2   9   1   0   0   2  0.46 0.28
  438 W     0  -2  -3  -4  -4  -2   0  -4   1   0   0   1   1   5  -4  -2  -2   5   0  -1    7   2   0   0   0   1   7   0   3   6   6  12   4  34   0   2   1   7   1   5  0.53 0.32
  439 L    -2  -2  -4  -3  -1  -2  -3  -4  -4   3   4   0   0   1  -2  -2   0   0  -2   1    1   1   0   2   1   1   1   0   0  19  43   6   1   4   2   2   6   1   0   7  0.45 0.28
  440 E    -2   1   1   1  -3   3   2  -3   2  -1   0   1  -1  -3   1  -1   0   1  -1  -1    1   8   6   8   0  14  13   0   5   2   9   8   1   0   7   0   7   2   2   4  0.21 0.17
  441 V    -1   1  -1   0  -1   2   2  -2   0   0   0   1   0  -2  -1   1   0  -3  -2   0    1   7   1   3   1  10  18   1   2   6   7   9   3   2   3  13   5   0   0   7  0.15 0.15
  442 F    -2  -1  -1  -4  -3  -2  -2  -4  -1   0   4  -2  -1   2  -4  -1   0  -3  -2  -1    2   4   4   0   0   1   2   0   2   5  55   2   0   7   0   5   7   0   1   1  0.53 0.33
  443 C     2  -1  -2  -3   4  -1   0  -2  -1   0   0  -1  -1   0  -3   2  -2  -3   2  -1   19   4   0   0  10   3   5   1   2   7   8   2   1   3   0  22   0   0  10   4  0.24 0.24
  444 A     0  -1  -1   2  -4   2   3   0   0  -2  -3   1  -3  -4   1   0   0  -4  -3  -3    6   2   2  12   0   8  26   7   2   4   2   9   0   0   7   8   5   0   0   0  0.33 0.23
  445 E    -2   1   0   2  -4   0   4  -3  -1  -1  -2   3  -1  -4  -2   0   0  -5  -2  -3    1   6   3  12   0   3  30   1   1   5   3  18   1   0   1   7   7   0   1   1  0.41 0.28
  446 L    -2  -3  -2  -5  -3  -4  -4  -4  -4   2   4  -3   0   0  -4  -2   2   0  -3   3    2   1   2   0   0   0   0   1   0   8  42   1   1   2   0   3  12   1   0  24  0.57 0.35
  447 T     1   0  -1  -2   0   0   2   0   1  -2  -1   0  -2  -2  -2   1   1   3  -1  -2   16   4   1   1   2   3  14   6   4   2   8   5   0   1   1  12  12   4   1   2  0.15 0.16
  448 S     0   2   1  -1  -4   2   3  -2   1  -3  -2   1  -3  -4  -1   2   0  -4  -3  -1    8  11   5   1   0   7  24   2   3   1   4   8   0   0   2  15   4   0   0   4  0.30 0.23
  449 R     0   6  -1  -2  -5  -1  -1  -3   0  -3  -3   2  -3  -4  -3   0  -2  -4  -2  -3    8  56   2   2   0   1   3   2   2   2   1  10   0   0   1   6   2   0   1   2  0.92 0.45
  450 I     0  -3  -3  -4  -3  -2  -3  -2  -3   2   4  -2   2   1  -2  -2   0  -3  -2   1    7   1   0   0   0   1   1   2   0   9  47   2   6   6   1   1   7   0   1   7  0.43 0.26
  451 Q     0   1   1   1   0   3   1  -1  -1  -1   0   0  -1  -2  -2   0   2   1  -2  -2    5   7   5   7   2  16   6   3   1   5   9   6   1   1   1   7  15   2   0   0  0.15 0.15
  452 D    -1   2   0   2  -4   1   1  -2   1  -3  -2   4   0  -4  -3  -1  -1  -1  -3  -3    4   9   2  14   0   6   8   3   4   0   5  35   2   0   0   3   3   1   0   1  0.41 0.26
  453 L     0  -1  -2   1   0  -1   0  -2   0   1   2   0   0  -1  -1  -1   0  -3  -2   0   10   3   1   8   2   1   8   1   4  10  24   6   2   2   2   2   7   0   0   7  0.08 0.10
  454 E    -1   2   1  -1  -4   2   4  -1  -1  -2  -2   1  -2  -3  -1  -1   0  -1  -3  -2    4  12   7   1   0  12  29   4   1   2   4   9   0   0   3   2   5   1   0   2  0.35 0.23
  455 Q     0   2   1  -1  -3   2   1  -2  -1  -2  -1   2   0  -1   1   0  -1  -3  -1  -1    8  11   6   2   0  15   6   2   0   1   8  18   3   3   6   5   2   0   1   4  0.18 0.14
  456 E     0   0  -1   2  -2   0   2  -2   1  -2  -1   0   0  -1  -1   1   0  -2   0   0    9   6   2  13   0   4  14   1   5   1   8   4   3   2   2  10   4   0   4   6  0.10 0.10
  457 Y     0  -1   1  -2   2  -1  -1   2   0   0  -1  -1  -1   1  -2   0   1  -2   2  -1    5   3   7   1   5   2   3  21   2   8   3   1   2   9   2   4  10   0  11   2  0.14 0.13
  458 N    -1   1   2   2  -2   0   1  -1   1  -2  -1   1   0  -2   0   0  -1  -2   1  -2    2   7  13  13   0   4  10   4   4   1   5  11   3   1   4   8   2   0   6   2  0.16 0.10
  459 K    -1   3   0  -1  -2   0   0   1   0  -1  -2   1  -2  -3  -1   1   0  -3  -2  -2    3  23   4   1   0   2   7  13   2   4   2  11   1   1   3  13   7   0   1   3  0.22 0.14
  460 I     0  -2   0  -1   1  -1  -1   0  -1   2   1  -1   0  -1  -1  -1   0  -2  -2   2    5   1   5   2   4   2   3   9   2  18  11   3   2   1   2   4   6   0   1  19  0.08 0.08
  461 V     1   2  -1  -1  -2  -1  -1   0  -1   0   0   0   0   0  -2   0   0  -2  -1   1   13  17   1   3   0   1   3   8   2   3   9   4   2   5   1   4   4   0   1  18  0.07 0.09
  462 I     0   2  -1  -1   0   0  -1  -1  -1   1   0   1  -1   0  -1   0   1  -2  -1   0    5  18   1   3   2   4   2   5   1  11   9  10   1   4   2   4  10   0   1   7  0.07 0.07
  463 P     0   0  -1   0  -1   1   0   0  -1  -2  -1   2   0  -2   2   0   1  -2  -1  -1    9   4   1   4   2  10   3   8   1   1   5  15   2   1  11   5  10   0   2   4  0.14 0.09
  464 R    -2   4  -2  -3  -3   0  -1  -3  -1   0   2   2  -1  -2  -3  -2  -2  -3   1   0    1  30   1   1   0   2   2   1   1   5  20  17   0   1   1   2   1   0   5   9  0.38 0.23
  465 T    -1   0  -1  -1  -2  -2  -2   0  -3   0   0  -2   0  -1  -2   0   5  -3  -3   0    4   6   3   3   0   1   1   8   0   6  10   1   2   2   1   6  42   0   0   4  0.36 0.25
  466 V    -1  -2  -3  -1  -2  -2  -3  -4  -3   3   1  -2  -1  -1  -3  -2  -2  -3   1   4    3   2   0   3   0   2   1   1   0  17  14   2   0   2   0   3   1   0   5  43  0.49 0.28
  467 S    -1   0   0  -1   1   1  -1   0   0   0  -3   0  -2  -2  -2   2   3  -3  -3   0    1   4   2   3   4   9   2   9   2   5   1   5   0   2   0  20  27   0   0   6  0.26 0.22
  468 I    -1  -2  -3  -5  -3  -4  -4  -5  -4   4   3  -4  -1   2  -4  -3  -2  -4  -1   3    3   2   1   0   0   0   0   0   0  30  25   0   0   8   0   0   1   0   1  28  0.65 0.33
  469 S    -1   3   0   0  -3  -1  -1   0  -1  -1  -2   4   0  -3  -3   0   1   1  -1  -2    3  15   3   4   0   0   0   7   1   3   3  32   2   0   0   8  11   2   2   2  0.32 0.24
  470 L    -2  -3  -4  -3  -3  -3  -4  -3  -4   4   3  -2   2   1  -4  -2   1   0  -1   2    0   0   0   1   0   0   0   2   0  27  26   3   5   5   0   3  10   1   2  13  0.41 0.25
  471 K    -1   2  -2  -3  -4   1  -2  -2  -3   0   0   5  -2  -3  -3   0  -1  -4  -3   0    5  11   0   0   0   6   0   3   0   6  11  41   0   0   0   7   1   0   0   7  0.44 0.30
  472 T    -1  -2   1   0  -3  -1  -1   1  -2  -2  -2   0  -1  -1  -3   1   4  -3   2  -1    1   0   7   6   0   2   3  14   0   1   2   6   1   2   0   9  31   0  11   5  0.30 0.26
  473 K     0   2  -1  -2  -3   0   0  -2   1  -3  -2   3  -2   0   1   1  -1  -3   1   0    8  11   1   1   0   1   4   1   3   0   2  27   0   5   7  13   3   0   6   8  0.24 0.21
  474 S    -1   1   1   3  -3   1  -1  -1   1  -2  -2   0  -1   2   0   1  -1   1  -1  -3    3  10   8  20   0   8   1   2   4   1   3   5   1  11   4  13   2   2   2   0  0.21 0.18
  475 Y    -3  -1  -4  -4  -1   0  -3  -5  -1   1   2  -2   1   5  -4  -3   0  -2   3   0    0   3   0   0   1   4   1   0   1   6  18   1   4  35   0   1   7   0  13   4  0.60 0.32
  476 E    -1   4  -1   1  -4   1   2  -2  -2  -4  -3   2  -3  -4  -3   2   1  -4  -3  -3    4  26   1   8   0   6  15   1   0   0   1  13   0   0   0  15   9   0   0   1  0.47 0.28
  477 V    -1   0   0  -1  -2   0  -2  -3  -2   1   0   1   0  -2   0   1   3  -3  -2   1    3   6   3   2   0   4   0   0   0   8  12  10   1   1   4  12  23   0   0  11  0.16 0.16
  478 Y    -2   1   0  -1  -3   0   0  -3   1   1   2   0  -1   0  -1   0  -1  -2   2  -1    0   8   5   3   0   3   8   0   5   9  23   5   0   4   2  12   2   0   8   3  0.09 0.12
  479 R    -2   3   0   0  -3   0   0  -3   0  -2  -2   2  -2  -4  -2   2   4  -4  -3  -2    0  18   3   5   0   3   4   0   2   2   2  11   0   0   0  18  30   0   0   2  0.42 0.26
  480 K    -1   5   0  -2  -4   0  -1  -3   1  -2  -2   4  -1  -4   1   0  -2  -4  -3  -2    4  38   3   0   0   2   0   0   3   2   2  27   2   0   7   5   0   0   0   3  0.61 0.30
  481 S     1   0  -1  -1   0   3  -1  -2  -2  -3  -2   0  -2  -4   1   4   1  -4  -3  -2   10   5   2   2   2  16   2   0   0   0   2   3   0   0   6  37   9   0   0   1  0.42 0.27
  482 G     0   2  -2  -1   4   2   0  -1   0  -2  -1   3  -2  -3  -2  -1  -1  -3   0   0    5  11   0   3  12   9   6   5   3   0   7  22   0   0   0   3   3   0   3   6  0.21 0.16
  483 P     0   0  -1  -2  -3   2  -1  -1  -2  -3  -3   0  -2  -3   4   2   2  -3  -1  -2    8   5   1   0   0  10   2   2   0   0   1   5   0   0  25  19  18   0   2   1  0.50 0.24
  484 V    -2  -3  -3  -4  -2  -2  -2  -4  -1   2   3  -3   4   0  -1  -3  -2  -3   0   1    2   0   0   0   0   1   2   1   2  11  41   0  16   3   3   1   0   0   2  11  0.44 0.22
  485 A     0   0   0   2   1   1   0   0  -1  -1  -1   0  -1  -2   2   1   1  -2  -1  -1    7   4   2  15   4   7   3   5   0   5   7   7   0   1   9  11  10   0   2   1  0.12 0.07
  486 Y    -1   1  -1  -1   0   1   0  -1   1  -1   0   1   0   1  -2   0   0  -1   2  -1    1  12   2   1   3   8   7   4   4   4  11   9   2   7   1   5   6   0  10   2  0.07 0.06
  487 K     0   1  -1   0  -3   0  -1  -1   2  -2   0   2  -1   1   0  -1  -2   1   3  -1    7   9   0   7   0   3   3   3   6   0   9  16   0   6   4   2   1   2  18   4  0.16 0.13
  488 G    -2  -1   3   3  -3  -1  -1   0  -2  -2  -3  -1  -2  -3  -2   1   3  -4  -3  -1    1   2  21  23   0   2   1   9   0   2   1   1   0   0   1   8  22   0   0   6  0.41 0.21
  489 I     1  -2  -2   0   2  -2  -1  -2  -3   2   0   0  -1  -2   1   0   0  -3  -2   1   14   0   0   7   5   0   2   1   0  23   6   7   0   0   7  10   4   0   0  13  0.14 0.12
  490 N    -2   0   0   4   1   1   1  -2   2   0  -2  -1  -2  -3  -1   0   1  -3  -2   0    1   4   3  28   4   7   9   1   6   7   3   1   0   0   2   5  11   0   0   8  0.25 0.15
  491 F     0   2  -1  -2  -2   0  -1  -2  -1   1  -1   1  -1   2   0   1   0   2   2  -1    6  12   3   0   0   4   3   1   0  11   2  11   0  10   4  12   5   4  10   2  0.12 0.11
  492 Q    -1  -1   0  -1  -2   1   0  -1  -2   1   1  -1   2  -1   0   1   1  -2  -2   0    3   1   4   3   0  10   8   3   0   8  19   1   7   2   4  12  13   0   0   3  0.09 0.10
  493 S     0  -2   1  -1  -2   0   1  -2  -2  -2  -1   0  -2  -3  -2   3   3  -3  -1  -2    8   0   8   0   0   2  12   1   0   0   5   4   0   0   0  26  30   0   2   0  0.38 0.22
  494 H    -1   3   0   0  -3   1   3  -2   4  -1  -1   0   0  -2  -2   0   0  -3   0  -2    3  19   4   5   0   6  22   1  12   4   5   1   2   0   1   5   5   0   2   1  0.27 0.15
  495 E    -1   0  -1   5  -3  -1   2  -3  -2  -1  -2   0  -3   0  -2   0  -1  -4  -3  -1    4   4   0  44   0   0  15   0   0   4   3   3   0   6   0   7   3   0   0   5  0.51 0.23
  496 L     2  -4  -4  -4  -2  -2  -2  -4  -4   5   2  -3   1  -2  -4  -2  -2  -4  -3   2   22   0   0   0   0   1   2   0   0  47  15   0   2   0   0   2   0   0   0   8  0.58 0.29
  497 L    -1  -1  -3  -4  -3  -1  -2  -4  -2   0   2  -1   1   5   0  -2  -2  -1   4  -1    6   2   0   0   0   2   2   0   0   3  19   6   5  31   4   0   2   0  16   2  0.42 0.21
  498 K    -1   1   2   1  -3   2   3  -3  -1  -1  -2   2  -2  -4   0   0   1  -4  -3  -2    4   5  11   6   0   8  27   0   0   4   3  15   0   0   5   2  11   0   0   0  0.34 0.17
  499 V     2  -3  -1  -3   0  -2  -2  -2   0   2   1  -2   0  -2   0   0  -1  -3   0   2   25   0   3   0   2   0   0   2   3  12  20   0   0   0   5   8   2   0   3  17  0.17 0.13
  500 G     3  -2  -2   0  -2   1  -2   1  -2   0   0  -2   0  -1  -2  -1   0  -2   1   0   42   0   0   6   0   7   0   8   0   7   7   0   3   2   0   0   5   0   7   4  0.22 0.17
  501 I    -1   1   0   0  -2   1   1  -1  -1   0  -1   2  -1  -1  -1   0   1  -2   2   0    0   6   3   5   0   5   8   3   0  10   5  15   0   0   3   7  13   0  12   5  0.09 0.09
  502 K     0   2   0   2  -3   1   2  -1   0  -1  -2   2  -2  -3  -2   0   0  -3  -2  -2    8  10   2  11   0   3  19   5   2   5   4  18   0   0   0   8   4   0   0   0  0.21 0.11
  503 F    -1  -1  -3  -4  -2  -1  -2  -1  -3   2   4  -3   2   2  -3  -3  -1  -2  -1   0    3   4   0   0   0   2   2   5   0  15  50   0   4   9   0   0   3   0   0   2  0.37 0.19
  504 V    -3  -3  -4  -4  -3  -3  -2  -5  -3   1   4  -4   0   2  -2  -3  -2   4   2   1    0   0   0   0   0   0   3   0   0   6  54   0   0  10   2   2   0   7   9   7  0.59 0.25
  505 T    -2   3   2  -2  -4   0   0  -2  -2  -3  -2   4   1  -4   0  -1   0  -4  -3  -3    0  21  13   0   0   3   4   2   0   0   2  36   5   0   3   2   7   0   0   0  0.49 0.23
  506 D    -2   0   4   3  -4   3   3  -2   2  -4  -4   1  -3  -4  -3   0  -2  -4  -3  -4    0   3  24  15   0  17  22   2   5   0   0  10   0   0   0   3   0   0   0   0  0.59 0.23
  507 L    -2  -3  -3  -3   3  -2  -3  -3  -3   2   4  -3   2  -1  -3  -2  -2   3  -2   1    1   1   1   1   9   0   1   1   0  11  53   1   5   0   1   1   1   4   0  10  0.45 0.15
  508 D    -1   0   2   1  -3   1   1   0  -1   0  -2   2  -1   1  -2  -1  -1  -2  -1  -1    1   4  18   6   0   5  11   5   0   9   1  25   0   8   1   1   1   0   0   4  0.17 0.09
  509 I    -1   1  -1   1  -2  -1  -1  -2  -2   1   0   0  -1   0   2  -1   1   2  -1   1    1   8   3  11   0   1   1   1   0  18   8   7   0   4  12   1  10   4   0   8  0.12 0.06
  510 K    -1   1   2   0  -3   1   1  -2  -1  -2  -2   2  -2  -3   3   1   0  -3  -2  -2    1   7  12   4   0   4  12   1   0   1   4  18   0   0  14  15   4   0   0   1  0.28 0.09
  511 G    -1  -1   0   0  -2  -1   1   3   1  -1   0   0   1  -2  -2  -1  -1  -2  -2  -1    1   1   5   6   0   1  13  31   4   1  11   8   8   1   1   1   1   0   1   6  0.18 0.07
  512 K    -1  -1   0  -2  -2   1  -1  -2   2   2  -1   1   0  -2  -2   0   0  -2  -1   2    1   1   5   1   0   9   1   1  10  24   1  14   0   1   1   6   5   0   1  18  0.12 0.08
  513 N    -1   0   2   0  -2   3   3   0   0  -2  -2   1  -1  -2  -1   0  -1  -2  -2  -2    2   2  16   2   1  24  22   6   1   2   3  10   1   1   2   2   2   0   1   2  0.31 0.09
  514 K    -1   0  -1  -1  -2   1   1  -1  -1   0   0   2   0   1  -1  -1   0  -1   1   0    3   2   2   2   1   6   9   3   1   2  12  21   1  10   2   2   8   0   5  11  0.06 0.04
  515 S     0   0   0   1  -2   2   2  -1  -1  -1  -2   1  -1  -2  -1   1   1  -2  -1  -1    7   2   1  11   1  11  17   2   1   5   3  10   1   1   2  13   9   0   1   2  0.16 0.04
  516 Y    -1  -1   1  -1  -2   0   0  -2  -1  -1   0  -1   3   0  -1  -1   0   5   1   0    3   2  12   2   1   6   6   2   1   2   8   2  17   1   2   2   6  12   7   7  0.18 0.06
  517 Y    -1  -1   0  -2  -2  -1  -1  -2   3   0  -1   0  -1   2  -2   0   0   5   4  -1    2   1   6   1   0   1   2   2  12   6   2   5   1  10   1   9   4   9  23   2  0.29 0.08
  518 P    -2   0  -2  -2  -3  -2  -2   1   4  -4  -4  -2  -3  -4   7  -1   0  -4  -2  -3    0   5   0   0   0   0   0  10  13   0   0   0   0   0  61   0   8   0   0   0  1.26 0.22
  519 L    -2  -1  -4  -4  -2  -3  -4  -5  -4   5   3  -3   1  -1  -4  -3  -2  -3  -2   1    0   6   0   0   0   0   0   0   0  63  31   0   0   0   0   0   0   0   0   0  0.68 0.20
  520 T    -2   5  -1  -2  -3  -1  -1  -3  -2  -3  -3   0  -2  -4   1   0   4  -4  -3  -2    0  53   0   0   0   0   0   0   0   0   0   0   0   0   6   5  36   0   0   0  0.74 0.23
  521 K    -2  -2   0  -3  -2  -2  -3  -1  -3   1   4   1   2  -1  -3  -2  -2  -3  -2   0    0   0   5   0   0   0   0   5   0   6  62  15   7   0   0   0   0   0   0   0  0.38 0.16
  522 L    -2   0  -4  -4  -2  -3  -3  -4  -3   4   3  -3   2  -1  -4  -3  -2  -3  -2   1    0   6   0   0   0   0   0   0   0  40  45   0   5   0   0   0   0   0   0   3  0.52 0.14
  523 S     0  -3  -1  -2  -3  -2  -2   5  -2  -3  -1  -2  -2   1  -3   2  -1  -3  -2  -3    0   0   0   0   0   0   0  57   0   0   6   0   0   8   0  29   0   0   0   0  0.67 0.17
  524 M    -1  -3  -4  -4  -2  -3  -3  -4  -4   3   2  -3   3  -1  -3  -3  -1  -3  -2   4    0   0   0   0   0   0   0   0   0  22  19   0  13   0   0   0   0   0   0  46  0.53 0.15
  525 T     0  -2  -1  -2   5  -2  -2   2  -2  -2  -3  -2  -2  -3  -2   3   3  -3  -3  -2    0   0   0   0  18   0   0  17   0   0   0   0   0   0   0  32  32   0   0   0  0.55 0.17
  526 I     1  -3  -4  -4  -2  -3  -3  -3  -3   3   1  -3   0   3  -3  -2  -1  -2  -1   4   13   0   0   0   0   0   0   0   0  21   5   0   0  16   0   0   0   0   0  45  0.40 0.13
  527 T     0  -2  -1  -1   3   0  -1   2  -2  -2  -2  -1  -2  -3  -2   3   3  -3  -2  -2    1   1   0   1  11   6   1  17   0   1   1   1   0   0   1  31  27   0   0   1  0.35 0.11
  528 N    -2   0   5   0  -3   0  -1   1   2  -4  -4   3  -3  -4  -2   1  -1  -4  -3  -4    0   0  46   0   0   0   0  12   5   0   0  29   0   0   0   7   0   0   0   0  0.61 0.17
  529 F    -2  -3  -4  -4  -2  -3  -4  -4  -2   2   4  -3   1   4  -4  -3  -2  -1   2   0    0   0   0   0   0   0   0   0   0  12  55   0   0  26   0   0   0   0   7   0  0.58 0.14
  530 D    -1  -1  -1   3  -3   0   3   1  -1   0  -2   1  -2  -3  -2  -1   0  -3  -3   0    0   0   0  18   0   0  36  14   0   8   0   9   0   0   0   0   7   0   0   8  0.29 0.08
  531 I     1  -1  -1   2  -3   2   2  -2  -1   0  -2   0  -1  -2  -2  -1  -1  -2   1   0   16   0   0  15   0  19  23   0   0  10   0   0   0   0   0   0   0   0   7   9  0.22 0.07
  532 I    -1  -3  -2  -3  -2  -2  -3  -3  -3   4   1  -2   0  -1   1   0   1  -3  -2   2    0   0   0   0   0   0   0   0   0  53  10   0   0   0   9  12   8   0   0   9  0.30 0.09
  533 D    -2  -2   2   6  -4  -1   1  -2  -1  -4  -4  -1  -3  -4   2   1  -1  -5  -3  -3    0   0  12  68   0   0   0   0   0   0   0   0   0   0  11  10   0   0   0   0  0.82 0.11
  534 L    -1  -2  -2  -3  -1  -2  -3  -3  -2   1   2  -2   1   3  -3  -1   1  -1   0   1    0   0   0   0   0   0   0   0   0   0  40   0   0  22   0   0  20   0   0  19  0.24 0.03
  535 Q     2   1   0  -1  -2   3   1  -1  -1  -2  -2   2  -1  -3  -1   2   0  -3  -2  -2   25   0   0   0   0  25   0   0   0   0   0  26   0   0   0  24   0   0   0   0  0.30 0.02
  536 K    -1   2   0  -1  -3   1   1  -2  -1  -3  -3   5  -2  -3  -1   0  -1  -3  -2  -2    0   0   0   0   0   0   0   0   0   0   0 100   0   0   0   0   0   0   0   0  0.56 0.02

                      K         Lambda
Standard Ungapped    0.1353     0.3188
Standard Gapped      0.0327     0.2670
PSI Ungapped         0.1069     0.3175
PSI Gapped           0.0327     0.2670
