
Last position-specific scoring matrix computed, weighted observed percentages rounded down, information per position, and relative weight of gapless real matches to pseudocounts
            A   R   N   D   C   Q   E   G   H   I   L   K   M   F   P   S   T   W   Y   V   A   R   N   D   C   Q   E   G   H   I   L   K   M   F   P   S   T   W   Y   V
    1 Q    -3  -2  -2   4  -6   6   5  -4  -2  -5  -5  -1  -4  -6  -4  -2  -3  -5  -4  -5    0   0   0  20   0  44  36   0   0   0   0   0   0   0   0   0   0   0   0   0  1.34 0.48
    2 V     0  -4  -3  -5  -3  -2  -4  -5  -5   3   1  -4   0  -3  -1  -1  -1  -5  -3   5    5   0   1   0   0   2   0   0   0  20  10   0   1   0   3   4   3   0   0  51  0.70 0.33
    3 K    -2  -2  -2  -4  -4   6  -2  -4  -2  -2  -3   2   0  -5  -4  -3   1  -5  -4   3    3   1   1   0   0  43   0   1   0   0   1  10   2   0   0   0  10   0   0  28  0.86 0.47
    4 L    -4  -5  -6  -6  -4  -4  -5  -6  -5   1   5  -5   5  -2  -5  -5  -2  -2  -4   2    0   0   0   0   0   0   0   0   0   4  64   0  13   0   0   0   2   0   0  16  1.16 0.48
    5 L    -2  -3  -3  -4  -4   4  -1  -4   0   0  -1   0  -2  -4  -4  -2   4  -5  -4   2    2   0   0   0   0  25   3   0   2   4   7   6   0   0   0   0  35   0   0  18  0.68 0.43
    6 E    -4  -3  -3  -3  -6   7   4  -5  -3  -6  -6  -1  -4  -7   0  -2   0  -6  -5  -5    0   0   0   0   0  60  25   0   0   0   0   2   0   0   4   2   7   0   0   0  1.61 0.70
    7 S    -1  -4  -2  -3  -4   0   0  -3  -4  -5  -4  -3  -4  -6   4   5   1  -3  -5  -5    3   0   1   0   0   4   6   1   0   0   2   0   0   0  22  54   7   0   0   0  1.06 0.56
    8 G    -2  -2  -1  -2  -5  -3   1   5  -2  -6  -5  -3  -5  -6   5   0  -2  -5  -5  -5    1   2   2   2   0   0   9  41   1   0   1   0   0   0  31   8   2   0   0   0  1.10 0.49
    9 P     2  -2  -1  -2  -4  -3  -2   2  -4  -5  -4  -1  -4  -4   4   3  -2  -5  -4  -4   19   2   2   1   0   0   1  18   0   0   1   3   0   1  23  26   1   0   0   0  0.72 0.40
   10 E     0  -1  -2   0  -3  -1   1   2  -1   0   0  -2   0  -1  -3   2   0  -3   0   1    7   2   0   5   0   2  11  20   1   4   8   1   2   2   0  16   4   0   3  13  0.15 0.17
   11 L    -2  -4  -4  -5  -3  -2  -4  -5  -1   1   4  -4   1  -2  -2   2   1  -4  -3   2    1   0   0   0   0   2   0   0   2   5  47   0   3   1   1  15   9   0   0  15  0.62 0.38
   12 V     1   0  -5  -5  -4  -4  -3  -3  -5   0  -2   0  -2   0  -5  -2  -2  -5  -4   6   14   7   0   0   0   0   1   2   0   3   2   6   0   3   0   2   1   0   0  58  0.85 0.48
   13 K     1   0  -2  -3  -4   3  -1  -3  -3  -3  -4   4  -3  -3   0   3   1  -5  -4  -1    9   3   0   0   0  16   2   1   0   1   1  26   0   1   4  25   8   0   0   3  0.56 0.40
   14 P     0  -2  -5  -4  -5  -4   1  -5  -5  -4   0  -4  -4  -5   7  -1   0  -6  -5   0    6   3   0   0   0   0  10   0   0   0  12   0   0   0  53   4   7   0   0   6  1.25 0.58
   15 G    -3  -4   1  -4  -6  -5  -2   7  -5  -6  -6  -3  -4  -6  -5   0  -1  -6  -6  -6    1   1   6   0   0   0   2  77   0   0   0   1   1   0   0   7   4   0   0   0  1.75 0.73
   16 A     1  -1  -1   2  -4   4   3   1   0  -5  -3   1  -3  -5  -3   0  -2  -5  -4  -4   14   2   1  11   0  20  17  13   2   0   2   7   0   0   1   8   2   0   0   1  0.47 0.34
   17 S    -2   1   1  -1  -1  -1  -2  -3  -4  -2  -3   0   0  -5   0   4   4  -5  -4  -3    1   9   8   3   1   2   2   1   0   2   1   4   3   0   5  33  25   0   0   1  0.61 0.44
   18 V     3  -5  -6  -6  -4  -5  -5  -5  -4   0   2  -5  -2  -4  -5  -3  -2  -6  -5   5   27   0   0   0   0   0   0   0   1   4  19   0   0   0   0   1   1   0   0  46  1.02 0.56
   19 K    -3   2  -1  -4  -5   1  -2  -5  -1  -1  -1   2   0  -5  -4   2   5  -6  -5  -2    0  13   3   0   0   5   2   0   1   3   5  15   2   0   0  13  36   0   0   2  0.66 0.46
   20 M    -5  -6  -7  -7  -5  -6  -7  -7  -7   4   6  -6   2  -1  -7  -6  -5  -6  -5   0    0   0   0   0   0   0   0   0   0  23  65   0   5   2   0   0   0   0   0   5  1.52 0.68
   21 S    -3   1   1  -2  -5  -4  -3  -4   1  -2  -4  -1  -5  -2  -3   5   4  -2  -3  -5    0   7   7   1   0   0   1   0   3   2   1   3   0   2   1  42  28   1   1   0  0.91 0.59
   22 C    -6  -9  -8  -9  12  -9  -9  -8  -9  -7  -7  -9  -7  -8  -9  -7  -7  -8  -8  -6    0   0   0   0 100   0   0   0   0   0   0   0   0   0   0   0   0   0   0   0  4.69 1.51
   23 K     1   2   0  -2  -3   1   0  -2  -1  -1  -2   2  -1  -4  -3   1   3  -3  -3  -1   10  12   3   1   0   6   6   2   1   3   4  15   2   0   0  11  19   0   0   4  0.26 0.23
   24 A     3  -2  -2  -4  -3  -3  -3  -1  -3   0  -1  -3  -1   1  -3   0   0  -3   2   3   32   1   1   0   0   0   0   4   0   5   6   0   1   7   0   6   4   0   7  22  0.41 0.30
   25 S    -1  -2  -1  -4  -4  -3  -2  -3  -4  -5  -3  -1  -4  -5  -4   6   1  -5  -2  -3    3   2   2   0   0   0   2   1   0   0   2   4   0   0   0  70   8   0   1   2  1.30 0.67
   26 G    -2  -4   1  -3  -5   3  -2   5  -1  -5  -2  -1  -4  -5  -3   1  -2   0  -5  -3    2   0   7   1   0  15   2  47   1   0   4   3   0   0   1  10   3   1   0   2  0.84 0.48
   27 Y    -1  -3  -2   1  -4   0  -1  -1   1   0  -1  -2  -1   5   0   1  -2  -2   3  -2    5   0   2   7   0   5   3   4   3   5   6   2   2  24   6  12   1   0  11   2  0.33 0.27
   28 T    -2  -3   2   0  -4  -3  -1  -2  -3   1  -1  -2  -2  -4   1   3   3  -5  -2   0    1   0  10   6   0   0   3   2   0   7   5   2   1   0   8  23  22   0   1   7  0.40 0.34
   29 F    -1  -1  -2  -3  -1  -2  -2  -1  -1   1   1  -2   0   4   1  -1  -1  -2   2   0    4   3   2   1   1   1   2   4   2  10  18   2   2  19   8   5   3   0   8   6  0.22 0.17
   30 T    -1  -2   0   0  -3  -3  -2   1  -1  -2  -4  -1  -3  -4  -1   4   3  -4  -3  -1    4   1   3   6   0   1   1  12   2   2   1   4   0   0   3  32  22   0   1   4  0.48 0.35
   31 S    -2  -1   2   1  -4   0  -2   2   1  -2  -4  -2  -4  -5   1   4   0  -5  -3  -3    1   2  11   8   0   4   2  16   3   3   1   2   0   0   6  31   6   0   1   2  0.45 0.35
   32 Y    -2  -3   1  -1  -4  -2  -2  -2   1   0   0  -2   0   2   0   0   1  -2   6  -1    3   1   7   3   0   1   2   2   3   6   8   2   2   7   4   6   9   0  30   3  0.46 0.31
   33 V     0   1   2   0  -2  -1  -2   0   0  -3  -3  -2  -2  -1  -2   0   0   5   5  -2    9   8   9   5   1   2   2   7   1   1   1   1   1   2   2   7   6   7  23   3  0.39 0.29
   34 M    -2  -5  -6  -6  -5  -5  -6  -6  -6   4   3  -5   6  -3  -4  -5  -4   3  -3   3    3   0   0   0   0   0   0   0   0  19  26   0  24   0   1   0   0   5   0  21  1.14 0.58
   35 H     0  -3   2  -2  -3  -1   1  -2   4  -3  -3  -1  -3   1  -4   3   0  -1   4  -3    6   1  10   1   0   2  11   3  10   1   3   3   0   6   0  22   4   1  14   1  0.40 0.33
   36 W    -8  -4  -9 -10  -8  -8  -9  -8  -8  -8  -6  -9  -7  -5  -9  -6  -8  13  -4  -9    0   1   0   0   0   0   0   0   0   0   1   0   0   0   0   1   0  97   0   0  5.17 1.73
   37 V    -4   0  -5  -5  -5  -3  -2  -5  -1   1   0  -4  -3   3  -5  -2  -1   1   6   3    1   5   0   0   0   1   3   0   1   6   7   0   0  11   0   3   4   1  32  23  0.86 0.48
   38 K    -5   6  -3  -4  -7   5  -2  -6  -1  -4  -2   2  -4  -2  -5  -4  -5  -6  -5  -2    0  44   1   1   0  28   1   0   2   1   4  12   0   2   0   0   0   0   0   3  1.36 0.71
   39 Q    -5  -2  -4  -1  -6   8   1  -3  -4  -6  -4  -1  -4  -2  -5  -3  -5  -5  -5  -3    1   1   0   4   0  72   7   2   0   0   2   3   0   2   0   2   0   0   0   2  1.92 0.91
   40 K     1   1   0   1  -4   0  -1  -2   3  -2  -2   3  -2  -2   1  -1   0  -4   0  -2   15   7   4   7   0   4   1   2   7   2   4  23   1   1   8   3   7   0   3   2  0.26 0.23
   41 P    -2  -1  -3  -2  -4  -2  -2  -2   2  -3  -2  -1  -2  -4   7  -1  -2  -4  -4  -2    3   3   1   2   0   1   2   3   4   1   5   4   1   1  57   5   2   0   0   3  1.30 0.56
   42 G    -2  -3   0   0  -5  -2  -1   6  -2  -6  -6  -3  -2  -6  -5  -1  -3  -5  -5  -4    3   1   4   6   0   2   4  69   1   0   1   1   1   0   0   3   1   0   0   1  1.42 0.64
   43 Q    -2   0  -2  -1  -6   5   1  -2   1  -5  -4   5  -2  -6  -2  -1  -2  -6  -5  -4    3   4   1   2   0  24   7   3   3   0   1  39   1   0   2   4   2   0   0   1  0.86 0.53
   44 G     2  -2  -2  -3  -3   0  -2   4  -1  -2  -2  -1  -4  -4   2   1  -1  -4  -2  -3   15   2   1   1   0   4   2  33   2   3   4   3   0   0  11  11   3   0   2   1  0.47 0.32
   45 L    -3  -1  -4  -4  -4  -2  -2  -3  -1  -1   4  -4  -2   1   5  -2  -2  -4  -2  -1    1   4   1   1   0   2   2   2   1   3  38   1   0   5  29   2   3   0   1   3  0.76 0.42
   46 E    -3   1  -2  -1  -5   3   5  -3  -2  -3  -3   3  -4  -5  -4  -1   0  -5  -2  -1    1   8   1   3   0  13  34   1   1   2   2  19   0   0   0   3   6   0   1   4  0.68 0.42
   47 W    -2  -3  -3  -3  -2  -4  -3  -2  -1  -3   3  -4  -3   2  -4  -2   0   9   2  -3    4   1   1   2   1   0   1   3   2   1  30   1   0   9   1   4   5  26   7   1  1.00 0.48
   48 I    -3  -2  -4  -3  -4  -4  -2  -5  -1   3   4  -4   2  -2  -4  -2  -3  -4  -3   3    2   2   0   2   0   0   3   1   1  18  42   1   5   1   0   3   1   0   0  17  0.71 0.38
   49 G     1  -3  -3  -4   0  -1  -3   2  -1   4   0  -2   1   0  -3  -1  -1  -4  -1   0   13   0   0   0   2   3   2  19   2  28   7   2   4   3   1   4   3   0   2   4  0.33 0.26
   50 Y    -1   1  -1  -2  -4  -2   0  -2  -1  -2  -1   0  -1   0  -1  -1  -2   2   6   0    6   7   2   2   0   1   5   3   1   1   6   5   1   3   3   6   2   2  35   6  0.53 0.35
   51 I    -2  -1  -1  -2  -2  -2  -2  -3   0   4   0  -2   0   1  -3  -1  -1   1   3   2    2   4   3   2   0   2   3   2   2  27   6   2   1   4   1   6   3   2  11  16  0.28 0.19
   52 N     0   1   2   1  -2   0   0  -1   1  -2  -1   0  -1   0  -1   1   0   1   2  -2    6   7  13  10   1   5   4   5   4   2   5   6   1   3   2  10   4   2   9   3  0.12 0.12
   53 P     1  -2   0   0  -3  -2  -2  -1  -3  -3  -1   0   0  -3   3   2   2   0   0  -1   11   2   3   5   0   1   2   4   0   1   6   6   2   0  15  21  12   1   4   4  0.27 0.23
   54 Y    -1  -2   2   0  -3   0   0   1   1  -2  -2  -1  -1   1  -1   2  -1   1   2  -3    4   2  10   6   0   5   4  12   3   3   3   3   1   6   2  22   2   2   8   1  0.20 0.20
   55 N    -1  -1   3   2  -3  -1   1   0  -1  -3  -3   0  -2  -3  -2   2   2  -4  -1  -1    5   3  15  10   0   2   8   6   1   1   2   5   1   1   1  20  12   0   2   3  0.28 0.23
   56 D    -1   2   0   2  -4   0   0   3  -2  -3   0   0  -3  -2  -1   0  -2  -1  -1  -3    4  12   4  13   0   4   4  22   1   0  12   6   0   1   3   8   1   1   2   1  0.22 0.21
   57 G     1  -1   0   0  -3   1  -1   2   0  -2  -3  -1  -3   0   0   2   0  -3   0  -1   11   2   5   4   0   6   4  19   2   2   2   3   0   5   5  15   6   0   4   4  0.17 0.17
   58 T    -1  -1   0   0  -3   0   0  -1   0   0  -2  -1   0  -3   1   2   3  -4  -2  -1    2   2   3   5   0   4   7   4   2   5   4   4   2   1   6  20  24   0   1   3  0.27 0.25
   59 K    -2   0   2   0  -4  -2  -1   3   1  -2  -2  -1  -1  -2   0   0   1   0   2  -3    2   5  12   5   0   1   5  27   3   2   4   2   2   1   4   6  10   1   9   1  0.31 0.24
   60 Y    -3  -4  -4  -4  -4   0  -1  -2   1   2  -2  -3  -3   0  -1  -4  -1   0   6   3    2   1   0   1   0   5   4   3   4  11   3   1   0   3   3   1   3   1  30  25  0.71 0.42
   61 N     2  -3   2  -1  -4   0  -1  -1  -1  -3  -4  -2  -4  -2   5   1   0  -1  -3  -2   16   0  10   2   0   3   3   5   1   1   1   2   0   2  32   9   5   1   1   3  0.62 0.37
   62 E     1  -2  -2   3  -4   2   2  -2  -3  -4  -4  -1  -4  -5   3   2  -1  -5  -4  -2   11   2   1  18   0   9  14   3   0   0   1   3   0   0  16  15   4   0   0   3  0.50 0.34
   63 K     0   5  -2  -2  -4  -1   0   1  -2  -3  -3   1  -4  -4  -3   2  -2   1  -2  -2    7  34   1   2   0   1   6  11   1   1   2   6   0   1   1  19   2   2   1   3  0.55 0.37
   64 F    -2  -4  -4  -5  -4  -4  -2  -5  -3  -1   1  -2  -1   6  -1  -2  -1  -3   3   2    4   0   0   0   0   0   3   1   0   3  11   3   1  36   3   3   4   0  10  17  0.76 0.41
   65 K    -1   1  -1  -1  -4   2   0  -2  -3  -3  -4   4  -3  -5  -1   3   0  -5  -4  -4    5   5   3   2   0   9   5   2   0   1   2  32   1   0   3  24   5   0   0   0  0.59 0.40
   66 G    -1  -4   1   1  -5  -3  -2   6  -2  -5  -5  -1  -5  -5  -3   1   0  -5  -5  -5    5   0   6   8   0   0   2  53   1   0   1   5   0   0   1   9   7   0   0   1  0.95 0.48
   67 K    -2   6  -2  -3  -4   0  -3  -2   0  -4  -3   2  -4  -3  -4   3  -2  -3  -4  -1    3  42   1   1   0   4   1   2   2   0   2  12   0   1   0  21   2   0   0   5  0.85 0.48
   68 A     0  -2  -3  -3   0  -2  -3   2  -3   1   1  -3   1   4  -3  -1  -1  -2   0   2    8   3   1   1   2   1   2  16   0   9  11   1   4  18   1   4   3   0   2  15  0.26 0.20
   69 T     0  -1  -1   0  -2  -1   0  -2   0   0  -2  -2  -2  -2   1   1   4  -3  -2  -2    8   3   2   4   0   2   6   2   3   7   4   1   1   2   6  12  33   0   1   2  0.35 0.24
   70 L     0  -2  -2  -2  -2  -1  -1  -1  -2   3   1  -2   1   1  -1  -1  -1   1  -1   1   10   2   2   2   1   3   4   4   1  23  16   1   4   6   2   4   2   2   2   8  0.15 0.12
   71 T    -1  -2  -1  -1   0  -1   0  -2  -2  -1  -1  -2   0   2  -2   3   3   0  -2  -2    4   1   2   2   2   2   7   3   1   3   7   1   2   8   2  29  18   1   1   2  0.30 0.24
   72 S    -1   3  -1  -1  -2   0   0  -1   0  -1   0   2  -1   0   0  -1  -1   1  -1   0    5  22   2   2   1   3   4   5   3   2   8  13   1   5   5   4   4   2   2   7  0.15 0.11
   73 D    -2   0   2   5  -3  -1   1  -2  -1  -2  -2  -1  -2  -1  -1   0  -1   0  -2  -1    3   4   8  37   1   2   9   3   1   2   4   2   1   3   3   6   4   1   1   5  0.44 0.21
   74 K     0   0   2   0  -2  -1   0   0  -1  -1  -1   2  -1   0  -1   0   2  -2  -1  -1    7   5  12   6   0   2   4   6   1   3   7  14   1   4   2   7  13   0   2   3  0.10 0.10
   75 S     1  -2   0  -2  -3  -1  -2  -1  -3  -2  -3  -1  -4  -4  -1   5   0  -4  -1  -3    9   1   5   1   0   2   2   4   0   2   2   3   0   0   2  57   3   0   2   1  0.77 0.48
   76 S    -1   0   0   1  -4   0  -1   3  -1  -3  -3   2  -1  -2  -2   2   0  -4  -3  -3    4   5   4   7   0   4   3  27   1   2   2  16   1   2   1  15   4   0   0   1  0.32 0.23
   77 S    -1  -2   3  -1  -1  -2  -2   1  -3  -2  -3  -1  -2  -4  -3   3   3  -4  -3  -1    2   2  17   2   1   1   2  11   0   1   2   3   1   0   1  23  24   0   0   5  0.47 0.33
   78 T    -1  -1   1   3  -3   3   0  -1   1  -1  -2  -1  -2  -3  -3   1   3  -4  -2  -2    3   2   7  18   0  14   4   3   3   4   3   2   1   1   0   8  21   0   1   1  0.33 0.26
   79 A     2  -1  -3  -4  -1  -3  -2  -2  -3  -2   1  -3   0   5  -2   0  -1  -2   2   1   19   3   0   0   1   0   3   3   0   0  17   0   2  25   1   6   2   0   7   9  0.36 0.26
   80 Y     0  -2  -1  -2  -3  -3  -1  -3   1  -1  -2  -2  -1   1  -3   2   3   3   4  -1    7   2   2   1   0   0   3   1   3   3   2   2   2   5   0  20  23   3  18   3  0.46 0.33
   81 M    -4  -2  -6  -6  -4  -5  -5  -6  -5   2   6  -5   3  -1  -5  -5  -3  -4  -4  -1    0   3   0   0   0   0   0   0   0   9  73   0   7   2   0   0   1   0   0   2  1.34 0.59
   82 E    -2   0   1  -1  -2   3   0  -3   0  -1  -3   1  -3  -4  -2   0   4  -4  -1  -3    2   5   6   3   1  14   6   1   3   3   2   9   0   0   1   6  35   0   3   0  0.47 0.35
   83 L    -3  -4  -4  -4  -3  -4  -2  -5  -4   5   2  -2   4  -1  -2  -4  -3   0  -3   1    1   0   0   0   0   0   3   1   0  42  22   3  13   2   2   1   1   1   0   8  0.83 0.41
   84 S     0   0   1  -1  -2   0  -2  -2   2  -3  -3  -1  -1  -3   0   4   2  -4  -3  -3    5   5   7   2   1   3   1   2   6   2   1   3   2   1   4  38  14   0   0   1  0.46 0.34
   85 S    -1   0   3   1  -2   0   1   1  -2  -4  -4  -1  -3  -4   0   3  -1  -4  -2  -4    3   6  18   6   1   4   8  12   0   0   1   2   0   0   4  30   2   0   1   1  0.45 0.32
   86 L     0  -3  -4  -4  -3  -3  -4  -4  -4   1   3  -2   2   0  -2  -1  -1   1  -3   3    7   0   0   0   0   0   1   1   0   7  34   3   6   3   2   5   2   2   0  27  0.47 0.30
   87 T    -3   2  -1   0  -4   4   2  -1   2  -3  -3   1  -3  -4  -2  -1   2   0  -3  -4    0  10   1   4   0  22  15   5   4   2   2   9   0   0   1   4  15   2   0   0  0.44 0.33
   88 S     1   0  -3  -3   1   0  -1  -3  -3  -2  -2   0  -1  -2   4   1   0   4  -2  -1   15   4   0   1   4   4   3   1   0   1   4   5   2   2  22  13   6   7   1   4  0.40 0.27
   89 E     0  -1  -1   1  -4   1   5   0  -3  -4  -1  -1  -2  -4  -3   1  -1  -5  -4  -2    6   2   3   6   0   4  42   6   0   0   6   3   1   0   0  12   3   0   0   3  0.53 0.37
   90 D    -4  -2  -1   8  -6  -1  -1  -4  -1  -6  -6  -2  -6  -6  -4   0  -4  -6  -5  -6    0   2   2  76   0   2   3   0   1   0   0   3   0   0   0   6   0   0   0   0  1.82 0.76
   91 S     1  -3  -2   0  -3  -1   2  -1  -3   0  -2  -3   0   0  -3   2   4  -4  -3  -2   10   1   1   4   0   2  15   5   0   5   3   0   3   4   0  15  30   0   0   2  0.36 0.33
   92 A     5  -1  -3  -2  -4  -2  -1   3  -4  -4  -4  -1  -4  -5  -4   0  -1  -5  -4  -3   55   3   0   2   0   2   3  22   0   0   1   3   0   0   0   5   2   0   0   1  0.89 0.49
   93 V    -2  -2  -1   1  -3  -1   0  -4  -1   0  -1  -1   2  -1  -3  -1   4  -4  -1   3    2   2   2   8   0   3   7   0   1   5   5   3   6   2   0   3  27   0   2  22  0.31 0.27
   94 Y    -5  -5  -5  -6  -6  -1  -5  -6   3  -5  -2  -5  -4   2  -6  -5  -5  -2   9  -5    0   0   0   0   0   3   0   0   6   0   3   0   0   7   0   0   0   0  77   0  2.40 0.83
   95 Y    -2   0  -2  -3  -3   0  -1  -3   2   1   0  -2  -1   2  -3  -2  -1   3   6   0    1   4   0   1   0   4   5   1   4  13   5   1   0   7   1   1   5   4  35   5  0.40 0.18
   96 C    -2   1  -3  -3   9  -3  -3  -3   3  -2   0  -2  -2  -3  -3  -2   1  -3  -2  -2    1   9   1   1  54   1   1   1   9   1   9   1   0   0   1   1  10   0   0   1  1.14 0.31
   97 V     0   1   1  -1  -3   1   1   0   2  -2   0   0   1   0  -2   0   0  -3  -1   0    7   7   7   0   0   7   7   7   6   0   7   7   6   6   0   7   7   0   0   7  0.06 0.12
   98 R     0   1   1  -2  -2   1  -1   0   2   0   0   0   1  -2   1   0   0  -3  -2   0    7   7   7   0   0   7   0   7   6   7   7   7   6   0   7   7   7   0   0   7  0.06 0.12
   99 G    -1   0   0   0   1   0  -1   0   1  -1  -1  -1  -2   0  -1   0   0   4   2   0    5   4   6   7   3   4   4   6   3   3   7   4   0   5   3   9   5   7   9   8  0.09 0.10
  100 G    -1   1   2   1  -3   0  -1   1   2  -1  -1  -1   0  -1  -1   0   0   2   1  -1    6   9   9   9   0   5   3  13   5   3   5   3   2   2   3   5   5   3   5   4  0.10 0.12
  101 Y    -1   0   1   0  -4   1   2   0   1  -2  -2  -1  -1  -1   0   2   0   1   2  -2    4   4   8   6   0   5  13   6   3   2   4   4   1   2   4  17   5   2   8   3  0.16 0.19
  102 R     0  -1   0   0   1  -1   0   1   0  -2   0  -2  -2   0   1   1   0   2   2  -1    7   4   4   5   3   3   6  11   2   2  10   0   0   4   6  11   6   3   8   3  0.09 0.13
  103 P     0  -1   0  -1   0  -2   0   1   0  -3   0  -1  -4  -4   5   1  -1   0   0  -3    6   4   5   3   2   1   5  10   2   2   8   3   0   0  25  12   4   2   4   2  0.38 0.32
  104 Y    -1  -1   0   0  -4   0  -2  -2   0  -1  -1  -2   0   1   0   1   0   4   5  -1    4   3   5   7   0   4   3   3   2   4   5   2   2   6   4  11   5   6  20   4  0.33 0.26
  105 Y     0  -1   0  -1   0  -1   1   1   0  -1  -1  -1  -1   2  -1   0   0   4   3  -1    7   3   4   3   2   3   8  10   3   4   4   3   1   8   3   6   7   6  10   4  0.13 0.11
  106 A     0   1   1   1  -2   0   0  -1  -1  -1   0   0  -1   0   2   0   0   0   1   0    8   8   9   7   0   4   5   4   1   4   8   4   1   4   9   5   5   2   7   7  0.06 0.07
  107 M     0  -1   0  -1   0   0  -1   0   1  -1   0   0   2   2   0  -1   0  -2   1   0    7   2   5   2   3   3   4   6   5   2  11   6   6  12   5   3   5   0   4   8  0.04 0.07
  108 D     0   3   1   2  -3   1   1  -1  -2  -3   0   0   0  -1  -1   0  -1  -1  -3  -2    7  16   8  14   0   6   9   4   0   1   9   5   2   2   3   5   4   1   1   3  0.18 0.15
  109 Y    -1  -2  -1  -2  -2  -1   1  -2   1   0   0  -1  -1   2  -2  -1   1  -1   5   1    4   1   3   1   0   2  11   2   3   5   7   3   1   7   1   3  10   0  26  10  0.26 0.19
  110 W    -2  -2   0  -1   0   1   0  -1   0  -2  -1   0  -2   3  -2   1  -2   7   1  -2    2   1   4   3   2   6   7   5   2   1   7   6   0  18   1  11   1  16   4   1  0.37 0.21
  111 G     0  -1   0  -1  -3   0  -1   4  -2  -2  -1  -1   1  -3  -1   0  -1  -3   0  -1    5   3   4   2   0   5   3  43   0   1   8   3   4   1   2   4   3   0   3   5  0.39 0.23
  112 Q     0   0   0   0  -3   2   2   0  -1  -1  -1   1  -2  -3   1   1   0  -3  -2  -1    5   4   4   4   0  12  19   6   0   3   5   8   0   0   6  12   4   0   0   5  0.19 0.15
  113 G     0  -2   0  -2  -3   0  -1   5  -2  -1  -1   0  -2  -3  -3   0  -1  -3   0   0    5   1   5   1   0   3   4  45   0   3   5   6   0   0   1   5   3   0   4   6  0.46 0.26
  114 T     0   0  -2  -1  -3  -2   0  -3  -3  -2   0   0   1  -3   0   1   5  -4  -3   0    5   4   0   4   0   0   5   1   0   0   9   6   3   0   4   7  44   0   0   7  0.46 0.35
  115 S    -2   0   0   0   1   1   1  -3   1   0   0   0   0  -1  -1   0   2  -3  -2   1    0   4   3   3   3   6   9   0   4   7  10   7   3   3   3   6  14   0   0  10  0.07 0.14
  116 V    -1  -3   0  -3  -3   0   0  -1   1   1   2  -1   1   0  -3  -1   0  -3  -2   2    4   0   4   0   0   4   5   4   4   6  27   4   4   4   0   4   5   0   0  20  0.20 0.21
  117 T     0   1  -1   0  -2   0   1  -2   1   0   0   1  -1  -2   0   1   1  -3   0   0    4   7   0   4   0   4  13   0   4   7  10   7   0   0   5  13   8   0   3   5  0.07 0.12
  118 V    -1   0  -1   0  -2   0  -2  -3  -2   2   0   0  -1   0   0  -1   0   2   0   2    5   4   4   5   0   4   0   0   0  14   8   9   0   4   5   0   7   4   4  21  0.10 0.15
  119 S     0   1  -2  -2   3   1   0  -2  -2   0   0   0  -1  -2   1   0   0   4  -2   0    8   8   0   0   7   7   8   1   0   8   8   8   0   0   8   8   8   7   0   8  0.14 0.13
  120 S     0   1  -1   1  -2  -1   0   0  -1   0   0   0  -1  -1   1   0   0  -2   1   0    8   8   0   8   0   0   8   8   0   8   8   8   0   0   8   8   8   0   7   8  0.06 0.08
  121 A     2   0   1   0  -3   1   0   1   1  -1  -1   0  -2  -1   0   0  -1   2  -2   0   19   5   7   5   0   7   5  13   4   4   5   3   0   4   3   3   0   3   0   8  0.09 0.14
  122 K     0   0   1   0  -2   1   0   0  -1   0  -1   0  -1   0   1   0   0  -3  -1   0    7   7   7   7   0   7   7   7   0   7   7   7   0   6   7   7   7   0   0   7  0.05 0.06
  123 T     0   0   0   0  -2   0   0  -1  -2   0   0   0  -1   0   2   0   2   2   0   0    6   5   4   5   0   4   5   4   0   6   7   6   0   3  10   6  15   3   3   8  0.08 0.10
  124 T     0   1  -1   0  -2   1   0  -2  -2   0   0   0   1   1   1   0   0  -2  -1   0    7   7   0   7   0   7   7   0   0   7   7   7   7   7   7   7   7   0   0   7  0.07 0.09
  125 P     2  -1   1  -1  -3   0   0  -2   0  -3  -3   0  -3  -3   5   1   0  -4  -3  -1   19   3   7   2   0   5   7   2   2   0   1   5   0   1  28   8   5   0   0   4  0.48 0.26
  126 P     0  -4  -1  -1  -5  -4  -3  -4  -4  -5  -2  -3  -4  -5   8  -1  -3  -6  -5  -4    7   0   3   4   0   0   0   0   0   0   4   0   0   0  75   4   0   0   0   0  1.97 0.67
  127 S    -2   0   1   0  -3   2   0  -3   1  -1  -2   2  -1  -3   0   2   2  -4  -3  -1    0   4   6   6   0  11   3   0   3   4   2  16   2   0   5  15  18   0   0   4  0.26 0.23
  128 V    -1  -4  -2  -4   1  -3  -4  -4   0   2   1  -2   1  -3  -2  -3   0  -4  -3   5    2   0   3   0   3   0   0   0   2   7  13   2   3   0   2   0   7   0   0  54  0.65 0.39
  129 Y    -1  -1   0  -1  -3  -2  -1  -3   3  -1  -1   0  -2   3  -1   1   2   1   2  -1    3   4   4   3   0   0   2   0  10   3   3   5   0  17   2  15  15   2   7   4  0.22 0.21
  130 P    -1  -3  -3  -2  -3  -1  -2  -2  -3   2   2  -1   1  -2   3  -1  -2   1  -2   2    4   0   0   3   0   4   1   3   0  16  18   3   3   0  18   3   1   2   0  20  0.33 0.22
  131 L    -1  -1  -1  -1  -2  -2   0  -3   0   1   2  -1   0   3  -3   0   0  -2   1   0    4   4   2   3   0   0   7   1   2  10  26   3   0  15   1   6   6   0   6   3  0.14 0.14
  132 A     1  -2  -2  -1   2   0  -1   0  -2  -1   0  -1  -2  -1   4   1   0  -3  -2   0   11   1   0   2   4   6   3   9   0   2   8   3   0   2  20  11   7   0   0   9  0.23 0.16
  133 P     0   1  -2  -2  -3   0  -1  -2  -3  -3   0   0  -2  -3   5   1  -1  -4  -3  -1    7   9   0   1   0   4   3   3   0   1  12   5   0   0  33  15   3   0   0   3  0.54 0.29
  134 G     0   1   1   1   2   1   1   0  -1  -2  -2   1  -2  -3   1   0   1  -3  -2   0    8   8   7   8   7   7   8   8   0   0   1   8   0   0   8   8   8   0   0   8  0.15 0.11
  135 S    -1   0  -2   0   2   0   2  -2   2  -2  -1   1  -1  -3   1   2   2  -4  -3   0    4   4   0   3   6   4  13   2   5   1   5   9   1   0   7  16  12   0   0   6  0.19 0.21
  136 A     1   0  -1   0  -3   1   2   1   3  -2  -2   0  -1  -3  -1   1   1  -4  -2  -1   14   6   2   3   0   6  15  10  10   2   3   4   2   0   2   9   9   0   0   5  0.17 0.18
  137 A     0  -1  -2  -1   0   1   2   0   0  -2  -1  -2  -2   0   4   0  -1  -4  -3  -2    7   3   1   3   2   7  17   8   3   2   8   0   0   5  22   5   3   0   0   3  0.31 0.26
  138 Q     0   0   1  -2  -2   0  -1  -2   1   1   2  -1   1  -1   1   0   2  -3  -2   0    6   7   6   0   0   4   3   2   3   7  22   3   3   2   6   5  15   0   0   5  0.10 0.15
  139 T     0  -2   1  -1  -3   1   0  -1  -1  -2  -1   0  -3  -4   4   2   2  -4  -3  -3    5   0   7   3   0   7   6   4   2   2   5   6   0   0  19  16  16   0   0   0  0.35 0.27
  140 N    -1   1   2   2  -4   0   1   2   3  -4  -3   0  -3  -3  -1   1   0  -4  -1  -3    3   7  10  12   0   4   8  21   7   0   2   6   0   0   2   8   6   0   2   0  0.29 0.22
  141 S    -1  -1   2   0  -3   1   0   1   4  -3  -2   0  -2  -3   0   1   1  -4  -2  -2    4   2  10   4   0   7   6  14  15   0   4   4   0   0   5  10   9   0   0   3  0.25 0.23
  142 M    -1   0   1   0  -3   1   1  -1   1  -1  -1   1   0  -2   1   1   1  -3  -1  -1    3   3   7   4   0   6  10   3   4   3   4  10   3   2   8  11  12   0   1   5  0.13 0.13
  143 V     1   0   0   0   1  -2  -2  -1  -2   1   0   0   1   0   0  -1   0  -3  -2   2   12   5   7   5   4   0   0   4   0   5   8   7   4   4   4   0   4   0   0  27  0.09 0.16
  144 T     0   1   1  -1  -2   1   0   0  -1   0   0   0   1   1  -2   0   0  -2  -1   0    7   7   7   0   0   7   7   7   0   7   7   7   7   7   0   7   7   0   0   7  0.04 0.08
  145 L    -1  -3  -4  -4  -2  -3  -3  -4  -3   1   3  -3   2   2  -3  -2   0  -2   2   1    5   0   0   0   0   0   0   0   0   7  50   0   5   7   0   0   4   0  10  12  0.41 0.12
  146 G     0   2   0  -2  -2  -1  -2   1  -2   1   0   0   1  -2  -2   0   1  -3  -2   2    6  15   3   0   0   0   0  16   0   7   6   3   4   0   0   4  12   0   0  24  0.12 0.07
  147 C    -2  -6  -5  -6  11  -5  -6  -5  -5  -3  -3  -5  -4  -5  -5  -3  -3  -4  -5  -3    0   0   0   0 100   0   0   0   0   0   0   0   0   0   0   0   0   0   0   0  2.97 0.42
  148 L    -2  -1  -2  -2  -3  -1   0  -4   2   0   2  -2   1   0  -3   1   0   5   0   0    1   3   1   1   0   2   7   0   6   4  31   1   3   2   0  14   6   8   3   6  0.24 0.17
  149 V     3  -4  -3  -4  -3  -3  -1  -3  -4   2  -1  -3   0  -3  -3   1  -1  -4  -3   4   34   0   0   0   0   0   3   0   0  11   4   0   2   0   0  11   2   0   0  32  0.52 0.28
  150 K     0   1   1   0  -3   0   0  -1   0   0   0   0   0  -2  -2   2   1  -1   0  -2    4   7   7   3   0   4   7   4   3   5  13   6   3   0   0  19   9   1   4   0  0.09 0.10
  151 G    -1  -2   2   4  -4  -1   0   5  -1  -5  -5   0  -4  -5  -3  -1  -1  -4  -4  -4    4   1   9  25   0   2   5  42   1   0   0   6   0   0   0   1   3   0   0   0  0.75 0.28
  152 Y    -3  -4  -3  -1  -4  -1  -4   2  -2  -1  -2  -4  -2   7  -4  -3  -3   2   4  -3    1   0   0   4   0   3   1  15   0   3   1   1   0  52   0   1   1   2  14   1  1.05 0.35
  153 F    -1  -2   0  -3  -3  -3  -3  -2   1  -2  -1  -1  -1   4  -4   0  -3  -1   7  -3    3   2   4   1   0   0   1   4   2   2   4   3   2  19   0  10   1   0  41   1  0.79 0.30
  154 P    -4  -5  -5  -4  -5  -4  -4  -5  -5  -5  -5  -4  -5  -6   8  -1  -4  -6  -5  -5    0   0   0   0   0   0   0   0   0   0   0   0   0   0  92   4   0   0   0   0  2.77 0.68
  155 E     1   1  -1   1  -3   2   2   1  -2  -3  -2   0  -2  -3   3   0   0  -1  -3  -3   11   9   1   8   0   9  17  12   0   1   3   6   0   0  13   5   4   1   0   1  0.28 0.13
  156 P     0  -3   1   2  -4   1   1  -1   0  -1  -3  -1  -3  -4   5   0  -1  -5  -4   0    6   0   6  12   0   6   8   3   3   4   0   2   0   0  32   7   3   0   0   9  0.56 0.23
  157 V     0  -3  -3  -4  -2  -3  -3  -2  -4   4   2  -3   1   0  -3  -1  -1  -3  -2   3    6   0   0   0   0   0   1   4   0  37  14   1   2   3   0   4   3   0   0  22  0.46 0.21
  158 T    -1   0   2  -2  -3   0   1  -2   2  -2  -3   1  -2  -2   0   1   4  -4  -3  -1    4   3  11   0   0   4  11   2   5   1   1  10   1   1   3   7  33   0   0   3  0.35 0.21
  159 V    -3  -5  -5  -5  -3  -4  -5  -5  -4   4   2  -4   1   2  -5  -4  -3  -3   2   5    0   0   0   0   0   0   0   0   0  24  16   0   3   8   0   0   0   0   7  43  0.82 0.32
  160 T    -1   2   0   0  -3  -1  -1  -3   0  -3  -3   1  -2  -2  -3   3   4  -1   1  -2    2  12   3   4   0   2   1   0   2   1   1   7   1   2   0  24  32   1   5   1  0.43 0.26
  161 W    -7  -7  -8  -8  -6  -6  -7  -7  -6  -6  -2  -7  -5  -3  -8  -7  -6  13  -2  -7    0   0   0   0   0   0   0   0   0   0   4   0   0   0   0   0   0  96   0   0  4.55 0.99
  162 N    -2   0   4   2  -4   2   2  -3   0  -2  -2   3  -1   1  -3  -1   0  -4   0  -3    0   3  23  10   0   8  11   0   1   2   3  19   2   7   0   3   6   0   3   0  0.37 0.22
  163 S    -1   1   0   0  -4   1   0   4  -1  -4  -4   1  -1  -4   0   1  -2  -4  -2  -2    1  10   4   5   0   6   4  37   1   0   0  12   1   0   4  10   1   0   1   2  0.44 0.21
  164 G    -1  -1   1   3  -4   2   1   2   0  -4  -4   2  -3  -4  -3   0   0  -4  -3  -2    2   1   7  21   0  10   8  19   2   0   0  14   0   0   0   7   6   0   0   3  0.40 0.21
  165 S     0  -1   0  -1  -4   0   3   2  -1  -3  -3   1  -3  -4   3   1  -1  -4  -3  -3    9   2   3   2   0   3  26  16   1   1   2   7   0   0  14   9   4   0   0   0  0.39 0.21
  166 L    -1  -1  -2  -1  -3   1   1  -1  -2   1   2   0   2  -2  -3   0  -1  -3  -2   2    4   2   0   2   0   9  12   4   0  11  20   4   5   0   0   6   2   0   0  15  0.14 0.13
  167 S    -1   0   2   1  -3   0   1  -1   0  -1  -1   0  -2  -4   0   2   2  -4  -3  -2    1   6   9   7   0   4  10   4   2   4   5   5   0   0   5  19  19   0   0   2  0.23 0.18
  168 S     0  -1   0   0  -3   3   0  -1  -1  -1  -1  -1   2  -3   0   1   1  -4  -3   0    7   1   4   4   0  19   5   5   1   4   6   1   8   0   4  14   9   0   0   9  0.17 0.18
  169 G    -1  -3   0   1  -3  -3  -2   4  -2  -1  -2  -2  -3  -2   2   1   2  -4  -4  -1    1   0   3   7   0   0   1  35   1   4   3   2   0   1   9  13  14   0   0   5  0.43 0.25
  170 V    -1  -3  -1  -2  -3   2   0   0  -1   1   0  -2  -1  -1  -3  -1   1  -4  -3   3    4   0   2   2   0  12   7   7   1   6  10   0   1   2   0   3  10   0   0  33  0.24 0.21
  171 H    -1   1   1   2  -3   0   2  -3   3  -2  -2   1  -1  -2  -3   1   1  -4  -1   0    2   8   5  12   0   4  15   0   8   1   3   7   1   2   0   9  13   0   1   9  0.20 0.16
  172 T    -1  -3   1  -2  -3  -1  -1  -2  -3  -2  -2  -2  -3  -3   1   2   5  -5  -4   0    2   0   8   2   0   1   4   2   0   1   4   1   0   1   8  20  39   0   0   6  0.54 0.35
  173 F    -1   0  -1   0  -3   1  -1  -2   0  -2  -1  -2  -2   4  -1   1   3   0   0  -1    5   5   2   7   0   8   3   2   2   0   4   1   0  21   2  10  21   1   2   5  0.24 0.23
  174 P    -2  -2   0   0  -4   0   0  -2   0  -3  -1  -1  -3  -2   6   0  -1  -5  -4  -3    3   1   6   6   0   4   5   2   2   1   7   3   0   2  46   6   2   0   0   2  0.85 0.37
  175 A     1   0  -1  -1  -3   1   1  -1  -2  -2  -2  -1  -1  -3   2   3   1  -4  -3   0   15   4   2   2   0   8   8   3   0   1   2   3   2   1  10  24   7   0   0   7  0.25 0.21
  176 V     0  -1  -1  -1  -1   0   0  -1  -2   1   1   0   0  -1   1   0   0  -3  -1   1    7   2   2   4   1   4   6   3   0   8  15   7   1   3   7   5   7   0   1  17  0.05 0.07
  177 L    -1   0   0   0  -3   2   0   0  -1   1   1   1   1   0   0   0   1  -3  -1  -1    2   6   5   5   0  11   3   7   1  10  14   8   4   5   3   4  10   0   2   1  0.05 0.09
  178 Q    -1   3   2  -1  -4   2   1   1   0  -4  -2   1  -2  -4   0   1   0  -4  -3  -3    3  21   9   2   0   9   8  10   2   0   4   7   1   0   5  13   6   0   0   1  0.29 0.21
  179 S    -2  -1   5   4  -4   0  -1   1  -1  -5  -5   0   0  -5  -4   2  -1  -5  -4  -4    2   2  31  24   0   3   1  11   1   0   0   4   2   0   0  14   3   0   0   0  0.72 0.38
  180 D    -2  -4   1   2  -1  -1   0   5  -1  -4  -5  -3  -4  -3  -4   0  -3   2  -4  -1    2   0   7  13   1   2   5  49   1   0   0   0   0   1   0   7   0   3   0   6  0.76 0.38
  181 L    -2  -1   0   2  -3   0  -2  -3   0  -2   1   2  -2  -2  -3   2   4  -4  -1  -2    1   2   5  11   0   4   0   0   2   2  14  12   0   2   0  14  28   0   2   0  0.33 0.27
  182 Y    -3  -2  -4  -2  -5  -4  -3  -2  -2  -4  -3  -2  -3   5  -5  -4  -4   6   8  -2    2   2   0   3   0   0   1   3   0   0   1   3   0  19   0   0   0   9  52   2  1.54 0.59
  183 T     0  -2   0  -1   0   2   0  -3   1  -2  -2  -1   2  -2  -3   2   4   0   0  -1    8   0   4   2   2  11   4   0   3   1   1   1   8   1   0  16  27   1   3   4  0.33 0.27
  184 L     1  -1  -3  -3  -2  -1  -2  -3  -2   1   1   1   2   1  -3  -1   1   1   1   1   14   2   0   0   0   2   0   1   0  10  15  12   6   8   0   2   9   2   5  11  0.15 0.15
  185 S    -2  -2   0  -3  -3   3  -1  -2   0  -1  -2  -2  -3  -1  -3   4   2   5   0  -1    1   1   3   0   0  13   2   2   2   5   2   0   0   3   0  32  15  10   3   5  0.48 0.35
  186 S     1  -3  -1  -2  -3  -2  -2   0  -3  -1  -2  -1  -3  -3  -2   5   0  -5  -2  -1    9   0   1   1   0   1   2   5   0   3   4   3   0   1   1  59   4   0   1   3  0.71 0.44
  187 S     0   0  -3  -3  -1   3  -1  -3   1  -2   1  -1  -1  -1  -3   0   2   5   2  -1    7   5   0   0   1  20   3   0   4   0  15   1   1   2   0   6  15   9   8   5  0.32 0.26
  188 V    -1  -5  -5  -6  -4  -5  -5  -6  -5   1   4  -5   0  -2  -5  -4  -2  -4  -1   4    3   0   0   0   0   0   0   0   0   3  51   0   1   0   0   0   2   0   2  36  1.00 0.47
  189 T     0   1  -2  -2  -3  -2  -3  -2  -2   0   0   0   2   0  -3   1   4  -4  -3   1    6   9   0   1   0   1   0   2   1   5   6   4   7   5   0   9  33   0   0  11  0.33 0.28
  190 V    -2  -5  -5  -2  -3  -4  -5  -4  -5   1   4  -5   0   0  -5  -4  -1  -4  -3   4    1   0   0   3   0   0   0   2   0   4  43   0   1   4   0   0   3   0   0  39  0.84 0.42
  191 P    -2  -1   0  -1  -4  -2   1  -3  -4  -1  -2  -1  -1  -4   6   0   3  -5  -4  -1    2   4   4   2   0   1   9   1   0   4   4   2   1   0  37   6  19   0   0   5  0.72 0.36
  192 S     1  -3   0  -3  -3  -2   0  -3  -3  -1   0  -1   1  -3   3   2   0  -4  -3   0   15   0   5   0   0   0   5   0   0   3  12   4   5   0  15  22   6   0   0   8  0.30 0.24
  193 S     1   1  -1   0  -1   0   0   1  -2  -2  -2   1  -2  -3  -1   2   1  -4  -3   0   11   8   2   6   1   2   7  10   0   0   3   7   0   0   2  20  12   0   0   8  0.17 0.15
  194 T     0  -1  -1   1  -4   3   3  -3  -2  -4  -3  -2  -3   0   3   1   0  -4  -1  -3    8   2   2   9   0  17  20   0   0   0   2   0   0   4  15  12   7   0   2   0  0.45 0.29
  195 W    -1   0  -2  -3   0   0   0   2  -1  -2   0  -2   0   0  -2  -1  -2   7   1  -1    4   5   1   1   3   4   6  19   1   1   8   1   3   3   2   5   1  21   6   6  0.47 0.22
  196 P     0   1   1   2  -3   0   1   0  -1  -3  -3   1  -2  -2   2   0   1  -3  -2  -2    6   9   6  14   0   3  11   8   1   1   2   8   0   2  12   6  10   0   1   1  0.24 0.13
  197 S    -1  -1   0   2  -3   1   2   2   1  -3  -2   1  -3  -4  -3   2   1  -4  -2  -1    3   3   2  10   0   4  18  15   4   1   3   7   0   0   0  17   7   0   1   4  0.26 0.19
  198 E    -1   0   1   2  -5   4   3   1   4  -5  -5   0  -3  -5  -3   0  -1  -5  -3  -4    3   4   7  12   0  20  17  11  13   0   0   4   0   0   0   6   3   0   0   0  0.54 0.32
  199 T    -1   2   1  -1  -3  -1   0  -2   4  -1  -3   1  -1  -3  -2   2   2  -4   0   0    2  15   5   2   0   0   5   1  11   3   0   7   1   0   1  17  17   0   4   9  0.29 0.25
  200 V    -4  -4  -5  -5  -4  -4  -5  -5  -2   1  -1  -5  -1   4  -5  -4  -4  -2   8   2    1   0   0   0   0   0   0   0   0   7   6   0   1  13   0   0   0   0  55  14  1.48 0.58
  201 T    -2   1  -3  -1   0  -1  -3  -4  -4   0  -2  -1  -1  -4  -4   2   6  -5  -1  -1    1   7   0   3   1   2   0   0   0   6   2   2   1   0   0  13  54   0   2   4  0.82 0.48
  202 C    -5  -8  -7  -8  12  -7  -8  -7  -7  -6  -6  -4  -6  -7  -7  -5  -5  -7  -7  -5    0   0   0   0  99   0   0   0   0   0   0   1   0   0   0   0   0   0   0   0  4.15 1.18
  203 N    -3   2   0  -2  -2   4   2  -4   5  -1  -1   1  -1  -2  -4  -2  -1   0  -1   0    0  10   4   0   1  21  13   0  16   3   5   8   1   1   0   1   2   2   2  10  0.44 0.31
  204 V     0  -5  -6  -6  -4  -5  -5  -6  -6   1  -2  -5   0  -4  -5  -4  -2  -6  -4   7    6   0   0   0   0   0   0   0   0   5   0   0   2   0   0   0   1   0   0  85  1.71 0.68
  205 A     1   0   0  -1  -4   3   3  -2   1  -4  -4   1  -1  -4  -3   0   2  -1   0  -2   12   5   4   1   0  17  21   2   3   0   0  10   1   0   0   4  14   1   4   1  0.39 0.28
  206 H    -5   0   2  -4  -6  -2  -4  -5  10  -7  -6  -1  -5  -2  -6  -4  -5  -6  -1  -6    0   5   8   0   0   1   0   0  80   0   0   3   0   2   0   0   0   0   1   0  2.73 0.88
  207 P    -2  -1  -2   0  -4   2   3  -1  -2  -3  -4   0  -1  -3   5   0   0   2  -1  -2    2   2   0   4   0   9  23   5   1   1   0   3   2   1  26   7   6   3   2   2  0.55 0.31
  208 A     1  -3   1  -3  -4  -3  -1   4  -3  -4  -4  -1   0  -4   0   2   0  -5  -4  -3   14   0   7   0   0   0   3  40   0   0   1   3   3   0   5  17   5   0   0   1  0.61 0.33
  209 S     0  -1   2  -2  -3  -1  -3   0  -2  -1   3  -1  -1  -3  -4   2  -1  -4  -3  -1    6   3  10   1   0   2   0   7   1   1  41   4   0   0   0  20   2   0   0   2  0.34 0.29
  210 S    -1  -1   1   1  -3   1   1   0   1  -4  -3   1  -2  -4   3   2   2  -4  -3  -3    3   1   6   6   0   7   7   6   4   0   2  10   0   0  15  15  14   0   0   0  0.34 0.22
  211 T     0   1  -1   0  -3   2   2  -1  -2  -3  -3   2  -1  -2  -1   2   1   0  -3  -2    5   7   2   3   0   8  19   3   0   0   2  16   1   2   2  16  11   1   0   3  0.27 0.19
  212 K    -2  -2   0   1  -2   1  -1  -1  -1  -2  -4   1  -3  -4   6   0  -1  -4  -4  -2    2   1   4   9   1   8   3   4   1   3   1  11   0   0  38   8   3   0   0   2  0.72 0.31
  213 V    -1  -3  -4  -2   1  -2  -4  -5  -4   3   3  -1   0   0  -4  -3  -1  -4  -3   3    3   1   0   2   4   2   0   0   0  14  32   4   1   4   0   1   4   0   0  29  0.45 0.26
  214 D    -1  -1   1   2  -4  -2   3  -4  -3  -2  -1  -2  -3  -4  -3  -1   4   1  -4   0    5   2   5  12   0   0  23   0   0   2   5   0   0   0   0   0  38   2   0   6  0.56 0.36
  215 K     0   1   0  -2  -4   3   0  -3  -2  -1   1   3  -1  -3  -2  -1  -1  -4  -3   0    7   7   4   0   0  15   6   1   0   4  18  28   0   0   1   2   1   0   0   7  0.29 0.23
  216 K    -1   3   0  -1  -3   0   0  -3   2  -2  -4   2  -3  -4  -2   3   3  -4  -3  -3    2  19   3   1   0   2   6   0   6   3   0  12   0   0   1  23  19   0   0   0  0.44 0.28
  217 I    -3  -4  -4  -4  -3  -2  -3  -2  -4   2   1  -4   0   2  -4  -1   1   8   0   2    0   0   0   0   0   1   2   3   0  11  13   0   1  11   0   4  11  25   1  16  0.77 0.34
  218 V     0   0   1  -1   0   0   3  -2  -2   1  -3   0  -2  -3  -2   1   0  -4  -3   1    8   4   7   1   2   4  29   2   0   8   0   2   0   0   0  15   5   0   0  12  0.26 0.20
  219 P     0   2  -1   2  -4  -2  -2  -4  -3  -1  -3  -2  -3  -5   6  -1  -1  -5  -4  -1    6  15   2  14   0   0   0   0   0   5   1   0   0   0  46   3   2   0   0   6  0.97 0.36
  220 R     1   3   0  -1  -1  -1   1   0  -2  -3  -2   2  -2  -4   0   2   0  -4  -3  -3   11  21   3   1   1   0   8   7   0   0   2  11   0   0   4  23   6   0   0   0  0.31 0.20
  221 D    -1  -2   0   3  -3   0   3   1  -2  -4  -4  -1  -1  -4  -2   3   0  -4  -3  -2    0   0   4  16   0   3  24   8   0   0   0   0   2   0   1  37   2   0   0   2  0.53 0.26
  222 C    -1  -4  -4  -5   9  -2  -4  -4  -4  -3  -3  -4   0   3   0   0  -1  -3  -2  -1    3   0   0   0  59   2   0   0   0   0   0   0   2  14   4   8   3   0   0   4  1.39 0.38
  223 T     0  -2   1   0  -2  -1   0   0  -2  -3  -3   0  -2  -4   1   3   3  -4  -3  -2    2   0   7   3   0   0   3   5   0   0   2   7   0   0   7  38  27   0   0   0  0.42 0.18
  224 S    -1  -1   0   0   1   1   0   3  -2  -3  -3   2  -2  -4   1   0   0  -3  -3  -3    0   0   3   3   5   5   5  32   0   0   0  26   0   0   6   7   8   0   0   0  0.36 0.11
  225 H    -1  -2   2   3  -3  -1  -1   1   0  -2  -3  -1  -2  -3   3   0   2  -4  -3  -1    0   0  14  26   0   0   0  13   3   0   0   0   0   0  14   4  21   0   0   6  0.38 0.10
  226 H    -2   2   2  -1  -3   2   0  -2   5  -1  -3   2  -2  -3  -2  -1   1  -3  -1  -2    0  14  14   0   0  16   0   0  24   5   0  14   0   0   0   0  12   0   0   0  0.38 0.10
  227 H    -1  -2  -2  -3  -2  -2  -2  -3   4   2   0  -2   2  -1  -3  -2   1  -3  -1   4    0   0   0   0   0   0   0   0  19  10   0   0  10   0   0   0   8   0   0  53  0.32 0.08
  228 H    -1  -1   0  -1  -3   0  -1  -2   8  -4  -3  -1  -2  -2  -2   1  -1  -3   1  -3    0   0   0   0   0   0   0   0  81   0   0   0   0   0   0  19   0   0   0   0  0.92 0.08
  229 H    -2   0   1  -1  -3   0   0  -2   8  -3  -3  -1  -2  -1  -2  -1  -2  -3   2  -3    0   0   0   0   0   0   0   0 100   0   0   0   0   0   0   0   0   0   0   0  0.87 0.01
  230 H    -2   0   1  -1  -3   0   0  -2   7  -3  -3  -1  -2  -1  -2  -1  -2  -2   2  -3    0   0   0   0   0   0   0   0   0   0   0   0   0   0   0   0   0   0   0   0  0.00     0.00

                      K         Lambda
Standard Ungapped    0.1262     0.3118
Standard Gapped      0.0452     0.2670
PSI Ungapped         0.1478     0.3172
PSI Gapped           0.0452     0.2670
