
Last position-specific scoring matrix computed, weighted observed percentages rounded down, information per position, and relative weight of gapless real matches to pseudocounts
            A   R   N   D   C   Q   E   G   H   I   L   K   M   F   P   S   T   W   Y   V   A   R   N   D   C   Q   E   G   H   I   L   K   M   F   P   S   T   W   Y   V
    1 G     0  -2   0  -1  -2  -2  -2   5  -2  -4  -4  -1  -3  -3  -2   0  -2  -2  -3  -3    0   0   0   0   0   0   0   0   0   0   0   0   0   0   0   0   0   0   0   0  0.00     0.00
    2 S     1  -1   1   0  -1   0   0   0  -1  -3  -3   0  -2  -3  -1   4   1  -3  -2  -2    0   0   0   0   0   0   0   0   0   0   0   0   0   0   0 100   0   0   0   0  0.46 0.00
    3 H    -2  -1   0  -2  -3   0  -1  -3   8  -3  -3  -1  -2   0  -3  -1  -2  -1   4  -3    0   0   0   0   0   0   0   0  75   0   0   0   0   0   0   0   0   0  25   0  0.81 0.03
    4 M    -1  -2  -2  -3  -1  -1  -2  -3  -2   1   3  -2   4   0  -2  -1   2  -2  -1   1    0   0   0   0   0   0   0   0   0   0  45   0  32   0   0   0  24   0   0   0  0.27 0.01
    5 T    -1  -1  -1  -2  -2   2  -1  -2  -1  -1  -1  -1   0   4  -2   0   2  -1   1  -1    0   0   0   0   0  24   0   0   0   0   0   0   0  45   0   0  32   0   0   0  0.27 0.02
    6 R    -1   4  -1  -2  -2   0  -1  -2  -1  -1   1   1   0  -2  -2   2   0  -3  -2  -1    0  46   0   0   0   0   0   0   0   0  24   0   0   0   0  30   0   0   0   0  0.26 0.01
    7 E    -1  -1   0   5  -4   1   4  -2  -1  -3  -3   0  -3  -4  -1   0  -1  -4  -3  -3    0   0   0  45   0   0  55   0   0   0   0   0   0   0   0   0   0   0   0   0  0.72 0.02
    8 T     0  -2  -2  -3  -1  -2  -2  -3  -3   2   0  -2   0  -1  -2   0   2  -3  -2   3    0   0   0   0   0   0   0   0   0  15   0   0   0   0   0   0  32   0   0  53  0.26 0.01
    9 E     3  -1  -1   0  -2   1   4  -1  -1  -2  -2   0  -2  -3  -1   0  -1  -3  -2  -1   45   0   0   0   0   0  55   0   0   0   0   0   0   0   0   0   0   0   0   0  0.41 0.02
   10 R    -2   4   0   3  -4   1   2  -2  -1  -3  -3   1  -2  -3  -2  -1  -1  -3  -2  -3    0  55   0  30   0   0  15   0   0   0   0   0   0   0   0   0   0   0   0   0  0.54 0.02
   11 F    -1  -2  -2  -2  -1  -2  -2  -2  -2   1   0  -2   0   4  -2  -2  -1   0   1   2    2   1   1   1   0   1   1   1   0   1   2   1   0  45   1   1   1   0   1  38  0.25 0.02
   12 P     0  -1   0  -1  -1  -1  -1  -1  -1  -1  -2  -1  -1  -2   4   2   3  -2  -2  -1    2   1   1   1   0   1   1   1   0   1   2   1   0   1  27  19  38   0   1   1  0.46 0.01
   13 A     4  -1  -1  -1  -1   0   1   0  -1  -2  -2  -1  -1  -2  -1   1   0  -2  -2  -1   78   1   1   1   0   1  12   1   0   1   1   1   0   0   1   1   1   0   0   1  0.35 0.04
   14 R    -1   3   1   0  -2   2   2  -1   0  -2  -2   1  -1  -2  -1   1   0  -2  -1  -2    2  30  10   1   0   9  17   2   1   1   2   1   1   1   1  16   1   0   1   2  0.25 0.02
   15 E    -1   2   0   0  -3   3   4  -2   0  -2  -2   2  -1  -3  -1   0  -1  -2  -2  -2    2  14   1   1   0  18  38   2   0   1   2  14   0   1   1   1   1   0   1   1  0.40 0.05
   16 F    -2  -3  -3  -4  -3  -3  -4  -4  -2   1   2  -3   3   6  -4  -3  -1  -1   1   0    0   0   0   0   0   0   0   0   0  10  18   0  12  56   0   0   4   0   0   0  0.62 0.12
   17 Q     1   2   1  -1  -2   1  -1  -2  -1   0  -1   0  -1  -1  -2   1  -1  -2   2   0   14  18  12   0   0  10   0   0   0  10   0   0   0   0   0  13   0   0  14   9  0.13 0.05
   18 R     0   3   0   0  -3   2   2  -1  -1  -3  -3   2  -2  -3  -2   1   1  -3  -2  -2    5  25   0   3   0  11  15   3   0   0   0  16   0   0   0  11  10   0   0   0  0.34 0.07
   19 D     0  -1   1   1  -2   0   1  -1  -1   1   0  -1  -1  -2  -2   1   1  -3  -2   0   10   3  10   8   0   5  12   4   0  19   7   0   0   0   0  11  12   0   0   0  0.09 0.04
   20 L    -2  -3  -4  -4  -2  -3  -4  -4  -4   3   4  -3   1   0  -3  -3  -2  -3  -2   2    0   0   0   0   0   0   0   0   0  26  63   0   0   0   0   0   0   0   0  11  0.58 0.11
   21 L     0  -3  -4  -4  -2  -3  -3  -4  -3   2   4  -3   1   0  -3  -2  -2  -3  -2   1   10   0   0   0   0   0   0   0   0   9  74   0   0   0   0   0   0   0   0   7  0.52 0.11
   22 D     0   0   2   3  -3   2   0  -1  -1  -3  -3   2  -2  -3  -2   1   1  -4  -3  -2    8   0  11  25   0  16   0   0   0   0   0  17   0   0   0  15   8   0   0   0  0.36 0.08
   23 W     0   0  -3  -4  -3  -2  -3  -3  -2  -3  -2   0  -2   3  -4  -2  -3  10   3  -3   10   7   0   0   0   0   0   0   0   0   0   9   0  13   0   0   0  50  10   0  1.32 0.17
   24 F    -3  -3  -3  -4  -3  -3  -3  -4   0  -2   0  -3  -1   5  -4  -3  -3   5   7  -2    0   0   0   0   0   0   0   0   0   0   9   0   0  26   0   0   0   8  57   0  1.07 0.17
   25 A    -1  -2   2   4  -4   1   0   0   2  -4  -4  -1  -3  -4   4  -1  -2  -4  -3  -3    4   0  12  32   0   7   2   7   9   0   0   0   0   0  27   0   0   0   0   0  0.66 0.13
   26 R    -2   3   1  -1  -3   2   0  -2   5  -3  -3   3  -2  -3  -2   0   0  -3  -1  -2    0  20   5   0   0  11   0   0  23   0   0  29   0   0   0   3   6   0   0   3  0.48 0.12
   27 E     0  -1   2   1  -3   1   1   1  -1  -2  -3  -1  -2  -3   3   0   1  -3  -3  -1    9   0  16   6   0   7  12  14   0   0   0   0   0   0  16   4   9   0   0   7  0.29 0.07
   28 R     0   4   1  -2  -3   2   0   1   3  -3  -3   2  -2  -2  -2  -1  -1  -3   1  -3    6  30   7   0   0  13   0  10   9   0   0  19   0   0   0   0   0   0   7   0  0.37 0.10
   29 R    -1   4  -1  -2   2   0  -1  -1  -1  -2  -2   3  -2  -3  -2   1   1  -3  -2  -1    1  33   0   0   7   0   0   5   0   0   1  22   0   0   0  10  12   0   0   7  0.31 0.09
   30 D    -1  -2   0   4  -3   0   3  -2   0  -1  -2  -1  -2   1  -2  -1   0  -3  -1   0    3   0   3  28   0   0  28   0   2   4   1   0   0  10   0   0   9   0   0   9  0.30 0.09
   31 L    -2  -3  -3  -3  -2  -2  -3  -4  -3   1   5  -3   1   1  -3  -2   0  -2  -1   0    1   1   0   1   0   0   1   1   0   1  79   1   0   6   1   1   6   0   0   1  0.58 0.14
   32 P    -2  -2  -2   0  -3  -2   0  -3   1   0  -2  -2  -2   0   7  -2  -2  -3   0  -2    1   1   0   7   0   0   6   1   4  10   1   1   0   5  57   1   1   0   4   1  1.03 0.15
   33 W    -3  -4  -4  -4  -3  -3  -4  -4  -2  -1  -2  -4  -2   2   2  -3  -3  10   4  -3    0   0   0   0   0   0   0   0   0   5   0   0   0   6  13   0   0  58  14   0  1.86 0.26
   34 R     0   4  -1  -2  -3   2   0  -2  -1  -3  -2   3  -2  -3  -2  -1   0   3  -2  -2    6  38   0   1   0  13   1   1   0   1   1  25   0   0   1   1   5   6   0   1  0.51 0.12
   35 K    -1   2   2   0  -3   1   2  -2   1   0  -2   2  -1  -3   1  -1  -1  -3  -2  -1    1  10  15   1   0   4  19   1   5   9   1  23   0   0   6   1   1   0   0   4  0.25 0.08
   36 D    -1   2   2   4  -3   0   1   0  -1  -3  -3   1  -2  -3  -2   0   0  -3  -3  -3    5  18  10  31   0   0   7   7   0   0   1  10   0   0   0   1   8   0   0   1  0.36 0.09
   37 R    -1   3   0  -1  -3   3   1  -2  -1  -2  -2   2  -1  -3  -2   0   1  -3  -2   0    1  25   3   1   0  19   8   1   0   0   1  16   0   0   1   5  10   0   0  10  0.33 0.11
   38 D    -1   2   1   4  -3  -1   0  -2  -1  -3  -3   0  -2  -3  -2   1   2  -3  -2  -2    1  18   8  29   0   1   4   1   0   1   1   1   0   1   1  12  19   0   0   1  0.38 0.12
   39 P     0   1  -2  -2  -3  -2  -2  -2  -2  -2  -1  -1  -2  -3   7  -1  -2  -3  -3  -2   10  10   1   1   0   1   1   1   0   1   9   1   0   1  58   1   1   0   1   1  1.13 0.20
   40 Y    -3  -4  -4  -5  -4  -4  -4  -5  -2  -1   0  -4  -2   6  -5  -4  -2   7   6  -1    0   0   0   0   0   0   0   0   0   3   9   0   0  37   0   0   3  15  31   2  1.19 0.30
   41 K     0   1  -1  -1  -4   4   4  -2   0  -3  -3   2  -2  -4  -2  -1   0  -4  -1  -2    6   8   0   0   0  22  33   1   2   0   0  15   0   0   0   0   8   0   2   3  0.50 0.20
   42 V    -2  -4  -4  -4   2  -3  -4  -4  -4   2   3  -3   0   0  -4  -3   1  -3  -2   4    0   0   0   0   6   0   0   0   0  10  29   0   0   3   0   0   8   0   0  44  0.55 0.20
   43 W    -2  -4  -5  -5  -3  -4  -5  -5  -4   0   5  -4   0  -1  -5  -4  -2   7  -2   0    2   0   0   0   0   0   0   0   0   0  75   0   0   0   0   0   2  16   0   5  1.13 0.34
   44 V    -2  -4  -5  -5  -2  -4  -4  -5  -5   4   2  -4   0   1  -4  -3  -2  -4  -2   5    0   0   0   0   0   0   0   0   0  29  15   0   0   5   0   0   0   0   0  51  0.80 0.27
   45 S     3  -2  -1  -2  -2  -2  -2   1  -3  -1  -3  -1  -3  -4  -2   4   0  -4  -3  -2   27   0   0   0   0   0   0  11   0   4   0   3   0   0   0  52   3   0   0   0  0.64 0.27
   46 E     0  -2  -2  -2   1  -1   3  -3  -3   0   1  -2  -1   1  -3  -1   2  -3  -2   2    5   0   0   0   4   0  26   0   0   3  12   0   0   7   0   0  20   0   0  23  0.27 0.18
   47 V     0  -4  -4  -5  -3  -3  -4  -4  -4   5   2  -4   5   0  -4  -3  -2  -3  -2   2    6   0   0   0   0   0   0   0   0  43  12   0  21   4   0   0   0   0   0  14  0.68 0.25
   48 M    -3  -4  -5  -5   3  -3  -4  -5  -4   1   5  -4   6   0  -4  -4  -3  -3  -2  -1    0   0   0   0   7   0   0   0   0   3  59   0  27   4   0   0   0   0   0   0  0.97 0.32
   49 L     0  -3  -2  -3  -3  -2  -2  -3  -3  -2   3  -2  -1  -3  -3   5   0  -4  -3  -2    4   0   0   0   0   0   0   0   0   0  33   0   0   0   0  60   3   0   0   0  0.71 0.32
   50 Q     3   0   1  -2  -3   4  -1  -2  -2  -4  -4  -1  -2  -4  -3   3  -1  -4  -3  -3   33   3   7   0   0  31   0   0   0   0   0   0   0   0   0  25   0   0   0   0  0.65 0.28
   51 Q    -3   3   3  -2  -5   7   0  -4  -2  -5  -4   2  -3  -5  -3  -2  -3  -4  -4  -4    0  14  14   0   0  62   0   0   0   0   0  10   0   0   0   0   0   0   0   0  1.20 0.39
   52 T     0  -3   1  -3   1  -2  -3  -3  -3  -3  -1  -2  -2  -4  -3   1   6  -4  -3  -2    8   0   7   0   3   0   0   0   0   0   4   0   0   0   0   8  68   0   0   0  0.91 0.34
   53 R    -2   2   1  -2  -3   2  -1  -3  -2  -3  -3   3  -2  -4   0   1   4  -4  -3  -3    0  13   7   0   0   9   0   0   0   0   0  19   0   0   4  10  37   0   0   0  0.52 0.23
   54 V     0  -3  -1   5  -3  -2   0   0  -3   1  -3  -2  -2  -3  -3  -2  -2   2  -3   2   10   0   0  47   0   0   5   7   0   7   0   0   0   0   0   0   0   3   0  20  0.58 0.24
   55 E     2   1  -1  -1  -3   2   2  -1   0   0  -2   2  -2  -2  -2   1   0  -3  -2  -1   20   6   0   0   0   8  20   3   2   6   0  17   0   2   0   8   3   0   0   5  0.22 0.13
   56 T    -1   3   1  -2  -3   0  -2  -2   0   0  -1  -1   2  -3  -3   0   2  -4  -2   2    0  21   9   0   0   4   0   1   3   4   2   0   7   0   0   9  17   0   0  23  0.25 0.17
   57 V     1  -3  -1  -3  -2  -3  -3  -3  -4   2  -1  -3   1  -2  -3  -1   3  -4  -3   4   11   0   4   0   0   0   0   0   0   7   2   0   2   0   0   3  21   0   0  50  0.51 0.23
   58 I     0   0   3  -1  -3   1   1  -1  -1   2  -1   0   0  -3  -3  -1   1  -3  -1  -1   11   4  26   0   0   8  10   4   0  18   2   5   2   0   0   1   7   0   2   0  0.20 0.14
   59 P     0   2  -1  -1  -3   0   0   1  -2  -2   0   2   0  -3   3  -1  -2  -4  -3  -2   11  13   1   2   0   2   5  12   0   0  13  19   2   0  18   0   0   0   0   2  0.29 0.13
   60 Y     3  -3  -3  -4  -2  -3  -3  -3  -2   1  -1  -3   2  -1  -3  -1   1  -2   4   2   36   0   0   0   0   0   0   0   0   9   0   0   7   0   0   0  10   0  23  15  0.46 0.23
   61 F    -1  -3  -2  -3   1  -2  -3  -1  -2   1   0  -3   3   2  -3   0   3   3   3   0    2   0   0   0   3   0   0   4   0   9   4   0  14  12   0   5  24   4  13   7  0.30 0.17
   62 E     0   0   1   0  -1   1   2  -1   0  -3  -1   2  -2  -3   2   0   0   2  -2  -2    8   2   6   3   1   8  17   2   2   0   7  19   0   0  10   6   6   4   0   0  0.23 0.11
   63 Q     0   4   2   0  -3   0  -1  -2   0  -2  -3   3  -2  -4  -3   1   0  -4  -3  -3   11  34  10   6   0   2   0   1   2   2   0  19   0   0   0   8   4   0   0   0  0.45 0.19
   64 F    -3  -4  -5  -5  -3  -4  -5  -5  -4   1   5  -4   0   4  -5  -4  -3   6  -1   0    0   0   0   0   0   0   0   0   0   4  64   0   0  18   0   0   0  11   0   2  0.97 0.30
   65 I    -3   0  -3  -1   2  -2  -3  -4   2   1   0   0   4   5  -4  -3  -3  -2   1   0    0   7   0   4   6   0   0   0   6  11   3   7  15  37   0   0   0   0   2   3  0.49 0.24
   66 D     1   0  -1   1  -3   3   3   0   1  -3  -3   1  -2  -4   0   0  -1  -4  -3  -2   18   2   0  10   0  19  20   6   3   0   1   9   0   0   3   4   2   0   0   2  0.32 0.16
   67 R    -2   3   1  -1  -3   1   1  -1   0   0  -1   2  -1  -1  -3  -1   1  -3  -2   0    0  22   7   2   0   4   9   4   2   6   6  14   0   4   0   0  14   0   0   7  0.18 0.13
   68 F     0  -4  -4  -4   1  -3  -4   2  -2  -1   0  -4  -2   5  -4  -3  -3   5   4  -2   10   0   0   0   4   0   0  16   0   3   9   0   0  32   0   0   0   8  19   0  0.65 0.25
   69 P    -2   0   2   0  -4  -2  -2  -4  -3  -2   1   0   0  -4   6  -2   0  -5  -4  -3    0   6  10   4   0   0   0   0   0   2  16   7   2   0  47   0   6   0   0   0  0.90 0.29
   70 T    -2  -1   2   2   1  -2  -1  -3  -3  -3  -3   0  -3  -4  -3   2   5  -4  -4  -2    0   1   8  14   4   0   2   0   0   0   0   5   0   0   0  12  54   0   0   0  0.72 0.32
   71 L     1  -3  -4  -3  -3  -3  -2  -3  -3   2   2  -3  -1  -1   4  -2  -1   2   0   1   15   0   0   0   0   0   2   0   0  15  21   0   0   2  25   0   1   4   4  11  0.46 0.19
   72 E    -2  -1   1   3  -4   3   3  -2   1  -4  -3   1  -3  -4  -3   0  -1  -4  -1  -3    1   2   5  19   0  18  27   2   4   0   2   9   0   0   0   6   3   0   2   1  0.49 0.21
   73 A     3   2   0   3  -3  -1   0   0  -2  -3  -3   0  -3  -4  -2   1   0  -4  -3  -1   31  12   2  20   0   0   2   6   0   0   0   6   0   0   0  12   6   0   0   3  0.34 0.19
   74 L    -1  -3  -4  -4   1  -3  -4  -4  -3   3   3  -3   2   1  -4  -3  -1  -3   1   2    6   0   0   0   3   0   0   0   0  26  36   0   5   6   0   0   3   0   5  11  0.45 0.20
   75 A     3   1  -1  -1  -2  -1  -2  -2   0  -1   2  -2   0  -1  -3   0  -1  -3  -2  -1   35   9   2   3   0   2   0   2   3   2  30   0   2   2   0   4   3   0   0   0  0.23 0.19
   76 D     1   1   2   1   0   2   1  -1  -1  -3  -2   1  -2  -3  -2   0   0  -3   0  -3   15   5  13   9   2  13  11   4   0   0   2  11   0   0   0   5   5   0   4   0  0.24 0.13
   77 A     3  -3  -3  -3  -2  -2  -2  -1  -1   2   1  -2   0  -1  -2   0   1  -3  -2   1   43   0   0   0   0   0   0   2   2  13  12   0   1   2   0   6   7   0   0  11  0.31 0.19
   78 D    -2  -2   0   5  -4  -1   1   2  -2  -4  -4   1  -3  -4   2   2  -1  -4  -4  -4    0   0   2  36   0   0   6  15   0   0   0  10   0   0  10  17   2   0   0   0  0.57 0.23
   79 E    -2   0  -2   0   1   0   3  -3  -2   0   1  -1  -1   0   2  -1  -1   2   0   0    0   5   0   5   3   1  29   0   0   4  17   2   0   4  10   3   2   3   3   9  0.19 0.14
   80 D     0   0   1   2  -4   1   3  -2   1  -4  -4   1  -3  -4   2   1  -1  -4  -3  -2    8   3   5  13   0   6  30   0   4   0   0   7   0   0  11   9   3   0   0   2  0.43 0.18
   81 E     0   1  -1   2  -4   0   4   0   0  -4  -4   1  -3  -4  -2   0   1  -4  -3  -2    6   5   0  14   0   0  36   5   2   0   0  11   0   0   0   6  13   0   0   2  0.45 0.22
   82 V    -2  -4  -5  -5  -3  -4  -4  -5  -4   4   4  -4   0   0  -4  -2  -2  -4  -2   3    0   0   0   0   0   0   0   0   0  24  43   0   0   3   0   2   0   0   0  28  0.73 0.27
   83 L     0   0   2   0   0   1   2  -1  -1  -2   0   2   0  -2  -2   0  -1  -3  -1  -2   10   4  13   2   2   3  19   5   0   0  14  17   3   0   0   6   0   0   2   0  0.17 0.13
   84 K     0   0   3   1  -1   1   3  -2   2  -3  -3   1  -2  -3   0   0   0  -4  -1  -3   10   5  16   5   1   6  25   0   6   0   0  10   0   0   3   6   5   0   1   0  0.33 0.16
   85 A     0  -3  -2  -1   0  -1  -3  -3   1   1   4  -3   1   0  -3  -2  -1  -2   3  -1   12   0   2   3   2   3   0   0   5   5  49   0   2   2   0   0   2   0  11   0  0.35 0.20
   86 W    -3  -4  -5  -5  -3  -4  -5  -2  -5   6   1  -4  -1  -2  -4  -4  -3   8  -2   0    0   0   0   0   0   0   0   4   0  57  14   0   0   0   0   0   0  21   0   2  1.15 0.37
   87 E    -1   4  -2  -2  -1  -1   0  -1   1  -2  -3   3   0  -2  -3   0   0  -3   2  -3    3  28   0   0   2   0   4   5   3   2   0  27   4   0   0   8   4   0  10   0  0.41 0.22
   88 G    -1  -2  -2  -1   2  -1   1   2  -3  -4  -4   2  -3  -4   4   1   0  -4  -4  -3    3   0   0   2   5   0   8  17   0   0   0  18   0   0  27  13   6   0   0   0  0.57 0.23
   89 L     0   0  -3  -4  -2  -3  -3  -2  -3   2   3  -2   1  -1  -3  -1   0  -3  -2   2   10   6   0   0   0   0   0   3   0  14  36   0   3   0   0   2   7   0   0  18  0.31 0.17
   90 G    -2  -4  -1  -3  -4  -3  -4   7  -4  -5  -5  -1  -4  -5  -4  -1  -3  -4  -5  -5    0   0   2   0   0   0   0  89   0   0   0   3   0   0   0   2   0   0   0   0  1.70 0.44
   91 Y    -3  -4  -4  -5  -3  -4  -4  -5  -2  -1   2  -4   3   6  -4  -4  -3  -1   4  -2    0   0   0   0   0   0   0   0   0   0  25   0   9  45   0   0   0   0  18   0  1.03 0.33
   92 Y    -1  -3   2  -3  -4  -1  -3   1   3  -3  -3  -3  -3   1  -1  -2  -3   3   7  -3    3   0  11   0   0   3   0  12   7   0   0   0   0   4   4   2   0   4  47   0  0.85 0.32
   93 S    -1   1   4   0  -3  -1  -2  -2   0  -4  -4   2  -3  -2  -1   1   2  -3   3  -3    4   9  32   3   0   0   0   0   2   0   0  12   0   0   3  10  13   0  12   0  0.46 0.24
   94 R    -3   6  -1  -3  -5  -1  -2  -4  -2  -5  -4   5   1  -5  -4  -2  -3  -5  -4  -4    0  54   2   0   0   0   0   0   0   0   0  39   5   0   0   0   0   0   0   0  1.30 0.43
   95 V     5   0  -3  -3   1  -2  -2  -1  -3  -3  -3   2  -3  -4  -3   0  -1  -4  -3   0   62   3   0   0   3   0   0   3   0   0   0  18   0   0   0   2   2   0   0   7  0.68 0.32
   96 R     2   3  -2  -2  -3   0   2  -3  -2  -3  -2   4  -2  -4  -3   0   0  -4  -3  -2   18  18   0   0   0   0  15   0   0   0   4  34   0   0   0   4   5   0   0   2  0.46 0.23
   97 N     0   3   4  -2  -4  -1  -2  -3  -1  -3  -3   0  -3   1  -3   0   0  -2   4  -3    8  24  28   0   0   2   0   0   0   0   0   2   0   5   0   4   5   0  20   0  0.54 0.26
   98 L    -3  -4  -1  -4  -3  -4  -4  -5  -4   5   3  -4   0  -1  -4  -4  -2  -3  -1   1    0   0   4   0   0   0   0   0   0  51  35   0   0   0   0   0   0   0   2   5  0.80 0.30
   99 H    -1  -1  -2  -3   0   2  -1  -3   3   2   1   2   0  -2  -3  -1  -1  -3   0   0    3   0   0   0   2  13   0   0  12  21  12  19   2   0   0   2   3   0   4   5  0.22 0.17
  100 A     1   2   1   0  -4   2   2   0   1  -4  -4   3  -3  -4  -2   0  -2  -4  -3  -3   12  10   7   2   0  12  14   8   4   0   0  28   0   0   0   3   0   0   0   0  0.41 0.19
  101 A     1  -2  -2  -3   1  -2  -1  -1  -3   0   1   0   1   1  -3   1   3  -3  -2   0   13   0   0   0   3   0   3   5   0   2  17   6   5   9   0   8  26   0   0   3  0.17 0.15
  102 V     3  -1  -3  -3   5  -2  -3  -1  -3   0   0  -2  -1  -3  -3   1   0  -4  -3   0   36   3   0   0  13   0   0   3   0   7  12   0   0   0   0  14   4   0   0   7  0.36 0.21
  103 K     1   3   2   0  -4   4   1  -1  -1  -3  -3   2  -2  -2  -3  -1  -1  -3  -1  -2   12  16   9   5   0  23   6   3   0   0   0  18   0   2   0   0   2   0   2   2  0.39 0.20
  104 E     1   2  -2  -2  -3   0   1  -3   0   3   0   1   0  -1  -3  -2  -2  -4  -2   1   14  15   0   1   0   3  14   0   3  29   4   8   3   1   0   0   0   0   0   5  0.21 0.17
  105 V    -1  -4  -5  -5   0  -4  -4  -5  -4   4   4  -4   0  -1  -4  -4  -2  -3   0   2    4   0   0   0   2   0   0   0   0  30  50   0   0   0   0   0   0   0   3  12  0.72 0.28
  106 K     0   0  -3  -3   1   1  -2  -3  -3   1   2   1   0  -2  -3  -1  -1  -3  -2   3    9   3   0   0   3  10   0   0   0   9  20  14   0   0   0   5   0   0   0  27  0.22 0.16
  107 T     0   0   1   1  -3   1   3  -2  -2  -3  -1   2  -1  -3  -2   0   1  -4  -3  -2    5   4   6   8   0   7  29   2   0   0   6  15   1   0   0   3  11   0   0   2  0.31 0.16
  108 R    -2   2   2   2  -4   1   3   0  -1  -4  -2   3  -3  -4  -3  -1  -2  -4  -3  -3    0  12   9  13   0   4  25   6   1   0   5  24   0   0   0   0   0   0   0   0  0.47 0.20
  109 Y    -3  -3  -3  -4  -4   0  -3  -2   5  -3  -1  -1  -2   4  -1  -3   0  -1   6  -3    0   0   0   0   0   4   0   3  18   0   3   5   0  18   3   0   6   0  38   0  0.83 0.29
  110 G    -1  -2   2   2  -4   2   0   4  -2  -4  -4  -1  -3  -4   1   0  -2  -4  -4  -4    2   0  14  15   0  10   4  42   0   0   0   2   0   0   6   3   0   0   0   0  0.62 0.22
  111 G     0  -3   0   0  -3  -1  -2   5  -3  -4  -2  -2  -3  -4  -3   1  -1   2  -3  -3    6   0   4   4   0   3   2  55   0   0   3   0   0   0   0  14   1   4   0   0  0.73 0.24
  112 K    -2   0   1   3  -3   1   2  -2   1   0  -2   2  -2  -3  -2   1  -1  -3  -2  -1    1   4   5  23   0   5  19   1   3   9   1  14   0   0   0  11   0   0   0   4  0.31 0.14
  113 V    -2  -4  -4  -5  -3  -4  -4  -5  -3   3   1  -4   2   3  -1  -3  -2  -2   2   4    0   0   0   0   0   0   0   0   0  18   8   0   4  14   3   0   0   0  10  44  0.61 0.25
  114 P    -2  -4  -4  -3  -5   1   2  -4  -4  -5  -5  -3  -4  -6   8  -3  -3  -6  -5  -5    2   0   0   0   0   6  15   0   0   0   0   0   0   0  76   0   0   0   0   0  2.06 0.49
  115 D     0   2   2   3   0   1   2  -2  -1  -3  -3   1  -2  -3   1   0   0  -3  -1  -3    8  14  11  17   2   7  16   1   0   0   0   5   0   0   5   7   4   0   2   0  0.31 0.13
  116 D     1   0   2   3  -2   0   0  -1  -2  -2  -3   0  -2  -3  -2   2   2  -4  -3  -1   13   4  11  19   0   4   2   2   0   0   0   3   0   0   0  14  21   0   0   6  0.30 0.15
  117 P     0   2  -2  -3  -2  -1  -1  -2   1   0   0   0   2   2   0  -2  -2   2   0   1   11  17   0   0   0   0   2   3   4   6  10   7  11  11   4   0   0   3   1  10  0.12 0.11
  118 D     1  -1   0   2  -3   0   4  -2   0  -2  -3   2  -3  -4  -2   0   1  -4  -3  -2   13   0   2  12   0   0  33   0   2   2   0  19   0   0   0   6   8   0   0   2  0.41 0.19
  119 E     1  -2   0   3  -3   0   4  -1   2  -2  -3  -1  -3  -3  -2   0   1  -3   0  -3   13   0   2  16   0   2  38   3   6   2   0   2   0   0   0   3   9   0   4   0  0.44 0.20
  120 F    -2  -3  -4  -4  -2  -3  -4  -4  -4   2   5  -3   1   1  -4  -3  -2   2  -1   1    0   0   0   0   0   0   0   0   0   8  72   0   0   7   0   0   0   3   0   8  0.69 0.16
  121 S     0  -2  -2  -2   2   0   0  -2  -2   1   2  -2   2  -1  -3   0   0   2  -2   1    6   0   0   0   5   7   6   3   0  11  29   0   9   1   0   7   5   3   0   8  0.14 0.07
  122 R     1   0  -1  -1  -2   1   1  -1   0  -2  -2   2  -2  -3  -2   2   2  -3  -2  -2   13   4   0   2   0   7   7   4   2   2   3  16   0   0   0  23  18   0   0   0  0.23 0.09
  123 L    -3  -3  -4  -5  -2  -3  -4  -5  -4   2   4  -4   1   2  -4  -4  -2  -2   0   1    0   0   0   0   0   0   0   0   0  15  69   0   0   9   0   0   0   0   3   4  0.72 0.17
  124 K    -1   0   2  -2  -4  -1  -1  -3   2  -4  -4   2  -3  -5   7  -1  -2  -5  -3  -4    2   3  12   0   0   0   3   0   6   0   0  13   0   0  57   3   0   0   0   0  1.23 0.21
  125 G    -1  -4  -2  -3  -4  -3  -4   7  -4  -6  -5  -3  -4  -5  -4  -2  -3  -4  -5  -5    0   0   0   0   0   0   0 100   0   0   0   0   0   0   0   0   0   0   0   0  1.85 0.29
  126 V    -2  -4  -4  -5  -2  -4  -4  -5  -4   4   1  -4   0  -2  -4  -3  -1  -4  -2   5    0   0   0   0   0   0   0   0   0  26   9   0   0   0   0   0   0   0   0  65  0.84 0.20
  127 G     0  -4  -2  -3  -4  -3  -4   7  -4  -5  -5  -3  -4  -5  -4  -2  -3  -4  -5  -5    6   0   0   0   0   0   0  94   0   0   0   0   0   0   0   0   0   0   0   0  1.67 0.27
  128 P    -1   4  -1  -2  -4   1  -1  -3   0  -3   0   2  -2  -3   4  -1  -1  -3  -1  -3    2  34   2   0   0   4   0   0   2   0  12  13   0   0  25   2   3   0   3   0  0.55 0.14
  129 Y    -2   0  -2  -2  -4  -1   0  -3  -1  -4  -3   5  -3  -1  -3   1  -2   3   5  -3    0   0   0   0   0   0   3   0   0   0   0  54   0   0   0  11   0   4  28   0  0.78 0.22
  130 T     0  -2  -2  -3  -2  -2  -2  -3  -3  -1  -1  -2   3  -3  -2   2   5  -4  -3   1    4   0   0   0   0   0   0   0   0   2   0   0  13   0   0  12  59   0   0  10  0.63 0.20
  131 V     5  -3  -3  -3   1  -2  -2   0  -3  -1  -2  -1  -2  -3  -2   0  -1  -4  -3   2   73   0   0   0   4   0   0   4   0   0   0   4   0   0   0   0   0   0   0  16  0.66 0.20
  132 G     0   0   3   2  -3  -1   1   3   2  -3  -3  -1  -3  -2  -3   0  -1  -3   1  -3    5   4  20  15   0   0  12  26   6   0   2   0   0   1   0   3   0   0   6   0  0.35 0.10
  133 A     3  -3  -3  -4   6  -3  -3  -2  -3   0   1  -3  -1  -2  -3   0  -1  -3  -3   2   37   0   0   0  25   0   0   0   0   3  16   0   0   0   0   4   0   0   0  15  0.52 0.15
  134 V    -1  -4  -4  -4   1  -4  -4  -4  -4   5   0  -4  -1  -2  -4  -3   0  -4  -1   4    4   0   0   0   3   0   0   0   0  39   0   0   0   0   0   0   4   0   3  48  0.74 0.22
  135 L     0   0  -4  -4   3  -3  -3  -4  -3   0   4  -3   4  -1  -4  -3  -2  -3  -2   0   11   7   0   0   7   0   0   0   0   1  56   0  17   0   0   0   0   0   0   1  0.59 0.20
  136 S     0  -2   2  -2   3   0  -2  -1   0  -2   1  -2   1  -2  -3   3   0   0  -2  -2    5   0  12   0   7   5   0   4   3   0  23   0   4   0   0  35   1   1   0   0  0.25 0.15
  137 L    -1  -2  -1  -3   1  -2  -3  -3   1   2   2  -1   3   2  -3  -1   0  -2   1   1    2   0   4   0   4   0   0   0   5  15  22   4  12  12   0   2   5   0   5   9  0.20 0.09
  138 A     4  -3   0  -3  -2  -2  -2   2  -3  -2  -1  -2  -2  -3  -2   1   0  -4  -3  -1   58   0   4   0   0   0   0  15   0   1   8   0   0   0   0  10   2   0   0   2  0.51 0.19
  139 Y    -3  -4  -4  -5   0  -3  -4  -5   2  -1   3  -4  -1   5  -5  -4  -3   7   3  -2    0   0   0   0   3   0   0   0   6   0  34   0   0  32   0   0   0  16  10   0  0.91 0.22
  140 G    -1  -1   4   3  -4   1  -1   4   2  -4  -3   0  -3  -4  -3  -1  -2  -4  -3  -4    2   2  23  17   0   6   0  34   7   0   3   7   0   0   0   0   0   0   0   0  0.54 0.16
  141 V    -1   1  -2  -2  -1   2   0  -3   3   1  -1   3   1  -1  -3  -2  -2  -1   0   1    2   8   0   0   1  15   5   0  10  10   5  24   6   2   0   0   0   1   3  10  0.21 0.11
  142 P     0  -1   0   0  -3   0   0  -2   2  -1  -2   0  -2   0   5   0  -1  -3   0   0   10   2   5   3   0   3   7   0   8   2   2   5   0   4  29   9   0   0   2   7  0.39 0.11
  143 E     1  -2  -1   0  -2   0  -1   3  -2  -1  -2  -2  -2   1  -2   1   2  -2   1   0   14   0   0   4   0   5   4  27   0   2   0   0   0   6   0   7  16   0   5   9  0.21 0.10
  144 P     0  -4  -4  -4   0  -3  -3  -1  -3   4  -1  -3   1   3   4  -2  -2  -3  -1   0    8   0   0   0   2   0   0   5   0  35   1   0   4  16  27   0   0   0   0   3  0.57 0.18
  145 A     2  -3  -2  -3   3  -2  -2  -1  -3   2  -1  -2   0  -2   2   0   0  -3  -2   2   25   0   0   0   8   0   0   4   0  14   0   0   3   0  13   3   7   0   0  22  0.28 0.11
  146 V    -2  -4  -5  -5  -3  -4  -4  -5  -5   1   1  -4  -1  -2  -4  -4  -2  -4  -3   6    0   0   0   0   0   0   0   0   0   0  12   0   0   0   0   0   0   0   0  88  1.19 0.31
  147 N    -4  -4   0   8  -6  -2   0  -3  -3  -5  -6  -3  -5  -6  -4  -2  -3  -6  -5  -5    0   0   2  95   0   0   3   0   0   0   0   0   0   0   0   0   0   0   0   0  1.94 0.38
  148 G     0  -3  -2  -3  -2  -2  -3   3  -3   0  -2  -2  -2  -3  -3  -1   5  -4  -3   1    8   0   0   0   0   0   0  25   0   5   0   0   0   0   0   0  49   0   0  12  0.60 0.21
  149 N    -4  -2   6  -2  -5  -2  -2  -3   8  -5  -5  -2  -4  -3  -4  -2  -3  -4   1  -5    0   0  41   0   0   0   0   0  54   0   0   0   0   0   0   0   0   0   5   0  1.64 0.36
  150 V    -2  -4  -4  -5  -2  -4  -4  -5  -4   2  -1  -4   1   1  -4  -3   0  -4  -2   6    0   0   0   0   0   0   0   0   0   9   0   0   3   7   0   0   5   0   0  76  0.92 0.26
  151 M    -2   0  -2  -2  -3  -1  -1   1   4  -1  -1   2   1   2  -3  -1  -2   4   1  -1    1   4   0   2   0   0   1  13  18   5   3  19   6  13   0   2   0   7   3   3  0.26 0.12
  152 R    -3   7  -2  -3  -5   1   0  -4   1  -5  -4   0  -3  -5  -4  -3  -3  -5  -3  -5    0  89   0   0   0   4   4   0   3   0   0   0   0   0   0   0   0   0   0   0  1.65 0.36
  153 V    -2  -4  -4  -5  -2  -4  -4  -5  -4   5   1  -4   2  -2  -4  -3  -1  -4  -3   4    0   0   0   0   0   0   0   0   0  45  12   0   5   0   0   0   2   0   0  36  0.77 0.21
  154 L     3  -3  -3  -3   4  -2  -3  -2  -3   0   2  -2   0   0  -3   1   0  -3  -2   0   33   0   0   0  12   0   0   0   0   3  23   0   2   5   0  11   4   0   0   6  0.30 0.13
  155 S     0   0   3  -1   1   1  -1  -2   0  -1  -2   2   0  -3  -1   1   0  -4  -2   0    9   4  25   0   3   9   0   0   2   2   0  14   3   0   2  13   4   0   0  11  0.22 0.11
  156 R    -1   7   0  -3  -5  -1  -2  -4  -2  -4  -1   0   0  -4  -4  -2  -3  -5  -3  -4    4  84   5   0   0   0   0   0   0   0   5   0   2   0   0   0   0   0   0   0  1.38 0.33
  157 L    -1  -3  -3   0   1  -3  -3  -4  -2   2   3  -3   1   0  -4  -3  -2   5   4   0    7   0   0   6   3   0   0   0   0  11  36   0   3   0   0   0   1  10  17   4  0.46 0.19
  158 F    -2   1  -1  -3  -3  -2  -3   4   0  -3  -1   0  -2   2  -3  -2  -2  -2   4  -1    1  10   2   0   0   0   0  39   2   0   5   6   0   9   0   0   0   0  18   5  0.48 0.19
  159 L     1  -3  -3  -3  -3  -1  -3   1   1  -1   2  -3  -1  -2  -3  -1  -1   8  -1  -1   14   0   0   0   0   3   0  11   4   2  22   0   0   0   0   5   2  29   0   5  0.71 0.23
  160 V    -1  -3  -2  -2   1  -2  -2   0  -3   3   0  -2  -1  -2   0  -1   0   2  -2   3    1   1   1   3   4   1   1   8   0  26   4   1   0   1   4   3   6   3   1  33  0.28 0.14
  161 T     0   1   1  -1  -2   0   0   0   2  -1  -2   0  -1  -2   2   2   0   1  -1  -1    5   8   6   2   1   4   6   6   6   4   3   7   1   1  12  19   6   3   1   2  0.16 0.06
  162 D     1  -1  -1   1  -2  -1   0   1  -1  -1   0   0  -1  -1   0   0   1   1   0  -1   17   3   1   9   1   1   6  11   1   1  14   8   1   1   4   4   9   2   4   2  0.06 0.04
  163 D    -1   0   2   3  -2   1   1  -2  -1  -2  -1   1  -2  -2   0  -1   0   3   0  -2    3   4  10  23   0   8   9   2   1   1   6   9   1   1   4   2   5   5   3   2  0.24 0.09
  164 I     1  -2   0  -1   0  -1  -1   0  -2   1  -1  -1  -1   0   4   0   0  -2  -1   0   15   1   4   4   3   1   1   8   1  10   4   4   1   6  22   4   7   0   1   4  0.22 0.08
  165 A     1  -1   0  -1  -2   0  -1   1   0  -1   0   1  -1  -2   0   1   1  -2  -2   0   16   2   5   1   0   6   1  12   2   3  12  10   0   0   4   7  12   0   0   5  0.09 0.06
  166 K     0   0   1   0  -3   1   1  -2   1  -3  -3   4  -1  -3   2   0  -2  -3   1  -3    8   1   7   5   0   3   8   1   3   0   1  38   1   0  10   6   0   0   6   0  0.38 0.17
  167 C    -1   0   1   0   2   0   1   2  -2  -3  -2   2  -2  -3   2   0   2  -3  -3  -2    3   2   5   5   6   3   8  15   0   0   3  16   0   0  11   2  18   0   0   0  0.24 0.12
  168 S     0   1   0   0  -3   0   2  -3  -2  -3  -1   4  -2  -2  -2   2   0  -3   1  -1    6   5   3   2   0   0  14   0   0   0   7  33   0   1   0  17   3   0   5   3  0.30 0.17
  169 T    -1  -3   1   1  -3  -2   0  -1  -3   2  -1  -2  -2  -3  -3   0   4  -4  -3   1    4   0   6  10   0   0   6   3   0  15   2   0   0   0   0   6  36   0   0  13  0.33 0.19
  170 R     0   2  -1  -2  -3   1   2  -3   0  -3  -2   1  -2  -4   4   0   0  -4  -3   0    5  13   2   0   0   8  13   0   3   0   3   8   0   0  25   6   7   0   0   7  0.43 0.16
  171 K    -1   3   1   0  -4   1   2  -3   0  -1  -1   3  -2  -3  -2   0  -1  -4  -3  -1    3  18   8   2   0   4  18   0   3   3   5  22   0   0   0   6   2   0   0   5  0.31 0.15
  172 R     0   1  -1   0  -3   1   1  -3   2   1  -1   2  -1  -2   1  -1   0  -3   1  -1    6   8   2   4   0   6  11   0   7  15   7  14   0   0   6   0   5   0   6   2  0.12 0.09
  173 F    -2  -3  -3  -3  -2  -2  -1  -4   1   1   3  -1   0   2  -3  -2   2  -2   1   2    0   0   0   0   0   0   3   0   4   5  35   3   0  12   0   0  17   0   3  15  0.30 0.16
  174 E    -1   1  -3  -1  -4  -1   4  -2  -2  -4  -2  -2  -3  -2  -3  -2  -3   8   2  -4    5  10   0   3   0   1  39   3   0   0   3   0   0   0   0   0   0  28   6   0  1.05 0.32
  175 Q    -1   1   1   1  -3   1   2  -2   0  -2  -2   2   0  -2   1   0   0  -3  -1  -1    4   8  10   6   0   5  14   2   1   0   1  22   4   2   6   2   6   0   3   4  0.21 0.10
  176 I     1   0   0   0  -2   0   0  -2   0   0   1   1   0  -2  -2  -1   0  -3  -2   1   18   6   6   4   0   2   7   0   4   5  22   9   0   0   0   2   4   0   0  10  0.08 0.08
  177 V     1  -3  -3  -4  -2  -3  -1  -2  -3   2   4  -3   1  -1  -3  -1  -1  -3  -2   1   16   0   0   0   0   0   4   2   0  11  52   0   1   0   0   3   2   0   0   7  0.42 0.20
  178 R     0   1   0  -1   2   3   3  -1  -2  -1   0   0   1  -3   1  -1  -2  -3  -3  -2    7  10   6   0   6  15  24   3   0   3  13   1   4   0   8   0   0   0   0   0  0.25 0.16
  179 E     0   1   0  -1  -3   3   2  -1  -2  -1  -1   3  -1  -3  -1   0   0  -4  -3  -1    5   8   3   1   0  18  12   4   0   4   7  23   0   0   2   7   3   0   0   4  0.24 0.13
  180 I    -2  -3  -1  -4  -3  -3  -3  -4  -3   2   2   0   0   2  -4  -2  -2   6  -1   2    0   0   4   0   0   0   0   0   0  17  29   7   0   8   0   4   0  15   0  15  0.47 0.18
  181 M    -1  -1  -3  -3  -2  -2  -3  -3  -3   2   2  -2   1   0   1  -2   1  -3  -2   3    1   4   0   1   0   0   1   1   0  15  22   1   4   4   7   1  14   0   0  24  0.27 0.13
  182 A    -1  -3  -2   3  -5  -3  -1  -4   0  -5  -5  -1  -4  -1   7  -1  -3   2  -4  -4    4   0   1  19   0   0   3   0   2   0   0   3   0   4  57   5   0   3   0   0  1.33 0.35
  183 Y     0   3  -1   0  -3   1   0  -1   0  -1  -1   2  -2  -3   2  -1  -1  -3   0  -2    6  18   1   6   0   8   5   3   2   6   4  20   0   0  11   2   3   0   4   0  0.23 0.12
  184 E    -1   1   0   1  -3   0   3   0   1  -1  -3   2  -2  -3  -1   0   0  -4  -1  -1    4   6   4   6   0   0  29   6   4   6   0  14   0   0   2   5   5   0   2   5  0.24 0.14
  185 N    -2   1   1   0  -3  -1   0  -1   0   0   1   0  -1   1  -3  -1   1   3   0  -1    0  10  11   6   0   2   8   3   2   4  22   7   0   8   0   0  11   4   1   0  0.12 0.11
  186 P    -1  -2  -4  -4   2  -3  -4  -4  -4  -3   1   1  -2  -2   3  -3   0   9   1  -1    5   2   0   0   6   0   0   0   0   0  13  10   0   0  14   0   7  35   4   5  1.04 0.33
  187 G    -1   0   0  -2  -3  -1   1   2   0  -2  -2   1  -1   0   0   0   1  -2   1  -1    2   5   2   0   0   1   9  21   3   0   2  12   2   5   5   6  11   0   8   5  0.14 0.10
  188 A     0   0   1   3  -4  -1   3  -3   2  -3  -1   0  -1  -3   1  -1   0  -4  -1  -1    6   3   5  19   0   0  29   0   5   0   6   4   2   0   7   2   5   0   2   3  0.33 0.17
  189 F    -1  -4  -4  -2  -1  -4  -4  -4  -3   3   2  -4  -1   6  -4  -3  -2  -2   3   0    6   0   0   3   1   0   0   0   0  19  18   0   0  38   0   0   2   0   9   4  0.66 0.25
  190 N    -1  -3   6  -2  -5  -2  -2  -3   7  -5  -5  -3  -4  -5  -4   1  -2  -5  -3  -5    4   0  53   0   0   0   0   0  30   0   0   0   0   0   0  12   0   0   0   0  1.44 0.45
  191 E     0  -2   0  -2   1   3   0   1   5  -1  -2  -1  -2   0  -2  -1  -1   0   2  -1    8   0   4   0   3  22   4  11  18   6   3   2   0   3   1   1   2   2   8   2  0.29 0.18
  192 A     2   1  -3  -3  -3   1  -2   1   1  -1   1  -2  -1  -2  -3  -1  -1   7  -2  -1   22  10   0   0   0   6   0  10   4   3  21   0   0   0   0   3   2  17   0   2  0.41 0.21
  193 L    -1  -4  -5  -5  -3  -3  -4  -5  -4   2   5  -4   4   1  -4  -4  -3  -3  -2   0    4   0   0   0   0   0   0   0   0  12  62   0  14   4   0   0   0   0   0   3  0.84 0.28
  194 I    -3  -4  -5  -5  -3  -3  -4  -5  -4   4   0  -4   6  -2  -4  -4  -2  -4   0   4    0   0   0   0   0   0   0   0   0  33   2   0  32   0   0   0   0   0   4  29  1.00 0.34
  195 E    -2  -2  -2   2  -4  -1   3   2  -2  -2   1  -2  -1   1  -3  -1   1  -3   0  -2    0   0   0  15   0   0  25  19   0   0  16   0   1   7   0   0  12   0   3   2  0.29 0.18
  196 L    -4  -4  -3  -4  -4  -3  -4  -5   7   1   2  -4  -1   6  -5  -4  -3  -2   0  -2    0   0   0   0   0   0   0   0  30   9  24   0   0  37   0   0   0   0   0   0  1.05 0.34
  197 G    -2  -5  -3  -4   2  -4  -4   7  -4  -6  -6  -4  -5  -5  -4  -1  -4  -5  -5  -5    0   0   0   0   5   0   0  92   0   0   0   0   0   0   0   3   0   0   0   0  1.84 0.42
  198 A     3   4  -2  -3  -4   4  -1  -3  -2  -4  -4   3  -3  -4  -3  -1  -2  -4  -3  -3   35  27   0   0   0  20   0   0   0   0   0  18   0   0   0   0   0   0   0   0  0.72 0.28
  199 L    -1   0  -2  -3  -2   0  -1  -3  -1   1   1   0   2  -1  -3  -1   2  -2   3   1    3   7   0   0   0   5   2   0   0   8  13   5   9   0   0   2  19   0  16   9  0.19 0.13
  200 V    -2  -4  -4  -4  -3  -2  -4  -5  -1   5   0  -4  -1   3  -4  -3   1  -3  -2   3    0   0   0   0   0   2   0   0   2  41   2   0   0  14   0   0  11   0   0  28  0.66 0.25
  201 C    -3  -6  -6  -6  11  -6  -7  -5  -6  -4  -4  -6  -4  -5  -6  -4  -2  -5  -5  -4    0   0   0   0  98   0   0   0   0   0   0   0   0   0   0   0   2   0   0   0  3.40 0.64
  202 T     0  -2  -2  -2  -2  -1  -2  -3   2   0   1   1   1  -3  -2   0   4  -3  -2   0    6   0   0   0   0   2   0   0   6   5  12  11   5   0   0   2  46   0   0   3  0.39 0.20
  203 P     3   2  -3  -3  -3  -2  -2  -2  -3  -3  -4   1  -3  -4   5   1  -2  -5  -4  -2   33  11   0   0   0   0   0   0   0   0   0  12   0   0  34   8   0   0   0   2  0.80 0.25
  204 R    -2   5  -2  -3  -4   2  -1  -3  -2  -1  -2   2  -2  -4  -3   1   0  -4  -3   0    0  41   0   0   0  10   0   0   0   5   2  15   0   0   0  13   5   0   0  10  0.55 0.22
  205 R    -2   4   2  -2  -4   0  -1   0   1  -2  -4   4  -3  -4  -3   1  -1  -4  -3  -2    0  25  10   0   0   2   0   6   3   2   0  36   0   0   0  11   3   0   0   2  0.55 0.21
  206 P    -1  -1  -4  -4  -5  -3  -3  -4  -4  -3  -3  -1  -4  -5   8  -3  -3  -5  -5  -4    5   4   0   0   0   0   0   0   0   2   2   3   0   0  83   0   0   0   0   0  2.14 0.43
  207 S     0   4   1  -1  -4  -1  -1  -2   0  -3   0   3  -2  -3  -3   1  -2  -4  -3  -3    6  31   9   2   0   0   0   1   2   0  14  25   0   0   0  10   0   0   0   0  0.43 0.19
  208 C    -3  -6  -6  -6  11  -6  -7  -5  -6  -4  -4  -6  -4  -5  -6  -4  -4  -5  -5  -4    0   0   0   0 100   0   0   0   0   0   0   0   0   0   0   0   0   0   0   0  3.49 0.63
  209 L    -1  -1   3   3  -3   0   1   3   0  -3  -2   0  -2  -4  -3   1   0  -4  -3  -3    2   1  18  17   0   3   9  22   2   0   6   4   0   0   0  11   6   0   0   0  0.34 0.13
  210 L     1  -1   0  -1  -2   0   1  -2   0   1   1   0   0  -2  -2   0   0  -3  -2   0   15   2   5   2   0   2  13   0   3  13  20   7   2   0   0   5   6   0   0   6  0.08 0.07
  211 C    -3  -6  -6  -6  11  -6  -7  -5  -6  -4  -4  -6  -4  -5  -6  -4  -4  -5  -5  -4    0   0   0   0 100   0   0   0   0   0   0   0   0   0   0   0   0   0   0   0  3.49 0.63
  212 P    -2  -4  -3  -3   2  -1  -3  -1  -1  -1   0  -3  -2   0   7  -1  -1  -4  -3  -1    0   0   0   0   5   3   0   5   1   5  12   0   0   5  55   3   2   0   0   3  1.06 0.27
  213 V    -1  -3   0  -4   0  -3  -4  -4  -4   4   3  -3   4  -1  -4  -3  -2  -3  -2   2    3   0   6   0   2   0   0   0   0  29  34   0  12   0   0   0   0   0   0  14  0.54 0.20
  214 Q     1   2   1  -1  -3   3   1  -2  -1  -2  -2   3  -2  -2  -2   1  -1  -3  -2  -2   11  11   5   0   0  16   7   0   0   3   3  26   0   2   0  13   2   0   0   0  0.32 0.14
  215 A     1   0   1   2  -3   1   2   0   0  -2  -3   2  -2  -2  -2   2  -1  -4  -2  -3   10   2   5  12   0   5  16   8   3   2   0  16   0   2   0  20   0   0   0   0  0.27 0.12
  216 Y    -2  -1  -2   0  -3   0   1  -2   2   0   2   0   0   1  -3  -2  -1   3   2   0    0   3   0   6   0   2  11   3   6   6  33   5   0   5   0   0   4   5   9   3  0.16 0.11
  217 C    -3  -6  -6  -6  11  -6  -7  -5  -6  -4  -4  -6  -4  -5  -6  -4  -4  -5  -5  -4    0   0   0   0 100   0   0   0   0   0   0   0   0   0   0   0   0   0   0   0  3.49 0.63
  218 Q    -1   3  -1  -1  -4   0   2  -3  -2   0  -1   1  -2  -3   4   0  -2  -4  -3  -2    3  19   3   1   0   4  14   0   0   8   8   9   0   0  27   6   0   0   0   0  0.48 0.16
  219 A     3  -3  -2  -3  -3  -2  -2  -2   3  -3  -3  -2  -2   1  -3   3  -1   4   4  -2   37   0   0   0   0   0   0   0   7   0   0   0   0   7   0  25   2   5  16   0  0.56 0.24
  220 F     1   1  -3  -4  -3  -1  -1  -3   0  -2  -2  -1  -2   4  -4  -2  -1  -1   6  -2   17  11   0   0   0   3   3   0   2   0   0   3   0  25   0   0   2   0  34   0  0.65 0.22
  221 A     2   0   0  -1  -3   3   1   0   1   0  -1   1  -1   0  -2   1  -1  -3  -2  -1   22   2   4   0   0  19  10   4   3   9   3  11   0   5   0   8   0   0   0   0  0.17 0.11
  222 E     1   2   2  -1  -3   0   3  -2   0  -3  -1   2  -2  -3  -2   1  -1  -4  -3  -3   13  11  14   0   0   0  25   0   2   0   8  16   0   0   0  11   0   0   0   0  0.32 0.14
  223 G     1  -1   2  -1  -3   0   0   3  -2  -3  -3   1  -2  -3  -2   0   1  -3  -3  -2   13   0  16   0   0   3   6  32   0   0   0  11   0   0   0   3  13   0   0   2  0.35 0.11
  224 V    -1   0   0  -1  -3   0   1  -3  -1   0   0   1   0   2   2   0   0  -2   1   1    0   3   7   0   0   2  10   0   0   4   5  11   4  14  13   5   4   0   4  15  0.12 0.06
  225 A     2  -2  -2  -2  -2   0   0  -2  -2   0   0  -1  -1  -2  -2   1   1   7  -1   0   24   0   0   0   0   3   8   0   0   5  11   4   0   0   0  11  12  19   0   4  0.35 0.11
  226 E     0   0   0   1  -3   0   3   0  -1  -2  -3   0  -2  -1   0   2  -1  -3  -2  -2    6   4   4   7   0   0  27   4   0   4   0   5   0   4   4  30   0   0   0   0  0.28 0.10
  227 E    -1   2  -1  -1  -4   2   2  -3  -1  -1  -2   3  -2  -3   4  -1  -1  -4  -3  -2    3  12   0   0   0   8  16   0   0   5   3  29   0   0  23   0   0   0   0   0  0.50 0.11
  228 L    -2  -2   0  -3  -2  -2  -1  -3  -1   1   2  -2   0   3  -3  -2   1  -1   4   0    0   0   5   0   0   0   6   0   0   5  28   0   0  14   0   0  11   0  24   6  0.28 0.09
  229 P    -2  -2   3  -1  -3  -1   0  -3  -2  -1  -1  -2  -2  -3   7  -1  -2  -4  -3  -2    0   0  19   0   0   0   7   0   0   7   7   0   0   0  57   0   0   0   0   0  1.09 0.15
  230 V     0   1  -2  -2   2  -1   1   1  -2   0   0  -1  -1  -2   1  -1   1  -3  -2   1    5  14   0   0   6   0  13  13   0   0  11   0   0   0   8   0  11   0   0  18  0.11 0.05
  231 K    -2   2  -1  -1  -4   0   2  -3   2  -3  -2   5  -2  -3  -2  -1   0  -4  -2  -3    0  10   0   0   0   0  14   0   5   0   5  60   0   0   0   0   6   0   0   0  0.56 0.14
  232 M     0   1   0  -2  -2   0  -1  -2  -2  -1   0   2   1  -2   1   2   0  -3  -2   0    7   6   4   0   0   0   0   0   0   0   6  26   8   0   5  25   0   0   0  12  0.17 0.07
  233 K     0  -1   1   1  -3  -1  -1  -2  -2   0  -2   2  -2  -3   4   1   0  -4  -3  -1    9   0   6   7   0   0   0   0   0   9   0  24   0   0  25  14   6   0   0   0  0.39 0.08
  234 K    -1   3  -1  -1  -4   0   1  -2  -2  -3  -3   5  -2  -4  -2   1  -1  -4  -3  -1    0  14   0   0   0   0   7   0   0   0   0  63   0   0   0  10   0   0   0   6  0.60 0.14
  235 T     0   2   1  -1  -3   1   1  -2  -1  -1  -2   4  -2  -3  -2   0   2  -3  -2  -2    5   7   7   0   0   7   7   0   0   6   0  41   0   0   0   0  20   0   0   0  0.33 0.10
  236 A     1   1  -1  -1  -3   0   1  -2   1  -3  -3   3  -2  -3   1   1   2  -3  -2  -2   13   4   0   0   0   0  12   0   6   0   0  34   0   0   7   7  18   0   0   0  0.32 0.09
  237 V    -1  -3  -3  -3  -2   0  -2  -4  -3   3   1  -2   3  -1   4  -2  -1  -3  -2   2    0   0   0   0   0   5   0   0   0  30  11   0  12   0  21   0   0   0   0  21  0.44 0.10
  238 K    -1   2  -1  -2  -3   0   0  -1   2   0  -2   2  -2  -3   4  -1  -1  -4  -2   0    0  18   0   0   0   0   7   5   7  11   0  20   0   0  26   0   0   0   0   6  0.42 0.09
  239 Q    -2   2   1   0  -3   3   3  -3   2  -1  -1   0  -1  -3   1  -1  -1  -3  -2  -1    0  17   7   0   0  18  31   0   5   5   5   0   0   0   6   0   0   0   0   6  0.33 0.09
  240 V    -1   2  -1   1  -4   1   4  -3  -1  -2  -3   2  -2  -3   1  -1  -1  -4  -3   0    0  14   0   5   0   0  40   0   0   0   0  20   0   0   7   0   0   0   0  14  0.42 0.11
  241 P    -1   1   1  -1  -2   0   0  -2  -1  -2  -2   2  -2   0   2   1   3  -2   0  -2    0   6   7   0   0   0   4   0   0   0   0  20   0   6   8  11  31   0   4   0  0.25 0.07
  242 L     0  -1  -1  -2   2  -1  -1   1  -2  -1   0   2   1   1  -2   0   1  -2   0  -1    6   0   0   0   5   0   0  15   0   5   8  25   5   7   0   8  12   0   4   0  0.09 0.05
  243 A     2   1  -1  -2   2  -1  -1  -2  -1  -2  -1  -1  -1  -1  -2   2   1  -1   3  -1   22  11   0   0   6   0   0   0   0   0   7   0   0   0   0  25   9   0  19   0  0.21 0.07
  244 V     0  -1  -2  -3  -2  -1  -2  -2  -1   0  -1   1  -1   1  -2  -1   0   7   3   2   11   0   0   0   0   0   1   1   0   0   1  13   0   6   0   1   9  19  12  24  0.32 0.06
  245 A     0  -3  -3  -3   4  -3  -3  -3  -3   2   0  -3   0   3   2  -1   0  -2   0   1    9   0   0   0  15   0   0   0   0  18   6   0   0  27  13   0   5   0   0   8  0.30 0.06
  246 V    -1  -3  -4  -4   2  -3  -3  -4  -4   3   2  -3   1  -1  -3  -2  -1  -3  -2   4    0   0   0   0   5   0   0   0   0  19  27   0   0   0   0   0   0   0   0  49  0.45 0.08
  247 L    -1  -3  -4  -4  -2  -3  -3  -4  -3   2   3  -3   1   2  -3  -3  -1  -2  -1   3    0   0   0   0   0   0   0   0   0  14  45   0   0   9   0   0   0   0   0  32  0.42 0.07
  248 A     0  -1   0  -1  -2   1   1  -2  -2   1   1  -1   0  -1  -2   0   0  -3  -2   2   10   0   7   0   0   9  10   0   0  13  17   0   0   0   0   6   7   0   0  20  0.09 0.03
  249 D    -2   0   2   3  -4   4   1  -2  -1  -4  -3   3  -2  -4  -2  -1  -1  -3  -2  -3    0   0  15  17   0  35   5   0   0   0   0  28   0   0   0   0   0   0   0   0  0.54 0.09
  250 D    -2  -1   1   1  -3   1   1  -2   4  -2  -2   0  -2   2   2   0  -1  -1   3  -2    0   0   6  10   0   5   7   0  16   0   0   9   0  15  10   7   0   0  15   0  0.27 0.05
  251 E    -1   2   1   1  -3   2   3   2  -1  -3  -3   1  -2  -3   1  -1  -1  -3  -2  -3    0  15   5   7   0   7  30  18   0   0   1   8   0   0   6   0   0   0   0   0  0.35 0.05
  252 G     0  -1   3   0  -3   0  -1   3  -1  -4  -4   0  -3  -4   3   0  -1  -3  -3  -3   10   0  21   5   0   5   0  36   0   0   0   9   0   0  15   0   0   0   0   0  0.47 0.07
  253 R     0   2   1  -1  -3   2   1  -2   0  -3  -2   1  -1   1  -2   1   0  -2   1  -2    5  17   6   0   0  19  10   0   0   0   0   6   0   9   0  15   5   0   8   0  0.23 0.05
  254 V    -2  -3  -4  -4  -2  -3  -3  -4  -3   3   2  -3   1   4  -3  -3  -1  -1   0   3    0   0   0   0   0   0   0   0   0  23  15   0   0  29   0   0   0   0   0  33  0.43 0.08
  255 L    -2  -3  -4  -4   2  -3  -3  -4  -2   0   3  -3   0   4  -4  -3  -2   6   2   0    0   0   0   0   6   0   0   0   0   0  39   0   0  28   0   0   0  13   7   7  0.54 0.08
  256 I    -2  -3  -4  -4  -2  -3  -4  -4  -4   3   4  -3   1   0  -4  -3  -2  -3  -2   1    0   0   0   0   0   0   0   0   0  32  68   0   0   0   0   0   0   0   0   0  0.60 0.10
  257 R     0   2  -1  -1  -3   0   2  -3   2  -1  -2   1  -1  -1  -2  -1  -1  -2   3   1   10  19   0   0   0   0  21   0   7   0   0   6   0   0   0   0   0   0  15  23  0.19 0.06
  258 K    -2   1  -1  -1  -4   5   1  -2  -1  -4  -3   5  -2  -4  -2  -1  -1  -3  -2  -3    0   0   0   0   0  46   0   0   0   0   0  54   0   0   0   0   0   0   0   0  0.80 0.14
  259 R    -2   6   2  -1  -4   0   2  -3  -1  -4  -3   1  -2  -4  -3  -1  -2  -4  -3  -3    0  72  13   0   0   0  15   0   0   0   0   0   0   0   0   0   0   0   0   0  0.83 0.13
  260 D    -1  -1  -1   1  -3   1   1  -2  -2  -3  -3   1  -2  -4   6  -1   1  -4  -3  -3    0   0   0  10   0   8   6   0   0   0   0  15   0   0  48   0  13   0   0   0  0.89 0.10
  261 S    -1  -1   3   1  -3   0   3  -2  -1  -4  -4   0  -3  -4   2   2   0  -4  -3  -3    0   0  24   5   0   0  35   0   0   0   0   0   0   0  10  26   0   0   0   0  0.50 0.09
  262 T     1   0   0  -1  -2   3   0  -2  -1  -2  -1   2  -1  -3  -2   2   1  -3  -2  -2    9   0   0   0   0  28   0   0   0   0   8  14   0   0   0  31  10   0   0   0  0.30 0.08
  263 G    -1  -2  -1  -1  -3  -1   2   5  -2  -4  -4   0  -3  -4  -2  -1  -2  -3  -3  -4    0   0   0   0   0   0  21  72   0   0   0   7   0   0   0   0   0   0   0   0  0.88 0.11
  264 L     1  -3  -4  -4  -2  -3  -3  -3  -3   3   4  -3   1   0  -3  -2  -1  -3  -2   1   15   0   0   0   0   0   0   0   0  21  64   0   0   0   0   0   0   0   0   0  0.44 0.09
  265 L    -2  -2  -3  -4  -3   2  -2  -4  -3  -1   3  -2   0   0  -4  -3  -2   9   0  -1    0   0   0   0   0  15   0   0   0   0  48   0   0   0   0   0   0  37   0   0  0.98 0.13
  266 A     3   2  -1  -2  -2   0  -1   2  -2  -3  -3   2  -2  -3  -2   0  -1  -3  -2  -2   48  15   0   0   0   0   0  16   0   0   0  21   0   0   0   0   0   0   0   0  0.37 0.08
  267 N    -1  -1   3  -1  -3  -1   0   4  -1  -4  -4   0  -3  -4  -2   1  -1  -3  -3  -3    0   0  24   0   0   0   6  47   0   0   0   8   0   0   0  15   0   0   0   0  0.57 0.08
  268 L    -2  -2  -3  -4  -2   2  -2  -4  -3   1   5  -2   1  -1  -3  -3  -2  -2  -2   0    0   0   0   0   0  15   0   0   0   0  85   0   0   0   0   0   0   0   0   0  0.58 0.12
  269 W    -3  -3   2  -3  -3  -3  -3  -3  -2  -3  -2  -3  -2   4  -4  -3  -3  10   3  -3    0   0  15   0   0   0   0   0   0   0   0   0   0  27   0   0   0  48  10   0  1.43 0.15
  270 E    -1  -2  -2   1   8  -1   4  -3  -2  -3  -3  -2  -3  -4  -3  -1  -2  -4  -3  -2    0   0   0   9  52   0  40   0   0   0   0   0   0   0   0   0   0   0   0   0  0.99 0.14
  271 F    -3  -3  -3  -3  -3  -3   1  -4  -2  -1  -1  -3  -1   7  -4  -3  -3   0   2  -2    0   0   0   0   0   0  15   0   0   0   0   0   0  85   0   0   0   0   0   0  1.03 0.16
  272 P    -2  -3  -3  -3  -4  -2  -2  -3  -3  -4  -4  -2  -4  -5   8  -2  -2  -5  -4  -3    0   0   0   0   0   0   0   0   0   0   0   0   0   0 100   0   0   0   0   0  2.44 0.20
  273 S     0  -1   2  -1  -2   3   0  -2  -1   1  -2   1  -1  -3  -2   2   1  -3  -2  -1    0   0  14   0   0  24   0   0   0  15   0   6   0   0   0  33   9   0   0   0  0.27 0.08
  274 C    -2  -3  -4  -4   3  -3  -4  -4  -3   3   1  -3   0   4  -4  -3  -2  -1   1   2    0   0   0   0  10   0   0   0   0  23   7   0   0  37   0   0   0   0   0  23  0.44 0.08
  275 E     0  -1  -1   2  -2   1   4  -2  -1  -2  -2   0  -2  -3  -1   0   1  -3  -2  -2   11   1   1   8   0   1  55   1   0   1   1   1   0   1   1   1  16   0   0   1  0.44 0.08
  276 T     0   0  -1  -1  -1   0   1  -1  -1  -1   0   0   0   1  -1   0   2   3   0  -1    9   6   1   1   0   1  16   2   1   1  13   1   1  10   1   2  25   5   1   2  0.10 0.03
  277 D    -1  -1   0   3  -2   1   2   1  -1  -2  -2   0  -2  -2   3   0  -1  -2  -2  -2    2   2   1  19   1   8  22  11   1   2   3   2   1   1  16   2   2   0   1   2  0.32 0.03
  278 G     1  -1   0   1  -1   0   0   1  -1  -2  -2   0  -1  -2   3   1   0  -2  -1  -1   18   2   2  11   1   2   2  13   1   2   3   9   1   1  17  10   2   0   1   2  0.22 0.02
  279 A     2  -1   0  -1  -1   0   0   1  -1  -1  -1   0  -1  -2   0   2   0  -2  -1  -1   29   2   2   2   1   2   2  10   1   2   3   2   1   1   2  33   2   0   1   2  0.20 0.03
  280 D    -1  -1   0   2  -2   0   2  -1  -1   0  -1   0  -1  -2   3   0   1  -2  -1  -1    3   2   2  12   1   1  21   3   1   9   3   2   1   1  17   2  16   0   1   2  0.23 0.03
  281 G    -1   2   0   2  -3   2   2   1  -1  -2  -2   0  -1   1  -1  -1  -1  -2  -1  -2    1  16   1  12   0  11  23  16   0   1   2   1   0   9   1   1   1   0   1   1  0.22 0.04
  282 K    -1   2  -1  -1  -3   3   1  -2   1  -3  -1   3  -1  -3   3  -1  -1  -3  -2  -2    0  14   0   0   0  22   5   0   5   0   5  30   0   0  15   0   0   0   0   0  0.42 0.07
  283 E    -1   0   3   1  -3   2   3  -2   2  -1  -3   1  -2  -3  -2   0  -1  -3  -2  -2    0   0  21   5   0  10  37   0   5   7   0   9   0   0   0   6   0   0   0   0  0.40 0.07
  284 K     0   1   0   1  -3   2   1  -2   0  -3  -3   2  -2  -1  -2   1  -1  -2   2  -2    7   5   0   8   0  12  10   0   0   0   0  23   0   0   0  20   0   0  15   0  0.26 0.06
  285 L    -2  -3  -3  -3  -2  -2  -1  -4   1   3   3  -2   1  -1  -3  -2   0  -3  -1   1    0   0   0   0   0   0   6   0   5  38  43   0   0   0   0   0   7   0   0   0  0.33 0.08
  286 E     0   1   1   0  -3   2   3  -2  -1   1   0   1  -1  -2  -2  -1  -1  -3  -2  -1    9  10   7   0   0  10  31   0   0  14  14   5   0   0   0   0   0   0   0   0  0.19 0.05
  287 Q     1   1  -1  -1  -3   3   2  -2   4  -2  -2   0  -1  -3  -2   0  -1  -3  -1  -1   18  10   0   0   0  23  12   0  21   0   0   0   0   0   0   8   0   0   0   7  0.32 0.07
  288 M    -3  -3  -3   1  -3  -2  -2  -3  -2  -2   0  -3   2   3  -4  -3  -2   9   2  -2    0   0   0  15   0   0   0   0   0   0  11   0  10  13   0   0   0  43   7   0  1.08 0.13
  289 V    -1  -3  -4  -4   2  -3  -3  -4  -3   3   3  -3   1  -1  -3  -2  -1  -3  -2   2    5   0   0   0   5   0   0   0   0  38  42   0   0   0   0   0   0   0   0  10  0.41 0.07
  290 G     1   0  -1  -1  -2   1   2   2  -1  -3  -3   1  -2  -2  -1   1  -1   3  -2  -2   17   0   0   0   0   5  22  21   0   0   1  15   0   0   0   9   0   7   0   0  0.28 0.05
  291 E    -1   0   2   2  -4   3   3  -2  -1  -4  -3   2  -2  -4   2   0  -1  -4  -3  -3    0   0  15  15   0  24  22   0   0   0   0  13   0   0  10   0   0   0   0   0  0.50 0.07
  292 Q     0   1   1   1  -3   2   2  -2   0  -2   0   1  -1  -1  -2  -1  -1  -2   2  -2    7  10   7   9   0  10  20   0   0   0  15   8   0   0   0   0   0   0  15   0  0.17 0.04
  293 Y    -1  -1   1  -1  -3   1  -1  -2   2  -2  -2   1  -2   1   4   0  -1  -1   3  -2    0   0   8   0   0  10   0   0   5   0   1  14   0   7  26   9   0   0  17   0  0.40 0.06
  294 G     0   3   1  -1  -2   0  -1   2   1   0  -2   1  -1  -2  -2  -1  -1  -3  -2   0   11  31   8   0   0   0   0  17   5  12   1   7   0   0   0   0   0   0   0   5  0.18 0.05
  295 L     0  -2   1   2  -2  -1  -1  -2  -2   1   0  -1   0   1  -2   0   1   3  -1   0    5   0  12  15   0   0   0   0   0  19  11   0   0   7   0   9  13   5   0   0  0.10 0.04
  296 Q     0   1   1  -1  -3   2   0  -2   3  -1  -1   3  -1  -2  -2   0  -1  -3  -1  -1   10   5   6   0   0  17   0   0  12   7   9  29   0   0   0   5   0   0   0   0  0.21 0.06
  297 V     0  -2   2   2  -2  -2  -1  -2  -2   2   1  -2   0  -2  -2  -1  -1  -3  -2   2   12   0  15  17   0   0   0   0   0  23  10   0   0   0   0   0   0   0   0  24  0.16 0.05
  298 E    -1   1   4   1  -3   1   2  -2  -1  -3  -3   2  -2  -4   1   0   0  -4  -2  -3    0   5  31   7   0   5  17   0   0   0   0  23   0   0   5   0   6   0   0   0  0.42 0.07
  299 L    -2   0  -1  -2  -2  -1  -1  -3   4   1   2   2   0  -1  -2  -1   0  -3  -1   0    0   0   0   0   0   0   0   0  19   8  37  27   0   0   0   0   8   0   0   0  0.21 0.05
  300 T    -1  -1  -1  -2   2  -1  -2  -3   2   0   1   0   0   0  -2   0   2  -1   3   0    0   0   0   0   8   0   0   0   8   9  18   8   0   0   0   8  23   0  17   0  0.14 0.04
  301 E    -1   0   1   2  -4   4   3   1   0  -4  -3   1  -2  -4  -2   0  -1  -3  -2  -3    0   0   9   8   0  34  28  12   0   0   0   8   0   0   0   0   0   0   0   0  0.48 0.06
  302 P    -1  -1   1   0  -2   0   2  -2   1   0   0   1  -1  -2   2   0  -1  -3  -1  -1    1   1   8   1   0   0  28   1   6  10   9   9   0   0  12  11   1   0   0   1  0.20 0.03
  303 I    -2   1  -3  -3  -2   0  -2  -3  -2   2   2  -1   2   0  -3  -2  -1   4  -1   1    0  10   0   0   0   8   0   0   0  20  35   0   8   0   0   0   0   7   0  12  0.25 0.04
  304 V    -1  -2   2  -1  -2   0  -2   3  -2   1  -1  -1  -1  -2   1  -1   0  -3  -2   1    0   0  15   0   0   8   0  33   0  14   0   0   0   0   7   0   5   0   0  18  0.22 0.04
  305 S     1   1   0   0  -2   0   2  -1  -1  -2  -2   0  -1  -2  -1   2   0  -3  -2   0   12  11   1   1   0   1  24   1   0   1   1   1   0   0   1  36   1   0   0   9  0.23 0.04
  306 F    -2  -3  -3  -3  -2  -3  -3  -3  -1   0   0  -3   0   6  -3  -2  -2   0   3   1    1   1   1   1   0   1   1   1   0   1   1   1   0  64   1   1   1   0  11  15  0.61 0.07
  307 E    -1   2  -1  -1  -2   0   2  -2  -1   0   0   1   0   1  -2  -1  -1  -1   1   0    1  19   1   1   0   1  21   1   0   6  11  10   0   8   1   1   1   0   8   9  0.11 0.02
  308 H    -3  -1   0  -2  -4   0  -1  -3   9  -4  -4  -2  -2  -2  -3  -2  -3  -3   1  -4    0   0   0   0   0   0   0   0 100   0   0   0   0   0   0   0   0   0   0   0  1.65 0.17
  309 A     1  -1  -1  -2  -2  -1  -1  -2  -2   2   0   2   0  -2  -2   0   2  -3  -2   2   12   0   0   0   0   0   0   0   0  25   0  25   0   0   0   0  24   0   0  14  0.17 0.05
  310 F    -3  -4  -4  -4  -3  -4  -4  -4  -2  -1   1  -4   0   7  -4  -3  -3   0   2  -1    0   0   0   0   0   0   0   0   0   0   9   0   0  91   0   0   0   0   0   0  1.10 0.12
  311 S     0  -1   0  -1  -1  -1  -1  -1  -2  -3  -3  -1  -2  -3  -1   5   3  -3  -2  -2    0   0   0   0   0   0   0   0   0   0   0   0   0   0   0  83  17   0   0   0  0.65 0.11
  312 H    -3  -1   0  -2  -4   0  -1  -3   9  -4  -4  -2  -2  -2  -3  -2  -3  -3   1  -4    0   0   0   0   0   0   0   0 100   0   0   0   0   0   0   0   0   0   0   0  1.65 0.17
  313 L    -2  -3  -4  -4  -2  -3  -4  -4  -3   3   2  -3   1   4  -4  -3  -2  -1   1   1    0   0   0   0   0   0   0   0   0  37  29   0   0  34   0   0   0   0   0   0  0.47 0.07
  314 V    -1   2  -1  -2  -2   0  -1  -3   4   0  -1   2  -1  -2  -2  -1   1  -3  -1   1    0  18   0   0   0   0   0   0  18   8   0  18   0   0   0   0  17   0   0  20  0.21 0.05
  315 W    -2   1  -3  -4  -2  -2  -2  -4  -3   0   3   0   1   0  -3  -3  -2   7  -1  -1    0   8   0   0   0   0   0   0   0   0  61  10   0   0   0   0   0  20   0   0  0.54 0.08
  316 Q    -1   0   2   2  -2   2   0  -1   2  -2  -2   1  -1  -2  -1   0   2  -2  -1  -2    1   1   9  19   0  13   1   1   8   1   2   9   0   1   1   1  29   0   1   1  0.24 0.04
  317 L    -1  -2  -2  -2  -1  -2  -2  -2  -1   3   1  -2   0   0  -2   0  -1  -1   3   1    1   1   1   1   0   1   1   1   0  36  13   1   0   1   1  11   1   0  19   9  0.17 0.03
  318 T    -1   0   0  -1  -2   2   0  -2   3   0  -1   0  -1  -1  -1   1   1  -1   2  -1    2   1   1   1   0  23   1   2  12  12   2   1   0   1   1  11  15   0  11   1  0.14 0.03
  319 V     0  -2  -2  -2  -1  -2  -2  -2  -2   2   0  -2   0  -1   2  -1   0  -2  -1   4    2   1   1   1   0   1   1   2   0   1   2   1   0   1  12   2   1   0   1  69  0.29 0.05
  320 F    -1  -2  -2  -2  -2  -1   0  -2   0   1   0  -2   0   4  -2  -1  -1   1   4   0    2   1   1   1   0   1  11   2   0  12   2   1   0  37   1   2   1   0  23   1  0.31 0.03
  321 P    -1  -1  -1  -2  -2  -1  -1   0  -1  -1   1  -1   0   2   3   1  -1  -1   2  -1    2   1   1   1   0   1   1   9   0   1  22   1   0  11  15  16   1   0  13   1  0.15 0.02
  322 G     1  -2  -1  -2  -1  -1  -2   2  -2   0   2  -1   0  -1  -2  -1  -1  -2  -1   1   14   1   1   1   0   1   1  26   0   1  34   1   0   1   1   2   1   0   1  12  0.13 0.02
  323 R     1   2   1  -1  -1   0  -1  -1  -1   1  -1   1  -1  -2  -1   0   0  -2  -1   1   24  15  11   1   0   1   1   2   0  13   2  11   0   1   1   2   1   0   1  11  0.07 0.02
  324 L     1  -2  -2  -2  -1  -1  -2  -2  -2   1   3  -2   1   0  -2  -1  -1  -2  -1   2   14   1   1   1   0   1   1   2   0   1  49   1   0   1   1   2   1   0   1  21  0.17 0.03
  325 V     0   0   0   1  -2   2   2  -1  -1  -1  -1   1  -1  -2  -1   2   0  -2  -1   0    2   1   1   9   0  11  16   2   0   1   2  11   0   1   1  24   1   0   1  16  0.15 0.02
  326 H    -1  -1  -1  -2  -3   2  -1   1   5  -2   0  -1  -1   2   2  -1  -2  -1   2  -2    0   0   0   0   0  17   0  14  24   0  10   0   0  10  12   0   0   0  12   0  0.28 0.04
  327 G     0  -2  -1   1  -2   1  -1   1  -2   1  -1  -1   0   1  -2  -1   0  -2  -1   1    8   0   0  12   0  14   0  14   0  22   0   0   0  10   0   0  10   0   0  10  0.07 0.03
  328 G    -1  -1   3  -1  -2  -1  -1   2  -1   0  -2   1  -2  -3   1   1   1  -3  -2  -1    0   0  22   0   0   0   0  24   0  12   0  10   0   0   8  10  14   0   0   0  0.23 0.03
  329 P     0  -2   1   1  -3  -1  -1   1  -2  -2  -3  -1  -2  -3   6  -1  -1  -4  -3   0    8   0  10  10   0   0   0  10   0   0   0   0   0   0  50   0   0   0   0  12  0.83 0.06
  330 V     0  -2  -2  -2  -1  -2  -2  -2  -2   2   0  -2   0   1  -2   0   3  -2  -1   2    7   0   0   0   0   0   0   0   0  22   0   0   0  10   0   8  31   0   0  21  0.20 0.04
  331 E    -1  -1   2   0  -2   2   2  -1  -1  -2  -2   0  -1  -2  -1   1   1   5  -1  -2    1   1  12   1   0  11  25   1   0   1   1   1   0   0   1  18  15  12   0   1  0.33 0.04
  332 E     0   0   1   2  -2   0   2  -2  -1   0  -2   1  -1  -2  -1   0   1  -3  -2  -1    8   1  11  10   0   0  27   1   0  12   1  10   0   0   1   1  15   0   0   1  0.18 0.02
  333 P    -1  -2  -1   1  -2  -2  -1   0  -2   1   2  -2   0  -1   4   0   0  -3  -2   0    0   0   0  12   0   0   0   7   0  12  30   0   0   0  22  10   7   0   0   0  0.25 0.03
  334 Y     1  -1  -2  -3  -2  -1  -2  -2  -1   1   0   1   0   3  -2  -1  -1  -1   3   0   22   0   0   0   0   0   0   0   0  22   0  20   0  22   0   0   0   0  14   0  0.17 0.04
  335 R    -1   5  -1  -2  -3   0   0  -2  -1  -2  -2   3  -1   1  -2  -1  -1  -2  -1  -2    1  47   1   1   0   0   1   1   0   1   1  31   0  12   1   1   1   0   0   1  0.44 0.05
  336 L    -1  -2  -2  -3  -2  -2  -2   0  -2   0   1  -2   0   0  -2  -1   0   8   0   0    1   1   1   1   0   0   1  11   0   1  25   1   0   0   1   1  11  34   0  11  0.60 0.05
  337 A     1  -1  -1  -2  -1   1  -1   1  -2   1   1  -1   0  -1   2  -1  -1  -2  -1   0   16   1   1   1   0  11   1  12   0  13  24   1   0   1  11   2   1   0   1   1  0.10 0.01
  338 P     1  -1  -1  -1  -1  -1  -1  -1  -1   0  -1  -1  -1  -1   3   1   3  -2   2   0   11   1   1   1   0   0   1   1   0  11   1   1   0   0  15  13  32   0  11   1  0.24 0.03
  339 E    -1   0  -1  -1  -3   3   2  -2  -1   0  -2   2  -1  -1  -2  -1  -1   7   0  -1    1   1   1   1   0  20  15   1   0  11   1  20   0   0   1   1   1  25   0   1  0.49 0.05
  340 D    -1  -1   0   3  -2   0   3  -1   0  -3  -3   0  -2  -1  -1   2   0  -2   2  -2    1   1   1  25   0   0  33   1   0   1   1   1   0   0   1  23   1   0  11   1  0.36 0.04
  341 E    -1  -1   0   3  -3   1   4  -2  -1  -3  -3   0  -2  -3  -1   0   1  -3  -2  -2    1   1   1  23   0   0  57   1   0   1   1   1   0   0   1   1  11   0   0   1  0.55 0.05
  342 L    -2  -3   1  -3  -2  -2  -3  -3  -2   0   3  -3   1   4  -3  -2  -2  -1   1   0    0   0  12   0   0   0   0   0   0   0  56   0   0  32   0   0   0   0   0   0  0.39 0.06
  343 K    -1   2   0   0   2   1   2  -2   2  -2  -2   3  -2  -3  -1   0   1  -3  -1  -2    1   8   0   1   8   0  22   1   7   1   1  37   0   0   1   1  10   0   0   1  0.28 0.04
  344 A     1  -1   3  -1  -2   1  -1  -1  -1   0  -1  -1  -1  -2  -2   0   1   5  -1  -1   17   1  29   1   0  12   1   1   0  13   1   1   0   0   1   1   9  12   0   1  0.21 0.03
  345 Y     2  -1  -1  -1  -1  -1  -1  -1  -1  -1  -1   1  -1   2  -1   1   1  -1   3  -1   26   1   1   1   0   0   1   1   0   1   1  12   0  12   1  14  12   0  16   1  0.15 0.02
  346 A     3  -2  -2  -2   4  -1  -2   1  -2   0  -1  -1  -1  -2  -1   0  -1  -2  -2   0   53   1   1   1  12   0   1  13   0  13   1   1   0   0   1   1   1   0   0   1  0.24 0.03
  347 F    -2  -3  -3  -4  -2  -3  -3  -4  -2   1   1  -3   0   5  -3  -3  -1  -1   1   2    0   0   0   0   0   0   0   0   0   0  12   0   0  52   0   0   0   0   0  37  0.48 0.05
  348 P     0  -1  -1  -1  -2  -1  -1  -1  -2  -3  -3   1  -2  -3   5   3   0  -4  -3  -2    0   0   0   0   0   0   0   0   0   0   0  12   0   0  39  49   0   0   0   0  0.77 0.06
  349 V     0  -1   2  -1  -2   0   1  -2  -1   0  -1   1  -1  -2  -2   1   2  -3  -2   1    0   0  13   0   0   0  12   0   0   0   0  12   0   0   0  11  25   0   0  27  0.16 0.03
  350 S     2  -1   3   0  -2  -1  -1  -1  -1  -3  -3  -1  -2  -3   3   2   0  -3  -2  -2   29   0  27   0   0   0   0   0   0   0   0   0   0   0  13  31   0   0   0   0  0.39 0.03
  351 H    -2  -1   2  -2  -2   0  -1  -2   6   0   0  -1   4  -1  -3  -1  -1  -3   0   0    0   0  14   0   0   0   0   0  44   0   0   0  29   0   0   0   0   0   0  13  0.39 0.05
  352 Q    -1   1   0  -1  -3   4   1  -2   0  -3  -3   4  -1  -4  -1   0  -1  -3  -2  -3    0   0   0   0   0  44   0   0   0   0   0  56   0   0   0   0   0   0   0   0  0.61 0.06
  353 R    -1   3   0  -1  -3   1   0  -2  -1  -3  -3   4  -2  -3  -2   0   1  -3  -2  -2    0  18   0   0   0   0   0   0   0   0   0  68   0   0   0   0  14   0   0   0  0.51 0.05
  354 V    -1  -3  -3  -4  -1  -3  -3  -4  -4   4   1  -3   1  -1  -3  -2  -1  -3  -2   4    0   0   0   0   0   0   0   0   0  53   0   0   0   0   0   0   0   0   0  47  0.45 0.04
  355 W    -3  -3  -4  -5  -3  -3  -3  -3  -3  -1   1  -3  -1   4  -4  -3  -3  10   2  -2    0   0   0   0   0   0   0   0   0   0  13   0   0  29   0   0   0  58   0   0  1.48 0.07
  356 R    -2   4  -1  -1  -3   1   1  -3   0  -3  -2   2  -2   0  -2  -1  -1  -1   4  -2    0  47   0   0   0   0  13   0   0   0   0  12   0   0   0   0   0   0  27   0  0.47 0.04
  357 E    -1  -1   3   0  -2   0   1  -2  -1   1   0  -1   3  -1  -2  -1  -1  -3  -2   1    0   0  27   0   0   0  18   0   0  13   0   0  22   0   0   0   0   0   0  19  0.16 0.03
  358 Y    -2  -2  -3  -4  -2  -2  -3  -4   0   0   2  -2   0   3  -3  -2  -2   1   6  -1    0   0   0   0   0   0   0   0   0   0  30   0   0  15   0   0   0   0  55   0  0.59 0.04
  359 K    -1   1   2   0  -3   2   3  -2   0  -3  -3   4  -2  -3  -1   0  -1  -3  -2  -3    0   0  16   0   0  11  22   0   0   0   0  51   0   0   0   0   0   0   0   0  0.45 0.03
  360 E    -1  -1   4   2  -3   1   3   1   0  -4  -4   0  -3  -3  -2   0  -1  -4  -3  -3    0   0  38  13   0   0  37  12   0   0   0   0   0   0   0   0   0   0   0   0  0.49 0.02
  361 W    -2  -1  -1  -2  -3   1  -1  -2   5  -3  -3  -1  -2  -1   4  -1  -2   8   1  -3    0   0   0   0   0  14   0   0  29   0   0   0   0   0  27   0   0  30   0   0  0.88 0.02
  362 A     2   3  -1  -1  -2   4   1  -1   0  -3  -2   1  -1  -3  -2   0  -1  -3  -2  -2   30  29   0   0   0  41   0   0   0   0   0   0   0   0   0   0   0   0   0   0  0.38 0.02
  363 S     0   2   0  -1  -2   2   0  -2   5  -3  -3   0  -2  -3   3   2   0  -3   0  -3    0  14   0   0   0  15   0   0  27   0   0   0   0   0  14  30   0   0   0   0  0.38 0.01
  364 G     0  -3  -1  -2  -3  -2  -2   6  -2  -4  -4  -2  -3  -3  -2   0  -2  -3  -3  -3    0   0   0   0   0   0   0 100   0   0   0   0   0   0   0   0   0   0   0   0  1.11 0.03
  365 V    -1  -2  -2  -2  -1  -2  -2  -3  -3   1   2  -2   1  -1  -2   0   3  -3  -1   2    0   0   0   0   0   0   0   0   0   0  27   0   0   0   0   0  43   0   0  30  0.23 0.01
  366 R    -1   5  -1  -2  -3   0   0  -2  -1  -3  -3   1  -2  -3   5  -1  -1  -3  -2  -3    0  68   0   0   0   0   0   0   0   0   0   0   0   0  32   0   0   0   0   0  0.80 0.01
  367 P    -1   4  -1  -1  -3   1   0  -2  -1  -3  -3   3  -2  -3   3  -1  -1  -3  -2  -3    0  51   0   0   0   0   0   0   0   0   0  30   0   0  19   0   0   0   0   0  0.60 0.01
  368 P    -1  -2  -2  -2  -3  -1  -1  -2  -2  -3  -3  -1  -3  -4   8  -1  -1  -4  -3  -3    0   0   0   0   0   0   0   0   0   0   0   0   0   0 100   0   0   0   0   0  2.05 0.01
  369 P    -1  -2  -2  -1  -3  -1  -1  -2  -2  -3  -3  -1  -2  -3   7  -1  -1  -4  -3  -2    0   0   0   0   0   0   0   0   0   0   0   0   0   0   0   0   0   0   0   0  0.00     0.00

                      K         Lambda
Standard Ungapped    0.1374     0.3199
Standard Gapped      0.0404     0.2670
PSI Ungapped         0.1320     0.3175
PSI Gapped           0.0404     0.2670
