
Last position-specific scoring matrix computed, weighted observed percentages rounded down, information per position, and relative weight of gapless real matches to pseudocounts
            A   R   N   D   C   Q   E   G   H   I   L   K   M   F   P   S   T   W   Y   V   A   R   N   D   C   Q   E   G   H   I   L   K   M   F   P   S   T   W   Y   V
    1 M    -1  -1  -2  -3  -2   0  -2  -3  -2   1   2  -1   6   0  -3  -2  -1  -2  -1   1    0   0   0   0   0   0   0   0   0   0   0   0 100   0   0   0   0   0   0   0  0.33 0.00
    2 E    -1   0   0   2  -4   2   5  -2   0  -3  -3   1  -2  -3  -1   0  -1  -3  -2  -3    0   0   0   0   0   0 100   0   0   0   0   0   0   0   0   0   0   0   0   0  0.73 0.00
    3 L    -1  -2  -3  -3  -2  -2  -2  -3  -3   1   3  -2   1   0   5  -2  -1  -2  -2   0    0   0   0   0   0   0   0   0   0   0  66   0   0   0  34   0   0   0   0   0  0.57 0.00
    4 D    -2  -2   1   6  -4   0   2  -1  -1  -3  -4  -1  -3  -4  -2   0  -1  -5  -3  -3    0   0   0 100   0   0   0   0   0   0   0   0   0   0   0   0   0   0   0   0  0.92 0.00
    5 D    -2  -2   1   6  -4   0   2  -1  -1  -3  -4  -1  -3  -4  -2   0  -1  -5  -3  -3    0   0   0 100   0   0   0   0   0   0   0   0   0   0   0   0   0   0   0   0  0.92 0.00
    6 F    -2  -3  -3  -4  -3  -3  -3  -3  -1   0   0  -3   0   7  -4  -3  -2   1   3  -1    0   0   0   0   0   0   0   0   0   0   0   0   0 100   0   0   0   0   0   0  0.73 0.00
    7 D    -2  -2   1   6  -4   0   2  -1  -1  -3  -4  -1  -3  -4  -2   0  -1  -5  -3  -3    0   0   0 100   0   0   0   0   0   0   0   0   0   0   0   0   0   0   0   0  0.92 0.00
    8 P     0  -2  -1  -1  -2  -1  -1  -1  -2  -3  -3  -1  -2  -3   7   2   0  -4  -3  -2    0   0   0   0   0   0   0   0   0   0   0   0   0   0  66  34   0   0   0   0  1.20 0.00
    9 E    -1   0   0   2  -4   2   5  -2   0  -3  -3   1  -2  -3  -1   0  -1  -3  -2  -3    0   0   0   0   0   0 100   0   0   0   0   0   0   0   0   0   0   0   0   0  0.73 0.00
   10 D    -2  -2   1   6  -4   0   2  -1  -1  -3  -4  -1  -3  -4  -2   0  -1  -5  -3  -3    0   0   0 100   0   0   0   0   0   0   0   0   0   0   0   0   0   0   0   0  0.92 0.00
   11 K    -1   2   0  -1  -3   1   1  -2  -1  -3  -3   5  -1  -3  -1   0  -1  -3  -2  -2    0   0   0   0   0   0   0   0   0   0   0 100   0   0   0   0   0   0   0   0  0.51 0.00
   12 E    -1   0   0   2  -4   2   5  -2   0  -3  -3   1  -2  -3  -1   0  -1  -3  -2  -3    0   0   0   0   0   0 100   0   0   0   0   0   0   0   0   0   0   0   0   0  0.73 0.00
   13 I    -1  -3  -3  -3  -1  -3  -3  -4  -3   4   2  -3   1   0  -3  -3  -1  -3  -1   3    0   0   0   0   0   0   0   0   0 100   0   0   0   0   0   0   0   0   0   0  0.38 0.00
   14 L    -2  -3  -4  -4  -1  -2  -3  -4  -3   3   4  -3   2   0  -3  -3  -1  -2  -1   1    0   0   0   0   0   0   0   0   0  23  77   0   0   0   0   0   0   0   0   0  0.41 0.00
   15 S     0  -1   1   3  -1   0   0  -1  -1  -2  -3   0  -2  -3  -1   3   2  -3  -2  -2    0   0   0  23   0   0   0   0   0   0   0   0   0   0   0  60  17   0   0   0  0.38 0.01
   16 W    -3  -3  -4  -5  -3  -2  -3  -3  -3  -3  -2  -3  -2   1  -4  -3  -3  11   2  -3    0   0   0   0   0   0   0   0   0   0   0   0   0   0   0   0   0 100   0   0  2.47 0.03
   17 D    -2  -2   1   6  -4   0   2  -2  -1  -3  -4  -1  -3  -4  -2   0  -1  -5  -3  -3    0   0   0 100   0   0   0   0   0   0   0   0   0   0   0   0   0   0   0   0  0.99 0.02
   18 I    -2  -3  -4  -3  -1  -3  -4  -4  -4   5   2  -3   1   0  -3  -3  -1  -3  -2   3    0   0   0   0   0   0   0   0   0 100   0   0   0   0   0   0   0   0   0   0  0.44 0.01
   19 N    -2  -1   6   1  -3   0   0  -1   1  -4  -4   0  -2  -3  -2   1   0  -4  -2  -3    0   0 100   0   0   0   0   0   0   0   0   0   0   0   0   0   0   0   0   0  0.79 0.02
   20 D    -2  -2   1   6  -4   0   2  -2  -1  -3  -4  -1  -3  -4  -2   0  -1  -5  -3  -3    0   0   0 100   0   0   0   0   0   0   0   0   0   0   0   0   0   0   0   0  0.99 0.02
   21 V     1  -2  -2  -2  -1  -1  -1  -2  -2   0  -1  -1   1  -2   4   1   0  -3  -2   1   17   0   0   0   0   0   0   0   0   0   0   0  12   0  27  18   0   0   0  25  0.35 0.01
   22 K    -1   1  -1  -1  -3   3   1  -2  -1   0  -1   4  -1  -3  -1  -1  -1  -3  -2  -1    0   0   0   0   0  27   0   0   0  17   0  55   0   0   0   0   0   0   0   0  0.31 0.01
   23 L    -1  -2  -3  -4  -1  -1  -3  -3  -2   2   3  -2   4   0  -3  -2  -1  -2  -1   2    0   0   0   0   0   0   0   0   0   0  38   0  45   0   0   0   0   0   0  17  0.33 0.01
   24 P    -1  -2  -2  -2  -3  -2  -1  -2  -2  -3  -3  -1  -3  -4   8  -1  -1  -4  -3  -3    0   0   0   0   0   0   0   0   0   0   0   0   0   0 100   0   0   0   0   0  2.09 0.02
   25 Q    -1   1   0   0  -2   5   1  -2   4  -2  -2   1  -1  -2  -1   0  -1  -2   0  -2    1   1   1   1   0  66   1   1  18   1   2   1   0   1   1   1   1   0   1   1  0.44 0.01
   26 N    -1  -1   4   1  -3   0   2  -1   0  -3  -3   0  -2  -3   3   1   0  -4  -2  -3    0   0  38   0   0   0  27   0   0   0   0   0   0   0  17  18   0   0   0   0  0.48 0.01
   27 V    -1  -2  -2   1  -2  -2  -1  -3  -3   2   1  -2   0  -1   2  -1  -1  -3  -2   3    0   0   0  17   0   0   0   0   0   0  13   0   0   0  14   0   0   0   0  55  0.22 0.01
   28 K     1   1   0  -1  -2   2   0   2  -1  -2  -2   3  -1  -3  -1   0   1  -3  -2  -2   13   0   0   0   0  17   0  18   0   0   0  38   0   0   0   0  14   0   0   0  0.26 0.01
   29 T    -1   0   0   0  -3   1   3  -2   3  -2   0   2  -1  -2  -2   0   1  -3  -1  -2    0   0   0   0   0   0  35   0  14   0  13  25   0   0   0   0  12   0   0   0  0.24 0.01
   30 T    -1  -2  -2  -3  -2  -2  -2  -3  -2   0   0  -2   0   5  -3   0   2   0   2  -1    0   0   0   0   0   0   0   0   0   0   0   0   0  62   0   0  38   0   0   0  0.41 0.01
   31 D    -2  -2   1   6  -4   0   2  -2  -1  -3  -4  -1  -3  -4  -2   0  -1  -5  -3  -3    0   0   0 100   0   0   0   0   0   0   0   0   0   0   0   0   0   0   0   0  0.99 0.02
   32 W    -2  -1  -1   2  -3   2   2  -2   3  -3  -3  -1  -2  -1  -2  -1  -2   8   1  -3    0   0   0  18   0  13  17   0  14   0   0   0   0   0   0   0   0  38   0   0  0.78 0.01
   33 F    -2  -3  -3  -4  -3  -4  -4  -3  -1   0   0  -3   0   7  -4  -3  -2   1   3  -1    0   0   0   0   0   0   0   0   0   0   0   0   0 100   0   0   0   0   0   0  0.82 0.02
   34 Q    -1   3   4   0  -3   4   1  -2   0  -3  -3   1  -1  -3  -2   0  -1  -3  -2  -3    0  27  35   0   0  38   0   0   0   0   0   0   0   0   0   0   0   0   0   0  0.47 0.01
   35 E    -1   0   0   3  -4   2   5  -2   0  -4  -3   1  -2  -4  -1   0  -1  -3  -2  -3    0   0   0  18   0   0  82   0   0   0   0   0   0   0   0   0   0   0   0   0  0.71 0.01
   36 W    -3  -3  -4  -5  -3  -2  -3  -3  -3  -3  -2  -3  -2   1  -4  -3  -3  11   2  -3    0   0   0   0   0   0   0   0   0   0   0   0   0   0   0   0   0 100   0   0  2.47 0.03
   37 P     0  -2  -1  -1  -2  -1  -1  -2  -2  -3  -3  -1  -2  -3   7   2   0  -4  -3  -2    0   0   0   0   0   0   0   0   0   0   0   0   0   0  65  35   0   0   0   0  1.21 0.01
   38 D    -2  -2   3   6  -4   0   1  -1  -1  -3  -4  -1  -3  -4  -2   0  -1  -5  -3  -3    0   0  18  82   0   0   0   0   0   0   0   0   0   0   0   0   0   0   0   0  0.84 0.01
   39 S     1  -2   0  -1  -2  -1  -1   5  -2  -3  -3  -1  -2  -3  -2   2   0  -3  -3  -3    0   0   0   0   0   0   0  62   0   0   0   0   0   0   0  38   0   0   0   0  0.64 0.01
   40 Y    -2  -1  -1  -2  -3  -1  -1  -3   6  -2  -2  -2  -1   2  -3  -2  -2   1   6  -2    0   0   0   0   0   0   0   0  35   0   0   0   0   0   0   0   0   0  65   0  0.73 0.02
   41 V     1  -3  -3  -3   4  -2  -3  -3  -3   2   0  -2   0  -1  -2  -1   0  -3  -2   3   13   0   0   0  18   0   0   0   0   0   0   0   0   0   0   0   0   0   0  69  0.30 0.01
   42 K    -1   5   0  -1  -4   1   0  -2  -1  -3  -3   4  -2  -3  -2  -1  -1  -3  -2  -3    0  62   0   0   0   0   0   0   0   0   0  38   0   0   0   0   0   0   0   0  0.62 0.01
   43 H    -2  -1  -1  -2  -3  -1  -1  -3   7  -1   1  -2   0   3  -3  -2  -2  -1   2  -2    0   0   0   0   0   0   0   0  55   0  18   0   0  27   0   0   0   0   0   0  0.44 0.01
   44 I    -2  -3  -4  -3  -1  -3  -4  -4  -4   5   2  -3   1   0  -3  -3  -1  -3  -2   3    0   0   0   0   0   0   0   0   0 100   0   0   0   0   0   0   0   0   0   0  0.44 0.01
   45 Y    -2  -2  -2  -3  -3  -2  -2  -3   2  -2  -1  -2  -1   3  -3  -2  -2   2   7  -1    0   0   0   0   0   0   0   0   0   0   0   0   0   0   0   0   0   0 100   0  0.96 0.02
   46 S     1  -1   1   0  -1   0   0   0  -1  -3  -3   0  -2  -3  -1   4   1  -3  -2  -2    0   0   0   0   0   0   0   0   0   0   0   0   0   0   0 100   0   0   0   0  0.50 0.02
   47 S     1  -1   0  -1  -1  -1  -1  -1  -2   0   1  -1   0  -2  -1   3   1  -3  -2   1    0   0   0   0   0   0   0   0   0   0  17   0   0   0   0  65   0   0   0  18  0.20 0.01
   48 D    -1   0   1   4  -4   3   2  -2   4  -3  -3   0  -2  -3  -2   0  -1  -3  -1  -3    0   0   0  38   0  32  13   0  17   0   0   0   0   0   0   0   0   0   0   0  0.51 0.01
   49 D    -1  -1   3   4  -3   1   3  -1  -1  -3  -3   0  -2  -3  -1   1   0  -4  -3  -3    0   0  17  38   0   0  27   0   0   0   0   0   0   0   0  18   0   0   0   0  0.50 0.01
   50 R    -1   3   0   2  -4   1   2  -2  -1  -3  -3   3  -2  -3  -1   0  -1  -3  -2  -3    0  24   0  18   0   0  17   0   0   0   0  40   0   0   0   0   0   0   0   0  0.44 0.01
   51 N    -1   1   3   1  -3   1   3  -1   0  -3  -3   2  -2  -3  -1   1   0  -3  -2  -3    0   0  25   0   0   0  35   0   0   0   0  27   0   0   0  12   0   0   0   0  0.40 0.01
   52 A     4  -2  -2  -2  -1  -1  -1   0  -2  -2  -2  -1  -1  -2  -1   1   0  -3  -2   0  100   0   0   0   0   0   0   0   0   0   0   0   0   0   0   0   0   0   0   0  0.44 0.01
   53 Q    -1   3   0  -1  -3   5   1  -2   0  -3  -2   2  -1  -3  -2   0  -1  -2  -2  -3    0  18   0   0   0  65   0   0   0   0   0  17   0   0   0   0   0   0   0   0  0.56 0.01
   54 R    -1   5   0  -1  -4   1   0  -2  -1  -3  -3   4  -2  -3  -2  -1  -1  -3  -2  -3    0  65   0   0   0   0   0   0   0   0   0  35   0   0   0   0   0   0   0   0  0.63 0.01
   55 H    -2   0   0  -1  -3   0   0  -2   8  -4  -3  -1  -2  -1  -2  -1  -2  -3   2  -4    0   0   0   0   0   0   0   0 100   0   0   0   0   0   0   0   0   0   0   0  0.98 0.02
   56 L     1  -2  -3  -3  -1  -2  -3  -3  -3   2   3  -2   2   0  -3  -2  -1  -2  -1   1   18   0   0   0   0   0   0   0   0  17  65   0   0   0   0   0   0   0   0   0  0.28 0.01
   57 S     1  -1   1   0  -1   0   0   0  -1  -3  -3   0  -2  -3  -1   4   1  -3  -2  -2    0   0   0   0   0   0   0   0   0   0   0   0   0   0   0 100   0   0   0   0  0.50 0.02
   58 S     1  -2   0  -1  -2  -1  -1   5  -2  -3  -3  -1  -2  -3  -2   2   0  -3  -3  -3    0   0   0   0   0   0   0  62   0   0   0   0   0   0   0  38   0   0   0   0  0.64 0.01
   59 W    -3  -3  -4  -5  -3  -2  -3  -3  -3  -3  -2  -3  -2   1  -4  -3  -3  11   2  -3    0   0   0   0   0   0   0   0   0   0   0   0   0   0   0   0   0 100   0   0  2.47 0.03
   60 A     4  -2  -2  -2  -1  -1  -1   0  -2  -2  -2  -1  -1  -2  -1   1   0  -3  -2   0  100   0   0   0   0   0   0   0   0   0   0   0   0   0   0   0   0   0   0   0  0.44 0.01
   61 M    -1  -2  -2  -3  -2  -1  -2  -3  -2   1   2  -2   7   0  -3  -2  -1  -2  -1   1    0   0   0   0   0   0   0   0   0   0   0   0 100   0   0   0   0   0   0   0  0.45 0.02
   62 R    -2   6  -1  -2  -4   1   0  -3   0  -3  -2   2  -2  -3  -2  -1  -1  -3  -2  -3    0 100   0   0   0   0   0   0   0   0   0   0   0   0   0   0   0   0   0   0  0.81 0.02
   63 N    -2  -1   6   1  -3   0   0  -1   1  -4  -4   0  -2  -3  -2   1   0  -4  -2  -3    0   0 100   0   0   0   0   0   0   0   0   0   0   0   0   0   0   0   0   0  0.79 0.02
   64 T     0  -1   0  -1  -1  -1  -1  -2  -2  -1  -1  -1  -1  -2  -1   1   5  -3  -2   0    0   0   0   0   0   0   0   0   0   0   0   0   0   0   0   0 100   0   0   0  0.53 0.02
   65 N    -2  -1   6   1  -3   0   0  -1   1  -4  -4   0  -2  -3  -2   1   0  -4  -2  -3    0   0 100   0   0   0   0   0   0   0   0   0   0   0   0   0   0   0   0   0  0.79 0.02
   66 N    -2  -1   6   1  -3   0   0  -1   1  -4  -4   0  -2  -3  -2   1   0  -4  -2  -3    0   0 100   0   0   0   0   0   0   0   0   0   0   0   0   0   0   0   0   0  0.79 0.02
   67 H    -2   0   0  -1  -3   0   0  -2   8  -4  -3  -1  -2  -1  -2  -1  -2  -3   2  -4    0   0   0   0   0   0   0   0 100   0   0   0   0   0   0   0   0   0   0   0  0.98 0.02
   68 N    -2  -1   6   1  -3   0   0  -1   1  -4  -4   0  -2  -3  -2   1   0  -4  -2  -3    0   0 100   0   0   0   0   0   0   0   0   0   0   0   0   0   0   0   0   0  0.79 0.02
   69 S     0  -2  -1  -1  -1  -1  -1   3  -2   0  -1  -1  -1  -2  -2   2   0  -3  -2   2    0   0   0   0   0   0   0  27   0   0   0   0   0   0   0  38   0   0   0  35  0.21 0.01
   70 R    -2   4   4   0  -3   0   0  -2   5  -3  -3   1  -2  -3  -2   0  -1  -3   0  -3    0  38  35   0   0   0   0   0  27   0   0   0   0   0   0   0   0   0   0   0  0.48 0.01
   71 I    -2  -3  -4  -3  -1  -3  -4  -4  -4   5   2  -3   1   0  -3  -3  -1  -3  -2   3    0   0   0   0   0   0   0   0   0 100   0   0   0   0   0   0   0   0   0   0  0.44 0.01
   72 L    -2  -2  -4  -4  -1  -2  -3  -4  -3   2   4  -3   2   0  -3  -3  -1  -2  -1   1    0   0   0   0   0   0   0   0   0   0 100   0   0   0   0   0   0   0   0   0  0.49 0.01
   73 K    -1   2   0  -1  -3   1   1  -2  -1  -3  -3   5  -2  -3  -1   0  -1  -3  -2  -3    0   0   0   0   0   0   0   0   0   0   0 100   0   0   0   0   0   0   0   0  0.57 0.02
   74 K    -1   2   0  -1  -3   1   1  -2  -1  -3  -3   5  -2  -3  -1   0  -1  -3  -2  -3    0   0   0   0   0   0   0   0   0   0   0 100   0   0   0   0   0   0   0   0  0.57 0.02
   75 S     1  -1   1   0  -1   0   0   0  -1  -3  -3   0  -2  -3  -1   4   1  -3  -2  -2    0   0   0   0   0   0   0   0   0   0   0   0   0   0   0 100   0   0   0   0  0.50 0.02
   76 C    -1  -4  -3  -4   9  -3  -4  -3  -3  -1  -2  -3  -2  -3  -3  -1  -1  -3  -3  -1    0   0   0   0 100   0   0   0   0   0   0   0   0   0   0   0   0   0   0   0  1.35 0.02
   77 L    -2  -2  -4  -4  -1  -2  -3  -4  -3   2   4  -3   2   0  -3  -3  -1  -2  -1   1    0   0   0   0   0   0   0   0   0   0 100   0   0   0   0   0   0   0   0   0  0.49 0.01
   78 G     0  -3  -1  -2  -3  -2  -2   6  -2  -4  -4  -2  -3  -3  -2   0  -2  -3  -3  -3    0   0   0   0   0   0   0 100   0   0   0   0   0   0   0   0   0   0   0   0  1.09 0.01
   79 V     0  -3  -3  -3  -1  -2  -3  -3  -3   3   1  -3   1  -1  -3  -2   0  -3  -1   4    0   0   0   0   0   0   0   0   0   0   0   0   0   0   0   0   0   0   0 100  0.39 0.01
   80 V    -1  -3  -3  -4  -1  -2  -3  -4  -3   2   2  -3   1   0  -3  -2   0  -3  -1   3    0   0   0   0   0   0   0   0   0   0  35   0   0   0   0   0   0   0   0  65  0.33 0.01
   81 V     0  -3  -3  -4  -1  -2  -3  -4  -3   3   2  -3   1  -1  -3  -2   0  -3  -1   4    0   0   0   0   0   0   0   0   0   0  18   0   0   0   0   0   0   0   0  82  0.34 0.01
   82 C    -1  -4  -3  -4   9  -3  -4  -3  -3  -1  -2  -3  -2  -3  -3  -1  -1  -3  -3  -1    0   0   0   0 100   0   0   0   0   0   0   0   0   0   0   0   0   0   0   0  1.35 0.02
   83 S     2  -1   0  -1  -1  -1  -1   2  -1  -2  -2  -1  -2  -3  -1   3   2  -3  -2  -1   14   0   0   0   0   0   0  13   0   0   0   0   0   0   0  60  13   0   0   0  0.35 0.01
   84 R     1   4  -1  -1  -3   3   1  -2   0  -3  -2   2  -1  -3  -2   0  -1  -3  -2  -2   18  51   0   0   0  31   0   0   0   0   0   0   0   0   0   0   0   0   0   0  0.45 0.01
   85 D     1   0   0   4  -2   0   1  -1   3  -3  -3   1  -2  -3  -1   0  -1  -3  -1  -2   27   0   0  38   0   0   0   0  17   0   0  18   0   0   0   0   0   0   0   0  0.32 0.01
   86 C    -1  -4  -3  -4   9  -3  -4  -3  -3  -1  -2  -3  -2  -3  -3  -1  -1  -3  -3  -1    0   0   0   0 100   0   0   0   0   0   0   0   0   0   0   0   0   0   0   0  1.35 0.02
   87 S     1   0   0  -1  -1   0  -1  -1  -2  -1   0   1   0  -2  -1   2   3  -3  -2  -1   14   0   0   0   0   0   0   0   0   0  13  18   0   0   0  24  31   0   0   0  0.19 0.00
   88 T     0  -2  -2  -3  -1  -2  -2  -2  -3   1   3  -2   1   0  -2  -1   2  -2  -1   0   13   0   0   0   0   0   0   0   0   0  62   0   0   0   0   0  24   0   0   0  0.23 0.01
   89 E    -1   0  -1   0  -3   1   3  -2  -1  -3  -3   1  -2  -4   6  -1  -1  -4  -3  -3    0   0   0   0   0   0  38   0   0   0   0  14   0   0  49   0   0   0   0   0  0.94 0.01
   90 E    -1  -1   4   4  -4   1   3  -1   0  -3  -4   0  -3  -3  -2   0  -1  -4  -3  -3    0   0  35  27   0   0  38   0   0   0   0   0   0   0   0   0   0   0   0   0  0.57 0.01
   91 G     0  -3  -1  -2  -3  -2  -2   6  -2  -4  -4  -2  -3  -3  -2   0  -2  -3  -3  -3    0   0   0   0   0   0   0 100   0   0   0   0   0   0   0   0   0   0   0   0  1.09 0.01
   92 R     1   3   0  -1  -2   0   0  -1  -1  -3  -2   1  -1  -3  -1   3   0  -3  -2  -2   18  38   0   0   0   0   0   0   0   0   0   0   0   0   0  45   0   0   0   0  0.34 0.01
   93 K    -1   3   0  -1  -3   1   0  -2   3  -3  -3   4  -2  -3  -1   1   0  -3  -1  -3    0  13   0   0   0   0   0   0  14   0   0  55   0   0   0  18   0   0   0   0  0.37 0.01
   94 I    -1  -3  -3  -4  -1  -3  -3  -4  -3   4   2  -3   1   0  -3  -2  -1  -3  -1   3    0   0   0   0   0   0   0   0   0  55  27   0   0   0   0   0   0   0   0  18  0.36 0.01
   95 Y    -2   0   2  -1  -3   3   0  -2   4  -3  -2   0  -1   1  -2  -1  -1   0   5  -2    0   0  17   0   0  27   0   0  18   0   0   0   0   0   0   0   0   0  38   0  0.40 0.01
   96 L    -2  -2  -4  -4  -1  -2  -3  -4  -3   2   4  -3   2   0  -3  -3  -1  -2  -1   1    0   0   0   0   0   0   0   0   0   0 100   0   0   0   0   0   0   0   0   0  0.49 0.01
   97 R    -2   6  -1  -2  -4   1   0  -3   0  -3  -2   2  -2  -3  -2  -1  -1  -3  -2  -3    0 100   0   0   0   0   0   0   0   0   0   0   0   0   0   0   0   0   0   0  0.81 0.02
   98 P    -1  -2  -2  -2  -3  -2  -1  -2  -2  -3  -3  -1  -3  -4   8  -1  -1  -4  -3  -3    0   0   0   0   0   0   0   0   0   0   0   0   0   0 100   0   0   0   0   0  2.09 0.02
   99 A     4  -2  -2  -2  -1  -1  -1   0  -2  -2  -2  -1  -1  -2  -1   1   0  -3  -2   0  100   0   0   0   0   0   0   0   0   0   0   0   0   0   0   0   0   0   0   0  0.44 0.01
  100 I    -2  -3  -4  -3  -1  -3  -4  -4  -4   5   2  -3   1   0  -3  -3  -1  -3  -2   3    0   0   0   0   0   0   0   0   0 100   0   0   0   0   0   0   0   0   0   0  0.44 0.01
  101 C    -1  -4  -3  -4   9  -3  -4  -3  -3  -1  -2  -3  -2  -3  -3  -1  -1  -3  -3  -1    0   0   0   0 100   0   0   0   0   0   0   0   0   0   0   0   0   0   0   0  1.35 0.02
  102 D    -2  -2   1   6  -4   0   2  -2  -1  -3  -4  -1  -3  -4  -2   0  -1  -5  -3  -3    0   0   0 100   0   0   0   0   0   0   0   0   0   0   0   0   0   0   0   0  0.99 0.02
  103 K    -1   2   0  -1  -3   1   1  -2  -1  -3  -3   5  -2  -3  -1   0  -1  -3  -2  -3    0   0   0   0   0   0   0   0   0   0   0 100   0   0   0   0   0   0   0   0  0.57 0.02
  104 A     4  -2  -2  -2  -1  -1  -1   0  -2  -2  -2  -1  -1  -2  -1   1   0  -3  -2   0  100   0   0   0   0   0   0   0   0   0   0   0   0   0   0   0   0   0   0   0  0.44 0.01
  105 R    -2   6  -1  -2  -4   1   0  -3   0  -3  -2   2  -2  -3  -2  -1  -1  -3  -2  -3    0 100   0   0   0   0   0   0   0   0   0   0   0   0   0   0   0   0   0   0  0.81 0.02
  106 Q    -1   3  -1  -2  -3   3   0  -3  -1  -1   1   1   0  -2  -2  -1  -1  -2  -2  -1    0  35   0   0   0  38   0   0   0   0  27   0   0   0   0   0   0   0   0   0  0.31 0.01
  107 K    -1   2   0  -1  -3   1   1  -2  -1  -3  -3   5  -2  -3  -1   0  -1  -3  -2  -3    0   0   0   0   0   0   0   0   0   0   0 100   0   0   0   0   0   0   0   0  0.57 0.02
  108 Q    -1   1   0   0  -3   6   2  -2   0  -3  -2   1  -1  -4  -2   0  -1  -2  -2  -3    0   0   0   0   0 100   0   0   0   0   0   0   0   0   0   0   0   0   0   0  0.73 0.02
  109 Q    -1   1   0   0  -3   6   3  -2   0  -3  -3   1  -1  -4  -1   0  -1  -2  -2  -3    0   0   0   0   0  83  17   0   0   0   0   0   0   0   0   0   0   0   0   0  0.66 0.02
  110 R    -1   4   0  -1  -3   0   0   3  -1  -3  -3   3  -2  -3  -2  -1  -1  -3  -2  -3    0  38   0   0   0   0   0  35   0   0   0  27   0   0   0   0   0   0   0   0  0.46 0.01
  111 K    -1   2   0  -1  -3   1   1  -2  -1  -3  -3   5  -2  -3  -1   0  -1  -3  -2  -3    0   0   0   0   0   0   0   0   0   0   0 100   0   0   0   0   0   0   0   0  0.57 0.02
  112 S     3   1  -1  -1  -1   2   0  -1  -1  -2  -2   0  -1  -3  -1   2   0  -3  -2  -1   45  13   0   0   0  18   0   0   0   0   0   0   0   0   0  24   0   0   0   0  0.27 0.01
  113 C    -1  -4  -3  -4   9  -3  -4  -3  -3  -1  -2  -3  -2  -3  -3  -1  -1  -3  -3  -1    0   0   0   0 100   0   0   0   0   0   0   0   0   0   0   0   0   0   0   0  1.35 0.02
  114 P    -1  -2  -2  -2  -3  -2  -1  -2  -2  -3  -3  -1  -3  -4   8  -1  -1  -4  -3  -3    0   0   0   0   0   0   0   0   0   0   0   0   0   0 100   0   0   0   0   0  2.09 0.02
  115 N    -2  -1   6   1  -3   0   0  -1   1  -4  -4   0  -2  -3  -2   1   0  -4  -2  -3    0   0 100   0   0   0   0   0   0   0   0   0   0   0   0   0   0   0   0   0  0.79 0.02
  116 C    -1  -4  -3  -4   9  -3  -4  -3  -3  -1  -2  -3  -2  -3  -3  -1  -1  -3  -3  -1    0   0   0   0 100   0   0   0   0   0   0   0   0   0   0   0   0   0   0   0  1.35 0.02
  117 N    -1  -1   4   2  -3   0   0   2   5  -4  -4  -1  -2  -3  -2   0  -1  -3  -1  -3    0   0  42  13   0   0   0  17  27   0   0   0   0   0   0   0   0   0   0   0  0.47 0.01
  118 G     0  -2   0  -1  -2  -1  -2   5  -2  -4  -4  -1  -3  -3  -2   2  -1  -3  -3  -3    0   0   0   0   0   0   0  73   0   0   0   0   0   0   0  27   0   0   0   0  0.73 0.01
  119 P     0   3  -1  -2  -3   0  -1  -2  -1  -3  -3   0  -2  -3   6  -1  -1  -3  -3  -2   13  35   0   0   0   0   0   0   0   0   0   0   0   0  51   0   0   0   0   0  0.93 0.01
  120 L    -2  -2  -4  -4  -1  -2  -3  -4  -3   2   4  -3   2   0  -3  -3  -1  -2  -1   1    0   0   0   0   0   0   0   0   0   0 100   0   0   0   0   0   0   0   0   0  0.49 0.01
  121 K    -1   1   0   1  -4   2   4  -2   0  -3  -3   3  -2  -3  -1   0  -1  -3  -2  -3    0   0   0   0   0   0  62   0   0   0   0  38   0   0   0   0   0   0   0   0  0.56 0.01
  122 L    -2  -3  -4  -4  -1  -3  -3  -4  -3   3   4  -3   2   0  -3  -3  -1  -2  -1   2    0   0   0   0   0   0   0   0   0  35  65   0   0   0   0   0   0   0   0   0  0.40 0.01
  123 I    -1  -1  -2  -2  -2   2  -1  -3  -2   3   1   1   0  -1  -2  -1  -1  -3  -2   2    0   0   0   0   0  18   0   0   0  51   0  17   0   0   0   0   0   0   0  14  0.16 0.01
  124 P     1  -2  -2  -2  -2  -1  -1  -2  -2  -3  -3  -1  -2  -4   7   0  -1  -4  -3  -2   18   0   0   0   0   0   0   0   0   0   0   0   0   0  82   0   0   0   0   0  1.60 0.01
  125 C    -1  -4  -3  -4   9  -3  -4  -3  -3  -1  -2  -3  -2  -3  -3  -1  -1  -3  -3  -1    0   0   0   0 100   0   0   0   0   0   0   0   0   0   0   0   0   0   0   0  1.35 0.02
  126 R    -2   6  -1  -2  -4   1   0  -3   0  -3  -2   2  -2  -3  -2  -1  -1  -3  -2  -3    0 100   0   0   0   0   0   0   0   0   0   0   0   0   0   0   0   0   0   0  0.81 0.02
  127 G     0  -3  -1  -2  -3  -2  -2   6  -2  -4  -4  -2  -3  -3  -2   0  -2  -3  -3  -3    0   0   0   0   0   0   0 100   0   0   0   0   0   0   0   0   0   0   0   0  1.09 0.01
  128 H    -2   0   0  -1  -3   0   0  -2   8  -4  -3  -1  -2  -1  -2  -1  -2  -3   2  -4    0   0   0   0   0   0   0   0 100   0   0   0   0   0   0   0   0   0   0   0  0.98 0.02
  129 G     0  -2  -1  -2   6  -2  -2   3  -2  -3  -3  -2  -2  -3  -2   2   0  -3  -3  -2    0   0   0   0  35   0   0  38   0   0   0   0   0   0   0  27   0   0   0   0  0.53 0.01
  130 G     0  -3  -1  -2  -3  -2  -2   6  -2  -4  -4  -2  -3  -3  -2   0  -2  -3  -3  -3    0   0   0   0   0   0   0 100   0   0   0   0   0   0   0   0   0   0   0   0  1.09 0.01
  131 F    -2  -2  -3  -4  -3  -2  -3  -3   1  -1  -1  -2  -1   5  -3  -2  -2   2   6  -1    0   0   0   0   0   0   0   0   0   0   0   0   0  38   0   0   0   0  62   0  0.77 0.01
  132 P    -1  -2  -2  -2  -3  -2  -1  -2  -2  -3  -3  -1  -3  -4   8  -1  -1  -4  -3  -3    0   0   0   0   0   0   0   0   0   0   0   0   0   0 100   0   0   0   0   0  2.09 0.02
  133 V     0  -3  -3  -3  -1  -2  -3  -3  -3   3   1  -3   1  -1  -3  -2   0  -3  -1   4    0   0   0   0   0   0   0   0   0   0   0   0   0   0   0   0   0   0   0 100  0.39 0.01
  134 T     0  -1   0  -1  -1  -1  -1  -2  -2  -1  -1  -1  -1  -2  -1   1   5  -3  -2   0    0   0   0   0   0   0   0   0   0   0   0   0   0   0   0   0 100   0   0   0  0.53 0.02
  135 N    -2   0   5   1  -3   0   0  -1   5  -4  -3   0  -2  -3  -2   0  -1  -3   0  -3    0   0  65   0   0   0   0   0  35   0   0   0   0   0   0   0   0   0   0   0  0.63 0.01
  136 F    -2  -3  -3  -4  -3  -4  -4  -3  -1   0   0  -3   0   7  -4  -3  -2   1   3  -1    0   0   0   0   0   0   0   0   0   0   0   0   0 100   0   0   0   0   0   0  0.82 0.02
  137 W    -3  -3  -4  -5  -3  -2  -3  -3  -3  -3  -2  -3  -2   1  -4  -3  -3  11   2  -3    0   0   0   0   0   0   0   0   0   0   0   0   0   0   0   0   0 100   0   0  2.47 0.03
  138 R    -2   6  -1  -2  -4   1   0  -3   0  -3  -2   2  -2  -3  -2  -1  -1  -3  -2  -3    0 100   0   0   0   0   0   0   0   0   0   0   0   0   0   0   0   0   0   0  0.81 0.02
  139 H    -2   2   0  -2  -3   0  -1  -3   7  -1   1   0   0  -1  -3  -1  -2  -2   1  -2    0  18   0   0   0   0   0   0  55   0  27   0   0   0   0   0   0   0   0   0  0.40 0.01
  140 D    -1  -2   1   6  -3   0   1  -1  -1  -3  -4  -1  -3  -4  -2   1  -1  -4  -3  -3    0   0   0  83   0   0   0   0   0   0   0   0   0   0   0  17   0   0   0   0  0.77 0.01
  141 G     0  -3  -1  -2  -3  -2  -2   6  -2  -4  -4  -2  -3  -3  -2   0  -2  -3  -3  -3    0   0   0   0   0   0   0 100   0   0   0   0   0   0   0   0   0   0   0   0  1.09 0.01
  142 R    -2   4   5   0  -3   0   0  -1   0  -3  -3   1  -2  -3  -2   0  -1  -4  -2  -3    0  38  62   0   0   0   0   0   0   0   0   0   0   0   0   0   0   0   0   0  0.56 0.01
  143 F     2  -2  -2  -2  -1  -2  -2   2  -2  -1  -1  -2  -1   4  -2   0  -1  -1   1  -1   45   0   0   0   0   0   0  18   0   0   0   0   0  38   0   0   0   0   0   0  0.26 0.01
  144 I    -2  -3  -4  -3  -1  -3  -4  -4  -4   5   2  -3   1   0  -3  -3  -1  -3  -2   3    0   0   0   0   0   0   0   0   0 100   0   0   0   0   0   0   0   0   0   0  0.44 0.01
  145 F    -2  -3  -3  -4  -3  -3  -3  -3  -1   0   0  -3   0   6  -4  -3  -2   1   4  -1    0   0   0   0   0   0   0   0   0   0   0   0   0  82   0   0   0   0  18   0  0.75 0.01
  146 F    -2  -3  -3  -4  -3  -4  -4  -3  -1   0   0  -3   0   7  -4  -3  -2   1   3  -1    0   0   0   0   0   0   0   0   0   0   0   0   0 100   0   0   0   0   0   0  0.82 0.02
  147 Q    -1   1   0   0  -3   6   2  -2   0  -3  -2   1  -1  -4  -2   0  -1  -2  -2  -3    0   0   0   0   0 100   0   0   0   0   0   0   0   0   0   0   0   0   0   0  0.73 0.02
  148 S     4  -1  -1  -1  -1  -1  -1   0  -1  -2  -2  -1  -1  -3  -1   3   1  -3  -2  -1   62   0   0   0   0   0   0   0   0   0   0   0   0   0   0  38   0   0   0   0  0.37 0.01
  149 K    -1   2   0  -1  -3   1   1  -2  -1  -3  -3   5  -2  -3  -1   0  -1  -3  -2  -3    0   0   0   0   0   0   0   0   0   0   0 100   0   0   0   0   0   0   0   0  0.57 0.02
  150 G     0  -3  -1  -2  -3  -2  -2   6  -2  -4  -4  -2  -3  -3  -2   0  -2  -3  -3  -3    0   0   0   0   0   0   0 100   0   0   0   0   0   0   0   0   0   0   0   0  1.09 0.01
  151 E     0  -1  -1   0  -2   0   3  -3  -2   1  -1  -1   0  -2  -2   0   1  -3  -2   2    0   0   0   0   0   0  38   0   0   0   0   0   0   0   0   0  18   0   0  45  0.20 0.01
  152 H    -2   0   0  -1  -3   0   0  -2   8  -4  -3  -1  -2  -1  -2  -1  -2  -3   2  -4    0   0   0   0   0   0   0   0 100   0   0   0   0   0   0   0   0   0   0   0  0.98 0.02
  153 D    -2  -2   1   6  -4   0   2  -2  -1  -3  -4  -1  -3  -4  -2   0  -1  -5  -3  -3    0   0   0 100   0   0   0   0   0   0   0   0   0   0   0   0   0   0   0   0  0.99 0.02
  154 H    -2   0   0  -1  -3   0   0  -2   8  -4  -3  -1  -2  -1  -2  -1  -2  -3   2  -4    0   0   0   0   0   0   0   0 100   0   0   0   0   0   0   0   0   0   0   0  0.98 0.02
  155 P    -1  -2  -2  -2  -3  -2  -2  -3  -3  -2   0  -1  -1  -3   7  -1  -1  -4  -3  -2    0   0   0   0   0   0   0   0   0   0  17   0   0   0  83   0   0   0   0   0  1.55 0.01
  156 R    -2   6  -1  -2  -4   1   0  -2   0  -3  -2   3  -2  -3  -2  -1  -1  -3  -2  -3    0  87   0   0   0   0   0   0   0   0   0  13   0   0   0   0   0   0   0   0  0.73 0.01
  157 P    -1  -2  -2  -2  -3  -2  -1  -2  -2  -3  -3  -1  -3  -4   8  -1  -1  -4  -3  -3    0   0   0   0   0   0   0   0   0   0   0   0   0   0 100   0   0   0   0   0  2.09 0.02
  158 E    -1   0   0   3  -4   2   5  -2   0  -4  -3   1  -2  -4  -1   0  -1  -3  -2  -3    0   0   0  17   0   0  83   0   0   0   0   0   0   0   0   0   0   0   0   0  0.71 0.01
  159 T     1  -1   0  -1  -1  -1  -1  -1  -2  -2  -2  -1  -1  -3   3   2   3  -3  -2  -1   18   0   0   0   0   0   0   0   0   0   0   0   0   0  17  27  38   0   0   0  0.40 0.01
  160 K    -1   2   0  -1  -3   1   1  -2  -1  -3  -3   5  -2  -3  -1   0  -1  -3  -2  -3    0   0   0   0   0   0   0   0   0   0   0 100   0   0   0   0   0   0   0   0  0.57 0.02
  161 L     0  -2   2  -1  -2  -1  -1   2  -1   0   2  -1   0  -1  -2   1   0  -3  -2  -1    0   0  17   0   0   0   0  18   0   0  38   0   0   0   0  27   0   0   0   0  0.14 0.00
  162 E     0   0   0   1  -3   1   4  -2   0  -3  -3   0  -2  -3  -1   2   0  -3  -2  -2    0   0   0   0   0   0  65   0   0   0   0   0   0   0   0  35   0   0   0   0  0.51 0.01
  163 A     2  -1   0  -1  -1  -1  -1  -1  -2  -1  -2  -1  -1  -2  -1   2   3  -3  -2   0   38   0   0   0   0   0   0   0   0   0   0   0   0   0   0  17  45   0   0   0  0.33 0.01
  164 E    -1  -1  -1   1  -3   1   5  -3  -1  -1  -2   0  -1  -3  -1   0  -1  -3  -2   0    0   0   0   0   0   0  83   0   0   0   0   0   0   0   0   0   0   0   0  17  0.52 0.01
  165 A     4  -2  -1  -2  -1  -1  -1   2  -2  -2  -2  -1  -1  -3  -1   2   0  -3  -2  -1   69   0   0   0   0   0   0  14   0   0   0   0   0   0   0  17   0   0   0   0  0.36 0.01
  166 R    -1   6  -1  -2  -4   1   0  -2   0  -3  -2   3  -2  -3  -2  -1  -1  -3  -2  -3    0  83   0   0   0   0   0   0   0   0   0  17   0   0   0   0   0   0   0   0  0.71 0.01
  167 R    -2   6  -1  -2  -4   1   0  -3   0  -3  -2   2  -2  -3  -2  -1  -1  -3  -2  -3    0 100   0   0   0   0   0   0   0   0   0   0   0   0   0   0   0   0   0   0  0.81 0.02
  168 A     3  -1  -1  -2  -1  -1  -1   0  -2  -1   0  -1   0  -2  -1   2   0  -3  -2   0   55   0   0   0   0   0   0   0   0   0  18   0   0   0   0  27   0   0   0   0  0.24 0.01
  169 M     1  -2  -2  -3  -1  -1  -2  -2  -2   0   2  -2   4   2  -2  -1  -1  -1   0   0   27   0   0   0   0   0   0   0   0   0  18   0  38  17   0   0   0   0   0   0  0.19 0.01
  170 K    -1   0  -1  -2  -2   0  -1   2  -2   1   0   3   0  -2  -2  -1  -1  -3  -2   0    0   0   0   0   0   0   0  23   0  16  17  44   0   0   0   0   0   0   0   0  0.14 0.00
  171 K    -1   4   0  -1  -3   1   1  -2  -1  -3  -3   5  -2  -3  -1   0  -1  -3  -2  -3    0  23   0   0   0   0   0   0   0   0   0  77   0   0   0   0   0   0   0   0  0.53 0.01
  172 V    -1   3  -2  -3  -2  -1  -2  -3  -2   2   0   0   0  -1  -2  -1   0  -3  -1   3    0  33   0   0   0   0   0   0   0   0   0   0   0   0   0   0   0   0   0  67  0.22 0.01
  173 H    -1   0   3   0  -3   4   1  -2   5  -3  -3   0  -1  -2  -2   0  -1  -3   0  -3    0   0  19   0   0  44   0   0  37   0   0   0   0   0   0   0   0   0   0   0  0.48 0.00
  174 M    -1  -1  -2  -3  -2   0  -2  -3  -2   1   2  -1   6   0  -3  -2  -1  -2  -1   1    0   0   0   0   0   0   0   0   0   0   0   0 100   0   0   0   0   0   0   0  0.35 0.00

                      K         Lambda
Standard Ungapped    0.1350     0.3200
Standard Gapped      0.0410     0.2670
PSI Ungapped         0.1350     0.3200
PSI Gapped           0.0410     0.2670
