
Last position-specific scoring matrix computed, weighted observed percentages rounded down, information per position, and relative weight of gapless real matches to pseudocounts
           A  R  N  D  C  Q  E  G  H  I  L  K  M  F  P  S  T  W  Y  V   A   R   N   D   C   Q   E   G   H   I   L   K   M   F   P   S   T   W   Y   V
    1 D   -2 -2  1  6 -4  0  2 -1 -1 -3 -4 -1 -3 -4 -2  0 -1 -4 -3 -3    0   0   0 100   0   0   0   0   0   0   0   0   0   0   0   0   0   0   0   0  0.94 0.00
    2 V   -1 -3 -3 -3 -1 -3 -3 -4 -3  3  1 -3  1 -1 -3 -2  0 -3 -1  3    0   0   0   0   0   0   0   0   0  43   0   0   0   0   0   0   0   0   0  57  0.35 0.00
    3 Q   -1  1  0  0 -3  6  2 -2  0 -3 -2  1  0 -3 -1  0 -1 -2 -2 -2    0   0   0   0   0 100   0   0   0   0   0   0   0   0   0   0   0   0   0   0  0.66 0.01
    4 T    0 -1  0 -1 -1 -1 -1 -2 -2 -1 -1 -1 -1 -2 -1  1  5 -3 -2  0    0   0   0   0   0   0   0   0   0   0   0   0   0   0   0   0 100   0   0   0  0.48 0.00
    5 A    4 -1 -2 -2  0 -1 -1  0 -2 -1 -2 -1 -1 -2 -1  1  0 -3 -2  0  100   0   0   0   0   0   0   0   0   0   0   0   0   0   0   0   0   0   0   0  0.41 0.00
    6 L   -1  0 -2 -2 -2  0 -1 -3 -2  0  3  3  1 -1 -2 -1 -1 -2 -1  0    0   0   0   0   0   0   0   0   0   0  57  43   0   0   0   0   0   0   0   0  0.19 0.00
    7 Q   -1  1  0  1 -3  4  4 -2  0 -3 -3  1 -1 -3 -1  0 -1 -2 -2 -2    0   0   0   0   0  57  43   0   0   0   0   0   0   0   0   0   0   0   0   0  0.60 0.00
    8 H   -2  0  1 -1 -3  0  0 -2  8 -3 -3 -1 -2 -1 -2 -1 -2 -2  2 -3    0   0   0   0   0   0   0   0 100   0   0   0   0   0   0   0   0   0   0   0  0.88 0.01
    9 S    1 -1  1  0 -1  0  0  0 -1 -2 -3  0 -2 -2 -1  4  1 -3 -2 -2    0   0   0   0   0   0   0   0   0   0   0   0   0   0   0 100   0   0   0   0  0.46 0.00
   10 I   -1 -3 -3 -3 -1 -3 -3 -4 -3  4  2 -3  1  0 -3 -2 -1 -3 -1  3    0   0   0   0   0   0   0   0   0 100   0   0   0   0   0   0   0   0   0   0  0.40 0.00
   11 R   -1  6  0 -2 -4  1  0 -2  0 -3 -2  2 -1 -3 -2 -1 -1 -3 -2 -3    0 100   0   0   0   0   0   0   0   0   0   0   0   0   0   0   0   0   0   0  0.76 0.00
   12 E   -1  0  0  2 -4  2  5 -2  0 -3 -3  1 -2 -3 -1  0 -1 -3 -2 -3    0   0   0   0   0   0 100   0   0   0   0   0   0   0   0   0   0   0   0   0  0.74 0.00
   13 I   -1 -3 -3 -3 -1 -3 -3 -4 -3  3  3 -3  2  0 -3 -2 -1 -2 -1  2    0   0   0   0   0   0   0   0   0  57  43   0   0   0   0   0   0   0   0   0  0.36 0.00
   14 G    0 -2  0 -1 -3 -2 -2  6 -2 -4 -4 -2 -3 -3 -2  0 -2 -3 -3 -3    0   0   0   0   0   0   0 100   0   0   0   0   0   0   0   0   0   0   0   0  1.05 0.00
   15 L   -1 -3 -3 -4 -1 -2 -3 -4 -3  3  3 -3  2  0 -3 -2 -1 -2 -1  2    0   0   0   0   0   0   0   0   0  43  57   0   0   0   0   0   0   0   0   0  0.37 0.00
   16 R   -1  4  0 -2 -3  0 -1  4 -1 -3 -3  1 -2 -3 -2 -1 -1 -3 -2 -3    0  57   0   0   0   0   0  43   0   0   0   0   0   0   0   0   0   0   0   0  0.54 0.00
   17 L   -2 -2 -4 -4 -1 -2 -3 -4 -3  2  4 -3  2  0 -3 -3 -1 -2 -1  1    0   0   0   0   0   0   0   0   0   0 100   0   0   0   0   0   0   0   0   0  0.46 0.00
   18 M   -1 -1  4  0 -2  0 -1 -2  0  0  1 -1  4 -1 -2  0  0 -2 -1  0    0   0  43   0   0   0   0   0   0   0   0   0  57   0   0   0   0   0   0   0  0.24 0.00
   19 R   -2  4 -1 -2 -3  0 -1 -3 -1 -1 -1  1 -1  4 -3 -1 -2 -1  1 -2    0  57   0   0   0   0   0   0   0   0   0   0   0  43   0   0   0   0   0   0  0.41 0.00
   20 M   -1 -2 -3 -3 -1 -1 -2 -3 -2  1  3 -2  5  0 -3 -2 -1 -2 -1  1    0   0   0   0   0   0   0   0   0   0  43   0  57   0   0   0   0   0   0   0  0.35 0.00
   21 K   -1  2  0 -1 -3  1  1 -2 -1 -3 -3  5 -1 -3 -1  0 -1 -3 -2 -2    0   0   0   0   0   0   0   0   0   0   0 100   0   0   0   0   0   0   0   0  0.52 0.00
   22 N   -1 -1  4  0 -2 -1 -1 -1 -1  1 -1 -1 -1 -2 -2  0  0 -3 -2  2    0   0  57   0   0   0   0   0   0   0   0   0   0   0   0   0   0   0   0  43  0.26 0.00
   23 D    0 -1  1  5 -2  0  1 -1 -1 -3 -3 -1 -2 -3 -1  2  0 -4 -2 -2    0   0   0  57   0   0   0   0   0   0   0   0   0   0   0  43   0   0   0   0  0.53 0.00
   24 G    0 -2  0 -1 -3 -2 -2  6 -2 -4 -4 -2 -3 -3 -2  0 -2 -3 -3 -3    0   0   0   0   0   0   0 100   0   0   0   0   0   0   0   0   0   0   0   0  1.05 0.00
   25 M   -1 -1 -2 -3 -2  0 -2 -3 -2  1  2 -1  6  0 -3 -2 -1 -2 -1  1    0   0   0   0   0   0   0   0   0   0   0   0 100   0   0   0   0   0   0   0  0.36 0.01
   26 S    1 -1  1  0 -1  0  0  0 -1 -2 -3  0 -2 -2 -1  4  1 -3 -2 -2    0   0   0   0   0   0   0   0   0   0   0   0   0   0   0 100   0   0   0   0  0.46 0.00
   27 Q   -1  0 -1 -1 -3  4  1 -2  1 -2 -2  0 -1  1 -2 -1 -1  1  5 -2    0   0   0   0   0  57   0   0   0   0   0   0   0   0   0   0   0   0  43   0  0.46 0.00
   28 K   -1  2  0 -1 -3  1  1 -2 -1 -3 -3  5 -1 -3 -1  0 -1 -3 -2 -2    0   0   0   0   0   0   0   0   0   0   0 100   0   0   0   0   0   0   0   0  0.52 0.00
   29 D   -2 -2  1  6 -4  0  2 -1 -1 -3 -4 -1 -3 -4 -2  0 -1 -4 -3 -3    0   0   0 100   0   0   0   0   0   0   0   0   0   0   0   0   0   0   0   0  0.94 0.00
   30 I   -1 -3 -3 -3 -1 -3 -3 -4 -3  4  2 -3  1  0 -3 -2 -1 -3 -1  3    0   0   0   0   0   0   0   0   0 100   0   0   0   0   0   0   0   0   0   0  0.40 0.00
   31 A    4 -1 -2 -2  0 -1 -1  0 -2 -1 -2 -1 -1 -2 -1  1  0 -3 -2  0  100   0   0   0   0   0   0   0   0   0   0   0   0   0   0   0   0   0   0   0  0.41 0.00
   32 A    3  1 -1 -1 -1  0  0  0 -1 -2 -2  3 -1 -3 -1  1  0 -3 -2 -1   57   0   0   0   0   0   0   0   0   0   0  43   0   0   0   0   0   0   0   0  0.28 0.00
   33 K   -1  2  0 -1 -3  1  1 -2 -1 -3 -3  5 -1 -3 -1  0 -1 -3 -2 -2    0   0   0   0   0   0   0   0   0   0   0 100   0   0   0   0   0   0   0   0  0.52 0.00
   34 E   -1  0  0  2 -4  2  5 -2  0 -3 -3  1 -2 -3 -1  0 -1 -3 -2 -3    0   0   0   0   0   0 100   0   0   0   0   0   0   0   0   0   0   0   0   0  0.74 0.00
   35 G    0 -1  4  0 -3 -1 -1  4 -1 -4 -4 -1 -3 -3 -2  0 -1 -3 -3 -3    0   0  43   0   0   0   0  57   0   0   0   0   0   0   0   0   0   0   0   0  0.65 0.00
   36 L   -2 -2 -4 -4 -1 -2 -3 -4 -3  2  4 -3  2  0 -3 -3 -1 -2 -1  1    0   0   0   0   0   0   0   0   0   0 100   0   0   0   0   0   0   0   0   0  0.46 0.00
   37 S    1 -1  1  0 -1  0  0  0 -1 -2 -3  0 -2 -2 -1  4  1 -3 -2 -2    0   0   0   0   0   0   0   0   0   0   0   0   0   0   0 100   0   0   0   0  0.46 0.00
   38 Q   -1  4  0 -1 -3  4  1 -2  0 -3 -2  2 -1 -3 -2  0 -1 -2 -2 -2    0  43   0   0   0  57   0   0   0   0   0   0   0   0   0   0   0   0   0   0  0.56 0.00
   39 A    4 -1 -2 -2  0 -1 -1  0 -2 -1 -2 -1 -1 -2 -1  1  0 -3 -2  0  100   0   0   0   0   0   0   0   0   0   0   0   0   0   0   0   0   0   0   0  0.41 0.00
   40 K   -1  2  0 -1 -3  1  1 -2 -1 -3 -3  5 -1 -3 -1  0 -1 -3 -2 -2    0   0   0   0   0   0   0   0   0   0   0 100   0   0   0   0   0   0   0   0  0.52 0.00
   41 V    0 -3 -3 -3 -1 -2 -3 -3 -3  3  1 -2  1 -1 -2 -2  0 -3 -1  4    0   0   0   0   0   0   0   0   0   0   0   0   0   0   0   0   0   0   0 100  0.35 0.00
   42 T    0 -1  0 -1 -1 -1 -1 -2 -2 -1 -1 -1 -1 -2 -1  1  5 -3 -2  0    0   0   0   0   0   0   0   0   0   0   0   0   0   0   0   0 100   0   0   0  0.48 0.00
   43 R   -1  6  0 -2 -4  1  0 -2  0 -3 -2  2 -1 -3 -2 -1 -1 -3 -2 -3    0 100   0   0   0   0   0   0   0   0   0   0   0   0   0   0   0   0   0   0  0.76 0.00
   44 A    4 -1 -2 -2  0 -1 -1  0 -2 -1 -2 -1 -1 -2 -1  1  0 -3 -2  0  100   0   0   0   0   0   0   0   0   0   0   0   0   0   0   0   0   0   0   0  0.41 0.00
   45 L   -2 -3 -3 -4 -2 -3 -3 -4 -2  1  3 -3  1  4 -3 -3 -2  0  1  0    0   0   0   0   0   0   0   0   0   0  57   0   0  43   0   0   0   0   0   0  0.42 0.00
   46 Q   -1  1  0  0 -3  6  2 -2  0 -3 -2  1  0 -3 -1  0 -1 -2 -2 -2    0   0   0   0   0 100   0   0   0   0   0   0   0   0   0   0   0   0   0   0  0.66 0.01
   47 A    4 -1 -2 -2  0 -1 -1  0 -2 -1 -2 -1 -1 -2 -1  1  0 -3 -2  0  100   0   0   0   0   0   0   0   0   0   0   0   0   0   0   0   0   0   0   0  0.41 0.00
   48 A    4 -1 -2 -2  0 -1 -1  0 -2 -1 -2 -1 -1 -2 -1  1  0 -3 -2  0  100   0   0   0   0   0   0   0   0   0   0   0   0   0   0   0   0   0   0   0  0.41 0.00
   49 S    1 -1  1  0 -1  0  0  0 -1 -2 -3  0 -2 -2 -1  4  1 -3 -2 -2    0   0   0   0   0   0   0   0   0   0   0   0   0   0   0 100   0   0   0   0  0.46 0.00
   50 A    3 -2 -2 -2 -1 -1 -2 -1 -2  1  0 -1  0 -2 -1  0  0 -3 -2  2   57   0   0   0   0   0   0   0   0   0   0   0   0   0   0   0   0   0   0  43  0.22 0.00
   51 P   -1 -2 -2 -2 -3 -1 -1 -2 -2 -3 -3 -1 -3 -4  8 -1 -1 -4 -3 -2    0   0   0   0   0   0   0   0   0   0   0   0   0   0 100   0   0   0   0   0  2.05 0.01
   52 E   -1  0  0  1 -3  4  4 -2  0 -3 -3  1 -1 -3 -1  0 -1 -3 -2 -2    0   0   0   0   0  43  57   0   0   0   0   0   0   0   0   0   0   0   0   0  0.61 0.00
   53 E   -1  0  0  2 -4  2  5 -2  0 -3 -3  1 -2 -3 -1  0 -1 -3 -2 -3    0   0   0   0   0   0 100   0   0   0   0   0   0   0   0   0   0   0   0   0  0.74 0.00
   54 L   -1 -3 -3 -4 -1 -2 -3 -4 -3  3  3 -3  2  0 -3 -2 -1 -2 -1  2    0   0   0   0   0   0   0   0   0  43  57   0   0   0   0   0   0   0   0   0  0.37 0.00
   55 V   -1 -3 -3 -3 -1 -3 -3 -4 -3  3  1 -3  1 -1 -3 -2  0 -3 -1  3    0   0   0   0   0   0   0   0   0  43   0   0   0   0   0   0   0   0   0  57  0.35 0.00
   56 A    3 -1  0 -1 -1 -1 -1  0 -1 -2 -2 -1 -1 -2 -1  3  1 -3 -2 -1   57   0   0   0   0   0   0   0   0   0   0   0   0   0   0  43   0   0   0   0  0.35 0.00
   57 L   -2 -2 -4 -4 -1 -2 -3 -4 -3  2  4 -3  2  0 -3 -3 -1 -2 -1  1    0   0   0   0   0   0   0   0   0   0 100   0   0   0   0   0   0   0   0   0  0.46 0.00
   58 F   -2 -3 -3 -4 -2 -3 -3 -3 -1  0  0 -3  0  6 -4 -2 -2  1  3 -1    0   0   0   0   0   0   0   0   0   0   0   0   0 100   0   0   0   0   0   0  0.75 0.01
   59 P   -1 -2 -2 -2 -3 -1 -1 -2 -2 -3 -3 -1 -3 -4  8 -1 -1 -4 -3 -2    0   0   0   0   0   0   0   0   0   0   0   0   0   0 100   0   0   0   0   0  2.05 0.01
   60 V   -1 -3 -3 -3 -1 -3 -3 -4 -3  3  1 -3  1 -1 -3 -2  0 -3 -1  3    0   0   0   0   0   0   0   0   0  43   0   0   0   0   0   0   0   0   0  57  0.35 0.00
   61 Q    2  0 -1 -1 -2  4  1 -1  0 -2 -2  1 -1 -3 -1  0  0 -2 -2 -1   43   0   0   0   0  57   0   0   0   0   0   0   0   0   0   0   0   0   0   0  0.36 0.00
   62 S    1 -1  1  0 -1  0  0  0 -1 -2 -3  0 -2 -2 -1  4  1 -3 -2 -2    0   0   0   0   0   0   0   0   0   0   0   0   0   0   0 100   0   0   0   0  0.46 0.00
   63 E   -1  0  0  2 -4  2  5 -2  0 -3 -3  1 -2 -3 -1  0 -1 -3 -2 -3    0   0   0   0   0   0 100   0   0   0   0   0   0   0   0   0   0   0   0   0  0.74 0.00
   64 L   -2 -2 -4 -4 -1 -2 -3 -4 -3  2  4 -3  2  0 -3 -3 -1 -2 -1  1    0   0   0   0   0   0   0   0   0   0 100   0   0   0   0   0   0   0   0   0  0.46 0.00
   65 T   -1 -1  4  0 -2  0 -1 -1 -1 -2 -2  0 -1 -3 -2  1  3 -3 -2 -1    0   0  43   0   0   0   0   0   0   0   0   0   0   0   0   0  57   0   0   0  0.41 0.00
   66 F   -2 -3 -3 -4 -2 -3 -3 -3 -1  0  0 -3  0  6 -4 -2 -2  1  3 -1    0   0   0   0   0   0   0   0   0   0   0   0   0 100   0   0   0   0   0   0  0.75 0.01
   67 S    0 -1  4  1 -2  0  0  0  0 -3 -3  0 -2 -3 -1  3  1 -3 -2 -2    0   0  43   0   0   0   0   0   0   0   0   0   0   0   0  57   0   0   0   0  0.44 0.00
   68 D   -2 -2  1  6 -4  0  2 -1 -1 -3 -4 -1 -3 -4 -2  0 -1 -4 -3 -3    0   0   0 100   0   0   0   0   0   0   0   0   0   0   0   0   0   0   0   0  0.94 0.00
   69 Y   -2 -2 -2 -3 -3 -2 -2 -3  2 -1 -1 -2 -1  3 -3 -2 -2  2  7 -1    0   0   0   0   0   0   0   0   0   0   0   0   0   0   0   0   0   0 100   0  0.87 0.01
   70 K   -1  2  0 -1 -3  1  1 -2 -1 -3 -3  5 -1 -3 -1  0 -1 -3 -2 -2    0   0   0   0   0   0   0   0   0   0   0 100   0   0   0   0   0   0   0   0  0.52 0.00
   71 T   -1 -2 -1 -2 -1 -1 -2 -2 -2  2  0 -1  0 -1 -2  0  3 -3 -2  1    0   0   0   0   0   0   0   0   0  43   0   0   0   0   0   0  57   0   0   0  0.25 0.00
   72 L   -2 -2 -4 -4 -1 -2 -3 -4 -3  2  4 -3  2  0 -3 -3 -1 -2 -1  1    0   0   0   0   0   0   0   0   0   0 100   0   0   0   0   0   0   0   0   0  0.46 0.00
   73 C   -1 -3 -3 -4  7 -3 -4 -3 -2 -1  0 -3 -1  4 -3 -2 -1  0  1 -1    0   0   0   0  57   0   0   0   0   0   0   0   0  43   0   0   0   0   0   0  0.69 0.00
   74 A    3 -1  4  0 -1  0 -1  0  0 -2 -2 -1 -1 -3 -1  1  0 -3 -2 -1   57   0  43   0   0   0   0   0   0   0   0   0   0   0   0   0   0   0   0   0  0.33 0.00
   75 V   -1 -2 -3 -3 -1 -2 -2 -3  0  1  0 -2  0  1 -3 -2 -1  0  5  3    0   0   0   0   0   0   0   0   0   0   0   0   0   0   0   0   0   0  43  57  0.33 0.00
   76 G   -1 -2 -1 -2 -3 -2 -2  4  0 -3 -2 -2 -2  1 -3 -1 -2  0  4 -2    0   0   0   0   0   0   0  57   0   0   0   0   0   0   0   0   0   0  43   0  0.58 0.00
   77 D   -1  1  1  5 -3  0  1 -1 -1 -3 -3  3 -2 -3 -1  0 -1 -4 -3 -3    0   0   0  57   0   0   0   0   0   0   0  43   0   0   0   0   0   0   0   0  0.54 0.00
   78 E    0 -1  0  1 -3  1  4  4 -1 -4 -3  0 -2 -3 -2  0 -1 -3 -3 -3    0   0   0   0   0   0  57  43   0   0   0   0   0   0   0   0   0   0   0   0  0.54 0.00
   79 M   -1 -2 -3 -3 -1 -1 -2 -3 -2  1  3 -2  5  0 -3 -2 -1 -2 -1  1    0   0   0   0   0   0   0   0   0   0  43   0  57   0   0   0   0   0   0   0  0.35 0.00
   80 G    0 -1  0  0 -3  0  3  4 -1 -4 -3  0 -2 -3 -2  0 -1 -3 -3 -3    0   0   0   0   0   0  43  57   0   0   0   0   0   0   0   0   0   0   0   0  0.59 0.00
   81 N   -1  1  4  1 -3  1  0 -1  0 -3 -3  3 -2 -3 -2  0  0 -3 -2 -3    0   0  57   0   0   0   0   0   0   0   0  43   0   0   0   0   0   0   0   0  0.47 0.00
   82 K    2  1 -1 -1 -2  1  0 -1 -1 -2 -2  3 -1 -3 -1  0  0 -3 -2 -1   43   0   0   0   0   0   0   0   0   0   0  57   0   0   0   0   0   0   0   0  0.30 0.00
   83 N   -2  0  6  1 -3  0  0  0  1 -3 -4  0 -2 -3 -2  1  0 -4 -2 -3    0   0 100   0   0   0   0   0   0   0   0   0   0   0   0   0   0   0   0   0  0.73 0.01
   84 L   -1 -1 -2  0 -2  0  3 -3 -1  0  3 -1  1 -1 -2 -1 -1 -2 -1  0    0   0   0   0   0   0  43   0   0   0  57   0   0   0   0   0   0   0   0   0  0.24 0.00
   85 E    0  0  0  1 -2  1  4 -1  0 -3 -3  0 -2 -3 -1  2  0 -3 -2 -2    0   0   0   0   0   0  57   0   0   0   0   0   0   0   0  43   0   0   0   0  0.45 0.00
   86 F   -2 -3 -3 -4 -2 -3 -3 -3 -2  1  3 -3  1  5 -3 -2 -2  0  2  0    0   0   0   0   0   0   0   0   0   0  43   0   0  57   0   0   0   0   0   0  0.46 0.00
   87 D    0 -1  1  5 -2  0  1 -1 -1 -3 -3 -1 -2 -3 -1  2  0 -4 -2 -2    0   0   0  57   0   0   0   0   0   0   0   0   0   0   0  43   0   0   0   0  0.53 0.00
   88 Q    0  0  0  0 -2  4  1 -1  0 -3 -2  1 -1 -3 -1  2  0 -2 -2 -2    0   0   0   0   0  57   0   0   0   0   0   0   0   0   0  43   0   0   0   0  0.42 0.00
   89 L   -1 -2 -2 -2 -1 -1 -2 -3 -2  1  3 -2  1  0 -2  0  3 -2 -1  0    0   0   0   0   0   0   0   0   0   0  57   0   0   0   0   0  43   0   0   0  0.25 0.00
   90 I   -1 -3 -3 -3 -1 -3 -3 -4 -3  3  3 -3  2  0 -3 -2 -1 -2 -1  2    0   0   0   0   0   0   0   0   0  57  43   0   0   0   0   0   0   0   0   0  0.36 0.00
   91 Q   -1  0 -1 -1 -3  4  1 -2  0 -3 -3  0 -1 -3  5  0 -1 -3 -2 -2    0   0   0   0   0  57   0   0   0   0   0   0   0   0  43   0   0   0   0   0  0.88 0.00
   92 N   -2 -1  4  0 -2 -1 -1 -1 -1  2  0 -1  0 -1 -2  0  0 -3 -2  1    0   0  57   0   0   0   0   0   0  43   0   0   0   0   0   0   0   0   0   0  0.25 0.00
   93 I   -1 -3 -3 -3 -1 -3 -3 -4 -3  3  3 -3  2  0 -3 -2 -1 -2 -1  2    0   0   0   0   0   0   0   0   0  57  43   0   0   0   0   0   0   0   0   0  0.36 0.00
   94 S    0  1  0  0 -2  1  0 -1 -1 -3 -3  3 -1 -3 -1  3  1 -3 -2 -2    0   0   0   0   0   0   0   0   0   0   0  43   0   0   0  57   0   0   0   0  0.34 0.00
   95 P   -1 -1 -1  0 -3  1  3 -2 -1 -3 -3  0 -2 -4  6 -1 -1 -3 -3 -2    0   0   0   0   0   0  43   0   0   0   0   0   0   0  57   0   0   0   0   0  1.11 0.00
   96 E   -1  0  0  2 -4  2  5 -2  0 -3 -3  1 -2 -3 -1  0 -1 -3 -2 -3    0   0   0   0   0   0 100   0   0   0   0   0   0   0   0   0   0   0   0   0  0.74 0.00
   97 I   -1 -3 -3 -3 -1 -3 -3 -4 -3  4  2 -3  1  0 -3 -2 -1 -3 -1  3    0   0   0   0   0   0   0   0   0 100   0   0   0   0   0   0   0   0   0   0  0.40 0.00
   98 N   -1  1  4  1 -3  1  0 -1  0 -3 -3  3 -2 -3 -2  0  0 -3 -2 -3    0   0  57   0   0   0   0   0   0   0   0  43   0   0   0   0   0   0   0   0  0.47 0.00
   99 D   -2 -2  1  6 -4  0  2 -1 -1 -3 -4 -1 -3 -4 -2  0 -1 -4 -3 -3    0   0   0 100   0   0   0   0   0   0   0   0   0   0   0   0   0   0   0   0  0.94 0.00
  100 I   -1 -3 -3 -3 -1 -3 -3 -4 -3  3  3 -3  2  0 -3 -2 -1 -2 -1  2    0   0   0   0   0   0   0   0   0  57  43   0   0   0   0   0   0   0   0   0  0.36 0.00
  101 L   -2 -2  0  4 -2 -1  0 -2 -2  0  2 -2  1 -1 -2 -1 -1 -3 -2  0    0   0   0  43   0   0   0   0   0   0  57   0   0   0   0   0   0   0   0   0  0.28 0.00
  102 S    1 -1  0 -1 -1  0  0 -1 -1 -2 -2  0 -1 -2 -1  3  3 -3 -2 -1    0   0   0   0   0   0   0   0   0   0   0   0   0   0   0  57  43   0   0   0  0.39 0.00
  103 I   -1 -1 -1 -1 -1 -1 -1 -2 -2  3  1 -1  1  0 -1 -1  0 -1 -1  2    3   2   2   2   1   2   3   3   1  59   4   2   1   2   2   3   3   1   1   3  0.09 0.00
  104 N   -1  0  3  1 -2  1  2 -1  0 -2 -2  0 -1 -2  0  0  0 -1 -1 -1    3   2  30   2   1   2  31   3   1   2   4   2   1   2   2   3   3   1   1   3  0.22 0.00
  105 E   -1  0  4  1 -3  1  4 -1  0 -3 -3  0 -2 -3 -2  0 -1 -3 -2 -3    0   0  43   0   0   0  57   0   0   0   0   0   0   0   0   0   0   0   0   0  0.55 0.00
  106 M   -1 -2 -3 -3 -1 -1 -2 -3 -2  1  3 -2  5  0 -3 -2 -1 -2 -1  1    0   0   0   0   0   0   0   0   0   0  43   0  57   0   0   0   0   0   0   0  0.35 0.00
  107 A    3 -2 -2 -2 -1 -1 -1 -1 -2 -2 -2 -1 -2 -3  5  0  0 -3 -2 -1   57   0   0   0   0   0   0   0   0   0   0   0   0   0  43   0   0   0   0   0  0.78 0.00
  108 E   -1 -1 -1  1 -3  1  4 -2 -1 -3 -3  0 -2 -3  5  0 -1 -3 -2 -2    0   0   0   0   0   0  57   0   0   0   0   0   0   0  43   0   0   0   0   0  0.92 0.00
  109 D   -2 -2  1  6 -4  0  2 -1 -1 -3 -4 -1 -3 -4 -2  0 -1 -4 -3 -3    0   0   0 100   0   0   0   0   0   0   0   0   0   0   0   0   0   0   0   0  0.94 0.00
  110 E   -1 -1 -1  0 -2  1  4 -3 -1  2  0  0  0 -2 -2 -1 -1 -3 -2  1    0   0   0   0   0   0  57   0   0  43   0   0   0   0   0   0   0   0   0   0  0.26 0.00
  111 V   -1 -2 -3 -3 -1 -2 -2 -3  0  1  0 -2  0  1 -3 -2 -1  0  5  3    0   0   0   0   0   0   0   0   0   0   0   0   0   0   0   0   0   0  43  57  0.33 0.00
  112 K   -1  2  0 -1 -3  1  1 -2 -1 -3 -3  5 -1 -3 -1  0 -1 -3 -2 -2    0   0   0   0   0   0   0   0   0   0   0 100   0   0   0   0   0   0   0   0  0.52 0.00
  113 N   -1  1  4  1 -3  1  0 -1  0 -3 -3  3 -2 -3 -2  0  0 -3 -2 -3    0   0  57   0   0   0   0   0   0   0   0  43   0   0   0   0   0   0   0   0  0.47 0.00
  114 K   -1  1  0  0 -3  2  3 -2  0 -3 -3  4 -2 -3 -1  0 -1 -3 -2 -2    0   0   0   0   0   0  43   0   0   0   0  57   0   0   0   0   0   0   0   0  0.49 0.00
  115 I   -1 -3 -3 -3 -1 -3 -3 -4 -3  4  2 -3  1  0 -3 -2 -1 -3 -1  3    0   0   0   0   0   0   0   0   0 100   0   0   0   0   0   0   0   0   0   0  0.40 0.00
  116 L   -2 -2 -4 -4 -1 -2 -3 -4 -3  2  4 -3  2  0 -3 -3 -1 -2 -1  1    0   0   0   0   0   0   0   0   0   0 100   0   0   0   0   0   0   0   0   0  0.46 0.00
  117 R   -2  4  4  0 -3  1  0 -1  0 -3 -3  1 -2 -3 -2  0 -1 -3 -2 -3    0  57  43   0   0   0   0   0   0   0   0   0   0   0   0   0   0   0   0   0  0.53 0.00
  118 L   -1 -3 -3 -4 -1 -2 -3 -4 -3  3  3 -3  2  0 -3 -2 -1 -2 -1  2    0   0   0   0   0   0   0   0   0  43  57   0   0   0   0   0   0   0   0   0  0.37 0.00
  119 I   -1 -3 -3 -3 -1 -3 -3 -4 -3  4  2 -3  1  0 -3 -2 -1 -3 -1  3    0   0   0   0   0   0   0   0   0 100   0   0   0   0   0   0   0   0   0   0  0.40 0.00
  120 T    0  1  0 -1 -2  0  0 -2 -1 -1 -2  3 -1 -3 -1  1  3 -3 -2 -1    0   0   0   0   0   0   0   0   0   0   0  43   0   0   0   0  57   0   0   0  0.32 0.00
  121 K   -1  2  0 -1 -3  1  1 -2 -1 -3 -3  5 -1 -3 -1  0 -1 -3 -2 -2    0   0   0   0   0   0   0   0   0   0   0 100   0   0   0   0   0   0   0   0  0.52 0.00
  122 E    0  0  0  1 -2  1  4 -1  0 -3 -3  0 -2 -3 -1  2  0 -3 -2 -2    0   0   0   0   0   0  57   0   0   0   0   0   0   0   0  43   0   0   0   0  0.45 0.00
  123 A    3  1 -1 -1 -1  0  0  0 -1 -2 -2  3 -1 -3 -1  1  0 -3 -2 -1   57   0   0   0   0   0   0   0   0   0   0  43   0   0   0   0   0   0   0   0  0.28 0.00
  124 S    0 -1  4  1 -2  0  0  0  0 -3 -3  0 -2 -3 -1  3  1 -3 -2 -2    0   0  43   0   0   0   0   0   0   0   0   0   0   0   0  57   0   0   0   0  0.44 0.00
  125 L   -2  3 -2 -3 -2  0 -1 -3 -1  0  3  0  1 -1 -3 -2 -1 -2 -1  0    0  43   0   0   0   0   0   0   0   0  57   0   0   0   0   0   0   0   0   0  0.28 0.00
  126 L   -1  0 -2 -2 -2  0 -1 -3 -2  0  3  3  1 -1 -2 -1 -1 -2 -1  0    0   0   0   0   0   0   0   0   0   0  57  43   0   0   0   0   0   0   0   0  0.19 0.00
  127 T    0  0  0 -1 -2  3  1 -2 -1 -2 -2  0 -1 -3 -1  1  3 -2 -2 -1    0   0   0   0   0  43   0   0   0   0   0   0   0   0   0   0  57   0   0   0  0.37 0.00
  128 D   -2 -1  4  5 -3  0  1 -1  0 -3 -4  0 -3 -3 -2  0 -1 -4 -3 -3    0   0  43  57   0   0   0   0   0   0   0   0   0   0   0   0   0   0   0   0  0.69 0.00
  129 K   -1  1 -1 -1 -3  0  0 -2 -1 -3 -3  3 -2 -3  5  0 -1 -3 -2 -2    0   0   0   0   0   0   0   0   0   0   0  57   0   0  43   0   0   0   0   0  0.82 0.00
  130 G    1 -2  0 -1 -2 -1 -1  4 -2 -3 -3 -1 -2 -3 -2  2  0 -3 -2 -2    0   0   0   0   0   0   0  57   0   0   0   0   0   0   0  43   0   0   0   0  0.57 0.00
  131 S    0 -1 -1 -1 -1 -1 -1 -1 -2  0  2 -1  1 -1 -2  3  1 -2 -1  0    0   0   0   0   0   0   0   0   0   0  43   0   0   0   0  57   0   0   0   0  0.18 0.00
  132 K   -1  2  0 -1 -3  1  1 -2 -1 -3 -3  5 -1 -3 -1  0 -1 -3 -2 -2    0   0   0   0   0   0   0   0   0   0   0 100   0   0   0   0   0   0   0   0  0.52 0.00
  133 D   -1 -1  1  5 -2  0  1 -1 -1 -2 -2  0 -1 -2  0  0  0 -2 -1 -2    3   2   2  59   1   2   3   3   1   2   4   2   1   2   2   3   3   1   1   3  0.37 0.00
  134 K    0  1  0  0 -2  1  1 -1  0 -1 -1  3 -1 -2  0  0  0 -1 -1 -1    3   2   2   2   1   2   3   3   1   2   4  59   1   2   2   3   3   1   1   3  0.21 0.00
  135 S    1  0  0  0 -1  0  0  0 -1 -1 -1  0 -1 -1  0  3  1 -1 -1 -1    3   2   2   2   1   2   3   3   1   2   4   2   1   2   2  60   3   1   1   3  0.20 0.00
  136 V    0 -1 -1 -1 -1 -1 -1 -1 -1  2  0 -1  0 -1 -1 -1  0 -1 -1  3    3   2   2   2   1   2   3   3   1   2   4   2   1   2   2   3   3   1   1  59  0.09 0.00
  137 V    0 -3 -3 -3 -1 -2 -3 -3 -3  3  1 -2  1 -1 -2 -2  0 -3 -1  4    0   0   0   0   0   0   0   0   0   0   0   0   0   0   0   0   0   0   0 100  0.35 0.00
  138 T   -1 -1  1  4 -2 -1  0 -2 -1 -2 -2 -1 -2 -3 -1  1  3 -3 -2 -1    0   0   0  43   0   0   0   0   0   0   0   0   0   0   0   0  57   0   0   0  0.43 0.00
  139 E    0  0  0  1 -2  1  4 -1  0 -3 -3  0 -2 -3 -1  2  0 -3 -2 -2    0   0   0   0   0   0  57   0   0   0   0   0   0   0   0  43   0   0   0   0  0.45 0.00
  140 L   -2 -2 -4 -4 -1 -2 -3 -4 -3  2  4 -3  2  0 -3 -3 -1 -2 -1  1    0   0   0   0   0   0   0   0   0   0 100   0   0   0   0   0   0   0   0   0  0.46 0.00
  141 W   -2 -3 -4 -4 -2 -3 -3 -3 -2 -1 -1 -3 -1  4 -4 -3 -2  9  3 -2    0   0   0   0   0   0   0   0   0   0   0   0   0  43   0   0   0  57   0   0  1.34 0.01
  142 K   -1  1 -1 -2 -2  0  0 -2 -2  2  0  3  0 -2 -2 -1 -1 -3 -2  1    0   0   0   0   0   0   0   0   0  43   0  57   0   0   0   0   0   0   0   0  0.17 0.00
  143 F    0 -2 -1 -2 -2 -1 -2 -2 -1 -1 -1 -2 -1  5 -2  2  0  0  2 -1    0   0   0   0   0   0   0   0   0   0   0   0   0  57   0  43   0   0   0   0  0.31 0.00
  144 E   -1  1  0  1 -3  2  4 -2  0 -3 -3  3 -2 -3 -1  0 -1 -3 -2 -2    0   0   0   0   0   0  57   0   0   0   0  43   0   0   0   0   0   0   0   0  0.52 0.00
  145 D   -2 -2  1  6 -4  0  2 -1 -1 -3 -4 -1 -3 -4 -2  0 -1 -4 -3 -3    0   0   0 100   0   0   0   0   0   0   0   0   0   0   0   0   0   0   0   0  0.94 0.00
  146 K   -1  2  0 -1 -3  1  1 -2 -1 -3 -3  5 -1 -3 -1  0 -1 -3 -2 -2    0   0   0   0   0   0   0   0   0   0   0 100   0   0   0   0   0   0   0   0  0.52 0.00
  147 D   -2  4  1  4 -4  0  1 -2 -1 -3 -3  1 -2 -3 -2  0 -1 -4 -2 -3    0  43   0  57   0   0   0   0   0   0   0   0   0   0   0   0   0   0   0   0  0.58 0.00
  148 R   -1  4  0 -1 -2  0  0 -2 -1 -2 -2  1 -1 -3 -2  0  3 -3 -2 -1    0  57   0   0   0   0   0   0   0   0   0   0   0   0   0   0  43   0   0   0  0.41 0.00
  149 F   -2 -2 -3 -3 -2 -2 -3 -3  0 -1  0 -3  0  5 -3 -2 -2  2  5 -1    0   0   0   0   0   0   0   0   0   0   0   0   0  57   0   0   0   0  43   0  0.69 0.00
  150 A    3 -2 -2 -2 -1 -2 -2 -1 -2  2  0 -1  0 -1 -2  0  0 -3 -2  1   57   0   0   0   0   0   0   0   0  43   0   0   0   0   0   0   0   0   0   0  0.19 0.00
  151 R   -1  5  0 -1 -3  1  0 -2  0 -3 -2  4 -1 -3 -2 -1 -1 -3 -2 -2    0  57   0   0   0   0   0   0   0   0   0  43   0   0   0   0   0   0   0   0  0.57 0.00
  152 K   -1  4  0 -1 -3  1  0 -2 -1 -3 -2  4 -1 -3 -2  0 -1 -3 -2 -2    0  43   0   0   0   0   0   0   0   0   0  57   0   0   0   0   0   0   0   0  0.54 0.00
  153 R   -1  5  0 -1 -3  1  0 -2  0 -3 -2  4 -1 -3 -2 -1 -1 -3 -2 -2    0  57   0   0   0   0   0   0   0   0   0  43   0   0   0   0   0   0   0   0  0.57 0.00
  154 V    0 -1 -2  0 -2  0  3 -3 -1  1  0 -1  0 -2 -2 -1  0 -3 -2  2    0   0   0   0   0   0  43   0   0   0   0   0   0   0   0   0   0   0   0  57  0.22 0.00
  155 K   -1  1  4  0 -3  1  0 -1  0 -3 -3  3 -2 -3 -1  0  0 -3 -2 -3    0   0  43   0   0   0   0   0   0   0   0  57   0   0   0   0   0   0   0   0  0.44 0.00
  156 G    0 -1  4  0 -3 -1 -1  4 -1 -4 -4 -1 -3 -3 -2  0 -1 -3 -3 -3    0   0  43   0   0   0   0  57   0   0   0   0   0   0   0   0   0   0   0   0  0.65 0.00
  157 R   -1  6  0 -2 -4  1  0 -2  0 -3 -2  2 -1 -3 -2 -1 -1 -3 -2 -3    0 100   0   0   0   0   0   0   0   0   0   0   0   0   0   0   0   0   0   0  0.76 0.00
  158 A    3 -1 -1 -1 -1 -1 -1  0 -2 -1 -1 -1 -1 -2 -1  1  3 -3 -2  0   57   0   0   0   0   0   0   0   0   0   0   0   0   0   0   0  43   0   0   0  0.31 0.00
  159 F   -2 -3 -3 -4 -2 -3 -3 -3 -2  1  3 -3  1  5 -3 -2 -2  0  2  0    0   0   0   0   0   0   0   0   0   0  43   0   0  57   0   0   0   0   0   0  0.46 0.00
  160 S    0 -2 -1 -1 -1 -1 -1 -1 -2  2  0 -1  0 -1 -2  3  1 -3 -2  1    0   0   0   0   0   0   0   0   0  43   0   0   0   0   0  57   0   0   0   0  0.17 0.00
  161 Y   -2 -2 -3 -3 -2 -2 -3 -3  1 -1  0 -2 -1  5 -3 -2 -2  2  6 -1    0   0   0   0   0   0   0   0   0   0   0   0   0  43   0   0   0   0  57   0  0.71 0.00
  162 E   -1 -1  0  1 -2  1  4 -2 -1 -2 -2  0 -1 -3 -1  1  3 -3 -2 -1    0   0   0   0   0   0  57   0   0   0   0   0   0   0   0   0  43   0   0   0  0.42 0.00
  163 F   -2 -3 -3 -4 -2 -3 -3 -3 -2  1  3 -3  1  5 -3 -2 -2  0  2  0    0   0   0   0   0   0   0   0   0   0  43   0   0  57   0   0   0   0   0   0  0.46 0.00
  164 N    0 -1  5  1 -2  0  0  0  0 -3 -3  0 -2 -3 -1  3  1 -3 -2 -2    0   0  57   0   0   0   0   0   0   0   0   0   0   0   0  43   0   0   0   0  0.48 0.00
  165 R   -1  5  0 -1 -3  1  0 -2  0 -3 -2  4 -1 -3 -2 -1 -1 -3 -2 -2    0  57   0   0   0   0   0   0   0   0   0  43   0   0   0   0   0   0   0   0  0.57 0.00
  166 L   -1 -3 -3 -4 -1 -2 -3 -4 -3  3  3 -3  2  0 -3 -2 -1 -2 -1  2    0   0   0   0   0   0   0   0   0  43  57   0   0   0   0   0   0   0   0   0  0.37 0.00
  167 S    0 -1  4  1 -2  0  0  0  0 -3 -3  0 -2 -3 -1  3  1 -3 -2 -2    0   0  43   0   0   0   0   0   0   0   0   0   0   0   0  57   0   0   0   0  0.44 0.00
  168 K   -1  2  0 -1 -3  1  1 -2 -1 -3 -3  5 -1 -3 -1  0 -1 -3 -2 -2    0   0   0   0   0   0   0   0   0   0   0 100   0   0   0   0   0   0   0   0  0.52 0.00
  169 E   -1  3  0  0 -2  1  2 -2 -1 -2 -2  1 -1 -3 -1  1  3 -3 -2 -1    0  28   0   0   0   0  28   0   0   0   0   0   0   0   0   0  43   0   0   0  0.33 0.00
  170 L   -1 -2 -3 -3 -1 -2 -3 -3 -3  2  2 -2  1  0 -3 -2  0 -3 -1  3    0   0   0   0   0   0   0   0   0   0  28   0   0   0   0   0   0   0   0  72  0.31 0.00
  171 Q   -1  1  0  0 -3  6  2 -2  0 -3 -2  1  0 -3 -1  0 -1 -2 -1 -2    0   0   0   0   0 100   0   0   0   0   0   0   0   0   0   0   0   0   0   0  0.66 0.01
  172 E   -1  4  0  0 -4  1  3 -2  0 -3 -3  2 -2 -3 -2  0 -1 -3 -2 -3    0  50   0   0   0   0  50   0   0   0   0   0   0   0   0   0   0   0   0   0  0.55 0.00
  173 E   -1  0  0  2 -4  2  5 -2  0 -3 -3  1 -2 -3 -1  0 -1 -3 -2 -3    0   0   0   0   0   0 100   0   0   0   0   0   0   0   0   0   0   0   0   0  0.74 0.00
  174 L   -1 -3 -3 -3 -1 -3 -3 -4 -3  3  3 -3  2  0 -3 -2 -1 -2 -1  2    0   0   0   0   0   0   0   0   0  50  50   0   0   0   0   0   0   0   0   0  0.37 0.00
  175 D   -2 -2  1  6 -4  0  2 -1 -1 -3 -4 -1 -3 -4 -2  0 -1 -4 -3 -3    0   0   0 100   0   0   0   0   0   0   0   0   0   0   0   0   0   0   0   0  0.93 0.00
  176 R   -1  4  0  0 -4  1  3 -2  0 -3 -3  2 -2 -3 -2  0 -1 -3 -2 -3    0  50   0   0   0   0  50   0   0   0   0   0   0   0   0   0   0   0   0   0  0.55 0.00
  177 M    3 -1 -2 -2 -1 -1 -1 -1 -2  0  1 -1  4 -1 -2  0  0 -2 -1  0   50   0   0   0   0   0   0   0   0   0   0   0  50   0   0   0   0   0   0   0  0.20 0.00
  178 I   -1 -3 -3 -3 -1 -3 -3 -4 -3  4  2 -3  1  0 -3 -2 -1 -3 -1  3    0   0   0   0   0   0   0   0   0 100   0   0   0   0   0   0   0   0   0   0  0.39 0.00
  179 G   -1  4  0 -2 -3  0 -1  4 -1 -3 -3  1 -2 -3 -2 -1 -1 -3 -2 -3    0  50   0   0   0   0   0  50   0   0   0   0   0   0   0   0   0   0   0   0  0.56 0.00
  180 H   -2 -1  1  4 -3  0  1 -2  6 -3 -3 -1 -2 -2 -2 -1 -1 -3  0 -3    0   0   0  50   0   0   0   0  50   0   0   0   0   0   0   0   0   0   0   0  0.63 0.00
  181 I   -1 -3 -3 -3 -1 -3 -3 -4 -3  4  2 -3  1  0 -3 -2 -1 -3 -1  3    0   0   0   0   0   0   0   0   0 100   0   0   0   0   0   0   0   0   0   0  0.39 0.00
  182 L   -1 -3 -3 -3 -1 -3 -3 -4 -3  3  3 -3  2  0 -3 -2 -1 -2 -1  2    0   0   0   0   0   0   0   0   0  50  50   0   0   0   0   0   0   0   0   0  0.37 0.00
  183 R    0  4  0 -1 -2  0  0 -1 -1 -3 -2  1 -1 -3 -1  3  0 -3 -2 -2    0  50   0   0   0   0   0   0   0   0   0   0   0   0   0  50   0   0   0   0  0.40 0.00
  184 K   -1  4  0 -1 -3  1  0 -2 -1 -3 -2  4 -1 -3 -2  0 -1 -3 -2 -2    0  50   0   0   0   0   0   0   0   0   0  50   0   0   0   0   0   0   0   0  0.56 0.00
  185 S    0 -1  1 -1 -2  0  0 -1  6 -3 -3  0 -2 -2 -1  3  0 -3  0 -2    0   0   0   0   0   0   0   0  50   0   0   0   0   0   0  50   0   0   0   0  0.44 0.00
  186 L   -2 -2 -4 -4 -1 -2 -3 -4 -3  2  4 -3  2  0 -3 -3 -1 -2 -1  1    0   0   0   0   0   0   0   0   0   0 100   0   0   0   0   0   0   0   0   0  0.46 0.00
  187 D   -2 -2  1  5 -3  0  1 -1 -1 -3 -3 -1 -3 -3 -1  0 -1 -4 -3 -3    0   0   0   0   0   0   0   0   0   0   0   0   0   0   0   0   0   0   0   0  0.00     0.00
  188 K   -1  2  0 -1 -3  1  1 -1 -1 -3 -2  4 -1 -3 -1  0 -1 -3 -2 -2    0   0   0   0   0   0   0   0   0   0   0   0   0   0   0   0   0   0   0   0  0.00     0.00
  189 K   -1  2  0 -1 -3  1  1 -1 -1 -3 -2  4 -1 -3 -1  0 -1 -3 -2 -2    0   0   0   0   0   0   0   0   0   0   0   0   0   0   0   0   0   0   0   0  0.00     0.00
  190 P   -1 -2 -2 -1 -3 -1 -1 -2 -2 -3 -3 -1 -2 -3  7 -1 -1 -3 -3 -2    0   0   0   0   0   0   0   0   0   0   0   0   0   0   0   0   0   0   0   0  0.00     0.00
  191 K   -1  2  0 -1 -3  1  1 -1 -1 -3 -2  4 -1 -3 -1  0 -1 -3 -2 -2    0   0   0   0   0   0   0   0   0   0   0   0   0   0   0   0   0   0   0   0  0.00     0.00
  192 P   -1 -2 -2 -1 -3 -1 -1 -2 -2 -3 -3 -1 -2 -3  7 -1 -1 -3 -3 -2    0   0   0   0   0   0   0   0   0   0   0   0   0   0   0   0   0   0   0   0  0.00     0.00

                      K         Lambda
Standard Ungapped    0.1312     0.3145
Standard Gapped      0.0410     0.2670
PSI Ungapped         0.1312     0.3145
PSI Gapped           0.0410     0.2670
