
Last position-specific scoring matrix computed, weighted observed percentages rounded down, information per position, and relative weight of gapless real matches to pseudocounts
           A  R  N  D  C  Q  E  G  H  I  L  K  M  F  P  S  T  W  Y  V   A   R   N   D   C   Q   E   G   H   I   L   K   M   F   P   S   T   W   Y   V
    1 A    4 -3 -3 -3 -2 -2 -2 -2 -3 -1 -2 -2 -2 -3 -2  0  2 -4 -3  3   56   0   0   0   0   0   0   0   0   0   0   0   0   0   0   2  17   0   0  25  0.59 0.21
    2 T   -2 -3  2 -3 -3 -3 -3 -3 -3 -3 -4 -2 -3 -4 -3  1  7 -5 -4 -2    0   0   9   0   0   0   0   0   0   0   0   2   0   0   0  10  79   0   0   0  1.28 0.40
    3 I   -3 -2 -5 -5 -3 -4 -5 -6 -5  6  3 -4  3 -2 -5 -4 -3 -4 -3  0    0   2   0   0   0   0   0   0   0  58  33   0   7   0   0   0   0   0   0   0  1.04 0.32
    4 K    0  1 -1  0 -4  1  1 -3  1 -4 -3  5 -3 -3 -3 -1  0 -3  2 -3   10   4   1   4   0   5   6   0   3   0   1  50   0   0   0   1   4   0  10   0  0.57 0.25
    5 D   -2 -3 -1  7 -6  0  2 -4 -3 -5 -5 -3 -2 -6 -4 -1 -3 -6 -5 -5    2   0   0  80   0   3  11   0   0   0   0   0   1   0   0   2   0   0   0   0  1.64 0.42
    6 V   -3 -5 -5 -5 -3 -4 -5 -5 -5  5  0 -4 -1 -2 -5 -4 -2 -5 -3  5    0   0   0   0   0   0   0   0   0  40   4   0   0   0   0   0   0   0   0  55  1.14 0.34
    7 A    7 -4 -4 -4 -3 -3 -3 -2 -4 -4 -4 -3 -3 -5 -3 -1 -2 -5 -4 -3  100   0   0   0   0   0   0   0   0   0   0   0   0   0   0   0   0   0   0   0  1.63 0.49
    8 K    0  4 -1 -1 -4  1  1 -2 -2 -2  0  4 -2 -4 -3 -1  0 -4 -3 -3    7  30   1   2   0   3  12   1   0   2   9  28   0   0   0   0   4   0   0   0  0.46 0.20
    9 R    0  2 -2 -2 -1  1  1 -3  0  0  3  1  1 -2 -3 -2 -1 -3 -1 -1    8  12   0   0   1   6  14   0   3   3  36  10   2   0   0   0   2   0   1   1  0.22 0.14
   10 A    6 -3 -3 -4  0 -3 -3  0 -4 -3 -1 -3 -3 -4 -3  1 -2 -4 -4 -1   77   0   0   0   1   0   0   4   0   0   6   0   0   0   0   9   0   0   0   3  0.95 0.35
   11 N   -2  0  2 -3 -5 -1 -3  6 -3 -6 -5  0 -4 -5 -4 -2 -3 -5 -5 -5    1   6   9   0   0   3   0  74   0   0   0   6   0   0   0   1   0   0   0   0  1.28 0.34
   12 V   -2 -5 -5 -5 -3 -4 -5 -5 -5  1 -1 -4 -1 -1 -5 -4 -1 -4  0  7    0   0   0   0   0   0   0   0   0   4   2   0   0   2   0   0   2   0   3  87  1.31 0.40
   13 S   -1 -3 -2 -3 -3 -2 -3  0 -3 -5 -5 -3 -4 -5  0  6  1 -5 -4 -4    0   0   0   0   0   0   0   5   0   0   0   0   0   0   4  87   5   0   0   0  1.34 0.45
   14 T    0  0 -2 -2 -3  0  0 -3 -1  1 -1  2  1 -2  1 -1  2 -3 -1  2    7   5   0   0   0   2   4   0   1   9   2  21   6   0   5   2  18   0   1  17  0.19 0.14
   15 T    3 -3 -2 -1 -2 -1 -2 -1 -3 -3 -3 -2  2 -4 -3  3  4 -4 -3 -2   31   0   0   4   0   1   0   1   0   0   0   0   7   0   0  27  28   0   0   0  0.58 0.27
   16 T   -1 -4 -3 -4 -3 -3 -3 -1 -4 -3 -4 -3 -3 -5 -4 -1  7 -5 -4 -1    2   0   0   0   0   0   0   4   0   0   0   0   0   0   0   0  92   0   0   2  1.65 0.50
   17 V   -1 -5 -5 -5 -3 -4 -5 -5 -5  0  0 -4 -1 -3 -5 -4 -2 -5 -3  7    5   0   0   0   0   0   0   0   0   0   4   0   0   0   0   0   0   0   0  91  1.44 0.43
   18 S   -1 -1 -2 -3 -3 -2 -3 -3 -3 -5 -5 -2 -4 -5 -3  7  0 -5 -4 -4    0   4   0   0   0   0   0   0   0   0   0   0   0   0   0  95   2   0   0   0  1.57 0.50
   19 H   -2  7 -1 -4 -5  0 -2 -4  5 -5 -2  0 -1 -4 -4 -3 -3 -4  0 -4    2  73   2   0   0   2   0   0  14   0   3   0   1   0   0   0   0   0   3   0  1.38 0.40
   20 V    0 -4 -3 -5 -3 -4 -4 -4 -4  2  0 -4 -1  1 -4 -3 -2 -4  1  6    9   0   1   0   0   0   0   0   0   6   3   0   0   5   0   0   0   0   5  69  0.86 0.31
   21 I   -3 -4 -5 -5 -3 -4 -5 -6 -5  5  4 -4  1 -2 -5 -4 -3 -4 -1  1    0   0   0   0   0   0   0   0   0  35  55   0   2   0   0   0   0   0   2   6  1.00 0.35
   22 N   -3  0  8 -1 -5  0 -3 -1  0 -5 -5 -2  1 -5 -4  0 -3 -6 -4 -5    2   4  78   0   0   3   0   3   2   0   0   0   5   0   0   4   0   0   0   0  1.57 0.51
   23 K   -2  1  5  1 -4  0  0  3  1 -5 -5  3 -3 -5 -3 -1 -1 -5 -3 -4    0   5  32   7   0   3   3  22   4   0   0  21   0   0   0   2   2   0   0   0  0.62 0.27
   24 T   -1  0  2  0 -3  0  1 -2  2 -3 -3  1 -2 -2  2  1  2 -4 -1 -2    3   5  11   5   0   2   8   0   6   1   0  11   0   2  11  14  17   0   1   1  0.29 0.15
   25 R   -1  2 -1  0 -4 -1  1  2 -2 -3  0  0 -2 -3  4  0 -1 -3  1 -3    1  16   2   5   0   2   8  16   0   0  10   3   0   0  21   6   3   0   6   0  0.33 0.17
   26 F    0  1  2 -1 -3  0 -1  0  1 -3 -2  0 -2  2 -2  1 -1 -2  3 -2    6   9  14   3   0   5   1   6   2   0   2   7   0  12   1  13   2   0  16   3  0.20 0.14
   27 V   -1 -5 -5 -5 -3 -4 -5 -5 -5  3  1 -4  0 -3 -4 -2 -2 -5 -3  6    3   0   0   0   0   0   0   0   0  12   8   0   2   0   0   2   0   0   0  73  1.12 0.40
   28 A    2  0  0 -2 -3 -2 -2 -2 -1 -4 -4  1 -3 -4 -1  5  1 -5 -4 -3   21   5   3   0   0   0   0   0   1   0   0   9   0   0   2  53   6   0   0   0  0.69 0.33
   29 E    1 -2 -2  2 -3  1  4 -2 -2 -3 -2  1 -1 -4  3 -1 -1 -4 -3 -2   16   0   0  12   0   7  30   2   0   0   3   7   1   0  14   1   2   0   0   2  0.42 0.21
   30 E    2  0  0  2 -4  0  4 -3  0 -4 -3  1 -3 -4 -2  0 -1 -4 -3 -3   18   3   4  14   0   2  38   0   1   0   2   8   0   0   0   6   3   0   0   0  0.51 0.23
   31 T   -1 -3 -2 -3 -3 -3 -3 -4 -4 -1 -1  0 -3 -4 -3  0  7 -4 -4 -2    4   0   0   0   0   0   0   0   0   2   7   6   0   0   0   3  76   0   0   0  1.17 0.45
   32 R   -2  6 -2 -3 -5  1 -1 -1 -2 -1 -4  3 -3 -5 -4 -2 -2 -5 -4 -2    2  60   0   0   0   5   3   4   0   4   0  18   0   0   0   1   1   0   0   2  1.06 0.38
   33 N   -1 -1  1  1 -4  3  4 -2  3 -4 -2  2 -3 -4 -3 -1 -1 -4 -3 -4    4   0   7   8   0  16  31   2   8   0   4  17   0   0   0   1   3   0   0   0  0.54 0.25
   34 A    1  5 -1 -3 -4  0 -2 -3 -2 -3 -2  5 -1 -4 -3 -1  0 -5 -3 -3   12  34   1   0   0   2   0   0   0   1   3  39   1   0   0   2   4   0   0   1  0.76 0.32
   35 V   -3 -5 -5 -6 -3 -5 -5 -6 -6  4  0 -5 -1 -3 -5 -4 -2 -5 -3  6    0   0   0   0   0   0   0   0   0  23   2   0   0   0   0   0   0   0   0  75  1.36 0.46
   36 W   -1  0  0 -1 -3 -1  1 -3  1  0  3 -1  2  0 -3 -2 -1  3  0 -1    4   6   5   2   0   1  13   0   4   5  33   3   8   4   0   0   3   6   2   0  0.20 0.16
   37 A    2  1  0  0 -3  3  3 -2 -1 -4 -4  2 -3 -4 -2  0 -1 -4 -3 -3   25   7   4   4   0  13  21   0   1   0   0  17   0   0   0   5   3   0   0   1  0.43 0.22
   38 A    5 -4 -4 -4 -2 -3 -2 -3 -4  3 -2 -3 -2 -3 -3 -1  0 -5 -3  1   61   0   0   0   0   0   2   0   0  19   1   0   0   0   0   1   6   0   0  10  0.75 0.35
   39 I    3 -4 -4 -5 -3 -3 -4 -4 -4  4  1 -4  6 -2 -4 -3 -2 -4 -3  2   26   0   0   0   0   0   0   0   0  28   7   0  27   0   0   0   0   0   0  12  0.75 0.35
   40 K    0  2  2  3 -4  1  4 -3 -2 -4 -4  3 -3 -5 -3 -1 -2 -5 -4 -4    7   9   9  16   0   5  28   0   0   0   0  24   0   0   0   1   1   0   0   0  0.61 0.27
   41 E   -1  0 -1  1 -5  1  5 -3 -2 -4 -2  3 -3 -5 -3  0 -1 -5 -4 -2    3   4   1   5   0   6  46   0   0   0   3  22   0   0   0   6   2   0   0   3  0.69 0.31
   42 L   -3 -3 -3 -5  0 -1 -4 -5  1  1  5 -4  1 -1 -5 -2 -2 -4 -3  0    0   1   2   0   2   3   0   0   4   6  74   0   2   1   0   2   1   0   0   2  0.86 0.36
   43 H    0 -3  4  1 -4 -1 -1  4  3 -4 -4 -2 -4 -4 -3  0 -1 -5 -3 -2    8   0  27   6   0   2   4  37   8   0   0   0   0   0   0   3   3   0   0   3  0.65 0.28
   44 Y   -2 -5 -5 -6 -5 -4 -5 -6 -1 -4 -4 -5 -4  2 -6 -4 -1 -1  9 -4    3   0   0   0   0   0   0   0   0   0   0   0   0   5   0   0   3   0  89   0  2.48 0.70
   45 S    0  2 -2 -2 -3  2  0 -3  1  1  0  0 -1 -2 -3  0  1  3 -1  0    5  18   0   0   0  11   5   0   4  10   9   5   0   0   0   9  12   4   1   7  0.17 0.14
   46 P   -3  1 -4 -4 -5 -3 -1 -4 -4 -3 -5  1 -4 -6  7 -3  0 -6 -5 -2    0   9   0   0   0   0   4   0   0   2   0  10   0   0  65   0   7   0   0   3  1.60 0.48
   47 S   -2 -2  6  1 -4  1 -2 -3 -2 -4 -4  0 -4 -4  0  3 -2 -4  0 -2    0   0  45   8   0   6   0   0   0   0   0   4   0   0   4  22   0   0   4   3  0.82 0.39
   48 A    2  3  0 -2 -2  0 -1 -1  1 -1 -1  1 -2 -2  0  0  0 -3 -1 -1   22  20   3   0   0   4   3   4   5   5   5   7   0   0   4   3   7   0   3   5  0.16 0.14
   49 V    1 -2  1 -2 -2  1 -2 -2  1 -1  0 -1  1 -1 -2  1  1 -3 -2  3   15   0   8   0   0   8   0   1   5   0   7   3   4   2   0  11   7   0   0  28  0.19 0.18
   50 A    5  0 -3 -3 -3 -2  0  0 -3 -1 -2 -2 -3 -4  1 -1 -2 -4 -3 -2   65   6   0   0   0   0   5   7   0   5   2   0   0   0   5   1   0   0   0   1  0.73 0.37
   51 R   -1  6  0 -1 -4  2 -2 -1 -2 -2 -2  2 -3 -4 -3 -1 -1 -4 -3 -2    3  49   5   2   0  10   0   5   0   2   4  10   0   0   0   2   4   0   0   3  0.69 0.33
   52 S    1  1  2  0 -3 -1 -1  0  0 -1 -2  1  0 -1  0  2 -1 -4 -2 -2   11   9  10   4   0   1   0   8   2   3   1  10   4   4   4  26   2   0   0   0  0.20 0.18
   53 L   -2 -4 -4 -5  1 -4 -4 -5 -4  1  5 -2  2 -1 -4 -1 -3 -4 -3 -1    3   0   0   0   3   0   0   0   0   5  70   3   5   2   0   6   0   0   0   2  0.86 0.38
   54 A    2  3 -2 -3 -3  0 -2 -3 -2 -2 -2  4 -2 -3 -3  0  0 -4  0 -1   24  17   0   0   0   4   0   0   0   2   3  29   0   0   0   7   5   0   4   4  0.43 0.27
   55 V    0  0  1  0  1  1  0  1  0 -1 -1  0 -1 -3 -2  1  1 -3 -2  1    9   4   9   4   3   8   4  11   2   2   4   4   1   0   0  10   8   0   0  17  0.09 0.10
   56 N   -1  2  3 -2 -4  3  0  0  0 -4 -4  4 -3 -4 -3  1 -2 -4 -3 -4    4   9  18   0   0  13   4   7   2   0   0  29   0   0   0  12   0   0   0   0  0.55 0.30
   57 H    0  2  0  0 -3  2  1  0  3 -3 -3  2 -2 -1 -1  1  0 -3 -1 -2    5  13   3   4   0  11   6   6   9   0   0  13   0   2   3  13   7   0   2   2  0.23 0.16
   58 T    1  0  0  0 -3  0  0 -3  1  0 -2  0 -2 -1 -3  2  4 -4 -3 -2   11   4   3   4   0   3   4   0   4   6   2   6   0   3   0  16  33   0   0   0  0.31 0.21
   59 K    0  1  0  0 -3  1  0  0  2 -3 -2  2 -2  0 -1 -1  0  4  2 -3    7   6   5   6   0   7   6   6   7   0   3  19   0   4   3   0   9   7   7   0  0.21 0.13
   60 S    0  0  0 -2 -2  0 -2 -3 -2  1  0  0  1  1 -3  1  3 -3 -2  0    5   5   5   0   0   5   0   0   0   8   8   7   5   7   0   9  31   0   0   7  0.20 0.11
   61 I   -1 -3 -3 -4 -1 -3 -3 -4 -3  3  3 -3  1  0 -3 -2 -1 -2 -1  3    0   0   0   0   0   0   0   0   0  33  33   0   0   0   0   0   0   0   0  33  0.34 0.01
   62 G    3 -5 -4 -4  0 -4 -5  6 -5 -6 -4 -2 -2 -5 -5 -3 -4 -5 -1 -5   21   0   0   0   2   0   0  70   0   0   1   2   1   0   0   0   0   0   2   0  1.51 0.60
   63 L   -1 -4 -5 -6 -3 -4 -5 -5 -5  2  4 -4  3  0 -5 -4 -3  1 -1  3    5   0   0   0   0   0   0   0   0  11  43   0   8   3   0   0   0   2   2  26  0.78 0.38
   64 L   -2 -5 -5 -5 -3 -4 -5 -5 -5  4  3 -4 -1 -1 -5 -2  0 -4 -1  3    2   0   0   0   0   0   0   0   0  30  31   0   0   2   0   3   5   0   2  25  0.76 0.37
   65 A    0 -3 -4 -4 -3  0 -3 -4 -3  3  1 -3  1  1 -4 -1  1 -3  1  3    9   0   0   0   0   5   0   0   0  16  10   0   3   6   0   5  10   0   6  29  0.37 0.26
   66 T   -1 -1 -3 -2 -1 -2 -3 -3 -3 -4 -3  0  0 -4  5  0  3  2  1 -2    4   3   0   2   1   1   0   2   0   0   1   7   3   0  33   7  23   3   6   2  0.71 0.38
   67 S   -1  0  1  4 -4  0  2 -1 -2 -2 -3  0 -3 -4 -3  2  1 -4  0 -2    2   6   5  28   0   4  14   3   0   2   1   5   0   0   0  15  10   0   4   2  0.42 0.27
   68 S   -1 -3 -1  0 -2 -3 -3 -4 -3  3  2 -3  1  0 -2  1  0 -3  0  1    3   0   3   5   1   0   0   0   0  23  24   0   3   3   2  16   7   0   4   8  0.28 0.23
   69 E   -1 -2  2  3 -1  1  2 -3  0 -4 -3 -1 -3 -2 -3  3  3 -5 -3 -3    2   1  10  17   1   8  14   0   2   0   2   2   0   2   0  21  18   0   0   0  0.46 0.31
   70 A    0 -3  5  4 -4 -1 -1 -1  1 -3 -2 -1 -4 -5 -4  1  0 -6 -4 -3    7   0  36  25   0   2   2   4   3   2   4   2   0   0   0   8   4   0   0   2  0.70 0.38
   71 A   -1 -1 -1 -3 -4  0 -2 -2  1  1 -1 -2 -3 -2  6 -1 -2 -4  1 -1    4   3   3   0   0   4   2   2   4   8   6   2   0   1  43   5   1   0   5   5  0.76 0.36
   72 Y   -1 -5 -5 -6 -1 -5 -5 -3  0  0 -2 -5 -3  7 -6 -2 -4 -2  6 -2    5   0   0   0   1   0   0   2   2   5   1   0   0  46   0   4   0   0  33   1  1.49 0.61
   73 F   -5 -3 -5 -1 -5 -5 -2 -4 -3 -2 -3 -5  0  7 -2 -2 -3  3  5 -2    0   1   0   4   0   0   3   1   0   2   0   0   2  56   3   2   1   4  17   3  1.37 0.57
   74 A    2 -1 -1 -1 -3 -1 -1  0 -3 -2 -1 -1  0 -3  2  2  1 -4 -1  0   25   3   3   2   0   1   2   8   0   0   6   2   3   0  10  17  10   0   2   7  0.23 0.21
   75 E    1 -1  0  2 -4  2  4 -2 -1 -2 -1 -1 -1 -4 -3  1 -1  0 -3 -2   10   1   3  11   0  10  33   2   1   2   5   2   1   0   0  11   3   1   0   3  0.40 0.28
   76 I   -1 -4 -3 -5 -3 -4 -5 -3 -5  4  3 -4  4  1 -5 -4 -1 -4 -3  3    4   0   1   0   0   0   0   2   0  27  28   0  13   5   0   0   3   0   0  18  0.68 0.35
   77 I    1  1 -2 -3 -3 -1 -2 -2 -3  2  1  1  0 -2 -3 -1  0 -4 -3  2   15  11   1   0   0   1   1   1   0  16  14   9   1   1   0   2   4   0   0  21  0.23 0.21
   78 E    1  2  0  0 -4  2  2 -3  3 -3 -1  3 -2 -1 -3  0 -1 -4  0 -3   11  14   5   3   0   8  13   0   9   0   7  18   0   3   0   5   2   0   3   0  0.30 0.23
   79 A    2 -2 -3 -2 -1 -3  0  5 -1 -3 -5 -3 -4 -5 -4 -1 -1 -5 -1 -2   20   2   0   1   2   0   6  56   1   1   0   1   0   0   0   3   3   0   2   2  0.94 0.45
   80 V    1 -5 -5 -6 -3 -5 -5 -5 -5  5  1 -5  3 -1 -5 -4 -3 -5 -4  4   11   0   0   0   0   0   0   0   0  41  11   0   6   2   0   0   0   0   0  30  0.96 0.45
   81 E    0 -3 -1  1 -5  1  5  0 -3 -4 -3  0 -4 -2 -4  0 -1 -5 -4 -1    6   0   2   7   0   5  49   7   0   0   2   5   0   2   0   7   3   0   0   4  0.68 0.41
   82 K   -1  1  1  2 -4  3  2 -3 -1 -3 -3  2 -2 -4 -1  1  0 -1 -3 -2    4   6   5  13   0  15  14   0   1   1   1  17   1   0   2  13   4   1   0   2  0.37 0.26
   83 N    1  0 -2 -2 -3  1  2 -3  1  0 -1  1  0 -1 -3 -1  0 -3  2  1   15   5   1   1   0   5  16   0   3   7   4   8   3   1   0   3   6   0  10  12  0.15 0.18
   84 C    5 -5 -5 -5  6 -4 -4 -4 -5  0  1 -4 -3 -1 -4 -2 -1 -5 -4 -1   50   0   0   0  19   0   0   0   0   4  16   0   0   3   0   2   3   0   0   3  0.97 0.52
   85 F    0  1 -1  1 -4  1  2 -2 -1 -3 -3  2 -3  1 -3  1  0 -3  3 -2    6   6   2   8   0   6  15   2   1   0   1  14   0   7   0  14   4   0  12   2  0.26 0.23
   86 Q    0  2  0  0 -4  3  4 -2  0 -2 -2  1  0 -2 -3  0 -1 -4 -2 -2   10  10   3   4   0  13  31   1   2   2   3   6   3   1   0   4   3   0   1   1  0.38 0.28
   87 K    0  1  1 -3 -1  2 -1 -3  5 -3  1  1 -1  0 -3 -1 -1 -3  2 -2    8   8   6   0   2  12   3   0  16   0  14   9   1   4   0   3   3   0  10   2  0.28 0.23
   88 G   -3 -4  2  1 -5  1 -1  6  1 -6 -5  0 -1 -5 -4 -3 -4 -5 -5 -5    0   0   9   8   0   7   3  61   3   0   0   5   2   0   0   0   0   0   0   0  1.16 0.51
   89 Y   -2 -2 -2 -5 -4 -4 -4 -5 -2  1 -1 -1  0  2 -5 -4 -4  4  8  1    3   3   2   0   0   0   0   0   0   7   5   4   2   6   0   0   0   5  52  12  1.20 0.54
   90 T   -1  0  2  3 -4  2  1 -2  2 -3 -2  1  0 -2 -3  1  2 -4 -1 -3    5   3  10  16   0  12   8   1   5   0   3   9   3   2   0   8  14   0   1   0  0.30 0.24
   91 L   -1 -4 -4 -5 -3 -4 -4 -5 -4  2  4 -4  3  0  0 -2  0 -4 -2  2    4   0   0   0   0   0   0   0   0  11  41   0   7   3   5   3   7   0   1  18  0.57 0.33
   92 I   -3 -4 -4 -2 -3 -1 -4 -5 -4  4  2 -2  1  3 -4 -3  0 -3  0  2    0   0   0   2   0   4   0   0   0  29  23   2   4  15   0   1   6   0   2  12  0.53 0.31
   93 L   -1 -4 -2 -4 -3 -3 -2 -5 -4  4  4 -2  2 -1 -2 -2 -1  0 -2  2    4   0   2   0   0   0   2   0   0  23  39   2   5   1   2   2   2   2   1  13  0.53 0.30
   94 G    2 -3  0 -3  5  1 -2  1 -2 -1 -1 -2  1  0 -3  1  0 -3 -1 -1   17   0   5   0  16   7   2  11   0   3   5   1   6   5   0  10   6   0   2   3  0.26 0.20
   95 N   -2 -1  5  2  2  0 -1 -2  2 -3 -4  0 -1 -4  0  1  1 -4  1 -3    0   2  32  10   4   4   2   2   4   1   1   5   1   0   5  10  11   0   5   0  0.48 0.31
   96 A    1 -3 -2 -2  1 -1 -2  1 -3  0 -3 -1 -2 -1  0  3  3 -3  0 -1   12   0   0   2   3   2   0  13   0   6   1   2   0   2   3  23  25   0   3   3  0.34 0.27
   97 W   -1 -1  2  3 -4  3  1  0  1 -1 -2 -1 -2  1 -3 -1 -2  0  1 -3    6   3  10  17   0  15   9   9   4   4   2   3   0   8   0   2   1   1   5   0  0.24 0.19
   98 N   -1 -1  4  2 -4  0  0  1  3 -4 -2 -1 -3 -1 -1  0 -2 -3  2 -3    3   2  26  12   0   4   6  10   9   0   4   1   0   2   2   7   0   0  10   0  0.41 0.27
   99 N   -2 -1  3  5 -4  0  1  0 -1 -3 -3 -1 -3 -4 -1  1 -2 -4 -4 -3    2   3  15  35   0   3   9   7   1   2   3   3   0   0   3  10   0   0   0   2  0.54 0.30
  100 L    0 -1 -1 -1 -3  1  1 -1  0  1  0 -1 -1 -1  3 -1 -1 -3  0  0    7   2   2   3   0   6   9   6   2  14   8   4   1   3  19   3   1   0   3   7  0.18 0.14
  101 E    0 -2 -2  3 -4  3  4 -2 -2 -4 -3  0 -2 -4 -1  1 -2 -4 -4 -2    8   0   0  14   0  15  36   3   0   0   1   4   1   0   2  10   1   0   0   2  0.62 0.36
  102 K   -1  1  1  1 -4  1  0 -3  1 -1 -1  4 -1 -2 -3  0  0 -4 -3 -3    5   6   6   8   0   5   5   0   3   4   5  35   1   1   0   7   7   0   0   0  0.33 0.24
  103 Q   -2 -3 -3 -2  1  4  5 -4 -3 -1  0 -2 -2  0 -4 -3 -3 -4 -1  0    2   0   0   0   3  24  43   0   0   4   9   0   1   5   0   0   0   0   2   6  0.80 0.46
  104 R   -1  3  0  0 -3  2  0 -3  0  1  0  2  1 -3 -1  0 -1 -3 -3 -1    5  18   4   5   0   9   6   0   2  11  11  12   4   0   2   6   2   0   0   3  0.17 0.16
  105 A    1  0  0  2 -3  1  3 -3  3 -3 -2  1 -3 -2 -3  1  0 -4 -1 -2   16   3   4  10   0   7  21   0   8   0   3   8   0   1   0  10   5   0   2   2  0.31 0.23
  106 Y    1  0  1 -2  1  2 -2 -2  4 -1 -1 -2  0  0 -3 -1 -2 -2  4  0   15   5   7   1   3  13   0   2  11   4   6   0   2   4   0   2   0   0  17   7  0.29 0.26
  107 L   -1 -1 -4 -4 -3 -2 -3 -4 -4  3  3 -3  0  1 -4 -2  0 -3 -2  2    3   5   0   0   0   2   1   0   0  23  30   0   1   7   0   3   6   0   0  17  0.45 0.28
  108 S   -2  2  2  2 -5  3  4  0 -1 -3 -3  0 -3 -5 -1  0 -2 -5 -4 -4    2  11   9  13   0  13  28   6   1   1   2   2   0   0   3   8   0   0   0   0  0.50 0.32
  109 M   -1 -2  2  0 -3  1 -1 -1 -1 -1  1  0  4 -1 -3  0  1 -3  0  0    4   0  12   4   0   6   4   3   1   1  15   4  16   1   0   8  12   0   3   7  0.18 0.21
  110 M   -2 -4 -5 -5  0 -4 -5 -5 -4  1  5 -4  5  2 -2 -3 -3 -4 -3  1    3   0   0   0   2   0   0   0   0   7  53   0  15   8   2   2   0   0   0   6  0.84 0.42
  111 A    1  0  0 -2 -3 -1 -1 -3 -1  2  2  1  0 -1 -3 -1 -1 -3 -1  1   14   4   5   2   0   2   4   0   2  17  21  12   2   1   0   2   2   0   2   7  0.14 0.15
  112 Q    1  1  2  0 -3  3  1  1  1 -1 -3  0 -2 -3 -3  1  0 -3 -1 -2   14   9   9   4   0  15   6   9   3   3   0   3   0   0   0  13   5   0   2   2  0.22 0.19
  113 K   -1  3  0 -1 -4  3  0 -1  2 -4 -2  4 -1 -4 -3 -1 -3  4 -1 -4    3  15   3   2   0  14   3   3   4   0   4  36   1   0   0   2   0   5   2   0  0.59 0.34
  114 R   -2  4  3 -2 -4  3  0  2  1 -4 -3  0  0 -4 -1  0 -2 -4 -2 -4    2  23  13   0   0  17   4  19   4   0   2   3   3   0   3   5   0   0   1   0  0.50 0.32
  115 V   -1 -4 -4 -5  3 -4 -4 -3 -4  3 -1 -4 -2 -2 -4 -3 -2 -4  0  6    5   0   0   0   7   0   1   2   0  14   3   0   0   1   0   1   1   0   3  59  0.97 0.45
  116 D   -1 -2  0  7 -5 -1 -1 -3 -4 -5 -5  1 -5 -6 -4 -1 -2 -6 -5 -3    5   2   2  66   0   3   2   2   0   0   0   9   0   0   0   5   2   0   0   2  1.33 0.57
  117 G    2 -5 -3 -4 -4 -4 -4  6 -5 -3 -5 -3 -4 -5 -4 -2 -4  0 -5 -2   19   0   0   0   0   0   0  69   0   2   0   2   0   0   0   1   0   1   0   3  1.43 0.58
  118 L   -3 -5 -5 -5 -3 -4 -5 -5 -5  5  3 -5  1 -1 -5 -4 -3 -4 -3  3    0   0   0   0   0   0   0   0   0  38  32   0   2   2   0   0   0   0   0  23  1.00 0.44
  119 L   -2 -5 -6 -6 -4 -5 -6 -6 -6  6  3 -5  0  1 -5 -5 -3 -5 -3  2    3   0   0   0   0   0   0   0   0  52  22   0   1   6   0   0   0   0   0  15  1.11 0.50
  120 V   -1 -4 -2 -4  1 -4 -4 -4 -3  4  2 -4  0  2 -4 -3 -2 -3  1  3    5   0   2   0   3   0   0   0   0  26  17   0   1  11   0   1   0   0   6  25  0.52 0.29
  121 M    1 -3  0 -3  0 -1 -1  0  1  1  1 -2  4  0 -3  0  0 -3  0  0   13   0   6   0   2   1   3   6   4   6  15   0  17   3   0   6   7   0   3   7  0.16 0.18
  122 C    0 -3 -2 -3  4 -3 -2  2 -1 -3 -2 -3 -3 -3  3  3  1 -4  1  0    8   0   0   0  11   0   2  15   2   0   3   0   0   0  14  26   7   0   6   6  0.44 0.30
  123 S    1  0 -1 -1  0 -2 -1  2  2 -2 -2  1  0 -3 -1  2  2 -4 -3  0    9   5   2   2   2   0   1  15   6   1   4   8   3   0   3  20  14   0   0   6  0.19 0.20
  124 E    0  0  1  2 -3  0  1  0  0 -1 -1  1  0 -1  0  0  1 -3 -2 -1   11   3   8  14   0   3  12   6   2   2   7  10   3   2   3   3   8   0   0   2  0.12 0.11
  125 Y    0 -1  0  0 -3 -2  0 -2  2  1  1 -1 -1  2 -1  0 -1 -2  2 -1    8   2   5   7   0   0   8   1   6   9  18   4   0   9   2   8   2   0  11   1  0.11 0.14
  126 P    0 -2  1  3 -4 -2 -1  0  1 -4 -4 -1 -3 -2  3  2  2 -5 -4 -3    6   2   8  17   0   0   3   6   3   0   0   2   0   2  16  17  16   0   0   1  0.44 0.29
  127 E    0 -1  1  4 -4  1  3 -2 -1 -2 -4 -1 -3 -4  0  0  0  1 -2 -2   10   3   5  31   0   6  18   1   1   3   0   2   0   0   4   4   6   2   1   2  0.47 0.29
  128 P    0  0  0  2 -3  1  2 -1  0 -1 -2  0 -1 -4  3  0  0 -4 -3 -1    6   4   3  13   0   5  16   5   2   5   2   5   1   0  18   5   5   0   0   4  0.29 0.19
  129 L    0  0  0  0 -2  1  0 -1  1  0  1 -1  0  1 -1  0  0 -2 -1  0    7   6   3   4   0   6   8   5   5   7  15   2   2   7   2   7   4   0   0   8  0.02 0.06
  130 L   -1 -1 -2 -2 -3 -1 -1 -3 -3  3  2 -1  1  0  0 -1  0 -3  1  0    5   4   2   1   0   2   3   1   0  20  25   5   3   3   5   3   6   0   6   5  0.17 0.16
  131 A    2  0 -1  2 -3  1  1 -2 -1 -2 -2  0 -2 -3 -1  1 -1 -3  1  0   20   5   2  14   0   6  11   2   1   2   2   6   0   0   3  10   3   0   6   7  0.19 0.18
  132 M    1 -1 -1 -1 -3  1  0 -2  1  0  1  0  2 -1 -1  0 -1 -3 -1  0   15   2   1   4   0   7   6   2   4   4  19   8   8   2   2   5   2   0   2   7  0.09 0.13
  133 L    0 -1 -2 -4 -3 -1 -2 -3 -3  3  3 -2  1  2 -2 -1 -2  1  0  1    6   3   2   0   0   3   3   1   0  17  34   1   3  11   1   4   0   2   2   6  0.32 0.24
  134 E    1  1  0  1 -1  1  2 -2 -1 -2  0  2  1 -3 -3  0 -2  0 -3 -2   17   6   5   6   1   7  16   2   1   2  11  15   4   0   0   4   0   1   0   1  0.20 0.19
  135 E    1  2  1  2 -4  1  3 -2 -2 -4 -2  3 -3 -4 -3  1 -1 -4 -4 -3   14  10   7  10   0   4  20   1   0   0   4  17   0   0   0   9   2   0   0   0  0.40 0.27
  136 Y    1  0  1 -1 -1  1  0 -2  2 -1  0 -1 -1  0 -2  0 -1  3  2 -1   15   4   7   4   1   6   4   1   6   4  12   3   0   3   1   8   2   5  11   4  0.11 0.12
  137 R    1  1 -1  0 -3  2  1 -1  0 -2 -2  2 -2 -3  0  0  1 -3 -1 -1   15   9   2   5   0  11  10   3   3   1   4  12   0   0   4   7   7   0   2   4  0.17 0.14
  138 H   -1 -2  3  2 -3  2 -1  3  2 -3 -3 -1 -3 -4 -1  0  0 -4 -2 -2    4   1  15  13   0  10   3  24   5   1   2   3   0   1   2   8   6   0   1   2  0.38 0.23
  139 I   -1 -2 -4 -2 -3 -2 -2 -4 -4  5  1 -3  2  0 -1 -3 -1 -4 -1  3    3   2   0   2   0   2   2   1   0  41  13   1   4   3   3   1   3   0   2  17  0.59 0.31
  140 P   -3 -5  0 -5 -6 -5 -5 -1 -5 -2 -6 -1 -5 -6  8 -3 -2 -6 -3 -3    2   0   5   0   0   0   0   5   0   2   0   4   0   0  75   1   3   0   1   2  2.09 0.82
  141 M   -1 -4 -5 -5 -1 -4 -5 -3 -4  3  1 -2  4  1 -5 -3  1 -4  0  4    4   0   0   0   1   0   0   2   0  13  14   2  12   7   0   0   9   0   4  31  0.57 0.35
  142 V   -2 -6 -6 -6  0 -5 -6 -6 -6  2  1 -3 -1 -1  0 -5 -3 -6 -4  6    3   0   0   0   2   0   0   0   0  11  13   1   1   2   5   0   0   0   0  61  1.17 0.57
  143 V    0 -4 -2 -5  1 -4 -3 -3 -4  2  2 -4  2  3 -3 -3 -1 -3  0  3   10   0   2   0   3   0   2   1   0  10  22   0   5  15   1   0   4   0   2  21  0.41 0.28
  144 M    0 -2 -4 -5  1 -2 -4 -4  0  3  2 -4  4  1 -4 -2 -2 -4  1  2    6   2   0   0   2   2   0   1   2  21  18   0  14   6   0   3   1   0   4  16  0.46 0.30
  145 D    0 -4  4  6 -6 -3  1  2 -4 -6 -6 -4 -5 -6 -5 -1 -4 -7 -6 -3    7   0  22  44   0   0   7  14   0   0   0   0   0   0   0   4   0   0   0   2  1.13 0.56
  146 W   -1  4 -1 -3 -4  1 -1 -1 -1 -4 -3  0 -3  0 -2  0  1  7 -1 -1    6  30   2   0   0   5   3   5   1   0   2   3   0   4   1   6   8  15   2   5  0.57 0.34
  147 G    0 -1  1  2  0  0  0  2  0 -1 -2  0 -1 -1 -1  1 -1  0  0  0    8   3   8  15   2   3   3  14   2   3   1   5   1   2   2  12   1   1   4   7  0.12 0.12
  148 E    0  0  0 -1 -3 -1  1 -1  0  0  0  0 -1 -2  3  0  0 -3  0  0    6   6   3   3   0   1  12   5   2   9   8   7   1   1  15   4   6   0   4   6  0.13 0.11
  149 A    1 -2  1  2 -3  0  1  0  1 -2  0  0 -1 -2  3  0 -1 -4 -1 -2   14   0   7  11   0   2   8   6   3   1   9   6   2   1  16   6   3   0   2   2  0.21 0.17
  150 K   -1  2  1  2 -2  1  2  1 -1 -2 -1  1 -2 -4 -1  0 -1 -4 -3 -2    4  12   6  13   1   7  14  12   1   3   7   8   0   0   2   5   3   0   0   1  0.20 0.16
  151 A    1 -1 -1  0 -3  0  0  0 -1 -1  0  1 -1  0  1  1 -1 -2  1 -1   11   2   2   6   0   3   7   9   1   4  12   9   0   4   8  11   3   0   7   2  0.07 0.09
  152 D    0 -2  1  4 -4  1  1 -1  1 -4 -5  0 -4 -5  3  0 -2 -5 -2 -2   10   1   6  30   0   6  10   4   3   0   0   4   0   0  16   5   1   0   1   2  0.56 0.33
  153 F   -1 -2  0 -1  0 -2 -2 -3  2  1  1 -2  0  3 -1 -1  0 -2  2  1    3   2   6   3   2   1   1   1   7  11  14   1   2  14   3   4   5   0   8  12  0.15 0.14
  154 T    1 -1 -2  1  0 -2 -1 -1 -3  1 -1 -1  0 -1  2  0  1 -3  0  0   12   3   0   9   3   0   3   4   0   9   5   2   3   3  12   8  13   0   3   7  0.13 0.14
  155 D    0 -3  0  3  3 -3 -2 -2  1 -1 -2 -3 -3 -1  3  3  0 -1  1 -3    6   0   3  19   8   0   0   3   4   3   3   0   0   3  13  22   5   1   6   0  0.40 0.30
  156 A    0 -1 -1 -4 -1 -3 -3 -4  2  1  0 -1 -2  2 -4  1  0 -3  1  4    7   4   2   0   1   0   0   0   5   7   6   5   0   8   0  12   5   0   5  33  0.32 0.27
  157 V   -1 -3  0  0  1 -4 -4  0 -2  4 -2 -3  0 -3 -2 -2  0 -5 -2  4    3   2   4   6   3   0   0   9   1  23   0   1   2   0   2   1   6   0   1  35  0.48 0.34
  158 I    0 -1 -3 -1 -3  0 -3  0  0  3  0 -3  0  2 -4  0  1  0  1 -1    8   3   0   4   0   4   0   8   2  24   8   0   2   8   0   8  12   1   5   2  0.17 0.21
  159 D   -1 -4  0  6 -1 -1 -1 -4 -1 -5 -4 -3 -5  1  2  1  0 -6 -4 -2    4   0   3  47   1   2   1   0   1   0   1   0   0   6  11  13   7   0   0   3  0.88 0.49
  160 N   -4 -4  5  6 -5 -2 -1 -4  3 -5 -3 -3 -5 -5 -1  0 -3 -6 -4 -5    1   0  30  44   0   1   3   0   6   0   3   0   0   0   3   6   0   0   0   0  1.22 0.54
  161 A    1  1  4  1 -2  0 -1 -2  0 -2 -1 -1 -3  0 -2  1 -2  1  0 -2   12   7  29   8   1   3   2   2   2   2   6   2   0   4   2   9   1   2   4   2  0.30 0.23
  162 F   -1  0 -3 -1 -4 -1  3 -4 -2  0 -1  0  0  4 -2 -2 -1  1  2  1    3   5   0   2   0   2  21   0   0   4   5   7   2  18   2   0   4   2   9  12  0.28 0.23
  163 E    1  0 -1  1 -4  2  2  1 -1 -1 -2  2 -2 -1 -1  0  0  0 -2 -3   13   3   1   7   0  12  14  10   1   4   3  14   0   3   2   7   4   1   1   0  0.19 0.18
  164 G    3 -4 -2 -3 -1 -4 -3  4 -4 -4 -3 -4  0 -5 -2  1  0 -5 -5 -1   28   0   2   1   1   0   1  39   0   0   3   0   3   0   1  10   7   0   0   5  0.71 0.41
  165 G    2 -1 -3 -2 -1 -2 -2  5 -4 -1 -4  0 -2 -1 -4  0  0 -5 -2  0   19   3   0   1   1   1   2  42   0   4   0   5   1   2   0   5   5   0   1   7  0.57 0.34
  166 Y   -1  2 -3 -1 -4  1  2 -3  0 -2 -3  2  0  1 -4 -2 -1  2  5 -2    5  11   0   4   0   7  18   1   2   2   1  12   3   4   0   1   3   3  22   2  0.44 0.31
  167 M   -1 -3 -2  0 -4  2  1 -4 -4  1  3 -1  4 -3 -3 -1 -2  0 -3 -2    6   0   2   6   0  10   8   0   0   8  36   3  13   0   1   3   1   2   0   1  0.43 0.32
  168 A    5 -4 -4 -4  0  2 -2 -2 -4  1  0 -3 -1 -4 -2 -1 -2 -5 -4 -1   56   0   0   0   2   9   2   3   0  10   8   0   1   0   2   3   1   0   0   3  0.74 0.46
  169 G    2 -4 -3 -2  0 -3 -2  1 -4  0 -1 -3  1 -1 -4 -1  4 -4 -3  2   18   0   0   2   2   0   2  12   0   3   5   0   4   3   0   3  29   0   0  17  0.42 0.32
  170 R   -1  3  1  2 -2  3  2 -3  1 -4 -3  3 -3 -2 -4 -1  0 -5 -3 -3    3  20   6  12   1  13  12   1   3   0   1  16   0   2   0   3   6   0   0   1  0.47 0.30
  171 Y    0 -1 -3 -4 -4 -2 -1 -4  6 -2  0 -1  2  2 -4 -1 -2  1  5 -2    8   2   0   0   0   1   3   0  25   1   7   4   7   8   0   5   2   1  21   1  0.72 0.40
  172 L   -4 -5 -6 -6 -4 -5 -6 -6 -6  3  5 -5  1  2 -6 -5 -4 -4 -3  0    0   0   0   0   0   0   0   0   0  17  66   0   2   8   0   0   0   0   0   5  1.28 0.56
  173 I    0 -2 -1 -4  0 -1 -2 -2 -2  5  1  0  0 -2 -1 -3 -1  0  0  2    9   2   3   0   2   3   2   2   1  38  10   6   1   1   3   0   4   1   4  10  0.35 0.27
  174 E    0 -1  1  3 -5  2  3 -2 -1 -5 -5  3 -4 -5 -1  0 -2 -5 -4 -4   10   2   6  19   0   7  24   2   1   0   0  18   0   0   2   7   1   0   0   0  0.58 0.35
  175 R    0  3  2 -1 -3  3 -1 -2  2 -4  0  3 -1 -2 -4 -1 -2  1 -2 -3    6  15  13   3   1  13   1   1   5   0  11  21   1   2   0   3   1   2   1   1  0.36 0.28
  176 G   -1 -5 -4 -5 -6 -5 -5  7  1 -6 -4 -2 -6 -6 -1 -2 -2 -6 -6 -1    3   0   0   0   0   0   0  78   3   0   2   3   0   0   3   1   3   0   0   4  1.67 0.69
  177 H    1 -2 -1 -4  2 -2 -2 -2  8  0 -3  1 -4 -4 -2 -1 -4 -5  2 -2   12   2   2   0   4   1   2   3  43   6   1   8   0   0   2   3   0   0   7   3  1.02 0.51
  178 R   -2  3  2  0 -4  2  1  0  0 -2 -3  3 -3 -2 -3 -1  1 -4 -1 -4    1  16  13   5   0  10   7   6   2   3   2  19   0   2   0   2   9   0   3   0  0.36 0.27
  179 E   -3  3  3  2 -5  1  1 -3  2 -5 -5  3 -4 -3 -4  0 -1 -5 -2 -4    0  16  16  12   0   6   8   1   5   0   0  23   0   1   0   7   3   0   1   1  0.58 0.35
  180 I   -2 -6 -6 -6 -1 -6 -6 -6 -6  6 -1 -6 -1  3 -2 -5 -4 -5 -1  3    3   0   0   0   1   0   0   0   0  57   4   0   1  13   2   0   0   0   2  17  1.28 0.57
  181 G    4 -4 -4 -4 -3 -3 -2  3 -4 -2  0 -2 -3  0 -4 -1 -1  1 -4  1   38   0   0   0   0   0   3  26   0   1  10   2   0   4   0   2   3   2   0   9  0.57 0.37
  182 V   -2 -5 -5 -5  3 -4 -3 -3 -1  2  2 -5  0  5 -5 -4 -3  0  4  1    2   0   0   0   8   0   2   2   1  14  22   0   2  24   0   0   1   1  13   7  0.69 0.36
  183 I   -2 -5 -6 -6  2 -5 -6 -6 -5  4  4 -5  2  3 -6 -5 -4 -4  0  1    2   0   0   0   4   0   0   0   0  30  35   0   5  13   0   0   0   0   3   8  0.91 0.44
  184 P    0 -1 -1 -1 -1  0  0  4 -1 -2 -2 -1 -1 -2  0  1  0  0 -3 -1    7   3   2   2   2   4   5  32   1   2   3   4   2   2   5  14   7   1   0   4  0.28 0.21
  185 G    0 -3 -2 -2 -1 -4 -1  6 -4 -2 -1 -4 -4 -3 -4 -1 -3 -5 -5 -2    8   2   1   1   1   0   5  64   0   2   7   0   0   1   0   3   1   0   0   3  1.08 0.49
  186 P   -3  0  0  0 -4  2  2 -4  0 -2 -3  0 -3 -4  5  1  1 -5 -2 -1    0   5   5   4   0   9  12   0   2   3   2   4   0   0  30   9   7   0   1   4  0.56 0.32
  187 L    0 -1 -1  0 -3  0  1 -2  2 -1  1  1  0 -1  2 -1 -1 -3  0 -1   11   2   2   7   0   2  10   2   6   2  21  10   1   1  12   3   2   0   4   3  0.15 0.15
  188 E   -1  0  1  3 -4 -1  2  2  1 -4 -4  1 -3 -4 -3  2 -1 -4 -1 -2    4   5   7  19   0   2  14  14   3   0   1   8   0   0   0  15   3   0   2   3  0.36 0.25
  189 R    0  1  1  1 -3 -1  0  0  1  0  0  1 -1 -1  0  1  1 -3 -1 -1    7   7   5  12   0   1   3   6   3   5  10  10   1   3   4  10   8   0   2   2  0.06 0.08
  190 N   -1 -1  2 -2 -3 -1  0  0  1  0 -1 -1  0 -2  2  2  2 -4 -1  0    3   2  10   0   0   2   5   6   3   5   4   3   3   1   9  21  14   0   3   5  0.19 0.20
  191 T    1 -1  2  0 -3 -1 -2 -1 -3  0 -2  0 -2 -2  2  1  2 -4 -2  1   13   2  12   7   0   3   0   5   0   7   2   5   0   2   9   9  15   0   1  11  0.18 0.19
  192 G    3 -1 -1  0  2  0  0  1 -3 -2 -4 -2 -3 -4  0  2  0 -5 -4  0   27   3   3   4   5   5   6  12   0   1   0   0   0   0   5  18   5   0   0   6  0.32 0.27
  193 A    0  3  0  0 -1  1  1 -2  0  0 -2  2 -2 -1 -3 -1  0  1 -2  0    7  18   3   6   1   6  10   3   2   7   1  12   0   4   0   3   5   2   0   9  0.16 0.16
  194 G    0  0  1  3 -4  1  2 -1 -2  0 -1  0  0 -1 -3 -1 -2  0 -1 -1    8   4   6  18   0   7  18   5   0   5   8   5   3   3   0   1   1   1   2   3  0.19 0.18
  195 R   -5  8 -4 -2 -7 -3 -2 -6 -1 -4 -6  0 -1  0 -6 -5 -5 -6 -2 -2    0  79   0   3   0   0   2   0   1   1   0   4   2   4   0   0   0   0   1   4  1.96 0.81
  196 L   -2  2 -3 -2 -3 -1  0  0  0  1  2  0  0  0 -4 -2  0 -3  3  0    1  12   0   1   0   2   7   8   2   8  23   6   1   3   0   1   6   0  11   7  0.16 0.18
  197 A    1  0  1  2 -4  3  3 -3 -2 -4 -3  3 -3 -5 -2 -1  0 -5 -2 -2   14   5   6   9   0  15  17   1   0   0   2  17   0   0   1   2   5   0   1   3  0.39 0.29
  198 G    2 -5 -4 -2 -5 -5 -5  6 -5 -6 -6 -5 -6 -6 -5 -1 -1 -6 -1 -6   15   0   0   2   0   0   0  72   0   0   0   0   0   0   0   5   4   0   3   0  1.62 0.68
  199 F    0 -5 -5 -6 -5 -1 -5 -6  0 -1 -1 -5 -3  7 -6 -3 -5  5  6 -1    8   0   0   0   0   3   0   0   2   3   4   0   0  42   0   1   0   7  27   4  1.37 0.57
  200 M   -1  2 -2 -2  0  0  1 -3  1  1  1  2  3 -2 -3 -2 -1 -3  1  0    3  14   1   2   3   2  10   1   3  12  13  13   9   0   0   0   4   0   5   5  0.18 0.19
  201 K    1  2  1  1 -4  3  3 -3 -1 -3 -3  3 -3 -5 -3  0 -1 -5 -4 -4   11   9   7   7   0  16  18   0   1   1   1  19   0   0   0   6   2   0   0   0  0.48 0.30
  202 A    5 -4 -4 -4 -3 -3 -1  0 -4 -1 -2 -2 -3  0 -4 -2 -1 -4  2  2   49   0   0   0   0   0   5   6   0   2   3   1   0   4   0   1   3   0   8  17  0.61 0.39
  203 M   -3 -4 -3 -5  1 -4 -5 -4  0  1  4 -4  5  1 -5 -4 -3  2 -3  1    1   0   1   0   3   0   0   1   3   6  49   0  18   6   0   0   0   3   0   8  0.87 0.43
  204 E    2  1  1 -1 -3  1  1 -1  1 -2 -2  3  0 -4 -3 -1 -1 -4 -3 -2   23   8   6   2   0   4  11   2   4   2   4  23   2   0   0   3   4   0   0   1  0.29 0.22
  205 E    1  0 -1  3 -4  2  4 -3 -1 -4 -2  2 -3 -4 -2 -1 -2 -4 -3 -3   11   4   2  15   0  11  31   1   1   1   3  11   0   0   2   4   2   0   0   1  0.51 0.28
  206 A    3  0  2 -1 -2  1 -1 -2  5 -3 -4  1 -3 -2  0  0 -1 -4  0 -3   28   3  11   3   1   6   3   2  16   1   0  11   0   1   4   7   3   0   4   0  0.39 0.29
  207 M   -1 -1  3  0  0  1  0  4  1 -3 -4  1 -2 -4  1 -1 -3 -4 -1 -4    3   2  17   4   3   8   5  30   3   1   1  10   1   0   7   2   0   0   2   0  0.44 0.27
  208 I   -2 -1 -4 -4 -1 -2 -2 -3 -3  4  3 -1  1  0 -4 -1 -2 -3  0  1    2   3   0   0   1   1   2   2   0  30  29   4   3   3   0   4   0   0   4   9  0.41 0.25
  209 K    0  0  1  1 -3  1  1 -2  0 -1 -2  1 -1 -2  3  0  0 -4 -3 -1    8   3   7   8   0   5  10   2   3   2   2  10   2   1  18   3   7   0   0   6  0.25 0.16
  210 V   -1 -2 -3 -2 -3  0 -3 -1 -2  3  1 -3  0  1  0 -1  1 -3 -1  3    3   2   0   3   0   4   0   5   1  17  14   0   1   7   5   3   9   0   2  24  0.22 0.18
  211 P   -1  2  2  2 -1  0  1  0  0 -2 -1  1 -1 -3  2 -1 -1 -4 -3 -1    5  12  10  14   2   2   7   6   3   2   5  11   1   0  11   3   1   0   0   5  0.20 0.14
  212 E    0 -1  0  2 -4  1  3 -3  1  0 -2  0 -2 -2  2  0 -2  0 -1 -2    7   3   3  11   0   7  25   0   3   8   4   6   0   1  10   5   1   1   3   2  0.27 0.20
  213 S   -1  0  1  1 -1  2  2 -1  0  0  0 -1 -1 -1 -3  1  0 -3 -1  0    4   4   6   8   1  12  16   3   2   8   8   1   1   3   0  10   4   0   1   7  0.11 0.13
  214 W   -2  1 -2 -1  0 -1 -3 -3  2  0  1 -2  1  2 -4 -2 -2  8  3  0    3   8   1   3   2   3   0   2   6   4  15   1   3   8   0   2   1  22  10   6  0.59 0.30
  215 I   -2 -3 -1 -1 -3 -3  0 -4 -1  4  1 -2  2  0 -4 -1 -1 -3 -1  3    2   0   2   4   0   0   6   0   2  32  12   2   5   4   0   4   2   0   1  20  0.38 0.24
  216 V    0 -1 -1 -1  0  1 -1 -2 -1  1  1 -1  0  1 -1 -1  0  0  1  1    7   1   4   4   2   9   3   2   1   9  13   4   1   6   3   1   6   1   5  16  0.05 0.08
  217 Q   -1  1  0 -1 -3  1  2 -1  1 -2 -1  0 -2  0  0  2  2 -3 -2 -2    3   7   4   2   0   7  18   3   3   3   5   5   0   4   4  18  14   0   1   0  0.21 0.18
  218 G    2 -2  0  0 -1 -2 -1  5 -1 -3 -4 -1 -4 -1 -2  0 -2 -4 -1 -4   18   1   4   5   1   1   3  45   1   1   0   3   0   4   2   4   2   0   3   0  0.61 0.32
  219 D    0  0  2  4 -1  0  0  1 -1 -3 -3 -1  0 -3  0  0  0 -4 -3 -3    7   5  11  27   1   4   6  10   1   2   2   3   3   1   4   8   5   0   0   0  0.31 0.21
  220 F   -4 -4  0 -3 -5 -4 -1 -5  0 -1  0 -4 -1  5  0 -1 -1  7  4 -2    0   0   6   1   0   0   5   0   2   3   7   0   1  28   4   4   4  17  15   3  0.85 0.41
  221 E   -2 -3  1  3 -4  1  2 -3  2 -4 -2  0 -3 -4 -3  2  3 -5 -1 -2    2   0   5  18   0   5  15   0   5   0   4   4   0   0   0  19  19   0   2   2  0.47 0.33
  222 P    0  2 -3 -2  1 -1  0 -3 -1  1  0 -1  2  0  3 -1 -1  0  1  0    7  13   0   1   3   2   8   0   1  10   6   3   6   3  15   3   3   1   7   6  0.17 0.15
  223 E    0  0  0  1 -4  2  3 -2 -1 -1 -2  2  0 -4 -2  0  0 -4 -2 -3    8   4   5   9   0   8  28   1   1   5   2  14   2   0   1   8   4   0   1   0  0.33 0.21
  224 S    0  0  1  2 -3  1  1  0  1 -2 -2  1 -1 -4 -1  2  1 -4 -3 -3    7   3   7  11   0   7   7   8   3   2   2  12   1   0   1  21   7   0   0   0  0.23 0.16
  225 G    3 -3 -2 -3 -4 -1 -2  5 -4 -4 -3 -1 -1 -4 -3 -1 -3  0 -4 -4   26   0   1   0   0   3   2  51   0   0   3   5   2   0   1   2   0   2   0   0  0.87 0.37
  226 Y    0  0 -3 -3 -3  1  0 -3 -1  0  1  1  0  1 -3 -2 -2  1  5  1    7   4   0   0   0   6   8   0   1   4  14   9   2   5   0   2   1   1  26   9  0.30 0.21
  227 R    0  1  2  2 -1  2  3 -3 -2 -3 -2  2  0 -4 -3  0  0 -4 -3 -2    6   9  10   9   1  10  24   0   0   1   4  12   3   0   0   5   5   0   0   2  0.33 0.20
  228 A    2  0 -1 -2  0  0  0 -1 -1  0  1  0  1  0 -3 -1 -1 -3 -2  1   23   4   2   0   2   5   9   3   1   3  19   5   3   3   0   4   1   0   0  14  0.12 0.14
  229 M    2 -4 -4 -4 -3 -2 -4 -1 -4  2  0 -3  6  2 -4 -2  0 -3 -1  1   18   0   0   0   0   2   0   4   0  10   7   0  29  11   0   2   6   0   2  10  0.53 0.32
  230 Q    0  2  1  1 -4  2  2 -1  2 -3 -3  2  0 -3 -1 -1  0 -4 -3 -2    7   9   8   7   0  12  18   3   5   1   1  15   2   1   2   2   5   0   0   1  0.31 0.19
  231 Q    1  1  2  1 -4  2  2 -2  1 -4 -4  3 -1 -4 -3  0 -1 -4 -3 -2   14   6  13   6   0  11  16   1   4   0   0  19   2   0   0   6   1   0   0   2  0.39 0.24
  232 I    0 -4 -5 -5 -3 -4 -4 -5 -4  2  4 -4  3  1 -4 -2 -2  5 -1  1    8   0   0   0   0   0   0   0   0  13  47   0   7   6   0   2   1   8   1   7  0.67 0.31
  233 L   -2 -3 -3 -5  1 -2 -4 -5 -4  3  5 -2  1  1 -4 -4 -2 -3 -1 -1    3   1   1   0   4   2   0   0   0  15  60   3   3   4   0   0   1   0   1   0  0.74 0.35
  234 S    2  0  0  0 -3  1  2 -1  0 -1 -3  2  0 -4 -2  2  1 -4 -3 -2   18   3   3   5   0   5  14   4   2   3   0  12   3   0   0  16   8   0   0   1  0.24 0.17
  235 Q    0  2  1 -2 -3  2  0 -1  2 -3 -1  1  1 -3 -3  1  1  0  0 -2    5  14   6   0   0  11   3   5   6   0   8  11   6   0   0  12   8   2   3   0  0.19 0.16
  236 P   -1  0  2  2 -4  0  1  2  3 -3 -2  1 -1 -3  2  0 -1 -3  0 -3    2   3  12  11   0   3   7  16   9   0   3   8   1   0  12   5   2   0   5   0  0.28 0.17
  237 H    0  0  2  0 -1  0  1 -2  2 -2 -3  1 -3 -3  5 -1 -1 -4 -3 -3    7   5  11   5   1   4   8   1   7   2   2   9   0   1  30   1   4   0   0   1  0.53 0.25
  238 R   -2  2  2  2 -3  1  0 -3  0 -2  0  1  0 -3  1 -1 -1 -3 -1 -2    1  15  11  15   0   8   5   0   1   0  10  10   2   0   8   2   4   0   3   3  0.24 0.17
  239 P   -3 -4 -4 -4 -4 -1 -3 -4 -1  3  0 -2 -2  1  6 -3 -1 -4 -1  1    0   0   0   0   0   3   0   0   2  21   7   2   0   8  43   0   3   0   1   8  0.95 0.38
  240 T   -2 -3  1  4  0  1  0 -4 -2 -4 -4  1 -4 -5 -2  0  5 -5 -4 -4    1   0   5  29   2   5   6   0   1   0   0   7   0   0   1   4  39   0   0   0  0.79 0.41
  241 A    6 -4 -4 -4 -3 -4 -4  2 -4 -3 -4 -4 -1 -1 -4 -1 -3 -5 -4  1   69   0   0   0   0   0   0  16   0   0   0   0   2   3   0   1   0   0   0   8  1.10 0.51
  242 V   -2 -5 -5 -6 -3 -5 -5 -6 -5  5  1 -5  0  1 -5 -4 -3 -4 -2  5    3   0   0   0   0   0   0   0   0  37  10   0   1   7   0   0   0   0   1  41  1.01 0.42
  243 F   -3 -5 -5 -5 -4 -5 -5 -5 -1  3  1 -5  1  6 -5 -4 -3 -2  3  2    1   0   0   0   0   0   0   0   1  21  14   0   3  36   0   0   0   0   8  16  0.89 0.37
  244 C    4 -4 -4 -5  8 -4 -4 -1 -5  0 -3 -4 -3 -4 -4  0  2 -5 -4  0   34   0   0   0  33   0   0   5   0   5   1   0   0   0   0   5  11   0   0   6  1.01 0.44
  245 G    2 -2  0 -2  2  0 -1  0  0 -1 -2 -2 -1  0  0  1  1 -3  1 -1   23   0   4   1   5   3   2   7   3   3   2   0   1   5   4  12  13   0   7   3  0.16 0.16
  246 G   -1 -3  6  2 -1 -2 -1 -1 -2 -5 -5 -1 -4 -4 -4  3  1 -5  0 -3    4   0  42  10   1   0   3   3   0   0   0   2   0   0   0  21   9   0   4   1  0.80 0.40
  247 D   -2 -5 -2  7  0 -3  0 -1 -4 -6 -6 -4 -6 -3 -4 -1  0 -7 -6 -6    2   0   0  79   2   0   3   4   0   0   0   0   0   1   0   4   5   0   0   0  1.74 0.63
  248 I    1 -1 -1  1 -2  0  1  0 -2  0  0 -1  0 -3 -1  0  1 -3 -3  0   13   2   2   9   0   4  14   8   0   7  12   0   3   0   2   8   9   0   0   7  0.10 0.11
  249 M    0 -1 -4 -5 -3 -1 -3 -4 -1  2  2 -2  7 -2 -4 -1  0 -4 -3  1    7   3   0   0   0   3   1   0   1  15  19   1  34   0   0   3   6   0   0   7  0.65 0.35
  250 A    6 -4 -2 -4 -3 -3 -4  1 -4 -4 -1 -3 -1 -5 -4  0 -1 -5 -4 -2   74   0   2   0   0   0   0   7   0   0   6   0   2   0   0   5   2   0   0   2  1.08 0.51
  251 M    0 -1 -3 -2 -2 -1  0 -2 -1  2  3 -3  3  0 -4 -3 -2 -3 -2  1   10   3   0   1   1   1   8   3   2  15  33   0  12   3   0   0   1   0   0   7  0.31 0.22
  252 G    0 -4 -3 -4 -5 -2 -4  6  0 -5 -1 -1 -4 -5 -5 -2 -4 -5 -5 -3    7   0   0   0   0   1   0  75   3   0   7   3   0   0   0   1   0   0   0   2  1.40 0.52
  253 A    4 -4 -4 -4 -1 -3 -4 -3 -4  2  1 -3 -2 -3 -3 -2 -1 -4 -2  3   48   0   0   0   1   0   0   0   0  15  12   0   0   0   0   0   2   0   1  19  0.65 0.36
  254 L   -1 -4 -4 -4  0 -3 -4 -4  1  4  3 -4  3 -1 -4 -2 -2  1  1  1    6   0   0   0   2   0   0   0   3  25  35   0   9   1   0   2   0   2   6   7  0.51 0.26
  255 C   -2  2  1  0  1  3  1 -1  2 -2 -2  2 -1 -1 -3  1 -1 -4 -2 -3    0  13   8   4   3  18   7   3   5   2   4  12   1   3   0  15   2   0   0   0  0.29 0.20
  256 A    4 -2 -3 -3  0 -2 -1 -1 -3 -1 -2 -2 -1 -1 -3  0 -1 -3  3  1   48   2   0   0   2   1   4   3   0   2   1   1   1   2   0   6   2   0  10  14  0.47 0.30
  257 A    2 -3 -2 -4  2 -3 -4 -3 -4  2  3 -3  2  0 -4 -2 -1 -3 -2  1   23   0   2   0   5   0   0   0   0  14  38   0   4   4   0   0   3   0   0   5  0.45 0.26
  258 D    0  2  1  0 -3  3  1 -2  1 -3 -1  2 -1 -2 -3  1 -1 -1  0 -3    6  11   8   4   0  15   7   1   3   1   7  19   1   1   0   9   3   1   3   0  0.25 0.18
  259 E    1  0  1  2 -4  3  4 -2  0 -3 -3  0 -2 -4 -3  0 -1 -4 -1 -3   11   5   5  11   0  13  34   3   2   1   2   5   1   0   0   4   2   0   2   0  0.47 0.26
  260 M    1  2  2 -2 -3  2 -1 -3  3 -2  1  1  1 -2 -3  0 -2 -4 -2 -1   16  13  10   0   0  11   1   0   8   0  19   8   4   1   0   5   1   0   0   5  0.22 0.21
  261 G   -2 -1  3  0 -5 -2 -3  6  2 -6 -6  0 -5 -5 -4 -2 -3 -5 -5 -5    2   4  15   4   0   2   1  60   5   0   0   6   0   0   0   1   0   0   0   0  1.11 0.44
  262 L   -2  1 -4 -4 -3 -1 -3 -3 -3  3  3  1  0 -1 -2 -2 -2  0  0  1    2   8   0   0   0   2   0   1   0  18  42  10   1   1   2   2   0   1   3   6  0.40 0.25
  263 R    1  3  1  1 -3  0  0 -1  2 -3 -3  3 -2 -4 -1  2  1 -4 -3 -3   10  16   6   7   0   3   3   2   5   0   1  20   0   0   2  15   9   0   0   0  0.31 0.19
  264 V   -1 -4 -4 -4 -3 -3 -4  1 -4  3  0 -3  0 -1 -2 -3  0 -4 -3  4    4   0   0   0   0   0   0  12   0  21   7   0   1   2   2   1   5   0   0  42  0.53 0.28
  265 P   -3 -3 -3 -1 -4 -3 -2 -1 -4 -4 -4  2 -4 -5  7 -2 -3 -5 -4 -4    1   1   1   3   0   0   2   6   0   1   2  13   0   0  66   2   1   0   0   1  1.65 0.51
  266 Q   -1  0  0  2 -3  3  3 -1  1 -3 -2  1 -2 -3 -2  0 -1 -3 -2 -2    4   2   4  11   0  16  26   4   4   1   3   9   0   1   1   6   4   0   0   3  0.36 0.19
  267 D    0 -1  0  5 -3  1  1 -2  0 -3 -3  0 -3 -3 -2  0 -1 -3 -3 -3   10   3   2  47   0   8   7   1   2   1   1   4   0   1   1   6   3   0   1   1  0.58 0.20
  268 V   -1 -3 -4 -4 -2 -3 -3 -4 -3  4  2 -2  1  1 -3 -3 -1 -3 -2  3    5   0   0   0   0   0   0   0   0  33  24   3   3   5   0   0   3   0   0  22  0.44 0.19
  269 S    1 -1  0  0  0  1  0 -1  0 -2 -2  0  0 -3  1  3  0 -3 -1 -1   11   1   1   5   2   8   5   3   3   0   3   3   4   0   6  35   4   0   2   3  0.22 0.15
  270 L   -2 -4 -4 -4 -3 -4 -4 -1 -4  5  2 -4  0 -2 -4 -3 -1 -4 -3  4    0   0   0   0   0   0   0   7   0  40  20   0   0   0   0   0   3   0   0  31  0.67 0.28
  271 I    1 -3 -1 -2 -2  0 -2 -2 -3  3  0 -2  0  0 -3 -2  0 -3 -2  3   19   0   3   2   0   7   0   2   0  26   5   0   1   5   0   0   4   0   0  26  0.27 0.18
  272 G    0 -3 -2  1  0 -3 -3  5 -3 -4 -4 -3 -3 -4 -3  2  1 -4 -4 -2    5   0   0   7   2   0   0  54   0   0   0   0   0   0   0  20  10   0   0   3  0.79 0.30
  273 Y    0 -3 -2 -4 -3 -3 -3 -1  0  2 -1 -3 -1  5 -4 -1 -2  2  4  1   10   0   1   0   0   0   1   4   2  13   0   0   0  36   0   4   1   3  14  10  0.51 0.24
  274 D   -3 -2  3  6 -4  0 -1  1  0 -4 -5  0 -4 -5 -1 -1 -1 -5 -4 -4    0   0  12  58   0   4   0  10   2   0   0   4   0   0   3   3   2   0   0   0  0.92 0.32
  275 N   -1  0  3  4 -4 -2 -1  3 -2 -3 -1 -2 -3 -4 -3 -1 -1 -4 -4 -3    5   4  20  34   0   0   0  23   0   0   7   0   0   0   0   2   2   0   0   0  0.57 0.24
  276 V    1 -2 -1  0 -2 -1 -1 -3  1  2  0 -2  0 -2 -2  1  2 -3 -2  1   11   0   3   5   0   1   3   0   5  21   6   0   1   1   0  11  18   0   0  12  0.18 0.15
  277 R    1  0  0  0 -3  0  2 -2  1 -2 -2 -1 -2 -1  3  0  0 -2  2 -2   15   5   4   5   0   3  17   1   4   1   4   2   0   3  17   3   6   0  11   0  0.27 0.16
  278 N   -1 -3 -1 -1 -3 -1  0 -4 -2  3  2 -2  0  1  1 -2 -1  2 -2  1    5   0   3   3   0   3   6   0   1  20  29   2   1   5   6   2   1   3   0   9  0.20 0.15
  279 A    3 -2 -1 -1  0 -2 -2  0 -3  0 -2  0 -1 -3  1  2  1 -4  0  0   32   0   3   4   1   0   0   8   0   5   1   8   1   0   5  16   7   0   4   5  0.23 0.19
  280 R    0  3 -1  1 -4  2  1 -3  1 -3 -2  2  0 -2 -1  1  0 -4 -3 -3    8  22   1   7   0  10  10   1   4   0   4  11   2   2   2  10   5   0   0   1  0.31 0.21
  281 Y   -1 -3  0 -2 -2  0 -2 -4 -1  2  0 -2  3  4 -4 -1 -2 -2  4  1    4   0   5   1   1   6   2   0   1  11   8   2   9  18   0   5   0   0  19   9  0.39 0.25
  282 F    0 -3 -2 -1 -1 -3 -3 -2 -3  1  2 -1  1  3 -4 -1  1 -2  2  2    7   0   1   4   1   0   0   2   0   5  22   4   4  12   0   3  10   0   7  17  0.22 0.18
  283 T    0  0  0  1 -3  0  1  0  1 -1 -2 -1 -1 -1 -3  2  1 -3  1 -1    8   6   4  10   0   3   8   6   4   3   2   2   2   2   0  23   9   0   6   3  0.17 0.16
  284 P   -2  0 -2 -4 -1 -3 -1  0 -4 -1 -2 -3  0 -2  7 -2 -3 -5 -4 -1    2   5   2   0   2   0   4   7   0   4   4   0   3   2  56   1   1   0   0   5  1.20 0.48
  285 A    1  1  0  0 -4  1  0 -1 -3 -4 -4  1 -4 -4  5  0 -2 -5 -1 -4   15   7   4   5   0   7   5   4   0   0   0   7   0   0  35   7   1   0   3   0  0.69 0.33
  286 L   -2 -4 -2 -4 -3  0 -4 -5 -1  2  5 -4  1 -2 -2 -4 -2 -4 -1  0    2   0   3   0   0   6   0   0   1  12  60   0   2   0   2   0   2   0   1   5  0.74 0.36
  287 T    1 -3 -2 -1 -3 -3 -3 -2 -1 -3 -3 -2 -3 -4 -3  3  6 -5 -4  0    9   0   0   3   0   0   0   2   2   0   2   2   0   0   0  19  52   0   0   7  0.85 0.45
  288 T   -1 -4 -3 -4 -4 -4 -4 -3 -4 -2 -4 -4 -4 -5 -4  3  6  1 -1  0    3   0   0   0   0   0   0   2   0   2   0   0   0   0   0  18  65   2   2   5  1.27 0.60
  289 I   -1 -6 -6 -6 -4 -5 -6 -6 -6  5 -1 -5 -1 -1 -5 -5 -2 -5 -4  6    4   0   0   0   0   0   0   0   0  35   2   0   1   3   0   0   2   0   0  54  1.31 0.54
  290 H    0  2  0  2 -2  1  0 -3  4  0 -2  1 -1  0 -3  0 -2 -3  1 -2   11  12   4  14   1   7   6   0  13   7   1   8   2   4   0   5   1   0   4   1  0.23 0.19
  291 Q   -2 -2 -3 -4 -5  6 -1 -5  1  2 -1  1 -3 -4 -1 -2 -1 -4  1 -1    3   1   0   0   0  48   2   0   3  14   6   7   0   0   2   2   4   0   5   3  0.79 0.46
  292 P   -2 -2  2  2 -5 -1 -3 -1 -1 -5 -4 -3 -5 -5  7  1 -3 -5  1 -5    3   2   9  10   0   2   0   4   1   0   1   0   0   0  51  10   0   0   5   0  1.21 0.50
  293 K    0  0  0 -2 -3 -1 -2 -1  1  2  0  1 -1  0  1  0  2 -3  0  0    6   3   6   0   0   2   0   3   3  15   7  14   1   3   6   6  15   0   2   7  0.10 0.14
  294 D    0  3 -1  1 -4  0  2 -2  1 -2 -2  1 -2 -1  0  0  0 -3  2 -1    8  18   1   9   0   4  14   2   3   1   2   8   0   2   5   4   6   0   8   5  0.20 0.17
  295 S   -1  1  0  3 -4  2  3 -2 -2 -1  0  1 -1 -4 -3  0 -1 -4 -2 -2    4   9   2  17   0  10  24   2   0   3  11   6   1   0   0   6   2   0   2   1  0.34 0.23
  296 L   -1 -4 -5 -6 -4 -2 -5 -6 -5  3  4 -3  7 -1 -5 -4 -3 -4 -4  0    6   0   0   0   0   2   0   0   0  15  40   2  32   2   0   0   0   0   0   4  1.09 0.49
  297 G    3 -5 -4 -5 -1 -5 -5  6 -5 -2 -6 -4 -5 -6 -5 -2 -4 -6 -6 -5   23   0   0   0   1   0   0  71   0   3   0   0   0   0   0   2   0   0   0   0  1.62 0.62
  298 E    1  2  0  0 -3  2  2 -2 -1 -1 -3  2 -2 -2 -3  0  0  1 -1 -1   11  14   4   4   0   8  12   2   1   5   1  17   0   2   0   5   6   2   2   5  0.20 0.17
  299 T    0  1 -1 -2 -3  2  1 -1  0 -1  0  0  1 -3 -1 -1  1 -4 -2  1    9   6   2   1   0  14   9   3   2   2   9   6   4   0   2   1  13   0   1  15  0.13 0.15
  300 A    5 -3 -4 -4  1 -3 -4  1 -4 -1 -1 -3 -2 -4 -4  1  0 -5 -4 -1   59   1   0   0   3   0   0   9   0   4   5   0   1   0   0   8   6   0   0   4  0.78 0.43
  301 F    3 -4 -4 -4  0 -3 -4 -2 -1  0  0 -4  3  3 -4 -2  0 -3  0  3   30   0   0   0   2   0   0   2   1   5   9   0   9  12   0   2   4   0   2  22  0.45 0.30
  302 N   -1  2  1  4 -1  1  4 -2 -2 -5 -3  1 -4 -5 -3  0 -2 -5 -4 -4    4  10   6  23   1   6  29   2   0   0   2  10   0   0   0   6   1   0   0   0  0.61 0.32
  303 M    0  1 -3 -3 -3  1 -3 -4 -3  2  3  0  4 -2 -4 -2  1 -4 -2 -1    7   8   0   1   0   7   0   0   0  11  32   6  13   0   0   2  10   0   1   2  0.35 0.25
  304 L    2 -4 -5 -5 -3 -4 -4 -5 -5  2  5 -4  2 -1 -4 -3 -2 -4 -3  2   17   0   0   0   0   0   0   0   0   9  54   0   3   2   0   0   2   0   0  11  0.77 0.38
  305 L   -2 -3  0 -4 -3 -2 -3 -3 -1  3  3 -2  1  1 -4 -2  0 -3  0  1    2   0   5   0   0   1   1   2   2  18  39   2   2   4   0   3   6   0   4   8  0.37 0.23
  306 D    1  1 -1  2 -5  3  3 -2  0 -5 -3  3 -3 -3 -3  0 -3 -5 -4 -4   11   7   2  13   0  17  20   2   2   0   2  19   0   1   0   5   0   0   0   0  0.52 0.31
  307 R   -2  3 -2 -2  0  1 -1 -1  0  1  2  1  2 -2 -3 -1 -2 -3  0 -1    2  20   0   1   2   8   2   5   2   8  22  11   5   0   0   4   0   0   4   3  0.22 0.20
  308 I   -1 -4 -3 -5 -4 -4 -2 -2 -4  6  1 -4  3 -2 -5 -2 -2 -4 -1  1    5   0   1   0   0   0   4   4   0  51  13   0   9   0   0   3   1   0   2   5  0.77 0.39
  309 V   -1  0  3  2 -3  2  1 -2 -2 -1 -1  2 -2 -4 -3  0  1 -4 -3 -2    5   4  15  12   0  10  10   2   0   4   5  18   0   0   0   5   8   0   0   2  0.29 0.20
  310 N   -2 -1  2  2 -4  0  1  4  3 -4 -5  2 -4 -5 -3 -1 -2 -5 -3 -3    2   2  12  12   0   3   8  32   8   1   0  13   0   0   0   3   1   0   0   2  0.55 0.29
  311 K   -1 -1  0  1 -2  3  3  1  0 -4 -4  3 -3 -5  2 -1 -2 -4 -4 -4    5   2   4   8   1  16  19  11   2   0   0  20   0   0   8   1   2   0   0   0  0.48 0.28
  312 R    0  3  1  1 -3  0  2  0 -1 -2 -3  2 -2 -3  1  0  1 -4 -1 -2    9  17   7   6   0   1  13   6   1   2   1  12   0   0   6   6   9   0   2   2  0.23 0.16
  313 E   -1  0 -1  1  0 -1  0 -2  0  1  0  1 -1 -2  2 -1  1 -4 -2  1    4   5   2   9   2   1   7   1   3  11   7   9   1   1  12   3   8   0   0  15  0.12 0.12
  314 E   -1 -1  0  1 -4  0  4 -1  0  0 -2  0  0 -3  1  0  0 -4 -1 -2    5   1   5   9   0   3  31   5   2   6   4   6   2   0   7   5   6   0   2   2  0.27 0.20
  315 P   -1  2  0 -2 -2  1  1 -2  1 -3 -3  1 -3 -4  5  0 -1 -5 -3 -2    3  11   5   1   1   7   9   3   4   1   1   8   0   0  33   7   3   0   1   2  0.61 0.29
  316 Q    0  2 -1 -2 -4  3  1 -2  0 -2 -1  2 -2 -2  2 -1 -1 -4 -2 -1    6  14   2   0   0  15  10   3   2   2   7  16   0   2   9   4   4   0   1   4  0.26 0.19
  317 S   -1  0  1  2 -3  2  0 -2  1  0 -2  1 -1 -3 -2  0  1 -4 -1  1    1   5   6  12   0  10   5   2   5   8   2  12   1   0   1   5  12   0   2  11  0.15 0.14
  318 I   -3 -1 -3 -4 -3 -3 -2 -5  0  5  2 -2 -1  1 -4 -4 -1 -3  1  2    0   4   1   0   0   0   3   0   3  40  21   2   0   5   0   0   3   0   6  12  0.59 0.31
  319 E   -2  0 -2  0  0  1  2 -3 -2  2  0  0 -1 -1 -2 -1  2 -3  1  1    0   5   1   4   2   6  15   0   0  13   9   7   0   2   2   2  14   0   6  13  0.14 0.15
  320 V   -2 -2 -5 -5 -3 -4 -3 -5 -4  3  3 -4  3  3 -5 -4 -3  3  0  2    2   2   0   0   0   0   1   0   0  19  33   0   8  14   0   0   0   4   3  15  0.65 0.31
  321 H   -2 -1  1  0 -4  0  1 -1  3 -1 -3 -2  0 -4  6 -1  0 -5 -2 -3    2   3   6   4   0   5   9   5   8   5   2   1   3   0  38   3   5   0   1   0  0.69 0.31
  322 P    1 -3 -3 -3  1 -3 -3 -2  3 -1 -2 -2 -3 -1  5  1  2 -4  0 -1   11   0   0   0   3   0   0   2   7   3   3   2   0   3  33   9  15   0   3   5  0.63 0.31
  323 R   -2  2  0  0 -5  0  4 -2  1 -3 -4  3 -3 -5 -1 -1  2 -5 -4 -3    2  14   3   3   0   3  28   2   4   2   0  20   0   0   2   1  17   0   0   1  0.54 0.31
  324 L   -4 -4  0 -5 -1 -4 -5 -6 -5  2  5 -5  1  1 -5 -4 -1 -4 -1  0    0   0   5   0   1   0   0   0   0  11  68   0   3   4   0   0   3   0   2   3  0.98 0.42
  325 I   -1 -2 -3 -4 -3 -1 -1 -5 -4  5  0 -1  1 -1 -4 -3 -1 -4 -3  4    3   1   1   0   0   3   4   0   0  36   6   4   3   2   0   0   1   0   0  34  0.61 0.30
  326 E   -2  0 -2 -1 -3 -1  2 -3  0  2  0  0  0  0 -3 -2 -1  1  1  2    1   7   0   3   0   0  18   1   3  14   6   8   2   3   0   1   3   2   5  23  0.18 0.17
  327 R   -2  8 -3 -5 -6 -2 -3 -3 -3 -6 -5  2 -4 -6 -5 -4 -4 -6 -5 -5    3  85   0   0   0   0   0   2   0   0   0  10   0   0   0   0   0   0   0   0  2.02 0.65
  328 R    1  2  0  1  0  2  2  1  3 -4 -4  2 -3 -2 -3  0 -2 -4 -2 -3   11  13   4   6   2  10  14  11  11   0   0  12   0   1   0   3   0   0   0   0  0.34 0.19
  329 S   -2 -4  0 -3 -4 -3 -3 -1 -4 -5 -5 -3 -4 -5 -4  6  3 -6 -5 -4    0   0   3   0   0   0   0   4   0   0   0   0   0   0   0  78  15   0   0   0  1.40 0.56
  330 V    0 -4 -3 -4  0 -3 -4 -4 -4  0  1 -3  0 -3 -4 -2  5 -5 -3  4    5   0   0   0   2   0   0   0   0   3  11   0   2   0   0   0  40   0   0  38  0.76 0.35
  331 A    3  1 -1 -2 -3 -1 -1  0 -2 -3 -3  4 -2 -4 -2  2 -1 -4 -3 -2   28   6   0   0   0   0   0   5   0   0   0  42   0   0   0  15   0   0   0   1  0.50 0.20
  332 D    0 -2  1  3 -3  0  2  1 -1 -3 -3 -1 -3 -3  3  1 -1 -3 -3 -3    8   0   8  17   0   3  22   9   0   0   1   0   0   0  17  11   0   0   0   0  0.42 0.10
  333 G    3 -2 -1 -2 -2 -1 -2  4 -2 -2 -1 -1 -2 -3  1  1 -1 -3 -2 -2   37   1   1   1   0   0   1  37   0   1   7   1   0   0   5   7   1   0   0   1  0.41 0.09
  334 P   -1 -2 -2 -1 -3 -1  0  1 -2 -2  0 -1 -1 -3  6 -1 -1 -3 -2 -2    1   1   1   1   0   1   9  13   0   1  14   1   0   1  54   1   1   0   0   1  0.89 0.09
  335 F   -2 -2 -1  4 -3 -1 -1  1 -1 -2 -1 -2 -1  4 -2 -1 -2 -1  1 -2    1   1   1  35   0   1   1  11   0   1   2   1   0  38   1   1   1   0   3   1  0.35 0.06
  336 R   -1  5  2 -1 -3  0 -1 -2 -1 -1 -2  1 -1 -2 -2 -1 -1 -3 -2 -1    1  60  14   1   0   1   1   1   0   6   2   1   0   1   1   1   1   0   1   7  0.44 0.07
  337 D   -2 -2  3  6 -4 -1  1 -1 -1 -4 -4 -1 -3 -4 -2  0 -1 -5 -3 -4    0   0  22  78   0   0   0   0   0   0   0   0   0   0   0   0   0   0   0   0  0.90 0.05
  338 Y   -2 -2 -2 -3 -2 -2 -2 -3  1 -2 -1 -2 -1  2 -3 -1  2  1  7 -1    0   0   0   0   0   0   0   0   0   0   0   0   0   0   0   0  22   0  78   0  0.77 0.07
  339 R   -2  6 -1 -2 -4  1  0 -3 -1 -4 -3  2 -2 -3 -3 -1 -2 -3 -2 -3    0 100   0   0   0   0   0   0   0   0   0   0   0   0   0   0   0   0   0   0  0.95 0.07
  340 R   -2  6  0 -2 -4  1  0 -2  0 -3 -2  2 -1 -3 -2 -1 -1 -3 -2 -3    0 100   0   0   0   0   0   0   0   0   0   0   0   0   0   0   0   0   0   0  0.76 0.00

                      K         Lambda
Standard Ungapped    0.1339     0.3196
Standard Gapped      0.0456     0.2670
PSI Ungapped         0.1489     0.3174
PSI Gapped           0.0456     0.2670
