
Last position-specific scoring matrix computed, weighted observed percentages rounded down, information per position, and relative weight of gapless real matches to pseudocounts
            A   R   N   D   C   Q   E   G   H   I   L   K   M   F   P   S   T   W   Y   V   A   R   N   D   C   Q   E   G   H   I   L   K   M   F   P   S   T   W   Y   V
    1 V    -3  -5  -5  -5  -3  -5  -5  -6  -5   6   2  -5  -1  -2  -5  -4  -3  -5  -3   4    0   0   0   0   0   0   0   0   0  54  14   0   0   0   0   0   0   0   0  32  1.11 0.32
    2 T    -2  -2   2  -2  -3  -1  -1  -2  -3  -3  -4  -1  -3  -4  -2   3   6  -5  -4  -2    1   2  12   1   0   1   2   1   0   0   0   3   0   0   2  19  55   0   0   1  0.87 0.33
    3 I    -1  -4  -4  -4  -3  -4  -4  -5  -4   5   2  -4   1  -2   4  -3  -2  -4  -3   2    6   0   0   1   0   0   0   0   0  37  15   0   2   0  21   1   1   0   0  16  0.70 0.25
    4 D    -1  -2  -1   4  -5   1   5  -2  -2  -4  -4   1  -2  -5   0  -1  -1  -5  -3  -4    5   1   1  27   0   6  40   1   0   1   1   7   1   0   4   3   3   0   0   0  0.73 0.28
    5 N     0   0   2   2  -1   1   1  -1  -1  -1  -1   2   1  -3  -2   0   0  -4  -2  -1    6   2  16  13   1   8   8   3   1   2   8  14   5   0   0   4   6   0   1   2  0.17 0.11
    6 I    -4  -6  -6  -6  -4  -5  -6  -6  -6   7   0  -5  -1  -3  -5  -5  -3  -5  -4   2    0   0   0   0   0   0   0   0   0  88   6   0   0   0   0   0   0   0   0   7  1.73 0.48
    7 Q    -3  -1  -2  -3  -4   5  -1  -4  -3   3   1   1   3  -2  -4  -3  -2  -4  -3   0    0   1   1   0   0  33   1   0   0  25  14   9   8   1   0   0   2   0   0   5  0.58 0.29
    8 K    -1   3   0   1  -4   1   3  -3   0  -3  -3   4  -3  -4  -3   0  -2  -4  -3  -4    3  14   4   6   0   5  23   1   2   1   2  31   0   0   0   7   1   0   0   0  0.52 0.22
    9 T     1  -1  -1  -3  -1   0  -1  -3  -2   2   0   0   0  -1  -3   0   1  -4  -2   2   14   2   4   0   1   4   3   0   1  17   4   8   2   1   0   4  12   0   0  23  0.16 0.13
   10 V    -2  -5  -5  -5  -3  -5  -5  -6  -5   2   0  -5  -2  -3  -5  -4   1  -5  -4   6    1   0   0   0   0   0   0   0   0   9   4   0   0   0   0   0   8   0   0  78  1.29 0.43
   11 A     5  -4  -3  -4   5  -3  -1   0  -4  -4  -2  -3  -3  -4  -3   3  -2  -5  -4  -3   54   0   0   0  15   0   3   5   0   0   3   0   0   0   0  22   0   0   0   0  0.89 0.35
   12 E     0   1   1   3  -4   2   4  -2  -1  -4  -4   3  -3  -5  -3   0  -1  -5  -3  -4    7   7   7  15   0   7  29   1   1   0   0  20   0   0   0   4   2   0   0   0  0.54 0.22
   13 Y    -2   0  -1  -2  -4   0   1  -2   5  -1  -3  -1  -2   2  -4  -1  -2  -1   5   0    2   5   3   1   0   4  12   2  15   3   0   3   0   7   0   4   1   0  30  10  0.49 0.23
   14 Y    -4  -5  -5  -6  -5  -5  -5  -6  -2  -2   0  -5   1   7  -6  -4  -1   0   6  -2    0   0   0   0   0   0   0   0   0   0  10   0   3  46   0   0   3   1  36   1  1.48 0.42
   15 K    -2   0   5   1  -4   1  -1   3   1  -5  -5   2  -4  -5  -3   0  -2  -5  -4  -4    2   4  33   9   0   7   2  22   4   0   0  14   0   0   0   3   1   0   0   0  0.62 0.24
   16 I    -3  -4  -5  -5   1  -4  -5  -5  -5   5   2  -4   1  -2  -4  -4  -1  -4  -3   4    0   0   0   0   2   0   0   0   0  42  17   0   2   0   0   0   4   0   0  32  0.87 0.30
   17 K    -1   2  -1   0  -4   0   0  -3  -2  -4  -4   4  -3  -4   1   3   2  -5  -3  -3    2  10   2   5   0   2   2   0   0   0   0  29   0   0   6  26  16   0   0   0  0.51 0.25
   18 V     0   0  -2  -3  -3   0  -2  -3  -1   2   1  -1   1  -1   3  -1   0  -4  -2   2    5   5   1   0   0   4   1   0   1  15  11   2   3   2  17   3   6   0   1  24  0.27 0.14
   19 A     1  -1   0   2  -4   1   4  -2  -2  -3  -4   1  -3  -4  -2   2  -1  -4  -3  -3   12   2   4  12   0   4  29   1   0   1   0  11   0   0   1  20   2   0   0   1  0.43 0.20
   20 D    -1  -3  -1   6  -5   0   4  -3  -3  -5  -3  -2  -4  -5  -3   0  -2  -6  -5  -3    5   0   1  53   0   3  26   0   0   0   2   1   0   0   0   6   1   0   0   1  1.05 0.35
   21 L    -3  -4  -5  -5  -3  -4  -5  -6  -5   5   4  -4   4   1  -5  -4  -3  -4  -3   1    0   0   0   0   0   0   0   0   0  36  42   0  12   6   0   0   0   0   0   4  0.92 0.31
   22 L    -2   1   0  -1   1   0  -1  -3   0   0   2   3   1  -2  -3  -1  -1  -3   0   0    0   8   3   4   3   3   3   0   2   3  22  27   4   0   0   3   3   0   5   6  0.18 0.14
   23 S     0  -4  -2  -3  -4  -3  -3   4  -4  -5  -5  -3  -4  -5  -4   5  -1  -5  -4  -3    5   0   0   0   0   0   0  37   0   0   0   0   0   0   0  55   1   0   0   2  1.09 0.40
   24 K    -1   2   2   0  -4   0   0  -3  -1  -4  -4   5  -3  -5   1   2   0  -5  -3  -4    2  11  10   4   0   2   3   0   1   0   0  41   0   0   5  15   6   0   0   0  0.58 0.25
   25 R     0   2   1  -2  -2  -1  -1   0  -2  -3  -3   3  -3  -4  -3   4   0  -5  -4  -3    4  14   6   0   1   0   1   7   0   1   1  25   0   0   0  36   2   0   0   0  0.53 0.26
   26 R    -4   8  -3  -4  -6   0  -3  -5  -3  -6  -5   2  -4  -6  -5  -3  -4  -6  -5  -5    0  89   0   0   0   3   0   0   0   0   0   8   0   0   0   0   0   0   0   0  2.05 0.55
   27 S    -1   1   1  -2  -3   0  -1  -2  -1  -2  -1   3  -1  -3  -1   2   3  -4  -3  -1    4   7   9   0   0   3   0   1   1   1   5  22   2   0   2  16  23   0   0   5  0.30 0.18
   28 R     0   5  -1  -3  -5   2  -2  -4  -1  -4  -4   4  -3  -5  -1  -1  -2  -5  -4  -3    8  43   1   0   0  10   0   0   1   0   0  29   0   0   2   2   1   0   0   2  0.89 0.32
   29 S     1  -1   4   1  -3   0   3  -2  -1  -3  -4   0  -3  -4  -1   2   0  -4  -3  -2   10   1  22   7   0   2  22   1   1   1   0   6   0   0   3  16   5   0   0   2  0.39 0.19
   30 V    -2  -4  -5  -5  -1  -4  -5  -5  -4   5   2  -4  -1   1  -4  -4  -2  -3   2   3    2   0   0   0   1   0   0   0   0  46  13   0   0   5   0   0   1   0   7  24  0.78 0.28
   31 A     3  -3  -3  -4  -2  -3  -3  -3  -4   0  -1  -2  -1  -3  -2   1   1  -4  -3   4   33   0   0   0   0   0   0   0   0   3   2   1   1   0   1  13   8   0   0  37  0.54 0.27
   32 R    -2   3  -1  -3  -3   1  -1  -3   0   0   1   0   0   1  -2  -2   0   2   1   0    1  19   3   0   0   9   3   0   2   6  18   6   1   6   1   0   6   3   7   8  0.16 0.12
   33 P     4  -4  -4  -4  -4  -3  -3  -2  -4  -4  -4  -3  -4  -5   7  -1  -3  -6  -5  -2   43   0   0   0   0   0   0   1   0   0   0   0   0   0  50   3   0   0   0   3  1.49 0.44
   34 R    -4   8  -3  -5  -7  -2  -3  -5  -3  -6  -5  -1  -4  -6  -5  -4  -4  -6  -5  -6    0 100   0   0   0   0   0   0   0   0   0   0   0   0   0   0   0   0   0   0  2.45 0.63
   35 Q    -4   2   0   0  -6   7  -1  -4   5  -5  -5   1  -2  -5  -4  -3  -3  -5  -3  -5    0   8   3   4   0  65   0   0  13   0   0   6   1   0   0   0   0   0   0   0  1.42 0.47
   36 M    -1  -5  -5  -5  -1  -4  -5  -5  -5   6   2  -4   1  -2  -4  -3  -1  -4  -3   4    3   0   0   0   1   0   0   0   0  50  14   0   3   0   0   1   2   0   0  27  0.89 0.30
   37 A     5  -4  -3  -4   3  -3  -3   1  -4  -2  -2  -3  -3  -4  -3   0  -2  -4  -1   0   64   0   0   0   7   0   0  11   0   2   3   0   0   0   0   3   0   0   2   8  0.80 0.33
   38 M    -2  -4  -2  -6  -1  -2  -5  -6  -4   2  -1  -4  10   1  -5  -4  -4  -4  -2  -1    2   0   3   0   1   1   0   0   0   9   0   0  77   5   0   0   0   0   1   1  1.94 0.58
   39 A    -1  -5  -5  -6  -5  -4  -5  -4   0  -4  -2  -5  -4   3  -6  -3  -3   2   9  -3    7   0   0   0   0   0   0   1   1   0   2   0   0   8   0   1   1   2  77   0  1.98 0.54
   40 L    -4  -4  -6  -6  -4  -4  -5  -6  -5   2   6  -5   0   2  -5  -5  -3  -4  -1   0    0   0   0   0   0   0   0   0   0   8  80   0   1   7   0   0   0   0   1   3  1.19 0.38
   41 A     4  -3  -3  -4   5  -3  -3  -2  -4   0   1  -3   2  -3  -3   2   0  -4  -3  -1   37   0   0   0  16   0   0   1   0   4  15   0   6   0   0  16   4   0   0   1  0.54 0.26
   42 K    -2   6  -3  -4  -6  -1  -2  -3   2  -5  -5   5  -4  -5  -4  -3  -3  -5  -4  -4    1  53   0   0   0   0   0   1   5   0   0  37   0   0   0   0   1   0   0   1  1.34 0.42
   43 E    -2   1   2   1  -5   2   4  -3   0  -3  -3   2  -1  -4  -3  -1   0  -4  -3  -3    1   5   9   5   0  11  39   0   2   2   2  15   2   0   0   1   6   0   0   0  0.57 0.24
   44 L    -3  -3  -3  -4  -3  -2  -2  -2   4   0   4   0   3   1  -4  -3  -3  -3   2   0    0   0   0   0   0   1   2   3  11   4  46   9   7   5   0   0   0   0   7   5  0.45 0.22
   45 T    -3  -4  -3  -4  -1  -3  -4  -4   0  -1   1  -2   0  -1  -4  -1   6  -4   0  -2    0   0   0   0   1   0   0   0   3   2  16   1   2   2   0   0  69   0   4   0  1.05 0.41
   46 N    -2  -2   4   4  -4   0   1   0   0  -3  -4   1  -3  -4   1   1   0  -5  -4  -4    1   0  21  31   0   4   7   6   2   1   1   8   0   0   6   9   4   0   0   0  0.53 0.21
   47 H    -1   0   1  -1  -1  -1  -1  -3   3   0   2   0   2   0  -3   0  -1  -3  -1   0    5   6   8   2   1   1   3   0  10   2  27   8   9   4   0   8   1   0   1   4  0.14 0.12
   48 S    -2  -3   0  -3  -4  -1  -3  -3  -3  -5  -5  -3  -4  -5   1   6   1  -5  -4  -4    0   0   4   0   0   3   0   0   0   0   0   0   0   0   7  82   5   0   0   0  1.36 0.49
   49 L    -3  -4  -4  -5  -3  -3  -4  -5  -4   0   5  -1   2   2  -4  -3   1  -3   2  -1    0   0   0   0   0   0   0   0   0   3  62   3   6   7   0   1   9   0   8   0  0.75 0.30
   50 P    -1   0  -1  -3  -4   0  -2  -4  -3  -1  -3   0   0  -4   6   0   0  -5  -4   0    4   5   3   0   0   5   1   0   0   3   1   6   3   0  49   7   6   0   0   7  0.96 0.30
   51 E    -1   1  -1   2  -5   3   4  -3  -2  -2  -4   3  -2  -5  -3  -1  -1  -5  -4  -3    3   6   1  10   0  12  34   0   0   3   0  22   1   0   0   3   4   0   0   0  0.60 0.25
   52 I    -4  -6  -6  -6  -4  -5  -6  -6  -6   7   1  -5  -1  -3  -5  -5  -3  -5  -4   2    0   0   0   0   0   0   0   0   0  87   7   0   0   0   0   0   0   0   0   7  1.69 0.48
   53 G     1  -5  -3  -4  -5  -4  -4   7  -5  -6  -6  -4  -5  -6  -4  -1  -4  -5  -5  -5   12   0   0   0   0   0   0  86   0   0   0   0   0   0   0   3   0   0   0   0  1.79 0.47
   54 D    -1   2   1   2  -4   2   3  -3  -1  -3  -3   3  -2  -4  -3   0   0  -4  -3  -3    5  13   5  15   0  11  19   0   0   1   1  21   1   0   0   4   4   0   1   1  0.44 0.19
   55 A     1   1  -1  -1  -3   0   2  -3   0   1   0   0   0   1  -3   0   0  -3   0   0   15   9   2   1   0   2  20   0   3  11  10   5   2   7   0   3   3   0   4   5  0.10 0.10
   56 F    -5  -5  -6  -6  -5  -6  -6  -6  -4   0   0  -6  -1   8  -6  -5  -2  -2   1  -3    0   0   0   0   0   0   0   0   0   4   7   0   1  84   0   0   3   0   1   0  2.01 0.52
   57 G    -1  -3   0  -1  -3   0  -1   6  -1  -4  -4  -2  -3  -4  -3   0  -2  -3  -3  -4    2   1   5   2   0   4   3  68   2   1   1   2   0   1   1   7   1   0   0   1  1.02 0.27
   58 G    -1   0   1  -1  -3  -2  -2   5  -3  -3  -2   1   1  -3  -3  -1   0  -3  -3  -3    1   5   8   3   0   0   1  53   0   0   4  11   5   0   0   2   5   0   0   1  0.65 0.22
   59 R    -3   7  -3  -3  -5   1  -2  -4  -3  -5  -4   5  -4  -5  -4  -3  -3  -5  -4  -5    0  62   0   0   0   4   0   0   0   0   0  33   0   0   0   0   0   0   0   0  1.49 0.42
   60 D    -3  -3   1   7  -4  -2   0  -3  -2  -4  -4  -2  -4  -4  -3   0   0  -5  -3  -4    1   0   5  71   0   0   2   1   1   0   1   1   0   0   0   8   6   0   1   1  1.29 0.35
   61 H    -5  -3  -3  -4  -6  -3  -3  -5  11  -7  -6  -4  -5  -5  -6  -4  -5  -6  -1  -7    0   0   0   0   0   0   0   0 100   0   0   0   0   0   0   0   0   0   0   0  3.35 0.73
   62 T     0  -3  -2  -3  -3  -3  -3  -2  -3  -4  -4  -3  -3  -4  -1   4   5  -5  -4  -3    6   0   0   0   0   0   0   1   0   0   0   0   0   0   3  41  49   0   0   0  1.03 0.39
   63 T     0  -4  -3  -4  -4  -3  -4  -4  -4  -4  -4  -3  -3  -5  -4   1   7  -5  -4  -2    7   0   0   0   0   0   0   0   0   0   0   0   0   0   0   8  84   0   0   2  1.62 0.54
   64 V    -2  -5  -6  -6  -4  -5  -5  -6  -6   2  -2  -5  -2  -3  -5  -4  -3  -6  -4   7    2   0   0   0   0   0   0   0   0   9   0   0   0   0   0   0   0   0   0  89  1.67 0.51
   65 L    -3  -4  -4  -5  -3  -3  -4  -5  -4   4   3  -4   5  -1  -4   1  -2  -4  -3   1    0   0   0   0   0   0   0   0   0  27  35   0  20   1   0  11   0   0   0   5  0.76 0.30
   66 H    -3  -3  -1  -2  -5   0  -3  -5   9  -5  -5   1  -2  -3  -5  -1  -4  -3   5  -5    1   0   2   2   0   3   0   0  58   0   0   9   1   0   0   5   0   0  20   0  1.68 0.49
   67 A     5  -3   1  -3  -3  -3  -3   2  -3  -4  -4  -3  -1  -5  -3   2  -1  -5  -4  -3   59   0   6   0   0   0   0  14   0   0   0   0   2   0   0  17   2   0   0   0  0.86 0.35
   68 C    -2  -3  -3  -2   7  -2  -2  -5   2   4   0  -4  -1  -2  -4  -3  -2  -4   2   3    0   1   0   3  24   1   2   0   6  26   4   0   1   0   0   0   1   0   8  22  0.70 0.28
   69 R    -2   4   1   1  -3   1   2  -2  -2  -4  -4   4  -3  -5  -3   0  -1  -5  -4  -4    2  24   6   9   0   3  14   1   0   0   0  31   0   0   0   7   2   0   0   0  0.61 0.25
   70 K    -1   2  -1  -3  -2   2  -1  -3  -2  -4  -4   6  -3  -5  -3   0   1  -5  -4  -2    4   9   2   0   1   9   1   0   0   0   1  57   0   0   0   6   7   0   0   2  0.84 0.33
   71 I    -3  -5  -5  -6  -3  -5  -5  -6  -6   6   0  -5  -1  -1  -5  -4  -1  -5  -3   4    1   0   0   0   0   0   0   0   0  64   2   0   0   2   0   0   2   0   0  28  1.28 0.40
   72 E     0   0   1   1  -4   1   4  -2  -2  -3  -3   2  -2  -4  -2   1   0  -4  -3  -2    8   4   6   5   0   5  36   2   0   1   1  15   0   0   0  10   6   0   0   2  0.45 0.21
   73 Q    -1   1   1   1  -4   2   3  -1  -1  -4  -3   4  -2  -5  -3   0  -1  -4  -3  -4    4   7   5   7   0   9  26   3   0   0   1  30   1   0   0   5   2   0   0   0  0.53 0.23
   74 L    -2  -1  -1   0  -3   1   2  -3   0   0   3   1   2  -1  -3  -2  -2  -4  -3  -1    1   2   3   5   0   5  15   1   2   2  41  11   7   1   0   2   0   0   0   2  0.30 0.19
   75 R    -2   1  -4  -4  -1   0  -2  -5  -3   4   2   0   5  -2  -4  -2  -2  -4  -3   0    1  11   0   0   1   5   1   0   0  27  24   4  19   0   0   2   1   0   0   4  0.48 0.23
   76 E     1   0   1   0  -3   2   3  -1  -1  -3  -3   3  -3  -4  -2   1   0  -4  -2  -3   10   4   8   4   0   9  24   4   0   1   1  19   0   0   0   9   4   0   1   1  0.34 0.17
   77 E     0   0   2   1  -3   1   3   0  -2  -3  -4   2  -1  -4  -3   1   1  -4  -3  -2    5   4  11   5   0   5  22   5   0   1   0  16   1   0   0  14  11   0   0   1  0.34 0.17
   78 S    -4  -1   4   6  -5  -1   1  -1  -3  -5  -6   0  -5  -6  -4  -1  -2  -6  -5  -5    0   4  19  58   0   1   7   3   0   0   0   5   0   0   0   3   1   0   0   0  1.22 0.38
   79 H     0   1   1   0  -3   0   1  -1   1  -3  -2   1  -1  -3   3   1   1  -1  -1  -2    8   9   8   4   0   3   8   4   3   0   3  10   2   1  14  11  10   1   2   0  0.21 0.10
   80 D    -1   0   1   2  -3   2   3  -2  -1  -1  -3   0  -2  -3   0   1   0  -4  -2  -1    3   4   6  12   0  12  23   2   0   4   1   5   0   1   4  14   4   0   1   5  0.28 0.15
   81 I    -3  -4  -5  -5  -2  -4  -3  -5  -4   4   4  -4   1   3  -5  -4  -1   1  -1   1    0   0   0   0   0   0   2   0   0  24  40   0   3  17   0   0   5   2   0   7  0.65 0.25
   82 K     1   3   1  -1  -3   2   0   0  -1  -3  -3   3  -2  -1  -3   0  -1  -3   1  -3   14  16   5   1   0   9   4   5   1   0   1  27   0   2   0   7   1   0   5   0  0.33 0.17
   83 E     0   2   2   2  -2   2   2  -1   1  -2  -2   1  -1  -1  -2   1  -1  -4  -2  -2    7  11   9  10   1   8  16   2   4   3   3  10   1   3   0  10   0   0   0   1  0.21 0.12
   84 D    -1  -1  -1   3  -3   3   2  -3   0   0   0   0  -1  -2  -2  -1   0  -4  -2  -1    5   2   2  20   0  18  12   1   2   7  12   6   1   1   1   3   7   0   1   2  0.23 0.15
   85 F    -3  -5  -5  -5  -1  -4  -5  -5  -4   5   1  -5  -1   1  -5  -4  -2   1   2   4    0   0   0   0   1   0   0   0   0  35  13   0   0   5   0   0   1   2   8  35  0.83 0.31
   86 S     0   0   1   2  -4   2   3  -2   2  -2  -2   1  -2  -3  -3   0   0  -4  -2  -2    7   3   8   9   0  10  24   2   5   2   4   9   1   1   0   6   7   0   1   1  0.28 0.15
   87 N    -1   1   3   1  -3   1   3  -3  -2  -2   0   1  -1  -1  -3   0   0  -4  -1  -1    3   6  17   7   0   5  20   0   0   2   9   8   1   3   0   7   7   0   1   3  0.22 0.14
   88 L    -2  -3  -5  -5  -1  -3  -5  -6  -5   4   5  -4   1  -1  -5  -4  -1  -4  -1   1    2   2   0   0   1   1   0   0   0  26  57   0   2   1   0   0   3   0   2   4  0.87 0.32
   89 I    -1   2  -1  -2  -1  -1   0  -3  -3   2   1   3   2  -2  -3   0   1  -4  -3   0    2  11   1   0   1   0   6   1   0  13  14  22   5   1   0   7  12   0   0   4  0.20 0.16
   90 R    -2   3   4   1  -4   1   0  -1   1  -4  -4   3  -3  -5  -3   1  -1  -5  -3  -3    2  18  23   8   0   7   5   3   3   0   1  19   0   0   0   9   2   0   0   1  0.50 0.23
   91 T    -2   3  -1  -1  -1   1   1  -3  -1  -1   0   4   1  -3  -3  -1   1  -4  -3  -2    1  15   2   2   1   6   8   1   1   4  11  31   5   1   0   1   9   0   0   1  0.35 0.20
   92 L    -4  -5  -6  -6  -4  -5  -5  -6  -5   5   4  -5   2   0  -5  -5  -3  -4  -3   1    0   0   0   0   0   0   0   0   0  45  43   0   4   3   0   0   0   0   0   5  1.10 0.37
   93 S    -1   0   2  -1  -4   3   1  -3  -2  -4  -3   3  -1  -4  -3   2   2  -4  -3  -3    4   3  13   1   0  14   6   0   0   0   1  26   1   0   0  19  12   0   0   0  0.49 0.23
   94 S     2  -2   4  -2  -3  -2  -2  -2  -2  -4  -4  -2  -3  -4  -3   5   2  -5  -3  -3   16   0  20   0   0   0   0   0   0   0   0   0   0   0   0  51  13   0   0   0  0.76 0.26

                      K         Lambda
Standard Ungapped    0.1304     0.3176
Standard Gapped      0.0549     0.2670
PSI Ungapped         0.1794     0.3189
PSI Gapped           0.0549     0.2670
