
Last position-specific scoring matrix computed, weighted observed percentages rounded down, information per position, and relative weight of gapless real matches to pseudocounts
           A  R  N  D  C  Q  E  G  H  I  L  K  M  F  P  S  T  W  Y  V   A   R   N   D   C   Q   E   G   H   I   L   K   M   F   P   S   T   W   Y   V
    1 P   -1 -2 -2 -1 -3 -1 -1 -2 -2 -3 -3 -1 -2 -4  7 -1 -1 -4 -3 -2    0   0   0   0   0   0   0   0   0   0   0   0   0   0   0   0   0   0   0   0  0.00     0.00
    2 N   -2 -1  6  1 -3  0  0 -1  0 -4 -4  0 -2 -3 -2  1  0 -4 -2 -3    0   0 100   0   0   0   0   0   0   0   0   0   0   0   0   0   0   0   0   0  0.82 0.03
    3 I   -1 -2 -3 -3 -2 -2 -3 -4 -3  4  2 -2  5  0 -3 -2 -1 -2 -1  2    0   0   0   0   0   0   0   0   0  54   0   0  46   0   0   0   0   0   0   0  0.35 0.02
    4 S    1 -1  1  0 -1  0  0  0 -1 -3 -3  0 -2 -3 -1  5  1 -3 -2 -2    0   0   0   0   0   0   0   0   0   0   0   0   0   0   0 100   0   0   0   0  0.51 0.02
    5 D   -2 -2  1  6 -4  0  2 -2 -1 -4 -4 -1 -3 -4 -2  0 -1 -5 -3 -4    0   0   0 100   0   0   0   0   0   0   0   0   0   0   0   0   0   0   0   0  1.01 0.02
    6 I   -2 -3 -4 -4 -1 -3 -4 -4 -4  5  2 -3  1  0 -3 -3 -1 -3 -2  3    0   0   0   0   0   0   0   0   0 100   0   0   0   0   0   0   0   0   0   0  0.46 0.02
    7 I   -2 -3 -4 -4 -1 -3 -4 -4 -4  5  2 -3  1  0 -3 -3 -1 -3 -2  3    0   0   0   0   0   0   0   0   0 100   0   0   0   0   0   0   0   0   0   0  0.46 0.02
    8 E   -1  0  0  2 -4  2  6 -2  0 -4 -3  1 -2 -4 -1  0 -1 -3 -2 -3    0   0   0   0   0   0 100   0   0   0   0   0   0   0   0   0   0   0   0   0  0.80 0.02
    9 Q   -1  1  0 -1 -3  6  2 -2  0 -3 -3  3 -1 -4 -1  0 -1 -2 -2 -3    0   0   0   0   0  80   0   0   0   0   0  20   0   0   0   0   0   0   0   0  0.62 0.02
   10 Y   -2 -2 -2 -3 -3 -2 -2 -3  2 -2 -1 -2 -1  3 -3 -2 -2  2  7 -1    0   0   0   0   0   0   0   0   0   0   0   0   0   0   0   0   0   0 100   0  0.98 0.03
   11 L   -2 -3 -4 -4 -1 -3 -3 -4 -3  3  3 -3  2  0 -3 -3 -1 -2 -1  2    0   0   0   0   0   0   0   0   0  46  54   0   0   0   0   0   0   0   0   0  0.39 0.01
   12 K   -1  2  0 -1 -3  1  1 -2 -1 -3 -3  5 -2 -3 -1  0 -1 -3 -2 -3    0   0   0   0   0   0   0   0   0   0   0 100   0   0   0   0   0   0   0   0  0.58 0.02
   13 Q   -1  4  0 -1 -3  2  0 -2  0 -3 -3  3 -1 -3 -2  1  0 -3 -2 -2    0  40   0   0   0  16   0   0   0   0   0  24   0   0   0  20   0   0   0   0  0.43 0.01
   14 V   -1 -3 -3 -4 -1 -3 -3 -4 -3  3  3 -3  2  0 -3 -2 -1 -2 -1  3    0   0   0   0   0   0   0   0   0  20  46   0   0   0   0   0   0   0   0  33  0.34 0.01
   15 L   -2 -3 -4 -4 -2 -3 -3 -4 -2  1  3 -3  1  5 -4 -3 -2  0  1  0    0   0   0   0   0   0   0   0   0   0  54   0   0  46   0   0   0   0   0   0  0.45 0.01
   16 N   -1  0  2  3 -3  1  4 -1  0 -3 -2  0 -2 -3 -1  0 -1 -2 -2 -2    2   1  17  19   0   1  48   2   0   1   2   1   0   1   1   1   1   0   1   1  0.40 0.01
   17 M   -1  0  0  2 -2  3  3 -2  0 -1 -1  0  2 -2 -1  0 -1 -2 -1 -1    2   1   1  13   0  18  35   2   0   1   2   1  16   1   1   1   1   0   1   1  0.26 0.01
   18 S    2 -1  2  0 -1  0 -1  0 -1 -2 -2 -1 -1 -3 -1  3  2 -3 -2 -1   32   0  17   0   0   0   0   0   0   0   0   0   0   0   0  39  12   0   0   0  0.31 0.01
   19 D   -1 -1  4  5 -3 -1  1  2 -1 -4 -4 -1 -3 -4 -2  0 -1 -4 -3 -3    0   0  35  48   0   0   0  17   0   0   0   0   0   0   0   0   0   0   0   0  0.60 0.01
   20 Q    0  0  0  1 -3  3  4 -2  0 -3 -3  2 -2 -3 -1  1  0 -3 -2 -2    0   0   0   0   0  16  46   0   0   0   0  17   0   0   0  20   0   0   0   0  0.45 0.01
   21 D   -2 -1  1  5 -4  1  4 -2 -1 -4 -4  0 -3 -4 -2  0 -1 -4 -3 -3    0   0   0  62   0   0  38   0   0   0   0   0   0   0   0   0   0   0   0   0  0.76 0.02
   22 I   -1 -2 -2 -3 -1 -2 -2 -3  4  3  1 -2  1 -1 -3 -2 -1 -3  0  3    0   0   0   0   0   0   0   0  20  33   0   0   0   0   0   0   0   0   0  46  0.26 0.01
   23 V    0 -3 -3 -4 -1 -2 -3 -4 -3  3  2 -3  1 -1 -3 -2  0 -3 -1  4    0   0   0   0   0   0   0   0   0   0  17   0   0   0   0   0   0   0   0  83  0.35 0.02
   24 E   -1  0  0  2 -4  2  6 -2  0 -4 -3  1 -2 -4 -1  0 -1 -3 -2 -3    0   0   0   0   0   0 100   0   0   0   0   0   0   0   0   0   0   0   0   0  0.80 0.02
   25 I   -2 -3 -4 -4 -1 -3 -4 -4 -4  5  2 -3  1  0 -3 -3 -1 -3 -2  3    0   0   0   0   0   0   0   0   0 100   0   0   0   0   0   0   0   0   0   0  0.46 0.02
   26 K   -1  4  0 -1 -3  4  1 -2  0 -3 -3  3 -1 -3 -2  0 -1 -3 -2 -3    0  33   0   0   0  34   0   0   0   0   0  33   0   0   0   0   0   0   0   0  0.52 0.01
   27 R   -2  6 -1 -2 -4  1  0 -3  0 -3 -2  2 -2 -3 -2 -1 -1 -3 -2 -3    0 100   0   0   0   0   0   0   0   0   0   0   0   0   0   0   0   0   0   0  0.83 0.02
   28 S    3 -1  0 -1 -1  0 -1  0 -1 -2 -2 -1 -1 -3 -1  3  2 -3 -2 -1   34   0   0   0   0   0   0   0   0   0   0   0   0   0   0  54  12   0   0   0  0.36 0.01
   29 E   -1  0  4  1 -4  1  4 -2  3 -4 -3  0 -2 -3 -2  0 -1 -3 -1 -3    0   0  35   0   0   0  54   0  11   0   0   0   0   0   0   0   0   0   0   0  0.52 0.01
   30 I   -2 -3 -4 -4 -1 -3 -4 -4 -4  5  2 -3  1  0 -3 -3 -1 -3 -2  3    0   0   0   0   0   0   0   0   0 100   0   0   0   0   0   0   0   0   0   0  0.46 0.02
   31 A    5 -2 -2 -2 -1 -1 -1  0 -2 -2 -2 -1 -1 -3 -1  1  0 -3 -2  0  100   0   0   0   0   0   0   0   0   0   0   0   0   0   0   0   0   0   0   0  0.46 0.02
   32 N   -1  0  2  4 -3  4  2 -2  0 -3 -3  0 -2 -4 -2  0 -1 -3 -2 -3    0   0  16  38   0  46   0   0   0   0   0   0   0   0   0   0   0   0   0   0  0.54 0.02
   33 K   -1  4 -1 -2 -3  1  0 -2 -1 -1  0  3  0 -2 -2 -1 -1 -3 -2 -2    0  46   0   0   0   0   0   0   0   0  20  33   0   0   0   0   0   0   0   0  0.37 0.01
   34 F   -3 -3 -3 -4 -3 -4 -4 -4 -1  0  0 -3  0  7 -4 -3 -2  1  3 -1    0   0   0   0   0   0   0   0   0   0   0   0   0 100   0   0   0   0   0   0  0.84 0.02
   35 R   -2  2  3  4 -4  2  1 -1  0 -3 -3  0 -2 -4 -2  0 -1 -4 -3 -3    0  16  20  46   0  17   0   0   0   0   0   0   0   0   0   0   0   0   0   0  0.52 0.01
   36 C   -1 -4 -3 -4  9 -3 -4 -3 -3  0 -1 -3 -1 -2 -3 -1 -1 -3 -2  1    0   0   0   0  80   0   0   0   0   0   0   0   0   0   0   0   0   0   0  20  0.99 0.03
   37 V    0 -3 -3 -4 -1 -2 -3 -4 -3  3  1 -3  1 -1 -3 -2  0 -3 -1  4    0   0   0   0   0   0   0   0   0   0   0   0   0   0   0   0   0   0   0 100  0.41 0.02
   38 P   -1 -2 -2 -2 -3 -2 -1 -2 -3 -3 -3 -1 -3 -4  8 -1 -1 -4 -3 -3    0   0   0   0   0   0   0   0   0   0   0   0   0   0 100   0   0   0   0   0  2.10 0.03
   39 S    1 -1  1  0 -1  0  0  0 -1 -3 -3  0 -2 -3 -1  5  1 -3 -2 -2    0   0   0   0   0   0   0   0   0   0   0   0   0   0   0 100   0   0   0   0  0.51 0.02
   40 Q   -1  1  0 -1 -3  6  2 -2  0 -3 -2  1 -1 -4 -2  0 -1 -2 -2 -3    0   0   0   0   0 100   0   0   0   0   0   0   0   0   0   0   0   0   0   0  0.75 0.03
   41 I   -2 -3 -4 -4 -1 -3 -3 -4 -3  4  3 -3  2  0 -3 -3 -1 -2 -1  2    0   0   0   0   0   0   0   0   0  54  46   0   0   0   0   0   0   0   0   0  0.39 0.01
   42 N   -2 -1  6  1 -3  0  0 -1  0 -4 -4  0 -2 -3 -2  1  0 -4 -2 -3    0   0 100   0   0   0   0   0   0   0   0   0   0   0   0   0   0   0   0   0  0.82 0.03
   43 Y   -2 -2 -2 -3 -3 -2 -2 -3  2 -2 -1 -2 -1  3 -3 -2 -2  2  7 -1    0   0   0   0   0   0   0   0   0   0   0   0   0   0   0   0   0   0 100   0  0.98 0.03
   44 V    0 -3 -3 -4 -1 -2 -3 -4 -3  3  1 -3  1 -1 -3 -2  0 -3 -1  4    0   0   0   0   0   0   0   0   0   0   0   0   0   0   0   0   0   0   0 100  0.41 0.02
   45 I   -2 -3 -4 -4 -1 -3 -4 -4 -4  5  2 -3  1  0 -3 -3 -1 -3 -2  3    0   0   0   0   0   0   0   0   0 100   0   0   0   0   0   0   0   0   0   0  0.46 0.02
   46 N   -1  2  4  0 -3  1  0 -1  0 -3 -3  4 -2 -3 -2  0 -1 -4 -2 -3    0   0  33   0   0   0   0   0   0   0   0  67   0   0   0   0   0   0   0   0  0.46 0.02
   47 T    0 -1  0 -1 -1 -1 -1 -2 -2 -1 -1 -1 -1 -2 -1  1  5 -3 -2  0    0   0   0   0   0   0   0   0   0   0   0   0   0   0   0   0 100   0   0   0  0.54 0.02
   48 R   -2  6 -1 -2 -4  1  0 -3  0 -3 -2  2 -2 -3 -2 -1 -1 -3 -2 -3    0 100   0   0   0   0   0   0   0   0   0   0   0   0   0   0   0   0   0   0  0.83 0.02
   49 F   -3 -3 -3 -4 -3 -4 -4 -4 -1  0  0 -3  0  7 -4 -3 -2  1  3 -1    0   0   0   0   0   0   0   0   0   0   0   0   0 100   0   0   0   0   0   0  0.84 0.02
   50 T    0 -1  0 -1 -1 -1 -1 -2 -2 -1 -1 -1 -1 -2 -1  1  5 -3 -2  0    0   0   0   0   0   0   0   0   0   0   0   0   0   0   0   0 100   0   0   0  0.54 0.02
   51 L   -1 -1  4  0 -2 -1 -1 -1 -1  1  1 -1  0 -2 -2  1  0 -3 -2  0    0   0  46   0   0   0   0   0   0  20  16   0   0   0   0  17   0   0   0   0  0.21 0.01
   52 E   -1  0  0  1 -4  3  5 -2  0 -3 -3  1 -2 -4 -1  0 -1 -3 -2 -3    0   0   0   0   0  20  80   0   0   0   0   0   0   0   0   0   0   0   0   0  0.70 0.02
   53 R   -2  3  3 -1 -3  1  0 -2  6 -4 -3  1 -2 -2 -2 -1 -1 -3  0 -3    0  33  20   0   0   0   0   0  46   0   0   0   0   0   0   0   0   0   0   0  0.54 0.02
   54 G    0 -3 -1 -2 -3 -2 -2  6 -2 -4 -4 -2 -3 -3 -2  0 -2 -3 -3 -4    0   0   0   0   0   0   0 100   0   0   0   0   0   0   0   0   0   0   0   0  1.10 0.02
   55 Y   -2 -2 -2 -3 -3 -2 -2 -3  2 -2 -1 -2 -1  3 -3 -2 -2  2  7 -1    0   0   0   0   0   0   0   0   0   0   0   0   0   0   0   0   0   0 100   0  0.98 0.03
   56 I   -1 -1 -2  0 -2  0  3 -3 -2  2  1 -1  0 -1 -2 -1 -1 -3 -2  1    0   0   0   0   0   0  46   0   0  33  20   0   0   0   0   0   0   0   0   0  0.22 0.01
   57 V   -1 -3 -3 -3 -1 -3 -3 -4 -4  4  1 -3  1 -1 -3 -2  0 -3 -1  4    0   0   0   0   0   0   0   0   0  46   0   0   0   0   0   0   0   0   0  54  0.38 0.01
   58 E   -1  0  0  2 -4  2  6 -2  0 -4 -3  1 -2 -4 -1  0 -1 -3 -2 -3    0   0   0   0   0   0 100   0   0   0   0   0   0   0   0   0   0   0   0   0  0.80 0.02
   59 S    1 -1  1  0 -1  0  0  0 -1 -3 -3  0 -2 -3 -1  5  1 -3 -2 -2    0   0   0   0   0   0   0   0   0   0   0   0   0   0   0 100   0   0   0   0  0.51 0.02
   60 K   -1  2  0 -1 -3  1  1 -2 -1 -3 -3  5 -2 -3 -1  0 -1 -3 -2 -3    0   0   0   0   0   0   0   0   0   0   0 100   0   0   0   0   0   0   0   0  0.58 0.02
   61 R   -2  6 -1 -2 -4  1  0 -3  0 -3 -2  2 -2 -3 -2 -1 -1 -3 -2 -3    0 100   0   0   0   0   0   0   0   0   0   0   0   0   0   0   0   0   0   0  0.83 0.02
   62 G    0 -3 -1 -2 -3 -2 -2  6 -2 -4 -4 -2 -3 -3 -2  0 -2 -3 -3 -4    0   0   0   0   0   0   0 100   0   0   0   0   0   0   0   0   0   0   0   0  1.10 0.02
   63 G    0 -3 -1 -2 -3 -2 -2  6 -2 -4 -4 -2 -3 -3 -2  0 -2 -3 -3 -4    0   0   0   0   0   0   0 100   0   0   0   0   0   0   0   0   0   0   0   0  1.10 0.02
   64 G    0 -3 -1 -2 -3 -2 -2  6 -2 -4 -4 -2 -3 -3 -2  0 -2 -3 -3 -4    0   0   0   0   0   0   0 100   0   0   0   0   0   0   0   0   0   0   0   0  1.10 0.02
   65 G    0 -3 -1 -2 -3 -2 -2  6 -2 -4 -4 -2 -3 -3 -2  0 -2 -3 -3 -4    0   0   0   0   0   0   0 100   0   0   0   0   0   0   0   0   0   0   0   0  1.10 0.02
   66 Y   -2 -2 -2 -3 -3 -2 -2 -3  2 -2 -1 -2 -1  3 -3 -2 -2  2  7 -1    0   0   0   0   0   0   0   0   0   0   0   0   0   0   0   0   0   0 100   0  0.98 0.03
   67 I   -2 -3 -4 -4 -1 -3 -4 -4 -4  5  2 -3  1  0 -3 -3 -1 -3 -2  3    0   0   0   0   0   0   0   0   0 100   0   0   0   0   0   0   0   0   0   0  0.46 0.02
   68 R   -2  6 -1 -2 -4  1  0 -3  0 -3 -2  2 -2 -3 -2 -1 -1 -3 -2 -3    0 100   0   0   0   0   0   0   0   0   0   0   0   0   0   0   0   0   0   0  0.83 0.02
   69 I   -2 -3 -4 -4 -1 -3 -4 -4 -4  5  2 -3  1  0 -3 -3 -1 -3 -2  3    0   0   0   0   0   0   0   0   0 100   0   0   0   0   0   0   0   0   0   0  0.46 0.02
   70 M   -1 -1 -1 -1 -2  0  2 -2 -2  1  0 -1  2 -2 -2  0  3 -3 -2  0    0   0   0   0   0   0  20   0   0  17   0   0  16   0   0   0  46   0   0   0  0.19 0.01
   71 K   -1  2  0 -1 -3  1  1 -2 -1 -3 -3  5 -2 -3 -1  0 -1 -3 -2 -3    0   0   0   0   0   0   0   0   0   0   0 100   0   0   0   0   0   0   0   0  0.58 0.02
   72 V   -1 -3 -3 -3 -1 -3 -3 -4 -4  4  1 -3  1 -1 -3 -2 -1 -3 -1  3    0   0   0   0   0   0   0   0   0  64   0   0   0   0   0   0   0   0   0  36  0.39 0.01
   73 K   -1  1  3  1 -4  1  4 -2  0 -3 -3  3 -2 -3 -1  0 -1 -3 -2 -3    0   0  20   0   0   0  46   0   0   0   0  33   0   0   0   0   0   0   0   0  0.47 0.01
   74 T   -1 -1  4  0 -2 -1 -1 -2 -1  0  1 -1  2 -1 -2  0  1 -3 -2 -1    0   0  46   0   0   0   0   0   0   0  20   0  17   0   0   0  16   0   0   0  0.23 0.01
   75 K   -1  1  2 -1 -3  1  0 -2 -1 -1 -2  4 -1 -3 -2  0 -1 -3 -2  0    0   0  17   0   0   0   0   0   0   0   0  62   0   0   0   0   0   0   0  20  0.26 0.01
   76 S   -1 -1  3  5 -3  0  1 -1 -1 -3 -4 -1 -3 -4 -2  1  0 -4 -3 -3    0   0  17  67   0   0   0   0   0   0   0   0   0   0   0  16   0   0   0   0  0.67 0.01
   77 E    2 -1  0  3 -2  1  4 -1 -1 -3 -3  0 -2 -3 -1  0 -1 -3 -2 -2   34   0   0  20   0   0  46   0   0   0   0   0   0   0   0   0   0   0   0   0  0.40 0.01
   78 A    2 -2 -1 -2 -1 -1 -1 -1 -2  0 -1 -1 -1 -2 -1  1  3 -3 -2  1   36   0   0   0   0   0   0   0   0   0   0   0   0   0   0   0  46   0   0  17  0.26 0.01
   79 Q    0 -2  0  2 -3  1  0  4 -2 -1 -2 -1 -2 -3 -2 -1 -1 -3 -3  0    0   0   0  20   0  16   0  46   0   0   0   0   0   0   0   0   0   0   0  17  0.35 0.01
   80 L   -1 -2 -3 -4 -2 -2 -3 -4  0  1  2 -2  1  2 -3 -2 -1  1  5  1    0   0   0   0   0   0   0   0   0   0  33   0   0   0   0   0   0   0  46  20  0.38 0.01
   81 I   -2 -3 -4 -4 -1 -3 -3 -4 -3  4  2 -3  1  0 -3 -3 -1 -3 -1  2    0   0   0   0   0   0   0   0   0  80  20   0   0   0   0   0   0   0   0   0  0.40 0.02
   82 D   -2 -1  5  4 -3  0  0 -1  0 -4 -4  0 -3 -4 -2  0 -1 -4 -3 -3    0   0  64  36   0   0   0   0   0   0   0   0   0   0   0   0   0   0   0   0  0.69 0.02
   83 Q    1  0  2 -1 -2  2  0 -1  6 -3 -3  0 -1 -2 -2  0 -1 -3  0 -2   20   0  17   0   0  16   0   0  46   0   0   0   0   0   0   0   0   0   0   0  0.42 0.01
   84 L   -2 -3 -4 -4 -1 -2 -3 -4 -3  2  4 -3  2  0 -3 -3 -1 -2 -1  1    0   0   0   0   0   0   0   0   0  17  83   0   0   0   0   0   0   0   0   0  0.44 0.01
   85 L   -2 -3 -4 -4 -1 -3 -3 -4 -3  3  4 -3  2  0 -3 -3 -1 -2 -1  2    0   0   0   0   0   0   0   0   0  38  62   0   0   0   0   0   0   0   0   0  0.40 0.01
   86 E   -1  1  0  0 -3  5  3 -2  0 -3 -3  1 -1 -3 -1  1  0 -2 -2 -2    0   0   0   0   0  67  16   0   0   0   0   0   0   0   0  17   0   0   0   0  0.54 0.02
   87 L   -1 -2 -3 -3 -2  1 -1 -3 -2  2  3 -2  1  0 -3 -2 -1 -2 -1  2    0   0   0   0   0  17   0   0   0  12  50   0   0   0   0   0   0   0   0  20  0.23 0.01
   88 I   -1 -3 -4 -3 -1 -3 -3 -4 -4  5  1 -3  1  0 -3 -3 -1 -3 -2  3    0   0   0   0   0   0   0   0   0  88   0   0   0   0   0   0   0   0   0  12  0.43 0.02
   89 D    0 -2  2  2 -3 -1 -1  5 -1 -4 -4 -1 -3 -3 -2  0 -1 -3 -3 -3    0   0  17  16   0   0   0  67   0   0   0   0   0   0   0   0   0   0   0   0  0.70 0.01
   90 H   -1 -2  0  2 -3 -1  0 -2  3 -3 -3 -1 -2 -3  6  0  1 -4 -2 -2    0   0   0  20   0   0   0   0  16   0   0   0   0   0  46   0  17   0   0   0  0.81 0.01
   91 R    0  2  0 -1 -2  0  0 -1  4 -3 -3  0 -2 -2 -1  3  1 -3 -1 -2    0  16   0   0   0   0   0   0  17   0   0   0   0   0   0  67   0   0   0   0  0.35 0.02
   92 I   -2 -3 -4 -4 -1 -3 -3 -4 -4  4  2 -3  1  0 -3 -3 -1 -3 -1  2    0   0   0   0   0   0   0   0   0  83  17   0   0   0   0   0   0   0   0   0  0.41 0.02
   93 S    1 -1  0 -1 -1  0  0 -1 -1 -2 -2  0 -2 -3 -1  4  3 -3 -2 -1    0   0   0   0   0   0   0   0   0   0   0   0   0   0   0  80  20   0   0   0  0.44 0.02
   94 Q   -1  1  0 -1 -3  6  2 -2  0 -3 -2  1 -1 -4 -2  0 -1 -2 -2 -3    0   0   0   0   0 100   0   0   0   0   0   0   0   0   0   0   0   0   0   0  0.75 0.03
   95 S    1  3  0 -1 -2  4  1 -1  0 -3 -2  1 -1 -3 -1  1  0 -3 -2 -2   17  20   0   0   0  46   0   0   0   0   0   0   0   0   0  16   0   0   0   0  0.37 0.01
   96 S    1  0  0  2 -2  4  1 -1  0 -3 -3  0 -1 -3 -1  1  0 -3 -2 -2   17   0   0  20   0  46   0   0   0   0   0   0   0   0   0  16   0   0   0   0  0.37 0.01
   97 A    4 -2 -1 -2 -1 -1 -1  2 -2 -2 -2 -1 -1 -3 -1  2  0 -3 -2 -1   71   0   0   0   0   0   0  11   0   0   0   0   0   0   0  17   0   0   0   0  0.37 0.01
   98 E   -2 -2 -1  2 -3 -1  1 -3  1 -2 -2 -1 -2  2 -3 -1 -2  1  6 -2    0   0   0  17   0   0  16   0   0   0   0   0   0   0   0   0   0   0  67   0  0.55 0.02
   99 D    1 -2 -1  3 -2 -1  0 -2  0 -2 -2 -1 -2  1 -2 -1 -1  0  5 -2   20   0   0  33   0   0   0   0   0   0   0   0   0   0   0   0   0   0  46   0  0.38 0.01
  100 V   -1 -3 -3 -3 -1 -3 -3 -4 -4  4  1 -3  1 -1 -3 -2  0 -3 -1  4    0   0   0   0   0   0   0   0   0  52   0   0   0   0   0   0   0   0   0  48  0.38 0.01
  101 I   -1 -3 -3 -4 -1 -3 -3 -4 -3  4  2 -3  1  0 -3 -2 -1 -3 -1  3    0   0   0   0   0   0   0   0   0  56  12   0   0   0   0   0   0   0   0  33  0.36 0.01
  102 K   -1  0  0  4 -3  2  1 -2 -1 -2  0  1 -1 -2 -2 -1 -1 -3 -2 -2    0   0   0  46   0  20   0   0   0   0  17  16   0   0   0   0   0   0   0   0  0.35 0.01
  103 R    0  3  0 -1 -3  0 -1  4 -1 -3 -3  0 -2 -3 -2  1 -1 -3 -2 -3    0  33   0   0   0   0   0  46   0   0   0   0   0   0   0  20   0   0   0   0  0.47 0.01
  104 L   -2 -2 -4 -4 -1 -2 -3 -4 -3  2  4 -3  2  0 -3 -3 -1 -2 -1  1    0   0   0   0   0   0   0   0   0   0 100   0   0   0   0   0   0   0   0   0  0.50 0.02
  105 M   -2 -2 -3 -4 -2 -2 -3 -4 -1  1  3 -2  3  1 -3 -2 -1  0  3  0    0   0   0   0   0   0   0   0   0   0  64   0  16   0   0   0   0   0  20   0  0.36 0.01
  106 E   -1 -1  1  5 -4  1  4 -2 -1 -4 -4  0 -3 -4 -1  0 -1 -4 -3 -3    0   0   0  46   0   0  54   0   0   0   0   0   0   0   0   0   0   0   0   0  0.72 0.02
  107 E   -1  1  0  4 -4  1  2 -2 -1 -3 -3  3 -2 -4 -1  0 -1 -4 -3 -3    0   0   0  38   0   0  16   0   0   0   0  46   0   0   0   0   0   0   0   0  0.49 0.01
  108 K    0  0  0  2 -3  0  0  2 -1 -2 -2  2  1 -3 -2  1 -1 -3 -2 -2    0   0   0  20   0   0   0  23   0   0   0  33  11   0   0  12   0   0   0   0  0.24 0.01
  109 V   -1 -3 -3 -4 -1 -2 -3 -4 -2  2  2 -3  1  0 -3 -2 -1 -1  2  3    0   0   0   0   0   0   0   0   0   0  34   0   0   0   0   0   0   0  12  54  0.28 0.01
  110 I   -2 -3 -4 -4 -1 -3 -3 -4 -3  4  2 -3  1  0 -3 -3 -1 -3 -1  2    0   0   0   0   0   0   0   0   0  80  20   0   0   0   0   0   0   0   0   0  0.40 0.02
  111 S    0 -1  5  1 -2  0  0  0  0 -3 -3  0 -2 -3 -2  3  1 -4 -2 -3    0   0  55   0   0   0   0   0   0   0   0   0   0   0   0  45   0   0   0   0  0.50 0.02
  112 E   -1  2  0  1 -4  2  5 -2  0 -4 -3  1 -2 -3 -2  0 -1 -3 -2 -3    0  20   0   0   0   0  80   0   0   0   0   0   0   0   0   0   0   0   0   0  0.65 0.02
  113 R   -2  6 -1 -2 -4  1  0 -3  0 -3 -2  2 -2 -3 -2 -1 -1 -3 -2 -3    0 100   0   0   0   0   0   0   0   0   0   0   0   0   0   0   0   0   0   0  0.83 0.02
  114 E   -1  0  0  2 -4  2  6 -2  0 -4 -3  1 -2 -4 -1  0 -1 -3 -2 -3    0   0   0   0   0   0 100   0   0   0   0   0   0   0   0   0   0   0   0   0  0.80 0.02
  115 A    5 -2 -2 -2 -1 -1 -1  0 -2 -2 -2 -1 -1 -3 -1  1  0 -3 -2  0  100   0   0   0   0   0   0   0   0   0   0   0   0   0   0   0   0   0   0   0  0.46 0.02
  116 K   -1  3  0 -1 -3  3  1 -2 -1 -3 -3  4 -1 -3 -1  0 -1 -3 -2 -3    0  12   0   0   0  20   0   0   0   0   0  68   0   0   0   0   0   0   0   0  0.51 0.02
  117 M   -1 -2 -3 -4 -2 -1 -2 -3 -2  1  3 -2  6  0 -3 -2 -1 -2 -1  1    0   0   0   0   0   0   0   0   0   0  20   0  80   0   0   0   0   0   0   0  0.42 0.02
  118 M   -1 -3 -3 -3 -2 -2 -3 -4 -3  4  2 -2  4  0 -3 -2 -1 -2 -1  2    0   0   0   0   0   0   0   0   0  67   0   0  33   0   0   0   0   0   0   0  0.35 0.02
  119 L   -1 -1 -2 -2 -2  2 -1 -3  2  1  2 -1  1  0 -2 -2 -1 -1  2  1    0   0   0   0   0  23   0   0  11   0  36   0   0   0   0   0   0   0  12  17  0.16 0.01
  120 S    2 -2 -1 -2 -1 -1 -1 -1 -2  0 -1 -1 -1 -2 -1  2  2 -3 -2  2   23   0   0   0   0   0   0   0   0   0   0   0   0   0   0  33  11   0   0  32  0.19 0.01
  121 V    1 -3 -3 -3 -1 -2 -2 -2 -3  3  1 -2  1 -1 -2 -1  0 -3 -2  3   20   0   0   0   0   0   0   0   0  23   0   0   0   0   0   0   0   0   0  57  0.26 0.01
  122 M   -1 -3 -3 -3 -1 -2 -3 -4 -3  4  2 -2  4  0 -3 -2 -1 -2 -1  2    0   0   0   0   0   0   0   0   0  55   0   0  33   0   0   0   0   0   0  12  0.33 0.01
  123 D   -2 -2  1  6 -4  0  2 -2 -1 -4 -4 -1 -3 -4 -2  0 -1 -5 -3 -4    0   0   0 100   0   0   0   0   0   0   0   0   0   0   0   0   0   0   0   0  1.01 0.02
  124 R   -2  6  0 -2 -4  1  0 -3  4 -3 -3  2 -2 -3 -2 -1 -1 -3 -1 -3    0  80   0   0   0   0   0   0  20   0   0   0   0   0   0   0   0   0   0   0  0.67 0.02
  125 S    0  0  0  1 -3  1  4 -2  0 -3 -3  0 -2 -3 -1  2  0 -3 -2 -2    0   0   0   0   0   0  67   0   0   0   0   0   0   0   0  33   0   0   0   0  0.53 0.02
  126 V    0 -2 -1 -2 -1 -1 -2 -2 -2  1  0 -1  0 -2 -2  1  4 -3 -2  2    0   0   0   0   0   0   0   0   0   0   0   0   0   0   0   0  67   0   0  33  0.33 0.02
  127 L   -2 -2 -4 -4 -1 -2 -3 -4 -3  2  4 -3  2  0 -3 -3 -1 -2 -1  1    0   0   0   0   0   0   0   0   0   0 100   0   0   0   0   0   0   0   0   0  0.50 0.02
  128 Y   -1  1  0 -1 -2  0  0 -1  4 -2 -2  3 -1  0 -1  1 -1 -1  3 -2    2   1   1   1   0   1   1   2  18   1   2  36   0   1   1  13   1   0  17   1  0.21 0.01
  129 I   -1 -2 -2 -2 -1 -1 -2 -2 -2  3  2 -2  4  0 -2 -1 -1 -2 -1  1    2   1   1   1   0   1   1   2   0  34   2   1  47   1   1   1   1   0   1   1  0.20 0.01
  130 D   -1 -2  1  6 -4 -1  1  2 -1 -4 -4 -1 -3 -4 -2  0 -1 -4 -3 -4    0   0   0  80   0   0   0  20   0   0   0   0   0   0   0   0   0   0   0   0  0.77 0.02
  131 L   -1 -2 -3 -4 -1 -2 -3 -4 -3  2  3 -3  3  0 -3 -2 -1 -2 -1  2    0   0   0   0   0   0   0   0   0  12  54   0  11   0   0   0   0   0   0  23  0.34 0.01
  132 P   -1 -2 -2 -2 -2 -2 -2 -3 -3  1  0 -2  0 -2  5 -1  2 -3 -2  2    0   0   0   0   0   0   0   0   0   0  12   0   0   0  33   0  20   0   0  34  0.48 0.01
  133 E    2 -1  0  3 -2  1  3 -1 -1 -3 -3  0 -2 -3 -1  2  0 -3 -2 -2   23   0   0  20   0   0  33   0   0   0   0   0   0   0   0  23   0   0   0   0  0.36 0.01
  134 R   -2  6 -1 -2 -4  1  0 -3  0 -3 -2  2 -2 -3 -2 -1 -1 -3 -2 -3    0 100   0   0   0   0   0   0   0   0   0   0   0   0   0   0   0   0   0   0  0.83 0.02
  135 D   -2 -2  1  6 -4  0  2 -2 -1 -4 -4 -1 -3 -4 -2  0 -1 -5 -3 -4    0   0   0 100   0   0   0   0   0   0   0   0   0   0   0   0   0   0   0   0  1.01 0.02
  136 E   -1 -1 -1  0 -2  0  3 -2 -2  2  0 -1  0 -1 -2  1  0 -3 -2  1    0   0   0   0   0   0  33   0   0  46   0   0   0   0   0  20   0   0   0   0  0.16 0.01
  137 L   -2 -3 -4 -4 -1 -3 -3 -4 -3  3  3 -3  2  0 -3 -3 -1 -2 -1  2    0   0   0   0   0   0   0   0   0  46  54   0   0   0   0   0   0   0   0   0  0.39 0.01
  138 R   -2  6 -1 -2 -4  1  0 -3  0 -3 -2  2 -2 -3 -2 -1 -1 -3 -2 -3    0 100   0   0   0   0   0   0   0   0   0   0   0   0   0   0   0   0   0   0  0.83 0.02
  139 A    5 -2 -2 -2 -1 -1 -1  0 -2 -2 -2 -1 -1 -3 -1  1  0 -3 -2  0  100   0   0   0   0   0   0   0   0   0   0   0   0   0   0   0   0   0   0   0  0.46 0.02
  140 R   -2  4  4  0 -3  1  0 -1  0 -3 -3  1 -2 -3 -2  0 -1 -3 -2 -3    0  54  46   0   0   0   0   0   0   0   0   0   0   0   0   0   0   0   0   0  0.56 0.02
  141 M   -1 -3 -3 -3 -2 -2 -3 -4 -3  4  2 -2  4  0 -3 -2 -1 -2 -1  2    0   0   0   0   0   0   0   0   0  67   0   0  33   0   0   0   0   0   0   0  0.35 0.02
  142 L   -1 -2 -3 -4 -1 -2 -3 -4 -3  3  3 -3  3  0 -3 -2 -1 -2 -1  2    0   0   0   0   0   0   0   0   0  33  50   0  17   0   0   0   0   0   0   0  0.36 0.01
  143 K   -1  2 -1 -1 -3  1  0 -2 -1  1 -1  4 -1 -2 -2 -1 -1 -3 -2 -1    0   0   0   0   0   0   0   0   0  20   0  80   0   0   0   0   0   0   0   0  0.33 0.02
  144 A    2  4 -1 -2 -2  0 -1  2 -1 -3 -2  1 -2 -3 -2  0 -1 -3 -2 -2   33  46   0   0   0   0   0  20   0   0   0   0   0   0   0   0   0   0   0   0  0.35 0.01
  145 M   -1 -2 -3 -4 -1 -2 -3 -4 -3  2  3 -2  4  0 -3 -2 -1 -2 -1  1    0   0   0   0   0   0   0   0   0  20  46   0  33   0   0   0   0   0   0   0  0.36 0.01
  146 L   -2 -2 -4 -4 -1 -2 -3 -4 -3  2  4 -3  2  0 -3 -3 -1 -2 -1  1    0   0   0   0   0   0   0   0   0   0 100   0   0   0   0   0   0   0   0   0  0.50 0.02
  147 T   -1 -1  2 -1 -2 -1 -1 -2  3 -2 -3 -1 -2 -3  5  0  2 -3 -2 -2    0   0  20   0   0   0   0   0  12   0   0   0   0   0  34   0  33   0   0   0  0.59 0.01
  148 S    0 -2 -1 -2 -1 -1 -1 -2  4  1  0 -1  0 -1 -2  2  0 -3 -1  2    0   0   0   0   0   0   0   0  20  12   0   0   0   0   0  33   0   0   0  34  0.15 0.01
  149 L   -2 -3 -4 -4 -1 -3 -3 -4 -3  3  3 -3  2  0 -3 -3 -1 -2 -1  2    0   0   0   0   0   0   0   0   0  46  54   0   0   0   0   0   0   0   0   0  0.39 0.01
  150 K   -1  3  4  0 -3  1  0 -1  0 -3 -3  3 -2 -3 -2  0 -1 -4 -2 -3    0  20  46   0   0   0   0   0   0   0   0  33   0   0   0   0   0   0   0   0  0.46 0.01
  151 Y   -2 -2 -3 -4 -2 -2 -3 -4  1 -1  1 -2  0  4 -3 -2 -2  2  6 -1    0   0   0   0   0   0   0   0   0   0  17   0   0  12   0   0   0   0  71   0  0.66 0.02
  152 K   -1  2  0  0 -4  2  3 -2 -1 -3 -3  4 -2 -3 -1  0 -1 -3 -2 -3    0   0   0   0   0   0  37   0   0   0   0  63   0   0   0   0   0   0   0   0  0.49 0.00
  153 L   -1 -2 -3 -4 -1 -2 -3 -4 -3  2  4 -2  2  0 -3 -2 -1 -2 -1  1    0   0   0   0   0   0   0   0   0   0   0   0   0   0   0   0   0   0   0   0  0.00     0.00
  154 E   -1  0  0  2 -4  2  5 -2  0 -3 -3  1 -2 -3 -1  0 -1 -3 -2 -2    0   0   0   0   0   0   0   0   0   0   0   0   0   0   0   0   0   0   0   0  0.00     0.00
  155 I   -1 -3 -3 -3 -1 -3 -3 -4 -3  4  2 -3  1  0 -3 -2 -1 -3 -1  3    0   0   0   0   0   0   0   0   0   0   0   0   0   0   0   0   0   0   0   0  0.00     0.00

                      K         Lambda
Standard Ungapped    0.1354     0.3192
Standard Gapped      0.0410     0.2670
PSI Ungapped         0.1354     0.3192
PSI Gapped           0.0410     0.2670
