
Last position-specific scoring matrix computed, weighted observed percentages rounded down, information per position, and relative weight of gapless real matches to pseudocounts
            A   R   N   D   C   Q   E   G   H   I   L   K   M   F   P   S   T   W   Y   V   A   R   N   D   C   Q   E   G   H   I   L   K   M   F   P   S   T   W   Y   V
    1 X    -1  -1  -1  -1  -1  -1  -1  -1  -1  -1  -1  -1  -1  -1  -1  -1  -1  -1  -1  -1    0   0   0   0   0   0   0   0   0   0   0   0   0   0   0   0   0   0   0   0  0.00     0.00
    2 Q    -1   1   0   1  -3   5   4  -2   0  -3  -3   1  -1  -3  -1   0  -1  -2  -2  -2    0   0   0   0   0  60  40   0   0   0   0   0   0   0   0   0   0   0   0   0  0.61 0.01
    3 H     0  -1   1  -1  -2   0   0  -1   6  -3  -3  -1  -2  -2  -2   3   0  -3   0  -2    0   0   0   0   0   0   0   0  44   0   0   0   0   0   0  56   0   0   0   0  0.47 0.02
    4 W    -3  -3  -4  -5  -3  -3  -4  -3  -3  -3  -2  -4  -2   0  -4  -3  -3  12   2  -4    0   0   0   0   0   0   0   0   0   0   0   0   0   0   0   0   0 100   0   0  2.77 0.11
    5 L    -2   0  -2   0  -3   1  -2  -3  -2   0   2  -2   2   3  -3  -2  -2   4   0  -1    0   9   0   8   0   8   0   0   0   0  35   0  10  21   0   0   0   8   0   0  0.28 0.08
    6 D     0   2   2   4  -3   2   1   1  -1  -3  -3   0  -2  -4  -2   0  -1  -4  -3  -3    8  19  10  34   0  11   8   9   0   0   0   0   0   0   0   0   0   0   0   0  0.42 0.08
    7 K     0   1   0   2  -2   0   0   0  -1  -2  -2   1  -2   1  -2   1   0  -2   1  -2   10   9   0  20   0   0   0   8   0   0   0  16   0  10   0  10   9   0   8   0  0.16 0.05
    8 L     0  -3  -4  -4  -2  -2  -3  -4  -3   2   4  -3   4   1  -3  -2  -2  -2  -1   0    9   0   0   0   0   0   0   0   0   8  58   0  17   7   0   0   0   0   0   0  0.49 0.13
    9 T    -1   0  -2  -2  -2  -1   0  -3  -1   1   1  -1   0   0  -2   1   1  -1   3   0    0   6   0   0   0   0   8   0   0  17  21   0   0   0   0  18  13   0  16   0  0.15 0.08
   10 D     1  -2   0   4  -3  -1   1  -2   3  -3  -1  -1  -2  -3  -2   2  -1  -4  -2  -2   19   0   0  37   0   0   8   0   9   0   7   0   0   0   0  20   0   0   0   0  0.40 0.12
   11 L     2   0  -2  -2  -2  -1   0  -2  -2   1   2  -1   2  -1  -2   0  -1  -2   1   0   25   7   0   0   0   0   6   0   0   7  31   0   8   0   0   8   0   0   8   0  0.14 0.08
   12 A     1  -3  -3  -4  -2  -3  -3  -3  -2  -1   2  -3   2   5  -3  -2   1  -1   1  -1   17   0   0   0   0   0   0   0   0   0  18   0   6  47   0   0  12   0   0   0  0.47 0.14
   13 A     1   0   0   2  -2   2   1   1   1  -2  -1   1  -1  -3  -2   1  -1  -3  -2  -2   20   5   0  16   0  13   8   8   5   0   7  10   0   0   0   8   0   0   0   0  0.20 0.06
   14 I     2   2   1  -2  -2   1  -1   0  -2   1  -1   0  -1  -2   1   0   1  -3  -2   0   26  15   8   0   0   7   0   7   0  13   0   0   0   0   6   0   9   0   0   7  0.13 0.07
   15 E     2  -1  -2  -1  -2   1   2  -2  -2   0  -1   0   1   1  -2   1  -1  -3  -1   1   25   0   0   0   0   5  17   0   0   6   0   8   7   8   0  10   0   0   0  14  0.12 0.07
   16 G     0   1  -1  -1  -3   2   1   2   2  -3  -2   2   1  -3  -2   1  -1  -3  -2  -2    7  10   0   0   0  12  11  21   6   0   0  13   6   0   0  15   0   0   0   0  0.26 0.08
   17 D    -2  -1   3   5  -4   1   0  -2  -1  -1  -3   0  -2   1  -2  -1   0  -4  -2  -2    0   0  22  42   0   7   0   0   0   8   0   7   0   8   0   0   6   0   0   0  0.49 0.14
   18 E     0  -2   1   3  -3   0   3   1  -2  -1  -3  -1   0  -3   1   0  -1  -4  -3  -2    6   0   6  21   0   0  34  11   0   6   0   0   5   0   6   5   0   0   0   0  0.36 0.12
   19 C     0   1   1   2   3   1   2  -2   4  -3  -2   0  -2  -3  -2  -1   0  -3  -2  -2    8   8   6  15  11   5  15   0  16   0   5   6   0   0   0   0   7   0   0   0  0.27 0.10
   20 I    -2  -2  -2   0  -3   2   2  -1  -2   3  -1   0   2  -2  -3  -2   0  -3  -2   1    0   0   0   5   0  13  21   5   0  35   0   6   7   0   0   0   5   0   0   6  0.23 0.13
   21 L    -2  -4  -4  -4   2  -3  -4  -2  -4   4   3  -4   0   1  -4  -3  -2  -3  -2   2    0   0   0   0   5   0   0   4   0  35  38   0   0   4   0   0   0   0   0  13  0.52 0.17
   22 K     0   0  -2  -3  -3   1  -1  -3   1   0   1   2  -1   3  -3  -1   0  -2   1   0    7   4   0   0   0   9   0   0   4   4  14  22   0  20   0   0   4   0   5   6  0.17 0.10
   23 T     0   2   2   1  -2  -1   0  -2   1   0  -1  -1  -1   0  -2   2   2  -3  -2  -1    4  14  11   8   0   0   4   0   5   6   5   0   0   4   0  19  16   0   0   4  0.15 0.09
   24 G     0   0  -2  -2   2   1   1   2  -1  -1  -1  -1  -1   0  -2  -1   0  -2   2   1    6   5   0   0   7   7  13  20   0   0   5   0   0   5   0   0   5   0  13  13  0.12 0.08
   25 L    -1  -4  -4  -5  -2  -4  -4  -5  -4   4   4  -4   1   2  -4  -3  -2  -3  -1   1    4   0   0   0   0   0   0   0   0  28  52   0   0  12   0   0   0   0   0   4  0.64 0.20
   26 A     1   1   1   1  -3   3   2   1  -1  -3  -2   1  -2  -3   1   0  -1  -3  -3  -2   19   5   9   6   0  18  12   9   0   0   4   8   0   0   5   5   0   0   0   0  0.25 0.10
   27 D     0   3   2   1  -3   0  -1  -2  -2  -3  -1   2   1  -3  -2   2   1  -4  -3  -2    7  22   9   9   0   0   0   0   0   0   4  17   7   0   0  17   7   0   0   0  0.28 0.13
   28 I     0   0  -2  -2  -2   0  -1  -1  -2   2   1   1   1   1   0  -1   0  -2  -1   1    7   3   0   0   0   4   4   4   0  22  11  15   4  10   5   0   4   0   0   6  0.08 0.07
   29 A     3  -3  -2   0  -2  -2  -2  -2  -3   2   2  -2   0  -1  -3   1  -1  -3   0   1   34   0   0   5   0   0   0   0   0  16  22   0   0   0   0  12   0   0   4   7  0.24 0.14
   30 D    -1   2  -1   2  -3   3   1  -1   3  -4  -3   2  -2  -1  -2   1  -1  -3  -2  -3    4  12   0  13   0  21   6   4  10   0   0  12   0   4   0  14   0   0   0   0  0.34 0.14
   31 H    -1   2  -1   0  -3   2   0  -1   4  -3  -1   1  -2   0   0   1  -1  -2   3  -2    0  12   0   4   0  10   3   4  16   0   7   8   0   3   3  14   3   0  13   0  0.22 0.11
   32 F    -3  -4  -4  -5   3  -4  -4  -4  -2   1   2  -4   0   5  -4  -3  -3  -1   4   0    0   0   0   0   9   0   0   0   0   7  27   0   0  30   0   0   0   0  22   4  0.70 0.21
   33 G     0   1  -2  -1  -4  -2  -1   5  -3  -4  -2  -2  -3  -1   1  -2  -3  -4  -3  -4    5  10   0   3   0   0   4  62   0   0   4   0   0   4   7   0   0   0   0   0  0.77 0.22
   34 F    -3  -3  -2   2   2  -3  -2  -3  -2  -2   1  -3  -1   6  -4  -1  -2  -1   4  -2    0   0   0  15   5   0   0   0   0   0  12   0   0  46   0   6   0   0  13   0  0.65 0.21
   35 T     0  -2  -1   3  -2  -1  -1  -1  -2  -1  -1   0  -2  -1   2   1   2  -3  -2  -1    9   0   0  26   0   0   0   4   0   3   6   5   0   4   9   9  20   0   0   4  0.23 0.11
   36 G    -1   1  -2  -1   1  -1  -2   1  -1  -1  -1   1   0   1  -3   0  -2   5   4  -2    4   9   0   3   3   0   0  13   0   5   4  12   3   3   0   7   0   9  22   0  0.23 0.11
   37 Y     0  -3  -3  -4   4  -3  -3  -4  -1   1   0  -3  -1   4  -4  -2  -2   0   6  -1    8   0   0   0  13   0   0   0   0  12   9   0   0  17   0   0   0   0  37   0  0.68 0.21
   38 A     4  -2  -2  -2   2  -2  -2  -2  -2   1  -1  -2  -1  -2  -2   2   0  -3   0   0   45   0   0   0   6   0   0   0   0   8   4   0   0   0   0  19   3   0   5   7  0.33 0.16
   39 Y    -3  -3  -3  -4  -4  -3  -3  -4  -1   0  -2  -3   1   4   2  -3  -3   0   7  -1    0   0   0   0   0   0   0   0   0   5   0   0   4  15  12   0   0   0  56   4  1.07 0.28
   40 L    -1  -2  -2  -3  -2   0  -2   0   1   0   2  -2   2   1  -3  -1   1  -2   1   0    4   0   0   0   0   4   0   9   4   4  32   0  10   4   0   5  10   0   7   4  0.14 0.09
   41 H    -1   0  -2  -2  -3   0  -2   0   3   0  -1  -1   0  -3   4   1  -1  -3  -2   1    0   7   0   0   0   6   0   9   9   5   4   0   4   0  27  15   0   0   0  12  0.37 0.13
   42 I    -2  -3  -3  -4  -2  -2  -3  -4  -3   3   2  -1   4   2  -3  -2   0  -2  -1   2    0   0   0   0   0   0   0   0   0  23  14   5  18  13   0   0   4   0   0  19  0.38 0.15
   43 Q     0  -2   3   1  -3   2  -1  -2  -1  -1  -1  -1   1  -3   2   1   1  -3  -3  -1    4   0  21   8   0  12   0   0   0   3   4   0   6   0  12  12  12   0   0   4  0.27 0.12
   44 H    -2   3  -1  -2  -4   0   0   0   3  -4  -3   5  -3  -4  -2   2  -1  -4  -2  -3    0  17   0   0   0   0   4   6   9   0   0  45   0   0   0  17   0   0   0   0  0.58 0.21
   45 R     0   0   0   0  -3  -1   0  -3  -2  -3  -4   3  -3  -4   6   0   1  -4  -3  -3    5   3   4   4   0   0   4   0   0   0   0  21   0   0  43   4   9   0   0   0  0.86 0.21
   46 H    -1   0   2   2  -4   2   1  -2   4  -4  -4   3  -3  -4  -2   1  -1  -4  -2  -3    5   3  13  11   0   9  10   0  15   0   0  23   0   0   0  11   0   0   0   0  0.45 0.17
   47 I    -1  -2   0  -3  -2  -2  -1  -3  -3   2   0  -1   1  -2   1  -1   2  -3   0   3    3   0   6   0   0   0   3   0   0  11   8   4   4   0   8   0  19   0   4  29  0.22 0.13
   48 T     1   0  -2  -3  -2  -2  -1  -3  -2   1   0  -2  -1   2  -3   1   2  -2   3   1   12   5   0   0   0   0   3   0   0   9  10   0   0  10   0  10  17   0  12  12  0.16 0.11
   49 A     0  -3  -4  -4  -2  -3  -4  -4  -4   4   2  -3   3   0  -4  -3   0  -3  -2   2    8   0   0   0   0   0   0   0   0  39  23   0   9   4   0   0   5   0   0  12  0.50 0.18
   50 V     0  -3  -4  -4  -2  -3  -3  -4   0   3   2  -3   2   3  -4  -3  -2  -2   2   2    8   0   0   0   0   0   0   0   3  23  22   0   5  13   0   0   0   0   9  17  0.37 0.15
   51 T    -1  -2   2   2  -3  -1  -1   2   3  -2  -1   0   1  -3  -3   2   2  -4  -2  -2    0   0  10  11   0   0   0  16  11   0   9   4   5   0   0  16  17   0   0   0  0.26 0.14
   52 N    -2   0   6  -1  -4   0  -2  -1  -2  -4  -4  -2  -3  -5  -3   1   2  -5  -4  -4    0   4  61   0   0   3   0   3   0   0   0   0   0   0   0  10  18   0   0   0  1.01 0.32
   53 Y    -4  -4  -4  -5   1  -4  -4  -5   1   0  -1  -4  -3   1  -5  -4  -4   6   8  -3    0   0   0   0   3   0   0   0   3   6   5   0   0   0   0   0   0  12  71   0  1.71 0.42
   54 H    -3  -4  -3  -3  -5  -3  -3  -4   4  -5  -5  -3  -4  -5   8   1  -3  -6  -4  -4    0   0   0   0   0   0   0   0  11   0   0   0   0   0  79  10   0   0   0   0  2.13 0.44
   55 R     1   1   0   3  -3   1   2   0   0  -3  -2   1  -2  -3   0   0  -1  -4  -3  -1   17   9   3  21   0   3  16   5   3   0   3   6   0   0   5   2   2   0   0   4  0.25 0.11
   56 Q     1  -1   1   2  -3   0   2   2   0  -3  -3   0  -3  -4   0   1   0  -4  -3  -3   17   0   6  15   0   3  17  17   3   0   0   6   0   0   5   7   5   0   0   0  0.30 0.11
   57 W    -5  -5  -6  -7  -5  -5  -6  -5  -5  -5  -4  -6  -4  -2  -6  -5   0  12  -1  -5    0   0   0   0   0   0   0   0   0   0   0   0   0   0   0   0   6  94   0   0  3.93 0.67
   58 Q    -1   3  -2  -3  -3   1   0  -4   2   0   0  -1   2   2  -3  -2  -2  -3  -1   2    3  25   0   0   0   6   5   0   6   3   6   0   9  12   0   0   0   0   0  26  0.28 0.17
   59 S     0   0   1   2  -4   4   3  -2  -1  -4  -4   2  -3  -4  -2   2  -1  -4  -3  -3    5   3   4  12   0  24  18   0   0   0   0  18   0   0   0  16   0   0   0   0  0.52 0.19
   60 T    -1   3  -2  -3  -3   2   0  -3   3   1   1   0  -1  -1  -3  -2  -1  -2   2  -1    6  25   0   0   0  14   4   0   8  14  13   3   0   0   0   0   3   0  10   0  0.27 0.16
   61 Y    -4  -4  -5  -6   1  -4  -5  -6  -1  -4  -3  -4  -3   1  -5  -4  -4   0   9  -4    0   0   0   0   4   0   0   0   0   0   0   0   0   0   0   0   0   0  96   0  2.46 0.54
   62 F    -2   2  -1   2  -3   3  -1  -3  -2   0   1   0  -1   1  -3   0   1  -3  -2  -1    0  16   0  13   0  20   0   0   0   7  15   3   0   8   0   5  10   0   0   3  0.20 0.14
   63 D     2   0   0   3  -3   1   3   0  -2  -3  -3   1   0  -4  -2   1  -1  -4  -3  -3   23   3   2  16   0   4  24   5   0   0   0   7   3   0   0  13   0   0   0   0  0.36 0.15
   64 K     1   1   4  -1  -3   2   0  -2  -1  -3  -3   2   0  -3  -2   1  -1  -3  -3  -2   16   5  27   0   0   9   4   0   0   0   1  18   4   0   0  13   0   0   0   0  0.37 0.16
   65 K    -2   0   6   2  -4  -1   0   2   1  -5  -5   0  -4  -5  -3   0  -2  -5  -3  -4    0   3  53   9   0   0   4  19   3   0   0   5   0   0   0   3   0   0   0   0  0.85 0.27
   66 F    -4  -4  -4  -5  -4  -4  -4  -5  -1  -2   0  -4   2   6  -5  -4  -4   0   7  -3    0   0   0   0   0   0   0   0   0   0   6   0   7  32   0   0   0   0  54   0  1.48 0.37
   67 E     0  -2  -2   1  -3   2   0  -1   0   0   1  -1   1   3  -3  -1  -2  -2  -1   0    9   0   0  10   0  18   7   3   3   3  15   0   3  18   0   3   0   0   0   8  0.14 0.12
   68 A     2   1   0  -1  -3  -1   0  -2   4  -2   0   1  -1  -3   1   0   0  -3  -2  -1   24   8   5   3   0   0   6   0  17   0  12   9   0   0   6   5   4   0   0   3  0.19 0.12
   69 L    -1  -4  -4  -4   1  -3  -4  -4  -3   5   2  -3   0   1  -4  -1  -1  -3   1   2    4   0   0   0   3   0   0   0   0  48  14   0   0   4   0   4   3   0   6  14  0.50 0.19
   70 D    -2  -4  -1   8  -6  -2  -1  -3  -3  -5  -6  -3  -5  -6  -4  -2  -3  -6  -5  -5    4   0   0  96   0   0   0   0   0   0   0   0   0   0   0   0   0   0   0   0  2.01 0.46
   71 P    -3  -5  -4  -4  -5  -4  -4  -5  -5  -5  -5  -3  -5  -6   9  -3  -3  -6  -5  -5    0   0   0   0   0   0   0   0   0   0   0   0   0   0 100   0   0   0   0   0  2.94 0.54
   72 V    -1  -4  -4  -4  -2  -3  -4  -4  -4   3   0  -3  -1  -2  -4  -2   2  -4  -3   5    3   0   0   0   0   0   0   0   0  20   6   0   0   0   0   0  18   0   0  53  0.67 0.25
   73 V    -2  -4  -4  -5  -2  -4  -4  -5  -4   4   2  -4   0   1  -1  -3  -2  -4  -2   5    0   0   0   0   0   0   0   0   0  24  15   0   0   5   3   0   0   0   0  54  0.72 0.24
   74 K    -1   3   0   0  -3   2  -1  -3   1  -1   0   2  -1  -3   1  -1  -1  -3  -2  -1    5  18   4   6   0  12   0   0   4   3  15  21   0   0   6   3   0   0   0   4  0.22 0.12
   75 R     0   1   0  -2  -3  -1   0  -3   4  -2   1  -1  -1  -1   0   0   1  -2   3  -2    9   8   3   0   0   0   9   0  16   0  17   0   0   0   4   6  15   0  14   0  0.23 0.15
   76 A     3  -3  -2  -2   4  -2  -1   2   2  -3  -3  -2  -3  -3  -3   3  -1  -3   0  -2   31   0   0   0  11   0   4  16   6   0   0   0   0   0   0  27   0   0   5   0  0.47 0.21
   77 R     0   4   1  -2  -3  -1  -1  -3  -2   0   0   3   1   2  -3  -1  -1  -3  -1  -2    8  26   7   0   0   0   0   0   0   7   9  23   3  12   0   0   3   0   0   0  0.29 0.16
   78 S     0   2   2   0  -3   1  -1  -2  -2  -2  -2   1   0  -1  -2   2   1  -3  -2   0    4  13  11   3   0   8   0   0   0   0   0   9   4   4   0  26  11   0   0   9  0.23 0.13
   79 R    -1   3   1   0   1   0  -1   1   3  -4  -4   1  -3  -4  -3   3   0  -4  -2  -3    0  22   6   5   4   3   0   9   9   0   0  10   0   0   0  29   3   0   0   0  0.38 0.17
   80 K     0   0  -1  -1  -2   1  -1  -3   2   1  -1   0  -1   1  -2   1   1  -3  -1   1    4   5   0   4   0  10   0   0   6  13   3   8   0   8   0  14  11   0   0  14  0.10 0.09
   81 H     0  -2   2   1  -3   1   0   0   4  -2   0  -1  -2  -3  -2   2   0  -4  -2  -2    6   0  11  10   0   6   3   7  13   0  15   0   0   0   0  23   6   0   0   0  0.22 0.13
   82 I     0  -4  -3  -3  -4  -3  -3  -4   1  -1  -1  -3   0  -4   7  -2   0  -5  -4   1    9   0   0   0   0   0   0   0   4   3   5   0   3   0  61   0   6   0   0  10  1.28 0.30
   83 F    -3  -4  -4  -4  -3  -4  -4  -4  -3   4   1  -4  -1   6  -4  -3  -2  -2   0   1    0   0   0   0   0   0   0   0   0  36   8   0   0  43   0   0   0   0   0   8  0.83 0.24
   84 T     1   0   0  -2  -2  -1   0  -2  -2   0   0  -1   0   1   0   0   0  -2   0   1   19   7   7   0   0   0   9   0   0   3   6   0   4   8   3   8   3   0   4  17  0.06 0.07
   85 W    -2  -4  -5  -5  -4  -4  -4  -4  -4  -4  -3  -4  -3  -1  -4  -4  -4  12   0  -4    4   1   0   1   0   0   1   1   0   1   1   1   0   0   1   1   1  86   0   1  3.35 0.53
   86 S    -1   0   2   3  -3  -1   0  -2  -2  -3  -3  -1  -3  -3  -2   4   1  -4  -3  -3    1   5  12  22   0   0   4   1   0   1   1   1   0   0   1  39  11   0   0   1  0.50 0.20
   87 G     0  -1   2   4  -3   1   2   0  -2  -3  -3  -1  -3  -4   0   0  -1  -4  -3  -1    9   3  12  34   0   5  13   8   0   0   1   0   0   0   4   4   0   0   0   6  0.41 0.16
   88 E     1  -1   1   2  -2   0   2  -2  -1  -1   0  -1   0  -2  -2   1  -1  -3  -2  -1   20   1   6  14   0   4  18   1   0   4  13   1   3   1   1   9   1   0   0   4  0.17 0.10
   89 H     0  -1   0   0  -2   0   0   0   1   0   0   0  -1   1   1   0  -1  -1   2  -1   11   1   7   4   0   6   5   6   3   7  11   5   0   6   8   4   1   0  12   1  0.06 0.04
   90 E    -1   0  -2   0  -3   1   3  -2  -1  -2  -1  -1   1  -1  -2  -1  -1   7   2   0    4   4   1   4   0   5  23   1   0   1   4   1   5   1   1   4   3  18  11   7  0.41 0.15
   91 R    -1   2   1   3  -3   2   0  -2  -1   1  -2   1  -2  -3   2  -1   0  -3  -2  -1    4  13   8  22   0  10   1   1   0  12   1   6   0   1   9   1   6   0   0   3  0.24 0.11
   92 P     2   0   0  -1  -2   1  -1  -1  -1  -1  -1   1   0  -2   2   1  -1  -2  -2   0   26   4   6   1   0   7   1   2   0   4   4  10   2   1  11  10   1   0   1   9  0.16 0.08
   93 T     0   3  -1   1  -2   0   1   0  -1  -2  -2   2  -2  -3  -1   2   2  -3  -2  -2    4  18   1   8   0   1   7   8   0   1   2  12   0   1   1  17  17   0   1   1  0.24 0.11
   94 L    -2   1  -2   0  -2  -1  -2  -1  -2   2   3   0   0  -1  -3  -2  -1  -3  -2   1    1  12   0   6   0   3   1   5   0  12  42   7   0   0   1   1   3   0   0   6  0.21 0.13
   95 S    -1   1   1   0   3   0   0  -2  -2  -2   0   1   0   2  -3   2   1  -3  -1  -2    0   7   6   6   9   3   7   0   0   0  11  11   2  11   0  18   9   0   0   0  0.15 0.12
   96 K    -1   2   1   2  -4   0   1  -1  -2  -4  -4   3  -3  -4   2   1  -1  -4  -3  -3    3  12   6  12   0   3  11   4   0   0   0  21   0   0  11  15   2   0   0   0  0.37 0.15
   97 D     0   1   0   3  -4   2   2   0  -1  -3  -3   1  -1  -1   0   0  -2  -3  -1  -3    7   9   3  21   0   9  19   5   0   0   0   9   2   4   4   6   0   0   3   0  0.30 0.13
   98 E     3  -2   1  -2   2   0   1  -1  -2  -2  -1  -2  -2  -3  -2   3  -1  -4  -3  -1   33   0   8   0   5   3  13   3   0   0   7   0   0   0   0  25   0   0   0   4  0.34 0.20
   99 R     1   4  -2  -3  -4   3  -1  -3   2  -3  -1   2  -2  -3   2  -2  -2  -3   0  -3   12  34   0   0   0  15   0   0   6   0   6  10   0   0  11   0   0   0   4   0  0.50 0.21
  100 A     1   3   1   2  -3   0   1  -1   1  -2  -2   1   0  -3   0  -1  -1  -3  -2  -1   13  25   6  14   0   0  11   5   5   0   1   5   3   0   3   1   0   0   0   7  0.24 0.12
  101 F    -2  -4  -4  -5  -3  -4  -4  -5  -3   2   2  -4   2   4  -4  -3  -2  -2   1   3    0   0   0   0   0   0   0   0   0  13  21   0   6  26   0   0   0   0   4  31  0.65 0.23
  102 Y    -3  -1  -4  -5  -4  -3  -4  -5  -3   0   1  -4   4   5  -5  -4  -1   7   3  -2    0   4   0   0   0   0   0   0   0   5  14   0  12  32   0   0   3  18  11   0  0.94 0.29
  103 D     0  -1   2   2  -3  -1   1  -1   2  -2  -2   2   1  -3  -2   2   0  -4  -2  -2    7   0  15  12   0   0  12   3   8   3   3  14   5   0   0  16   3   0   0   0  0.26 0.14
  104 H    -1   1  -2   2  -4   1   5  -4   2  -3   1  -1  -2  -4  -3  -1  -2  -4  -3  -3    3   6   0   9   0   5  54   0   5   0  15   0   0   0   0   3   0   0   0   0  0.70 0.28
  105 A     6  -3  -3  -3  -3  -3  -3  -2   2  -3  -3  -3  -3   0  -3   2  -1  -4  -3  -2   75   0   0   0   0   0   0   0   5   0   0   0   0   4   0  13   3   0   0   0  0.98 0.37
  106 S     1   3   1  -2  -3   0   0   0  -2  -1   0   1   2  -3  -3   0   0  -3  -2  -1   13  23   8   0   0   3   4   7   0   4   8  10   8   0   0   5   5   0   0   3  0.17 0.12
  107 D     0  -1  -1   4   0   2   3  -3  -2  -3  -3   1   1  -4   0   1   0  -4  -3  -3   10   0   0  24   3  11  22   0   0   0   0   7   6   0   4   9   4   0   0   0  0.42 0.19
  108 F    -1  -3   1  -3  -3  -2  -3  -3   4  -2   1  -3  -1   5  -4   0  -1   2   3  -1    5   0   7   0   0   0   0   0  15   0  13   0   0  28   0  10   3   2  13   3  0.49 0.22
  109 G     0  -1   3   1  -4  -3  -3   5  -3  -5  -5  -1  -4  -5  -4  -1  -3  -4  -4  -4    8   4  16   6   0   0   0  60   0   0   0   3   0   0   0   3   0   0   0   0  0.97 0.29
  110 I    -3  -4   0  -4  -3  -3  -4  -5  -4   4   4  -4   3  -1  -4  -2  -2  -4  -3   1    0   0   6   0   0   0   0   0   0  26  51   0   7   0   0   2   0   0   0   8  0.68 0.25
  111 R    -2   5   1  -3   2  -1  -2  -1  -2   1  -2   0  -2  -3  -3   0   0  -4  -3   2    0  38   7   0   5   0   0   4   0   9   0   3   0   0   0   7   5   0   0  23  0.44 0.23
  112 S    -1   2   3   1   1   0   0  -1   2  -1  -3  -1  -2  -3  -3   1   1  -3   0  -1    3  15  18  10   4   4   3   3   5   4   0   0   0   0   0  12  13   0   3   5  0.22 0.14
  113 G    -2  -4  -1  -3  -4  -4  -4   7  -4  -5  -2  -3   1  -4  -4  -2  -3  -4  -5  -4    0   0   3   0   0   0   0  86   0   0   4   0   4   0   0   0   0   0   0   0  1.58 0.41
  114 I    -1  -4  -4  -4  -3  -3  -4  -4  -2   2   1  -3  -1   5  -4  -3  -1   2   3   2    5   0   0   0   0   0   0   0   0  12   8   0   0  37   0   0   4   3  12  15  0.62 0.22
  115 T     2  -2  -2  -2   1  -2  -1  -2  -3   1  -1   0  -2  -3  -2   2   4  -4  -3  -1   16   0   0   0   3   0   4   0   0  11   3   4   0   0   0  14  42   0   0   0  0.46 0.24
  116 I    -3  -1  -4  -4  -3   2  -3  -5  -3   3   1  -3   1   5  -4  -3  -3  -2   1   2    0   4   0   0   0  15   0   0   0  24  10   0   3  30   0   0   0   0   2  13  0.55 0.25
  117 P    -1  -3  -3  -2  -4  -3  -3  -4  -4  -2  -3  -1  -3  -1   6   1  -2  -4   0   2    4   0   0   2   0   0   0   0   0   0   0   4   0   4  50  10   0   0   3  21  1.06 0.33
  118 I    -1  -4  -4  -4  -3  -3  -4  -2  -4   4   3  -3   0  -2  -4   1  -2  -4  -3   1    3   0   0   0   0   0   0   2   0  39  35   0   0   0   0  12   0   0   0   8  0.57 0.25
  119 K    -2   3  -2   0  -4  -1   1  -4   7  -4  -2   0   0   0  -4  -2  -3   5  -1  -4    2  20   0   4   0   0  11   0  36   0   4   5   3   5   0   0   0   8   0   0  0.81 0.30
  120 T     0  -1   1   3  -3  -2  -2   4  -3  -3  -3  -2  -3  -4  -3   0   3  -4  -1  -3    6   3   8  20   0   0   0  32   0   0   3   0   0   0   0   4  21   0   2   0  0.50 0.23
  121 A     3  -2  -1  -1  -3  -1   1  -2   3  -2  -1  -2  -2  -1   3   0   0  -3  -2  -2   35   0   2   3   0   0  11   0   8   2   7   0   0   3  18   4   5   0   0   0  0.37 0.19
  122 N     1   1   3   0  -3   1  -1   1   1  -2  -2   0   0  -2  -2   0   0  -3   1  -2   12  11  17   5   0   9   0  11   4   3   0   3   4   0   0   7   4   0   7   2  0.18 0.12
  123 G    -3   0   4  -3  -5  -3  -4   6  -3  -5  -5  -3   2  -5  -4  -2  -3  -5  -1  -5    0   5  21   0   0   0   0  65   0   0   0   0   6   0   0   0   0   0   3   0  1.28 0.43
  124 F     2   0   2   0  -2   0   1   0  -2  -1   0  -1  -1   1  -2   1   0  -3   0  -1   22   4  12   3   0   3  10   5   0   3   8   0   0   8   0  12   4   0   3   3  0.12 0.12
  125 M     2   0   0  -3   2   1  -1  -3   0  -1   2  -2   2   2  -3  -2  -2  -3  -2   1   19   6   5   0   5   9   3   0   3   0  20   0   8  10   0   0   0   0   0  12  0.19 0.17
  126 S     3  -3  -2  -3  -3   1  -1   5  -3  -4  -4  -3   0  -5  -3   2  -2  -4  -4  -2   23   0   0   0   0   8   3  41   0   0   0   0   3   0   0  20   0   0   0   2  0.75 0.33
  127 M     1  -3  -3  -4  -3  -3  -2  -2  -3   1   2  -1   5   1  -3  -2   0  -3   0   2   12   0   0   0   0   0   2   3   0   8  20   3  22   7   0   0   5   0   3  13  0.35 0.21
  128 F    -3   0  -4  -4  -3  -3  -4  -2  -4   1   4  -3   3   3  -4  -3  -1  -3  -2   1    0   6   0   0   0   0   0   3   0   7  51   0   8  11   0   0   3   0   0   8  0.61 0.27
  129 T     0  -3  -1  -3  -3   1  -1  -1  -3  -4  -4  -2  -4  -5  -3   6   3  -5  -4  -4    5   0   2   0   0   6   2   3   0   0   0   0   0   0   0  62  19   0   0   0  1.00 0.44
  130 M    -3  -3  -4  -5  -4  -1  -4  -5  -4   1   3   2   2   5  -4  -4  -3  -3  -1   0    0   0   0   0   0   2   0   0   0   6  35  14   5  30   0   0   0   0   0   6  0.67 0.31
  131 A     3   0  -2  -3   2  -2  -1   1  -1   1  -1  -2   1  -2  -3   1   1  -4  -3   0   38   5   0   0   4   0   3  10   2  10   3   0   4   1   0   8   8   0   0   4  0.28 0.20
  132 S     1   2   2  -1  -3   1   0   0   2  -2  -3   0  -1  -3   0   2  -1  -4  -3   0   12  14  10   2   0   5   6   5   5   1   0   2   2   0   4  22   0   0   0   7  0.22 0.17
  133 D     0  -1   1   3  -3  -1   3  -2   2  -1  -1   1  -2  -3   0   0   0  -4  -2  -1    9   2   6  19   0   0  20   1   6   4   6  10   0   0   3   5   5   0   0   3  0.24 0.15
  134 K     0   1   2   2   0   1   1  -2   3  -2  -1   1   0  -3   0   0   0  -4  -2  -2    7  10  10  13   2   7   6   0  11   0   8   9   2   0   3   3   6   0   0   3  0.20 0.13
  135 P    -2   2   2  -2  -4   1   3  -1  -1  -1  -2   0  -3  -4   4  -2   1  -5  -4  -3    2  11  10   0   0   4  26   4   1   4   3   6   0   0  21   0   8   0   0   0  0.51 0.27
  136 V     1   1  -1   2  -3  -1   0  -3  -1   1   0   1  -1  -1  -1   0  -1  -4  -2  -1   18   9   2  14   0   0   4   0   2  12  12  13   0   2   2   8   0   0   0   3  0.14 0.14
  137 I    -1   0  -2  -2  -3  -1  -1  -2  -2   1   1  -1   0   1   3   1   0  -3   0   1    4   5   0   2   0   2   4   1   0  11  15   2   3   6  14  15   3   0   4   9  0.15 0.12
  138 D    -1  -3   1   4  -4   0   2  -3   0  -2  -2  -2  -3   3  -2   0   1  -4  -2  -1    3   0   7  28   0   5  13   0   3   2   2   0   0  15   2   7  11   0   0   5  0.40 0.24
  139 L    -1  -2  -1   0   0   1   1  -3   2   1   2  -1  -1   1  -3   0  -2  -3  -2   0    5   0   2   6   2   9   9   0   6   8  31   4   0   7   0   7   0   0   0   4  0.15 0.15
  140 D    -1   0   2   4  -4   0   3  -3   0  -3   0  -2   1  -1  -1   0  -1  -4  -3  -3    5   4  13  24   0   2  21   0   2   0  10   0   5   2   3   6   3   0   0   0  0.38 0.23
  141 R    -1   3   0   1  -4   2   0  -1  -2   0   1   1  -1  -1  -2  -2  -1  -4  -3  -1    4  23   3   9   0  11   4   5   0   5  21   7   0   2   1   0   2   0   0   2  0.22 0.17
  142 E     0   0  -2   1  -4   2   4  -2   2  -2  -3   0  -3   0   0   0  -1  -4  -1   0    7   4   0   5   0  12  29   1   7   3   0   4   0   5   5   7   2   0   2   8  0.32 0.21
  143 I     1   0  -1  -3  -2  -1  -1  -3   0   3   2  -1   2  -2  -3   0  -1  -3  -1   0   14   5   2   0   0   3   5   0   3  20  22   3   8   0   0   9   2   0   2   2  0.19 0.16
  144 D    -1   1   1   1  -3   1   1  -3  -2   0   1  -1   0  -2  -1   1   0  -3  -2   0    2  11   6  11   0   6   7   0   0   7  19   2   3   0   3  11   4   0   0   6  0.11 0.11
  145 A     1   0  -2  -1  -2  -1   0   0   1  -1   0   0  -1   0   1   0  -1  -2   2   0   15   6   0   4   0   2   5   5   5   0  12   7   0   5   6   9   0   0  11   8  0.08 0.10
  146 V     1  -1  -1   0  -2   0   0  -2  -2   1   1   0   0  -2   0   0   0  -3  -1   1   14   2   3   5   0   3   5   2   0  13  17   7   2   0   5   6   4   0   2  11  0.06 0.07
  147 A     1   1   1  -2  -3   0  -2   0   0   0   0   0   1   1  -3   0   0  -3  -2  -1   18  11  10   0   0   5   0   7   3   6   6   7   5   9   0   4   6   0   0   3  0.10 0.12
  148 A     2   0   0  -2  -3   2   0  -1   0  -1   1  -1   2  -2  -1   0   0  -3  -1  -1   22   5   5   0   0  13   4   2   3   1  18   2   7   0   2   7   5   0   2   2  0.16 0.16
  149 A     2   1  -1  -3  -3   2  -2  -2   5  -2   0  -1   0  -3  -3   1   0   1   1  -1   22   7   1   0   0  12   0   2  18   2   9   2   3   0   0   9   4   2   4   3  0.31 0.22
  150 A     2  -1  -2  -2   0  -1   0  -1   1  -1   0  -2   2   1  -1   0   1   3   1   0   25   3   0   2   2   3   6   4   4   2   6   0   7   8   2   3   9   5   5   6  0.12 0.13
  151 T     0   0  -1   0   0  -1  -1  -2  -2   0   1   1   1   0  -3   1   0   1   0   0    8   6   2   5   2   0   3   0   0   6  18   9   4   4   0  18   5   2   2   7  0.08 0.10
  152 I     1   0   0  -1  -2   0   0  -1   2   1   1  -1   1  -2   0  -1  -1  -3   0   1   13   4   4   3   0   3   7   4   7  10  21   2   4   0   4   0   2   0   3   9  0.07 0.09
  153 G     0  -1   0   0  -2   1   0   1   1   0   1   0   1  -2  -1   0  -1  -3   0  -1    6   0   5   4   0   6   7  13   5   6  15   5   5   0   2  10   2   0   4   4  0.05 0.07
  154 Q     0  -2  -2   1  -3   1   0  -1   1   1   1   0   1   2  -3   0  -1  -2   0  -1    9   0   0   8   0  10   5   3   3   9  14   5   5  12   0   9   3   0   3   0  0.09 0.12
  155 I     1  -3  -1   1  -3  -3  -1  -3  -3   2   1  -3  -1   1   0  -2   0  -3  -1   2   14   0   2  11   0   0   4   0   0  12  16   0   0   7   6   0   6   0   2  21  0.22 0.17
  156 H    -1   1   1  -2  -5   2   1  -3   7  -4  -2  -2  -1  -3  -1  -1  -2  -4   3  -4    4   8   6   1   0   8   7   2  38   0   4   0   2   0   4   5   2   0   9   0  0.79 0.35
  157 A     2   1   0   0  -3   2   1  -1   0  -1  -2   0  -2   0   0   0  -1  -3  -1  -2   29   7   4   4   0  13   9   2   2   4   4   4   0   4   4   4   1   0   2   2  0.17 0.14
  158 R     0   3  -1   0  -3   3   1  -3  -2  -2   0   2  -2  -1  -3  -1   0  -4  -1  -2   11  17   2   5   0  17   7   0   0   2  14  14   0   2   0   3   6   0   2   0  0.26 0.17
  159 I    -1  -1  -2  -3  -3   0   0  -3  -1   4   1  -2   4  -2  -4  -2   0  -4  -3   1    6   4   1   0   0   4   8   2   2  30  12   2  17   0   0   2   5   0   0   6  0.35 0.21
  160 S     1   1   2   1   0  -1   0   0  -2  -2  -1   1   0  -3  -2   2   0  -4  -2  -1   12   8  13   7   2   0   5   6   0   0   8   7   3   0   0  17   4   0   1   6  0.14 0.12
  161 F     0   0   0   1  -3   0   0   0   0   0   0   0   0   2  -1  -1  -1  -2  -1   0    6   6   6  11   0   2   8   7   2   5  12   9   3  12   2   2   2   0   0   5  0.04 0.06
  162 L     0  -3   0  -2   2   0  -3  -2  -1   2   3  -3   0  -2   0  -2  -1  -3   0   1    8   0   7   2   6   6   0   2   1  17  32   0   0   0   4   0   3   0   4   7  0.21 0.15
  163 R     0   4   1   2  -3   1   2  -1  -2  -3  -2   1   0  -4  -1   0  -2  -4  -3  -1   10  25   8  10   0   5  12   3   0   0   2   6   3   0   3   5   0   0   0   6  0.29 0.16
  164 T     0   1   2   0  -1   0   0   0   1  -1  -2   1  -1  -1   2   0   0  -3   0   0    9   7  13   3   1   2   6   6   3   3   0   9   1   4   9   5   7   0   3   8  0.10 0.07
  165 T    -1   0   0   1  -3   1   1  -2   2  -1  -1   1   1  -2   1   1   1  -4  -2  -1    4   4   5   6   0   5  12   0   6   5   3  11   5   1   8  15   8   0   0   3  0.16 0.11
  166 P     0   2   2   0  -3   0   1  -3   1  -3  -1   1  -1  -3   3   0   0   1  -3  -1    8  12  10   3   0   2  12   0   3   0   8   7   1   0  18   4   4   2   0   3  0.28 0.14
  167 T     0   1   0   1  -3   0   1  -2  -2   0  -1   1  -1  -2   0  -1   2  -3  -1   0    5   7   3   9   0   1  12   2   0   5   5  12   2   2   5   2  18   0   2   9  0.13 0.11
  168 A     1  -1   1   0  -2   0   1  -1  -2   1  -1   0   0  -3   1   1  -1  -4  -3   1   14   2  10   5   0   3   9   3   0   8   5   4   4   0   8  12   1   0   0  11  0.11 0.09
  169 E     0   1   1   0  -3   2   2  -1  -1  -1  -2   1  -2  -1   0   1   0  -3  -1  -2   10   8   8   5   0  11  14   2   0   5   2  11   0   3   3   9   6   0   2   1  0.17 0.10
  170 D     0   2   1   3  -3   1   1  -1  -1  -3  -2   0   0  -2   3   0  -1  -4  -3  -3    6  12   7  18   0   6   8   4   1   0   3   5   3   2  14   7   2   0   0   0  0.30 0.14
  171 A     1   0   0  -1  -2   0   0  -1  -2  -1   1   1  -1   0   1   1   0   0   0  -1   14   4   4   2   0   2   4   3   0   3  18  11   0   5   6  10   5   1   4   3  0.05 0.06
  172 A     1  -1   0   1  -2   1   0  -1   0   0  -1   0   0  -3   2   0   1  -3  -2   0   19   3   5  11   0   7   3   2   2   7   4   5   2   0  10   6   9   0   1   5  0.13 0.09
  173 W     0   0   0  -1  -1   0  -1  -1  -2   1   0   0   1  -1   1   0   0   3   0   1    4   8   5   4   1   3   1   2   0  12   8   4   5   2   8  10   5   5   2  10  0.06 0.06
  174 L    -4  -4  -5  -6  -4  -4  -5  -6  -5   0   6  -5   0   2  -5  -5  -3  -4  -3   0    0   0   0   0   0   0   0   0   0   4  83   0   0   9   0   0   0   0   0   3  1.28 0.39
  175 D    -2  -4  -2   0  -4  -3  -3  -4  -4  -4  -4  -3  -4  -5  -4   4   6  -5  -4  -3    0   0   0   5   0   0   0   0   0   0   0   0   0   0   0  36  59   0   0   0  1.32 0.47
  176 P     0   1   0   1  -4   2   1  -1   0  -2  -2   2  -3  -4   4  -1  -1  -4  -3  -2    9   7   4  10   0  10   7   3   2   2   3  12   0   0  25   2   2   0   0   2  0.42 0.17
  177 K    -4   8  -3  -4  -6  -1  -3  -5  -3  -6  -5   3  -4  -6  -5  -3  -2  -6  -5  -5    0  81   0   0   0   1   0   0   0   0   0  15   0   0   0   0   3   0   0   0  1.90 0.53
  178 E    -4  -3  -3  -1  -7   3   7  -5  -3  -6  -6  -2  -5  -6  -4  -3  -4  -6  -5  -5    0   0   0   0   0  10  90   0   0   0   0   0   0   0   0   0   0   0   0   0  2.03 0.58
  179 A     0   3   0  -3   2   0  -1  -3  -2   0   1   2   2  -2  -3  -2  -1   3  -2   1    6  22   4   0   6   4   2   0   0   6  12  12   7   0   0   1   2   5   0  10  0.24 0.15
  180 T    -2  -2  -2   2  -5   3   5  -3  -2  -1  -2  -2  -3  -5  -3   0   1  -5  -4  -3    2   0   0   9   0  16  47   1   0   4   5   0   0   0   0   7   9   0   0   0  0.73 0.31
  181 Y    -2  -5  -5  -5   4  -5  -5  -5  -5   4   0  -5  -1  -2  -5  -4  -3  -4   1   5    1   0   0   0  10   0   0   0   0  32   4   0   0   0   0   0   0   0   5  48  1.02 0.35
  182 L    -2  -5  -6  -6  -4  -4  -5  -6  -5   1   6  -5   2   1  -5  -4  -2  -4  -3   0    2   0   0   0   0   0   0   0   0   5  82   0   4   4   0   0   1   0   0   3  1.22 0.39
  183 R     0   3   0  -1   0   2   1   1   1  -3  -2   1  -2  -1  -1  -1  -1  -3   0  -2    8  23   4   2   2  10   9  10   4   0   4   9   0   2   2   2   3   0   3   2  0.21 0.12
  184 W    -2  -2  -5  -5   2  -1  -1  -3  -4  -2   3  -1   3   1  -5  -4  -3   9   0  -3    3   2   0   0   5   2   4   1   0   0  33   4  10   5   0   0   0  29   2   0  1.02 0.33
  185 I     1  -4  -4  -4   1  -3  -4  -4  -4   3   2  -3   2  -2  -4  -2   1  -4  -3   3   15   0   0   0   3   0   0   0   0  25  19   0   6   0   0   0  10   0   0  22  0.48 0.21
  186 A     4  -1  -3  -3  -1  -1  -2  -1  -3  -1  -2  -1  -2  -3  -3   2   0  -4   1   1   48   2   0   0   1   1   2   2   0   2   3   4   0   0   0  17   5   0   5   9  0.45 0.24
  187 V     0   0   2   1  -1   2   2  -2  -2  -1  -2   1   0  -3  -2   1  -1  -4  -1  -1    7   3  10   9   1  10  20   0   0   2   3  11   3   0   0  11   1   0   2   6  0.23 0.14
  188 G    -3  -5  -3  -2  -6  -5  -5   7  -5  -7  -7  -4  -6  -6  -5  -3  -5  -6  -6  -6    0   0   0   2   0   0   0  98   0   0   0   0   0   0   0   0   0   0   0   0  2.29 0.56
  189 K    -2   0  -2  -3   1   0  -1  -4   0  -2   2   4   4   0  -4  -2  -2   0   2  -2    2   2   1   0   4   2   2   0   2   0  20  34  13   4   0   1   1   1  10   0  0.43 0.24
  190 T    -1  -1  -1  -3  -3  -2  -3  -2  -3  -3  -1   0  -1  -4  -1   4   5  -5  -4  -3    3   3   2   0   0   0   0   2   0   0   6   6   1   0   3  35  40   0   0   0  0.70 0.32
  191 M     0  -3   6   0  -4  -2  -2  -3  -2  -3  -4  -2   2  -3  -2   1   0  -4   1  -2   10   0  49   4   0   0   0   0   0   1   0   0   7   0   2  12   6   0   7   3  0.76 0.32
  192 E    -1   1  -1  -1  -4   1   2  -1  -2  -2  -3   5  -3  -4  -1  -1  -1   4  -1  -1    4   4   2   2   0   4  12   3   0   2   1  47   0   0   2   2   2   8   2   5  0.57 0.26
  193 E     0  -2  -2   2  -5   4   5  -3  -2  -4  -2  -2  -1  -5  -3  -1  -2  -5  -4  -3    6   0   0  10   0  23  50   1   0   0   3   0   2   0   0   3   1   0   0   2  0.93 0.36
  194 I    -3  -6  -6  -6  -4  -5  -6  -6  -6   7  -1  -5   1  -3  -5  -5  -1  -5  -4   1    2   0   0   0   0   0   0   0   0  87   0   0   3   0   0   0   4   0   0   4  1.74 0.50
  195 A     6  -4  -4  -4   0  -3  -3   1  -4  -4  -4  -3  -4  -5  -3   1  -2  -5  -4  -3   79   0   0   0   2   0   0   9   0   0   0   0   0   0   0  10   1   0   0   0  1.25 0.44
  196 D     0   1   0   1  -1   1   2  -1  -1  -1  -1   0  -1  -2  -2   0   0  -3   0  -1   11  11   4  11   1   7  18   3   1   1   6   4   1   1   0   3   8   0   3   6  0.14 0.09
  197 V    -1   2   0   0  -3   1   2  -3  -2   3  -1   1  -1  -2  -3   0  -1  -4  -3   1    5  12   4   3   0   8  17   0   0  28   3   7   0   1   0   5   1   0   0   7  0.24 0.16
  198 E    -2  -4  -5  -5  -1  -3   0  -5  -4   0   5  -4   4  -2  -5  -3  -1  -4  -2  -1    2   0   0   0   1   0   7   0   0   2  70   0  11   0   0   1   4   0   1   0  0.94 0.35
  199 G    -2  -1   2   2   1  -2  -1   4   2  -4  -2  -2  -3   2  -4   0  -2  -3   1  -4    1   2  10  12   4   1   2  34   6   0   4   2   0  12   0   6   0   0   6   0  0.40 0.19
  200 V    -3  -1  -5  -5   2  -4  -5  -5  -5   6   1  -4  -1  -2  -5  -4  -1  -5  -3   3    0   3   0   0   5   0   0   0   0  52  12   0   0   0   0   0   3   0   0  24  0.94 0.32
  201 K     1  -3   0  -3   0  -2  -2  -2  -3  -4  -4   1  -3  -5  -3   5   3  -5  -4  -3   11   0   4   0   2   0   0   2   0   0   0   7   0   0   0  57  17   0   0   0  0.86 0.36
  202 Y     0   0  -1  -1  -4   1   4  -2   0   0  -2  -1  -1  -3   1  -1   1  -3   1   0    8   4   2   0   0   4  36   2   2   5   1   2   1   0   8   2   9   0   7   7  0.32 0.19
  203 N    -1   4   2   1  -4  -1   0  -1  -2  -4  -4   3  -3  -4  -3   1   0   0  -3  -3    4  29   9   8   0   1   3   5   0   0   0  24   0   0   0   9   7   1   0   1  0.50 0.22
  204 S     0  -4   0  -4  -4  -3  -4  -4  -4  -2  -4  -3  -3  -5  -4   1   7  -5  -4  -3    5   0   4   0   0   0   0   0   0   1   0   0   0   0   0   8  82   0   0   0  1.58 0.52
  205 V    -2  -5  -6  -6  -3  -5  -5  -6  -6   3  -1  -5  -2  -3  -5  -4  -3  -5  -4   6    2   0   0   0   0   0   0   0   0  16   3   0   0   0   0   0   0   0   0  79  1.44 0.45
  206 R    -3   3   2  -2  -5   1   2  -3   0  -4  -4   5  -3  -4  -3   0  -1  -5  -1  -3    0  13  11   0   0   6  17   0   2   0   0  40   0   0   0   6   2   0   2   1  0.70 0.28
  207 V     0  -1   2  -3  -3  -2  -2  -3   0  -1  -2  -1  -1   3  -3   0   2   4   2   1    8   3  12   0   0   0   1   0   3   0   2   5   1  15   0   4  19   6   6  15  0.26 0.17
  208 K    -4  -2  -3  -4  -6  -3  -3  -5   9  -5  -5   0  -4  -3  -5  -3  -4  -4   5  -1    0   1   0   0   0   0   0   0  66   0   0   5   0   0   0   2   0   0  20   6  2.07 0.55
  209 L    -2   2  -3  -4  -3  -2  -3  -4   0   3   3   0   2  -1  -4  -2  -2  -4  -2   2    0  15   0   0   0   1   0   0   3  21  29   7   6   1   0   2   0   0   0  15  0.42 0.20
  210 R     0   3   0  -1  -1   0  -1   0   0  -3  -2   1  -2  -2  -3   2   2  -3  -1  -2    8  22   4   2   1   2   1   7   3   1   4   9   0   2   0  17  14   0   2   0  0.24 0.15
  211 E    -2   2   6   0  -5  -1   1  -3   1  -4  -3   1  -2  -5  -4   0  -1  -5  -4  -3    1  12  50   3   0   1   7   0   4   0   3   9   1   0   0   7   1   0   0   2  0.82 0.31
  212 A     2  -4  -4  -5  -3  -4  -4  -4  -4   4   3  -4   1  -2  -4  -2  -2  -4  -3   3   17   0   0   0   0   0   0   0   0  33  26   0   3   0   0   2   1   0   0  18  0.60 0.24
  213 M    -2   0  -4  -4  -1   1  -2  -4  -2   0   2   0   6   3  -4  -3  -2  -2   3   0    2   5   0   0   1   8   2   0   0   3  16   5  26  14   0   0   1   0  12   5  0.48 0.24
  214 K     1   3   0  -1  -3   3   1  -1  -1  -2  -2   2   0  -4  -3   1   0  -4  -3  -2   11  19   3   3   0  15   6   4   1   3   2  15   2   0   0  10   6   0   0   1  0.29 0.15
  215 R    -4   1  -3  -4  -6  -1  -1  -4  -4  -3  -5   7  -4  -6  -4  -3  -2  -6  -5  -5    0   6   0   0   0   0   2   0   0   2   0  88   0   0   0   0   2   0   0   0  1.79 0.53
  216 F    -4  -4  -5  -6  -1  -4  -5  -6  -5   1   5  -5   3   2  -5  -4   0  -4  -3  -1    0   0   0   0   1   0   0   0   0   4  74   0   8   7   0   0   6   0   0   0  1.11 0.37
  217 D    -1  -2   5   2  -4  -1   0   4  -2  -5  -5   1  -4  -5  -4  -2  -2  -5  -4  -5    4   0  29  11   0   3   4  38   0   0   0   9   0   0   0   0   2   0   0   0  0.81 0.28
  218 V     2  -4  -4  -4   0  -3  -4  -4  -4   1   0  -4   1  -3  -4  -2   0  -4  -3   5   23   0   0   0   2   0   0   0   0   6   8   0   3   0   0   1   5   0   0  52  0.69 0.29
  219 R     1   1   1  -2  -3   0   0  -2   3  -1  -2   2  -1  -3   0   2   1  -4  -2   0   10  10   6   0   0   3   4   2   8   2   3  16   2   0   3  17  10   0   0   6  0.19 0.12
  220 S    -2  -2   6   1  -4  -2  -2  -1   1  -5  -5  -2  -4  -5  -4   4   0  -6  -4  -5    0   2  46   7   0   0   0   3   3   0   0   0   0   0   0  35   4   0   0   0  1.05 0.38
  221 K    -1   6  -2  -1  -5  -1  -2  -3  -1  -1  -1   2  -3  -4  -4  -1  -1  -5  -4  -2    4  58   0   3   0   0   0   1   1   4   6  12   0   0   0   3   4   0   0   3  0.86 0.32
  222 A     1   0  -2  -3   1   0  -2  -3  -3   0  -2   0  -2  -1   2   0   3  -3   0   2   16   4   0   0   3   6   0   0   0   5   0   5   0   3   9   3  27   0   4  16  0.25 0.17
  223 H    -1  -1  -2   1  -5   5   4  -2   4  -4  -2  -1  -1  -4  -3  -1  -3  -4  -3  -2    4   2   0   8   0  38  26   2  11   0   3   0   1   0   0   3   0   0   0   2  0.77 0.31
  224 L     5  -4  -4  -4  -3  -3  -4  -3  -4  -1   3  -3   1  -3  -4  -1  -2  -4  -3  -1   55   0   0   0   0   0   0   0   0   2  37   0   2   0   0   3   0   0   0   1  0.81 0.33
  225 T     1  -4  -4  -4  -3  -4  -4  -2  -4   4  -1  -4  -1  -3  -4  -2   1  -4  -3   5   15   0   0   0   0   0   0   3   0  24   2   0   0   0   0   1  10   0   0  45  0.67 0.27
  226 A     2   2  -1   0   0   0  -1  -2   0   1  -1   0  -1  -3  -2   1   0  -4  -2   1   20  16   2   4   1   4   2   0   3  10   3   5   0   0   0  11   5   0   0  12  0.14 0.12
  227 L    -2   0  -2  -2  -3  -1   1  -4   1   1   1   1   1   1  -3  -2   0   1   4  -1    2   5   0   0   0   1  13   0   3   8  19  12   5   4   0   1   5   1  18   3  0.21 0.14
  228 A     6  -4  -3  -4  -3  -3  -3   1  -1  -4  -3  -3  -3  -2  -3   1  -1  -5  -4  -3   77   0   0   0   0   0   0   8   1   0   2   0   0   1   0   8   2   0   0   0  1.07 0.39
  229 I     0   0  -3  -3  -3   0   1  -4  -2   3   1   0   1   0  -3  -2  -1  -3  -2   2    7   5   0   0   0   4  10   0   1  24  15   8   4   5   0   0   2   0   0  15  0.19 0.13
  230 R     0   4   0   0  -4   1   3  -3  -2  -3  -1   2  -1  -4  -3   0  -1  -4  -3  -3    8  32   4   4   0   6  20   0   0   0   7   9   1   0   0   8   1   0   0   0  0.45 0.20
  231 R    -1   1   1  -1   1   1  -2  -2   2   0   2   0   2  -2  -3  -1   0  -3   0  -1    5  11   8   2   3   6   0   3   8   4  27   7   6   0   0   2   5   0   3   0  0.12 0.12
  232 K    -2   1   2  -1  -4  -1   0   5  -1  -5  -5   2  -4  -5  -4  -2  -3  -4  -4  -5    0   7  12   1   0   1   4  57   1   0   0  16   0   0   0   0   0   0   0   0  0.93 0.29
  233 L    -1  -4  -5  -5  -3  -4  -4  -5  -4   3   4  -4   1  -1  -4  -4  -2   1   1   1    3   0   0   0   0   0   0   0   0  21  59   0   3   0   0   0   0   2   5   8  0.72 0.23
  234 I    -3  -4  -5  -5  -3  -4  -5  -5  -5   6   3  -4   0  -1  -4  -4  -2  -4  -3   2    0   0   0   0   0   0   0   0   0  57  33   0   0   0   0   0   0   0   0  10  0.94 0.27

                      K         Lambda
Standard Ungapped    0.1345     0.3225
Standard Gapped      0.0422     0.2670
PSI Ungapped         0.1378     0.3173
PSI Gapped           0.0422     0.2670
