
Last position-specific scoring matrix computed, weighted observed percentages rounded down, information per position, and relative weight of gapless real matches to pseudocounts
            A   R   N   D   C   Q   E   G   H   I   L   K   M   F   P   S   T   W   Y   V   A   R   N   D   C   Q   E   G   H   I   L   K   M   F   P   S   T   W   Y   V
    1 M    -1  -1  -2  -3  -1   0  -2  -3  -2   1   2  -1   6   0  -3  -2  -1  -1  -1   1    0   0   0   0   0   0   0   0   0   0   0   0 100   0   0   0   0   0   0   0  0.33 0.00
    2 Q    -1   1   0   0  -3   6   2  -2   0  -3  -2   1   0  -3  -1   0  -1  -2  -1  -2    0   0   0   0   0 100   0   0   0   0   0   0   0   0   0   0   0   0   0   0  0.64 0.00
    3 R    -1   6   0  -2  -4   1   0  -2   0  -3  -2   2  -1  -3  -2  -1  -1  -3  -2  -3    0 100   0   0   0   0   0   0   0   0   0   0   0   0   0   0   0   0   0   0  0.74 0.00
    4 L    -2  -2  -4  -4  -1  -2  -3  -4  -3   2   4  -3   2   0  -3  -3  -1  -2  -1   1    0   0   0   0   0   0   0   0   0   0 100   0   0   0   0   0   0   0   0   0  0.45 0.00
    5 S     1  -1   1   0  -1   0   0   0  -1  -2  -3   0  -2  -2  -1   4   1  -3  -2  -2    0   0   0   0   0   0   0   0   0   0   0   0   0   0   0 100   0   0   0   0  0.45 0.00
    6 P    -1  -2  -2  -2  -3  -1  -1  -2  -2  -3  -3  -1  -3  -4   8  -1  -1  -4  -3  -2    0   0   0   0   0   0   0   0   0   0   0   0   0   0 100   0   0   0   0   0  2.03 0.00
    7 G     0  -2   0  -1  -3  -2  -2   6  -2  -4  -4  -2  -3  -3  -2   0  -2  -3  -3  -3    0   0   0   0   0   0   0 100   0   0   0   0   0   0   0   0   0   0   0   0  1.04 0.00
    8 E    -1   0   0   2  -4   2   5  -2   0  -3  -3   1  -2  -3  -1   0  -1  -3  -2  -3    0   0   0   0   0   0 100   0   0   0   0   0   0   0   0   0   0   0   0   0  0.73 0.00
    9 F    -2  -3  -3  -4  -2  -3  -3  -3  -1   0   0  -3   0   6  -4  -2  -2   1   3  -1    0   0   0   0   0   0   0   0   0   0   0   0   0 100   0   0   0   0   0   0  0.73 0.00
   10 K    -1   2   0  -1  -3   1   1  -2  -1  -3  -3   5  -1  -3  -1   0  -1  -3  -2  -2    0   0   0   0   0   0   0   0   0   0   0 100   0   0   0   0   0   0   0   0  0.51 0.00
   11 T     0  -1   0  -1  -1  -1  -1  -2  -2  -1  -1  -1  -1  -2  -1   1   5  -3  -2   0    0   0   0   0   0   0   0   0   0   0   0   0   0   0   0   0 100   0   0   0  0.46 0.00
   12 L    -2  -2  -4  -4  -1  -2  -3  -4  -3   2   4  -3   2   0  -3  -3  -1  -2  -1   1    0   0   0   0   0   0   0   0   0   0 100   0   0   0   0   0   0   0   0   0  0.45 0.00
   13 I    -1  -3  -3  -3  -1  -3  -3  -4  -3   4   2  -3   1   0  -3  -2  -1  -3  -1   3    0   0   0   0   0   0   0   0   0 100   0   0   0   0   0   0   0   0   0   0  0.38 0.00
   14 S     1  -1   1   0  -1   0   0   0  -1  -2  -3   0  -2  -2  -1   4   1  -3  -2  -2    0   0   0   0   0   0   0   0   0   0   0   0   0   0   0 100   0   0   0   0  0.45 0.00
   15 K    -1   2   0  -1  -3   1   1  -2  -1  -3  -3   5  -1  -3  -1   0  -1  -3  -2  -2    0   0   0   0   0   0   0   0   0   0   0 100   0   0   0   0   0   0   0   0  0.51 0.00
   16 E    -1   0   0   2  -4   2   5  -2   0  -3  -3   1  -2  -3  -1   0  -1  -3  -2  -3    0   0   0   0   0   0 100   0   0   0   0   0   0   0   0   0   0   0   0   0  0.73 0.00
   17 R    -1   6   0  -2  -4   1   0  -2   0  -3  -2   2  -1  -3  -2  -1  -1  -3  -2  -3    0 100   0   0   0   0   0   0   0   0   0   0   0   0   0   0   0   0   0   0  0.74 0.00
   18 K    -1   2   0  -1  -3   1   1  -2  -1  -3  -3   5  -1  -3  -1   0  -1  -3  -2  -2    0   0   0   0   0   0   0   0   0   0   0 100   0   0   0   0   0   0   0   0  0.51 0.00
   19 S     1  -1   1   0  -1   0   0   0  -1  -2  -3   0  -2  -2  -1   4   1  -3  -2  -2    0   0   0   0   0   0   0   0   0   0   0   0   0   0   0 100   0   0   0   0  0.45 0.00
   20 H    -2   0   1  -1  -3   0   0  -2   8  -3  -3  -1  -2  -1  -2  -1  -2  -2   2  -3    0   0   0   0   0   0   0   0 100   0   0   0   0   0   0   0   0   0   0   0  0.84 0.00
   21 F    -2  -3  -3  -4  -2  -3  -3  -3  -1   0   0  -3   0   6  -4  -2  -2   1   3  -1    0   0   0   0   0   0   0   0   0   0   0   0   0 100   0   0   0   0   0   0  0.73 0.00
   22 I    -1  -3  -3  -3  -1  -3  -3  -4  -3   4   2  -3   1   0  -3  -2  -1  -3  -1   3    0   0   0   0   0   0   0   0   0 100   0   0   0   0   0   0   0   0   0   0  0.38 0.00
   23 T     0  -1   0  -1  -1  -1  -1  -2  -2  -1  -1  -1  -1  -2  -1   1   5  -3  -2   0    0   0   0   0   0   0   0   0   0   0   0   0   0   0   0   0 100   0   0   0  0.46 0.00
   24 P    -1  -2  -2  -2  -3  -1  -1  -2  -2  -3  -3  -1  -3  -4   8  -1  -1  -4  -3  -2    0   0   0   0   0   0   0   0   0   0   0   0   0   0 100   0   0   0   0   0  2.03 0.00
   25 F    -2  -3  -3  -4  -2  -3  -3  -3  -1   0   0  -3   0   6  -4  -2  -2   1   3  -1    0   0   0   0   0   0   0   0   0   0   0   0   0 100   0   0   0   0   0   0  0.73 0.00
   26 A     4  -1  -2  -2   0  -1  -1   0  -2  -1  -2  -1  -1  -2  -1   1   0  -3  -2   0  100   0   0   0   0   0   0   0   0   0   0   0   0   0   0   0   0   0   0   0  0.40 0.00
   27 L    -2  -2  -4  -4  -1  -2  -3  -4  -3   2   4  -3   2   0  -3  -3  -1  -2  -1   1    0   0   0   0   0   0   0   0   0   0 100   0   0   0   0   0   0   0   0   0  0.45 0.00
   28 V     0  -3  -3  -3  -1  -2  -3  -3  -3   3   1  -2   1  -1  -2  -2   0  -3  -1   4    0   0   0   0   0   0   0   0   0   0   0   0   0   0   0   0   0   0   0 100  0.34 0.00
   29 Y    -2  -2  -2  -3  -3  -1  -2  -3   2  -1  -1  -2  -1   3  -3  -2  -2   2   7  -1    0   0   0   0   0   0   0   0   0   0   0   0   0   0   0   0   0   0 100   0  0.85 0.00
   30 K    -1   2   0  -1  -3   1   1  -2  -1  -3  -3   5  -1  -3  -1   0  -1  -3  -2  -2    0   0   0   0   0   0   0   0   0   0   0 100   0   0   0   0   0   0   0   0  0.51 0.00
   31 T     0  -1   0  -1  -1  -1  -1  -2  -2  -1  -1  -1  -1  -2  -1   1   5  -3  -2   0    0   0   0   0   0   0   0   0   0   0   0   0   0   0   0   0 100   0   0   0  0.46 0.00
   32 F    -2  -3  -3  -4  -2  -3  -3  -3  -1   0   0  -3   0   6  -4  -2  -2   1   3  -1    0   0   0   0   0   0   0   0   0   0   0   0   0 100   0   0   0   0   0   0  0.73 0.00
   33 C     0  -4  -3  -4   9  -3  -4  -3  -3  -1  -1  -3  -1  -2  -3  -1  -1  -2  -3  -1    0   0   0   0 100   0   0   0   0   0   0   0   0   0   0   0   0   0   0   0  1.19 0.00
   34 D    -2  -2   1   6  -4   0   2  -1  -1  -3  -4  -1  -3  -4  -2   0  -1  -4  -3  -3    0   0   0 100   0   0   0   0   0   0   0   0   0   0   0   0   0   0   0   0  0.92 0.00
   35 L    -2  -2  -4  -4  -1  -2  -3  -4  -3   2   4  -3   2   0  -3  -3  -1  -2  -1   1    0   0   0   0   0   0   0   0   0   0 100   0   0   0   0   0   0   0   0   0  0.45 0.00
   36 G     0  -2   0  -1  -3  -2  -2   6  -2  -4  -4  -2  -3  -3  -2   0  -2  -3  -3  -3    0   0   0   0   0   0   0 100   0   0   0   0   0   0   0   0   0   0   0   0  1.04 0.00
   37 Y    -2  -2  -2  -3  -3  -1  -2  -3   2  -1  -1  -2  -1   3  -3  -2  -2   2   7  -1    0   0   0   0   0   0   0   0   0   0   0   0   0   0   0   0   0   0 100   0  0.85 0.00
   38 D    -2  -2   1   6  -4   0   2  -1  -1  -3  -4  -1  -3  -4  -2   0  -1  -4  -3  -3    0   0   0 100   0   0   0   0   0   0   0   0   0   0   0   0   0   0   0   0  0.92 0.00
   39 Q    -1   1   0   0  -3   6   2  -2   0  -3  -2   1   0  -3  -1   0  -1  -2  -1  -2    0   0   0   0   0 100   0   0   0   0   0   0   0   0   0   0   0   0   0   0  0.64 0.00
   40 K    -1   2   0  -1  -3   1   1  -2  -1  -3  -3   5  -1  -3  -1   0  -1  -3  -2  -2    0   0   0   0   0   0   0   0   0   0   0 100   0   0   0   0   0   0   0   0  0.51 0.00
   41 N    -2   0   6   1  -3   0   0   0   1  -3  -4   0  -2  -3  -2   1   0  -4  -2  -3    0   0 100   0   0   0   0   0   0   0   0   0   0   0   0   0   0   0   0   0  0.72 0.00
   42 S     1  -1   1   0  -1   0   0   0  -1  -2  -3   0  -2  -2  -1   4   1  -3  -2  -2    0   0   0   0   0   0   0   0   0   0   0   0   0   0   0 100   0   0   0   0  0.45 0.00
   43 D    -2  -2   1   6  -4   0   2  -1  -1  -3  -4  -1  -3  -4  -2   0  -1  -4  -3  -3    0   0   0 100   0   0   0   0   0   0   0   0   0   0   0   0   0   0   0   0  0.92 0.00
   44 Y    -2  -2  -2  -3  -3  -1  -2  -3   2  -1  -1  -2  -1   3  -3  -2  -2   2   7  -1    0   0   0   0   0   0   0   0   0   0   0   0   0   0   0   0   0   0 100   0  0.85 0.00
   45 F    -2  -3  -3  -4  -2  -3  -3  -3  -1   0   0  -3   0   6  -4  -2  -2   1   3  -1    0   0   0   0   0   0   0   0   0   0   0   0   0 100   0   0   0   0   0   0  0.73 0.00
   46 L    -2  -2  -4  -4  -1  -2  -3  -4  -3   2   4  -3   2   0  -3  -3  -1  -2  -1   1    0   0   0   0   0   0   0   0   0   0 100   0   0   0   0   0   0   0   0   0  0.45 0.00
   47 N    -2   0   6   1  -3   0   0   0   1  -3  -4   0  -2  -3  -2   1   0  -4  -2  -3    0   0 100   0   0   0   0   0   0   0   0   0   0   0   0   0   0   0   0   0  0.72 0.00
   48 N    -2   0   6   1  -3   0   0   0   1  -3  -4   0  -2  -3  -2   1   0  -4  -2  -3    0   0 100   0   0   0   0   0   0   0   0   0   0   0   0   0   0   0   0   0  0.72 0.00
   49 P    -1  -2  -2  -2  -3  -1  -1  -2  -2  -3  -3  -1  -3  -4   8  -1  -1  -4  -3  -2    0   0   0   0   0   0   0   0   0   0   0   0   0   0 100   0   0   0   0   0  2.03 0.00
   50 S     1  -1   1   0  -1   0   0   0  -1  -2  -3   0  -2  -2  -1   4   1  -3  -2  -2    0   0   0   0   0   0   0   0   0   0   0   0   0   0   0 100   0   0   0   0  0.45 0.00
   51 E    -1   0   0   2  -4   2   5  -2   0  -3  -3   1  -2  -3  -1   0  -1  -3  -2  -3    0   0   0   0   0   0 100   0   0   0   0   0   0   0   0   0   0   0   0   0  0.73 0.00
   52 Y    -2  -2  -2  -3  -3  -1  -2  -3   2  -1  -1  -2  -1   3  -3  -2  -2   2   7  -1    0   0   0   0   0   0   0   0   0   0   0   0   0   0   0   0   0   0 100   0  0.85 0.00
   53 I    -1  -3  -3  -3  -1  -3  -3  -4  -3   4   2  -3   1   0  -3  -2  -1  -3  -1   3    0   0   0   0   0   0   0   0   0 100   0   0   0   0   0   0   0   0   0   0  0.38 0.00
   54 I    -1  -3  -3  -3  -1  -3  -3  -4  -3   4   2  -3   1   0  -3  -2  -1  -3  -1   3    0   0   0   0   0   0   0   0   0 100   0   0   0   0   0   0   0   0   0   0  0.38 0.00
   55 A     4  -1  -2  -2   0  -1  -1   0  -2  -1  -2  -1  -1  -2  -1   1   0  -3  -2   0  100   0   0   0   0   0   0   0   0   0   0   0   0   0   0   0   0   0   0   0  0.40 0.00
   56 M    -1  -1  -2  -3  -1   0  -2  -3  -2   1   2  -1   6   0  -3  -2  -1  -1  -1   1    0   0   0   0   0   0   0   0   0   0   0   0 100   0   0   0   0   0   0   0  0.33 0.00
   57 R    -1   6   0  -2  -4   1   0  -2   0  -3  -2   2  -1  -3  -2  -1  -1  -3  -2  -3    0 100   0   0   0   0   0   0   0   0   0   0   0   0   0   0   0   0   0   0  0.74 0.00
   58 K    -1   2   0  -1  -3   1   1  -2  -1  -3  -3   5  -1  -3  -1   0  -1  -3  -2  -2    0   0   0   0   0   0   0   0   0   0   0 100   0   0   0   0   0   0   0   0  0.51 0.00
   59 N    -2   0   6   1  -3   0   0   0   1  -3  -4   0  -2  -3  -2   1   0  -4  -2  -3    0   0 100   0   0   0   0   0   0   0   0   0   0   0   0   0   0   0   0   0  0.72 0.00
   60 C     0  -4  -3  -4   9  -3  -4  -3  -3  -1  -1  -3  -1  -2  -3  -1  -1  -2  -3  -1    0   0   0   0 100   0   0   0   0   0   0   0   0   0   0   0   0   0   0   0  1.19 0.00
   61 W    -3  -3  -4  -4  -2  -2  -3  -3  -2  -3  -2  -3  -1   1  -4  -3  -3  11   2  -3    0   0   0   0   0   0   0   0   0   0   0   0   0   0   0   0   0 100   0   0  2.29 0.00
   62 K    -1   2   0  -1  -3   1   1  -2  -1  -3  -3   5  -1  -3  -1   0  -1  -3  -2  -2    0   0   0   0   0   0   0   0   0   0   0 100   0   0   0   0   0   0   0   0  0.51 0.00
   63 E    -1   0   0   2  -4   2   5  -2   0  -3  -3   1  -2  -3  -1   0  -1  -3  -2  -3    0   0   0   0   0   0 100   0   0   0   0   0   0   0   0   0   0   0   0   0  0.73 0.00
   64 F    -2  -3  -3  -4  -2  -3  -3  -3  -2   1   3  -3   1   5  -3  -3  -2   0   2   0    0   0   0   0   0   0   0   0   0   0  46   0   0  54   0   0   0   0   0   0  0.45 0.00
   65 E    -1  -1   1   4  -4   1   4  -2  -1  -3  -3   0  -3  -3  -1   0  -1  -4  -3  -3    0   0   0  46   0   0  54   0   0   0   0   0   0   0   0   0   0   0   0   0  0.68 0.00
   66 P    -1  -2  -2  -2  -3  -1  -1  -2  -2  -3  -3  -1  -3  -4   8  -1  -1  -4  -3  -2    0   0   0   0   0   0   0   0   0   0   0   0   0   0 100   0   0   0   0   0  2.05 0.01
   67 F    -2  -2   0   4  -3  -2   0  -2  -1  -1  -1  -2  -1   5  -3  -1  -2   0   2  -2    0   0   0  46   0   0   0   0   0   0   0   0   0  54   0   0   0   0   0   0  0.43 0.00
   68 E    -1   0   0   2  -4   2   5  -2   0  -3  -3   1  -2  -3  -1   0  -1  -3  -2  -3    0   0   0   0   0   0 100   0   0   0   0   0   0   0   0   0   0   0   0   0  0.74 0.01
   69 K    -1   2   0  -1  -3   4   1  -2   0  -3  -2   4  -1  -3  -1   0  -1  -3  -2  -2    0   0   0   0   0  46   0   0   0   0   0  54   0   0   0   0   0   0   0   0  0.49 0.00
   70 E    -1  -1  -1   0  -2   1   3  -3  -1   0   2   0   0  -1  -2  -1  -1  -2  -2  -1    0   0   0   0   0   0  54   0   0   0  46   0   0   0   0   0   0   0   0   0  0.27 0.00
   71 F    -2  -3  -3  -4  -2  -3  -3  -3  -2   1   3  -3   1   5  -3  -3  -2   0   2   0    0   0   0   0   0   0   0   0   0   0  46   0   0  54   0   0   0   0   0   0  0.45 0.00
   72 T    -1  -1   1   4  -2  -1   0  -2  -1  -2  -2  -1  -2  -3  -1   1   3  -3  -2  -1    0   0   0  46   0   0   0   0   0   0   0   0   0   0   0   0  54   0   0   0  0.44 0.00
   73 T    -1   4   0  -1  -2   0  -1  -2  -1  -2  -2   1  -1  -3  -2   1   3  -3  -2  -1    0  46   0   0   0   0   0   0   0   0   0   0   0   0   0   0  54   0   0   0  0.38 0.00
   74 R    -1   6   0  -2  -4   1   0  -2   0  -3  -2   2  -1  -3  -2  -1  -1  -3  -2  -3    0 100   0   0   0   0   0   0   0   0   0   0   0   0   0   0   0   0   0   0  0.76 0.01
   75 M    -1   4  -1  -2  -2   0  -1  -3  -1   0   1   1   4  -1  -2  -1  -1  -2  -1   0    0  46   0   0   0   0   0   0   0   0   0   0  54   0   0   0   0   0   0   0  0.29 0.00
   76 L    -1  -2  -3  -4  -1  -2  -3  -4  -3   2   3  -2   2   0  -3  -2  -1  -2  -1   3    0   0   0   0   0   0   0   0   0   0  54   0   0   0   0   0   0   0   0  46  0.33 0.00
   77 S     0   0   0   1  -2   1   3  -1  -1  -3  -3   0  -2  -3  -1   3   1  -3  -2  -2    0   0   0   0   0   0  46   0   0   0   0   0   0   0   0  54   0   0   0   0  0.42 0.00
   78 Y    -2  -2  -2  -3  -3  -2  -2  -3   2  -1  -1  -2  -1   3  -3  -2  -2   2   7  -1    0   0   0   0   0   0   0   0   0   0   0   0   0   0   0   0   0   0 100   0  0.87 0.01
   79 L    -2  -2  -4  -4  -1  -2  -3  -4  -3   2   4  -3   2   0  -3  -3  -1  -2  -1   1    0   0   0   0   0   0   0   0   0   0 100   0   0   0   0   0   0   0   0   0  0.46 0.00
   80 I    -1  -3  -3  -3  -1  -3  -3  -4  -3   4   1  -3   1   0  -3  -2   0  -3  -1   3    0   0   0   0   0   0   0   0   0  54   0   0   0   0   0   0   0   0   0  46  0.35 0.00
   81 D    -1  -1   1   5  -4   1   4  -2  -1  -3  -3   0  -3  -3  -1   0  -1  -4  -3  -3    0   0   0  54   0   0  46   0   0   0   0   0   0   0   0   0   0   0   0   0  0.70 0.00
   82 E    -1   0   0   2  -4   2   5  -2   0  -3  -3   1  -2  -3  -1   0  -1  -3  -2  -3    0   0   0   0   0   0 100   0   0   0   0   0   0   0   0   0   0   0   0   0  0.74 0.01
   83 E    -1  -1  -1   0  -2   1   3  -3  -1   0   2   0   0  -1  -2  -1  -1  -2  -2  -1    0   0   0   0   0   0  54   0   0   0  46   0   0   0   0   0   0   0   0   0  0.27 0.00
   84 R    -2   4   0  -1  -3   1   0  -2   6  -3  -3   1  -2  -2  -2  -1  -1  -3   0  -3    0  54   0   0   0   0   0   0  46   0   0   0   0   0   0   0   0   0   0   0  0.58 0.00
   85 I    -1  -3  -3  -3  -1  -3  -3  -4  -3   4   1  -3   1   0  -3  -2   0  -3  -1   3    0   0   0   0   0   0   0   0   0  54   0   0   0   0   0   0   0   0   0  46  0.35 0.00
   86 K    -1   1  -1  -2  -2   0   0  -2  -2   0   2   3   1  -1  -2  -1  -1  -2  -2  -1    0   0   0   0   0   0   0   0   0   0  46  54   0   0   0   0   0   0   0   0  0.20 0.00
   87 D    -2  -2   1   6  -4   0   2  -1  -1  -3  -4  -1  -3  -4  -2   0  -1  -4  -3  -3    0   0   0 100   0   0   0   0   0   0   0   0   0   0   0   0   0   0   0   0  0.94 0.01
   88 M    -1  -2  -3  -3  -1  -1  -3  -3  -2   3   2  -2   4   0  -3  -2  -1  -2  -1   2    0   0   0   0   0   0   0   0   0  46   0   0  54   0   0   0   0   0   0   0  0.30 0.00
   89 S     0   1   0   0  -2   1   0  -1  -1  -3  -3   3  -1  -3  -1   3   1  -3  -2  -2    0   0   0   0   0   0   0   0   0   0   0  46   0   0   0  54   0   0   0   0  0.34 0.00
   90 P     0  -2  -1  -1  -3  -2  -2   4  -2  -3  -3  -1  -3  -4   6  -1  -1  -3  -3  -3    0   0   0   0   0   0   0  46   0   0   0   0   0   0  54   0   0   0   0   0  1.14 0.00
   91 Y    -2  -2  -3  -3  -3  -2  -3  -3   1  -1   0  -2  -1   5  -3  -2  -2   2   6  -1    0   0   0   0   0   0   0   0   0   0   0   0   0  46   0   0   0   0  54   0  0.70 0.00
   92 D    -1  -2   1   4  -3  -1   0   4  -2  -4  -4  -1  -3  -3  -2   0  -1  -3  -3  -3    0   0   0  54   0   0   0  46   0   0   0   0   0   0   0   0   0   0   0   0  0.66 0.00
   93 A     3  -1   0  -1  -1   0  -1   0  -1  -2  -2  -1  -1  -2  -1   3   1  -3  -2  -1   54   0   0   0   0   0   0   0   0   0   0   0   0   0   0  46   0   0   0   0  0.35 0.00
   94 I    -1  -3  -3  -3  -1  -3  -3  -4  -3   4   1  -3   1   0  -3  -2   0  -3  -1   3    0   0   0   0   0   0   0   0   0  54   0   0   0   0   0   0   0   0   0  46  0.35 0.00
   95 R    -2   4   0   4  -4   0   1  -2  -1  -3  -3   1  -2  -3  -2  -1  -1  -3  -2  -3    0  54   0  46   0   0   0   0   0   0   0   0   0   0   0   0   0   0   0   0  0.56 0.00
   96 D    -1  -1   1   5  -4   1   4  -2  -1  -3  -3   0  -3  -3  -1   0  -1  -4  -3  -3    0   0   0  54   0   0  46   0   0   0   0   0   0   0   0   0   0   0   0   0  0.70 0.00
   97 F    -2  -3  -3  -4  -2  -3  -3  -3  -1   0   0  -3   0   6  -4  -2  -2   1   3  -1    0   0   0   0   0   0   0   0   0   0   0   0   0 100   0   0   0   0   0   0  0.75 0.01
   98 T     0  -1   0  -1  -1   0   0  -1  -1  -1  -1   0   0  -1   0   1   3  -1  -1   0    4   2   2   2   1   2   3   3   1   2   4   3   1   2   2   3  57   1   1   3  0.19 0.00
   99 M     0  -1  -1  -1  -1   0  -1  -1  -1   1   1  -1   4   0  -1  -1   0  -1  -1   0    4   2   2   2   1   2   3   3   1   2   4   3  55   2   2   3   3   1   1   3  0.10 0.00
  100 E     0   0   0   1  -2   1   4  -1   0  -2  -1   0  -1  -2   0   0   0  -1  -1  -1    4   2   2   2   1   2  57   3   1   2   4   3   1   2   2   3   3   1   1   3  0.29 0.00
  101 Y    -1  -1  -1  -1  -1  -1  -1  -1   1  -1  -1  -1  -1   2  -1  -1  -1   1   5  -1    4   2   2   2   1   2   3   3   1   2   4   3   1   2   2   3   3   1  56   3  0.30 0.00
  102 P     0  -1  -1  -1  -1  -1   0  -1  -1  -1  -1   0  -1  -2   6   0   0  -1  -1  -1    4   2   2   2   1   2   3   3   1   2   4   3   1   2  57   3   3   1   1   3  0.86 0.00
  103 T     0  -1   0  -1  -1   0   0  -1  -1  -1  -1   0   0  -1   0   1   3  -1  -1   0    4   2   2   2   1   2   3   3   1   2   4   3   1   2   2   3  57   1   1   3  0.19 0.00
  104 H    -1   0   0  -1  -2   0   0  -1   6  -2  -1   0  -1  -1  -1   0  -1  -1   1  -1    4   2   2   2   1   2   3   3  55   2   4   3   1   2   2   3   3   1   1   3  0.32 0.00
  105 I    -1  -1  -1  -1  -1  -1  -1  -1  -1   3   1  -1   1   0  -1  -1   0  -1  -1   2    4   2   2   2   1   2   3   3   1  57   4   3   1   2   2   3   3   1   1   3  0.08 0.00
  106 Y    -1  -1  -1  -1  -1  -1  -1  -1   1  -1  -1  -1  -1   2  -1  -1  -1   1   5  -1    4   2   2   2   1   2   3   3   1   2   4   3   1   2   2   3   3   1  56   3  0.30 0.00
  107 D    -1  -1   1   5  -2   0   1  -1  -1  -2  -2   0  -1  -2   0   0   0  -2  -1  -1    4   2   2  57   1   2   3   3   1   2   4   3   1   2   2   3   3   1   1   3  0.35 0.00
  108 L    -1  -3  -3  -4  -1  -3  -3  -4  -3   3   3  -3   2   0  -3  -3  -1  -2  -1   2    0   0   0   0   0   0   0   0   0  46  54   0   0   0   0   0   0   0   0   0  0.37 0.00
  109 A     4  -1  -2  -2   0  -1  -1   0  -2  -1  -2  -1  -1  -2  -1   1   0  -3  -2   0  100   0   0   0   0   0   0   0   0   0   0   0   0   0   0   0   0   0   0   0  0.41 0.00
  110 L    -2  -2  -4  -4  -1  -2  -3  -4  -3   2   4  -3   2   0  -3  -3  -1  -2  -1   1    0   0   0   0   0   0   0   0   0   0 100   0   0   0   0   0   0   0   0   0  0.46 0.00
  111 S     3  -1   0  -1  -1   0   0   0  -1  -2  -2   0  -1  -2  -1   3   1  -3  -2  -1   46   0   0   0   0   0   0   0   0   0   0   0   0   0   0  54   0   0   0   0  0.35 0.00
  112 N    -2   0   6   1  -3   0   0   0   1  -3  -4   0  -2  -3  -2   1   0  -4  -2  -3    0   0 100   0   0   0   0   0   0   0   0   0   0   0   0   0   0   0   0   0  0.73 0.01
  113 T     1  -1   0  -1  -1   0  -1  -1  -1  -1  -2   0  -1  -2  -1   3   4  -3  -2  -1    0   0   0   0   0   0   0   0   0   0   0   0   0   0   0  46  54   0   0   0  0.39 0.00
  114 Q    -1   0  -1  -1  -2   4   1  -2  -1   1   0   0   0  -2  -2  -1   0  -2  -1   2    0   0   0   0   0  54   0   0   0   0   0   0   0   0   0   0   0   0   0  46  0.24 0.00
  115 S     1  -1   1   0  -1   0   0   0  -1  -2  -3   0  -2  -2  -1   4   1  -3  -2  -2    0   0   0   0   0   0   0   0   0   0   0   0   0   0   0 100   0   0   0   0  0.46 0.00
  116 R    -1   6   0  -2  -4   1   0  -2   0  -3  -2   2  -1  -3  -2  -1  -1  -3  -2  -3    0 100   0   0   0   0   0   0   0   0   0   0   0   0   0   0   0   0   0   0  0.76 0.01
  117 R    -1   5   0  -1  -3   1   0  -2   0  -3  -2   4  -1  -3  -2  -1  -1  -3  -2  -2    0  54   0   0   0   0   0   0   0   0   0  46   0   0   0   0   0   0   0   0  0.57 0.00
  118 S     1  -1   1   0  -1   0   0   0  -1  -2  -3   0  -2  -2  -1   4   1  -3  -2  -2    0   0   0   0   0   0   0   0   0   0   0   0   0   0   0 100   0   0   0   0  0.46 0.00
  119 R    -1   6   0  -2  -4   1   0  -2   0  -3  -2   2  -1  -3  -2  -1  -1  -3  -2  -3    0 100   0   0   0   0   0   0   0   0   0   0   0   0   0   0   0   0   0   0  0.76 0.01
  120 A     4  -1  -2  -2   0  -1  -1   0  -2  -1  -2  -1  -1  -2  -1   1   0  -3  -2   0  100   0   0   0   0   0   0   0   0   0   0   0   0   0   0   0   0   0   0   0  0.41 0.00
  121 G     0  -2   0  -1  -3  -2  -2   6  -2  -4  -4  -2  -3  -3  -2   0  -2  -3  -3  -3    0   0   0   0   0   0   0 100   0   0   0   0   0   0   0   0   0   0   0   0  1.05 0.00
  122 K    -1   2   0  -1  -3   1   1  -2  -1  -3  -3   5  -1  -3  -1   0  -1  -3  -2  -2    0   0   0   0   0   0   0   0   0   0   0 100   0   0   0   0   0   0   0   0  0.52 0.00
  123 E     0   0   0   1  -2   1   4  -1   0  -3  -3   0  -2  -3  -1   2   0  -3  -2  -2    0   0   0   0   0   0  54   0   0   0   0   0   0   0   0  46   0   0   0   0  0.45 0.00
  124 F    -2  -3  -3  -4  -2  -3  -3  -3  -2   1   3  -3   1   5  -3  -3  -2   0   2   0    0   0   0   0   0   0   0   0   0   0  46   0   0  54   0   0   0   0   0   0  0.45 0.00
  125 E    -1   0   0   2  -4   2   5  -2   0  -3  -3   1  -2  -3  -1   0  -1  -3  -2  -3    0   0   0   0   0   0 100   0   0   0   0   0   0   0   0   0   0   0   0   0  0.74 0.01
  126 S     0  -1  -1  -1  -1  -1  -1  -1  -2   0   2  -1   1  -1  -2   3   0  -2  -1   0    0   0   0   0   0   0   0   0   0   0  46   0   0   0   0  54   0   0   0   0  0.18 0.00
  127 I    -2  -1  -1  -2  -2  -1  -1  -3   6   3   0  -2   0  -1  -3  -2  -1  -3   0   1    0   0   0   0   0   0   0   0  46  54   0   0   0   0   0   0   0   0   0   0  0.29 0.00
  128 L    -2  -2  -4  -4  -1  -2  -3  -4  -3   2   4  -3   2   0  -3  -3  -1  -2  -1   1    0   0   0   0   0   0   0   0   0   0 100   0   0   0   0   0   0   0   0   0  0.46 0.00
  129 E    -1   0   0   2  -4   2   5  -2   0  -3  -3   1  -2  -3  -1   0  -1  -3  -2  -3    0   0   0   0   0   0 100   0   0   0   0   0   0   0   0   0   0   0   0   0  0.74 0.01
  130 L    -2  -1  -1  -2  -2  -1  -1  -3   6   0   2  -2   1   0  -3  -2  -1  -2   1   0    0   0   0   0   0   0   0   0  46   0  54   0   0   0   0   0   0   0   0   0  0.33 0.00
  131 L    -2  -2  -4  -4  -1  -2  -3  -4  -3   2   4  -3   2   0  -3  -3  -1  -2  -1   1    0   0   0   0   0   0   0   0   0   0 100   0   0   0   0   0   0   0   0   0  0.46 0.00
  132 M    -2  -2  -3  -3  -2  -1  -3  -3  -1   1   1  -2   4   4  -3  -2  -1   0   1   0    0   0   0   0   0   0   0   0   0   0   0   0  54  46   0   0   0   0   0   0  0.36 0.00
  133 M    -1  -2  -3  -3  -1  -1  -3  -3  -2   3   2  -2   4   0  -3  -2  -1  -2  -1   2    0   0   0   0   0   0   0   0   0  46   0   0  54   0   0   0   0   0   0   0  0.30 0.00
  134 G     0  -1   0   0  -3   0   3   4  -1  -4  -3   0  -2  -3  -2   0  -1  -3  -3  -3    0   0   0   0   0   0  46  54   0   0   0   0   0   0   0   0   0   0   0   0  0.58 0.00
  135 A     3  -1   0  -2  -1   0  -1  -1   6  -2  -2  -1  -1  -2  -1   0  -1  -3   0  -1   54   0   0   0   0   0   0   0  46   0   0   0   0   0   0   0   0   0   0   0  0.37 0.00
  136 G     0  -2   0  -1  -3  -2  -2   6  -2  -4  -4  -2  -3  -3  -2   0  -2  -3  -3  -3    0   0   0   0   0   0   0 100   0   0   0   0   0   0   0   0   0   0   0   0  1.05 0.00
  137 I    -1  -3  -3  -3  -1  -3  -3  -4  -3   3   3  -3   2   0  -3  -2  -1  -2  -1   2    0   0   0   0   0   0   0   0   0  54  46   0   0   0   0   0   0   0   0   0  0.36 0.00
  138 P    -1   4  -1  -2  -3   0  -1  -2  -1  -3  -3   1  -2  -3   6  -1  -1  -3  -2  -3    0  46   0   0   0   0   0   0   0   0   0   0   0   0  54   0   0   0   0   0  1.05 0.00
  139 V    -1  -1  -1  -2  -2  -1  -1  -3   6   1   0  -2   0  -1  -2  -1  -1  -3   0   2    0   0   0   0   0   0   0   0  46   0   0   0   0   0   0   0   0   0   0  54  0.28 0.00
  140 D    -2  -2   0   4  -3  -1   0  -2  -1  -1  -1  -2  -1   4  -2  -1  -2  -1   1  -2    0   0   0  54   0   0   0   0   0   0   0   0   0  46   0   0   0   0   0   0  0.45 0.00
  141 V     2  -2  -2  -3  -1  -2  -2  -1  -2   1   0  -2   0  -1  -2   0   0  -3  -2   3   46   0   0   0   0   0   0   0   0   0   0   0   0   0   0   0   0   0   0  54  0.21 0.00
  142 Q     0   0   0  -1  -2   4   1  -2   0  -2  -2   1  -1  -3  -1   1   3  -2  -2  -1    0   0   0   0   0  54   0   0   0   0   0   0   0   0   0   0  46   0   0   0  0.39 0.00
  143 G     0   0   0  -1  -3   3   0   4  -1  -3  -3   0  -2  -3  -2   0  -1  -2  -2  -3    0   0   0   0   0  46   0  54   0   0   0   0   0   0   0   0   0   0   0   0  0.56 0.00
  144 A     4  -1  -2  -2   0  -1  -1   0  -2  -1  -2  -1  -1  -2  -1   1   0  -3  -2   0  100   0   0   0   0   0   0   0   0   0   0   0   0   0   0   0   0   0   0   0  0.41 0.00
  145 I    -1  -3  -3  -3  -1  -3  -3  -4  -3   4   2  -3   1   0  -3  -2  -1  -3  -1   3    0   0   0   0   0   0   0   0   0 100   0   0   0   0   0   0   0   0   0   0  0.40 0.00
  146 G     0  -2   0  -1  -2  -1  -2   4  -2  -2  -2  -1  -2  -3  -2   1   3  -3  -2  -1    0   0   0   0   0   0   0  54   0   0   0   0   0   0   0   0  46   0   0   0  0.51 0.00
  147 K    -1   1   0   1  -3   2   4  -2   0  -3  -3   4  -2  -3  -1   0  -1  -3  -2  -2    0   0   0   0   0   0  46   0   0   0   0  54   0   0   0   0   0   0   0   0  0.49 0.00
  148 S     1  -1   0  -1  -2  -1  -1   4  -1  -3  -3  -1  -2  -3  -1   3   0  -3  -2  -2    0   0   0   0   0   0   0  46   0   0   0   0   0   0   0  54   0   0   0   0  0.50 0.00
  149 F    -1  -1  -1  -1  -1  -1  -1  -1  -1   0   0  -1   0   5  -1  -1  -1   1   2  -1    4   2   2   2   1   2   3   3   1   2   4   3   1  56   2   3   3   1   1   3  0.22 0.00
  150 F    -1  -1  -1  -1  -1  -1  -1  -1  -1   0   0  -1   0   5  -1  -1  -1   1   2  -1    4   2   2   2   1   2   3   3   1   2   4   3   1  56   2   3   3   1   1   3  0.22 0.00
  151 Q     0   1   0   0  -2   4   1  -1   0  -1  -1   1   0  -2   0   0   0  -1  -1  -1    4   2   2   2   1  56   3   3   1   2   4   3   1   2   2   3   3   1   1   3  0.26 0.00
  152 K     0   1   0   0  -2   1   1  -1   0  -1  -1   3  -1  -2   0   0   0  -1  -1  -1    4   2   2   2   1   2   3   3   1   2   4  57   1   2   2   3   3   1   1   3  0.19 0.00
  153 N    -1   0   4   1  -1   0   0   0   0  -2  -2   0  -1  -2  -1   0   0  -2  -1  -1    4   2  56   2   1   2   3   3   1   2   4   3   1   2   2   3   3   1   1   3  0.27 0.00
  154 Q     0   1   0   0  -2   4   1  -1   0  -1  -1   1   0  -2   0   0   0  -1  -1  -1    4   2   2   2   1  56   3   3   1   2   4   3   1   2   2   3   3   1   1   3  0.26 0.00
  155 I    -1  -1  -1  -1  -1  -1  -1  -1  -1   3   1  -1   1   0  -1  -1   0  -1  -1   2    4   2   2   2   1   2   3   3   1  57   4   3   1   2   2   3   3   1   1   3  0.08 0.00
  156 G    -1  -1   4   0  -3  -1  -1   4  -1  -4  -4  -1  -3  -3  -2   0  -1  -3  -3  -3    0   0  46   0   0   0   0  54   0   0   0   0   0   0   0   0   0   0   0   0  0.64 0.00
  157 K    -1   2   0  -1  -3   1   1  -2  -1  -3  -3   5  -1  -3  -1   0  -1  -3  -2  -2    0   0   0   0   0   0   0   0   0   0   0 100   0   0   0   0   0   0   0   0  0.52 0.00
  158 L    -1   1  -2  -2  -2   0  -1  -3  -2   0   2   3   1  -1  -2  -1  -1  -2  -1   0    0   0   0   0   0   0   0   0   0   0  54  46   0   0   0   0   0   0   0   0  0.19 0.00
  159 V     0  -2  -3  -2  -2  -2  -2  -3  -3   1   0  -2   0  -2   5  -1  -1  -3  -2   2    0   0   0   0   0   0   0   0   0   0   0   0   0   0  46   0   0   0   0  54  0.71 0.00
  160 D    -2  -2   1   6  -4   0   2  -1  -1  -3  -4  -1  -3  -4  -2   0  -1  -4  -3  -3    0   0   0 100   0   0   0   0   0   0   0   0   0   0   0   0   0   0   0   0  0.94 0.01
  161 L    -2  -3  -3  -4  -2  -3  -3  -4  -2   1   3  -3   1   4  -3  -3  -2   0   1   0    0   0   0   0   0   0   0   0   0   0  54   0   0  46   0   0   0   0   0   0  0.42 0.00
  162 V    -1  -2  -3  -3  -1  -2  -3  -3  -3   2   3  -2   1   0  -3  -2  -1  -2  -1   3    0   0   0   0   0   0   0   0   0   0  46   0   0   0   0   0   0   0   0  54  0.32 0.00
  163 M    -2  -2  -3  -3  -2  -1  -3  -3  -1   1   1  -2   4   4  -3  -2  -1   0   1   0    0   0   0   0   0   0   0   0   0   0   0   0  54  46   0   0   0   0   0   0  0.36 0.00
  164 P    -1  -2  -2  -2  -3  -1  -1  -2  -2  -3  -3  -1  -3  -4   8  -1  -1  -4  -3  -2    0   0   0   0   0   0   0   0   0   0   0   0   0   0 100   0   0   0   0   0  2.05 0.01
  165 G     1  -2   0  -1  -2  -1  -1   4  -2  -3  -3  -1  -2  -3  -2   2   0  -3  -2  -2    0   0   0   0   0   0   0  54   0   0   0   0   0   0   0  46   0   0   0   0  0.56 0.00
  166 V     2  -2  -2  -3  -1  -2  -2  -1  -2   1   0  -2   0  -1  -2   0   0  -3  -2   3   46   0   0   0   0   0   0   0   0   0   0   0   0   0   0   0   0   0   0  54  0.21 0.00
  167 V     0  -3  -2  -2  -2  -2  -2   4  -3   1  -1  -2   0  -2  -2  -1  -1  -3  -2   2    0   0   0   0   0   0   0  46   0   0   0   0   0   0   0   0   0   0   0  54  0.31 0.00
  168 Q     2   0  -1  -1  -2   4   1  -1   0  -2  -2   1  -1  -3  -1   1   0  -2  -2  -1   46   0   0   0   0  54   0   0   0   0   0   0   0   0   0   0   0   0   0   0  0.35 0.00
  169 Y    -2  -2  -2  -3  -3  -2  -2  -3   2  -1  -1  -2  -1   3  -3  -2  -2   2   7  -1    0   0   0   0   0   0   0   0   0   0   0   0   0   0   0   0   0   0 100   0  0.87 0.01
  170 T    -1  -1   0  -1  -2   0  -1  -2   6  -2  -2  -1  -1  -2  -2   1   3  -3   0  -1    0   0   0   0   0   0   0   0  46   0   0   0   0   0   0   0  54   0   0   0  0.41 0.00
  171 S     0  -1   1   4  -2   0   1  -1  -1  -3  -3   0  -2  -3  -1   3   1  -3  -2  -2    0   0   0  46   0   0   0   0   0   0   0   0   0   0   0  54   0   0   0   0  0.47 0.00
  172 N    -1  -1   4   0  -2   0  -1  -1   0  -2  -2   0  -1  -3  -2   1   3  -3  -2  -1    0   0  54   0   0   0   0   0   0   0   0   0   0   0   0   0  46   0   0   0  0.43 0.00
  173 K    -1   1   0   1  -3   2   4  -2   0  -3  -3   4  -2  -3  -1   0  -1  -3  -2  -2    0   0   0   0   0   0  46   0   0   0   0  54   0   0   0   0   0   0   0   0  0.49 0.00
  174 R    -1   4   0   0  -4   1   3  -2   0  -3  -3   2  -2  -3  -2  -1  -1  -3  -2  -3    0  54   0   0   0   0  46   0   0   0   0   0   0   0   0   0   0   0   0   0  0.56 0.00
  175 N    -2   0   6   1  -3   0   0   0   1  -3  -4   0  -2  -3  -2   1   0  -4  -2  -3    0   0 100   0   0   0   0   0   0   0   0   0   0   0   0   0   0   0   0   0  0.73 0.01
  176 T    -1  -2  -1  -2  -1  -1  -2  -2  -2   1   2  -1   1  -1  -2   0   3  -2  -1   0    0   0   0   0   0   0   0   0   0   0  46   0   0   0   0   0  54   0   0   0  0.25 0.00
  177 M    -1   4  -1  -2  -2   0  -1  -3  -1   0   1   1   4  -1  -2  -1  -1  -2  -1   0    0  46   0   0   0   0   0   0   0   0   0   0  54   0   0   0   0   0   0   0  0.29 0.00
  178 L    -1  -2  -3  -3  -1  -1  -3  -3  -2   1   3  -2   4   0  -3  -2  -1  -2  -1   1    0   0   0   0   0   0   0   0   0   0  54   0  46   0   0   0   0   0   0   0  0.36 0.00
  179 I    -1  -3  -3  -3  -1  -3  -3  -4  -3   3   3  -3   2   0  -3  -2  -1  -2  -1   2    0   0   0   0   0   0   0   0   0  54  46   0   0   0   0   0   0   0   0   0  0.36 0.00
  180 S     3  -1   0  -1  -1   0   0   0  -1  -2  -2   0  -1  -2  -1   3   1  -3  -2  -1   46   0   0   0   0   0   0   0   0   0   0   0   0   0   0  54   0   0   0   0  0.35 0.00
  181 A     3  -2  -2  -2  -1  -1  -2  -1  -2   1   0  -1   0  -2  -1   0   0  -3  -2   2   54   0   0   0   0   0   0   0   0   0   0   0   0   0   0   0   0   0   0  46  0.22 0.00
  182 K    -1   2   0  -1  -3   1   1  -2  -1  -3  -3   5  -1  -3  -1   0  -1  -3  -2  -2    0   0   0   0   0   0   0   0   0   0   0 100   0   0   0   0   0   0   0   0  0.52 0.00
  183 T     0  -1   0  -1  -1  -1  -1  -2  -2  -1  -1  -1  -1  -2  -1   1   5  -3  -2   0    0   0   0   0   0   0   0   0   0   0   0   0   0   0   0   0 100   0   0   0  0.48 0.01
  184 T     0  -1   0  -1  -1  -1  -1  -2  -2  -1  -1  -1  -1  -2  -1   1   5  -3  -2   0    0   0   0   0   0   0   0   0   0   0   0   0   0   0   0   0 100   0   0   0  0.48 0.01
  185 L    -1  -3  -3  -4   7  -3  -3  -3  -3   1   3  -3   1  -1  -3  -2  -1  -2  -2   0    0   0   0   0  46   0   0   0   0   0  54   0   0   0   0   0   0   0   0   0  0.53 0.00
  186 R    -1   5   0  -1  -3   1   0  -2   0  -3  -2   4  -1  -3  -2  -1  -1  -3  -2  -2    0  54   0   0   0   0   0   0   0   0   0  46   0   0   0   0   0   0   0   0  0.57 0.00
  187 E    -1  -1   1   4  -4   1   4  -2  -1  -3  -3   0  -3  -3  -1   0  -1  -4  -3  -3    0   0   0  46   0   0  54   0   0   0   0   0   0   0   0   0   0   0   0   0  0.68 0.00
  188 R    -1   6   0  -2  -4   1   0  -2   0  -3  -2   2  -1  -3  -2  -1  -1  -3  -2  -3    0 100   0   0   0   0   0   0   0   0   0   0   0   0   0   0   0   0   0   0  0.76 0.01
  189 W    -3  -3  -4  -4  -2  -2  -3  -3  -2  -3  -2  -3  -2   1  -4  -3  -3  11   2  -3    0   0   0   0   0   0   0   0   0   0   0   0   0   0   0   0   0 100   0   0  2.33 0.01
  190 Q    -1   4   0  -1  -3   4   1  -2   0  -3  -2   2  -1  -3  -2   0  -1  -2  -2  -2    0  46   0   0   0  54   0   0   0   0   0   0   0   0   0   0   0   0   0   0  0.56 0.00
  191 E    -1   0   0   1  -3   4   4  -2   0  -3  -3   1  -1  -3  -1   0  -1  -3  -2  -2    0   0   0   0   0  46  54   0   0   0   0   0   0   0   0   0   0   0   0   0  0.61 0.00
  192 V    -1  -3  -3  -3  -1  -3  -3  -4  -3   3   1  -3   1  -1  -3  -2   0  -3  -1   3    0   0   0   0   0   0   0   0   0  46   0   0   0   0   0   0   0   0   0  54  0.35 0.00
  193 P    -1  -2  -3  -2  -2  -2  -2  -3  -3   0   2  -2   0  -1   6  -2  -1  -3  -2  -1    0   0   0   0   0   0   0   0   0   0  46   0   0   0  54   0   0   0   0   0  0.88 0.00
  194 E    -1   0   4   1  -3   1   4  -1   0  -3  -3   0  -2  -3  -2   0   0  -3  -2  -3    0   0  46   0   0   0  54   0   0   0   0   0   0   0   0   0   0   0   0   0  0.55 0.00
  195 E    -1   0   0   2  -4   2   5  -2   0  -3  -3   1  -2  -3  -1   0  -1  -3  -2  -3    0   0   0   0   0   0 100   0   0   0   0   0   0   0   0   0   0   0   0   0  0.74 0.01
  196 V     2  -2  -2  -3  -1  -2  -2  -1  -2   1   0  -2   0  -1  -2   0   0  -3  -2   3   46   0   0   0   0   0   0   0   0   0   0   0   0   0   0   0   0   0   0  54  0.21 0.00
  197 N    -2  -1   5   4  -3   0   1  -1   0  -3  -4   0  -3  -3  -2   0   0  -4  -3  -3    0   0  54  46   0   0   0   0   0   0   0   0   0   0   0   0   0   0   0   0  0.66 0.00
  198 R    -1   5   0  -1  -3   1   0  -2   0  -3  -2   4  -1  -3  -2  -1  -1  -3  -2  -2    0  54   0   0   0   0   0   0   0   0   0  46   0   0   0   0   0   0   0   0  0.57 0.00
  199 T     0  -1   0  -1  -1   0   0  -1  -1  -1  -1   0   0  -1   0   1   3  -1  -1   0    4   2   2   2   1   2   3   3   1   2   4   3   1   2   2   3  57   1   1   3  0.19 0.00
  200 G     0  -1   0  -1  -1  -1  -1   4  -1  -2  -2  -1  -1  -2  -1   0  -1  -1  -1  -1    4   2   2   2   1   2   3  58   1   2   4   3   1   2   2   3   3   1   1   3  0.38 0.00
  201 I    -1  -3  -3  -3  -1  -3  -3  -4  -3   4   2  -3   1   0  -3  -2  -1  -3  -1   3    0   0   0   0   0   0   0   0   0 100   0   0   0   0   0   0   0   0   0   0  0.40 0.00
  202 R    -2   4   0  -1  -3   1   0  -2   6  -3  -3   1  -2  -2  -2  -1  -1  -3   0  -3    0  54   0   0   0   0   0   0  46   0   0   0   0   0   0   0   0   0   0   0  0.58 0.00
  203 E    -1   0   0   1  -3   4   4  -2   0  -3  -3   1  -1  -3  -1   0  -1  -3  -2  -2    0   0   0   0   0  46  54   0   0   0   0   0   0   0   0   0   0   0   0   0  0.61 0.00
  204 M    -1  -2  -3  -3  -1  -1  -2  -3  -2   2   2  -2   4   0  -3  -2   0  -2  -1   3    0   0   0   0   0   0   0   0   0   0   0   0  54   0   0   0   0   0   0  46  0.27 0.00
  205 Y    -2  -1  -1  -2  -3   0  -1  -3   6  -2  -2  -1  -1   2  -3  -1  -2   1   6  -2    0   0   0   0   0   0   0   0  46   0   0   0   0   0   0   0   0   0  54   0  0.66 0.00
  206 L    -2  -2  -4  -4  -1  -2  -3  -4  -3   2   4  -3   2   0  -3  -3  -1  -2  -1   1    0   0   0   0   0   0   0   0   0   0 100   0   0   0   0   0   0   0   0   0  0.46 0.00
  207 A     3  -2  -2  -3  -1  -2  -2  -1  -2  -1   0  -2   0   4  -2   0  -1   0   1  -1   54   0   0   0   0   0   0   0   0   0   0   0   0  46   0   0   0   0   0   0  0.27 0.00
  208 T     0  -1   0  -1  -1  -1  -1  -2  -2  -1  -1  -1  -1  -2  -1   1   5  -3  -2   0    0   0   0   0   0   0   0   0   0   0   0   0   0   0   0   0 100   0   0   0  0.48 0.01
  209 L    -2  -2  -4  -4  -1  -2  -3  -4  -3   2   4  -3   2   0  -3  -3  -1  -2  -1   1    0   0   0   0   0   0   0   0   0   0 100   0   0   0   0   0   0   0   0   0  0.46 0.00
  210 D    -1   0   1   4  -3   4   2  -2   0  -3  -3   0  -2  -3  -1   0  -1  -3  -2  -3    0   0   0  54   0  46   0   0   0   0   0   0   0   0   0   0   0   0   0   0  0.60 0.00
  211 D    -1  -1   1   5  -4   1   4  -2  -1  -3  -3   0  -3  -3  -1   0  -1  -4  -3  -3    0   0   0  54   0   0  46   0   0   0   0   0   0   0   0   0   0   0   0   0  0.70 0.00
  212 S     1  -1   0  -1  -2  -1  -1   4  -1  -3  -3  -1  -2  -3  -1   3   0  -3  -2  -2    0   0   0   0   0   0   0  46   0   0   0   0   0   0   0  54   0   0   0   0  0.50 0.00
  213 F    -1  -3  -3  -3  -2  -3  -3  -3  -2   1   1  -3   0   5  -3  -2  -1   0   2   2    0   0   0   0   0   0   0   0   0   0   0   0   0  54   0   0   0   0   0  46  0.37 0.00
  214 S     1  -1   1   0  -1   0   0   0  -1  -2  -3   0  -2  -2  -1   4   1  -3  -2  -2    0   0   0   0   0   0   0   0   0   0   0   0   0   0   0 100   0   0   0   0  0.46 0.00
  215 E    -1  -1  -1   0  -2   1   3  -3  -1   0   2   0   0  -1  -2  -1  -1  -2  -2  -1    0   0   0   0   0   0  54   0   0   0  46   0   0   0   0   0   0   0   0   0  0.27 0.00
  216 E     2  -1  -1   0  -2   1   4  -1  -1  -2  -2   0  -2  -3  -1   1   0  -3  -2  -1   46   0   0   0   0   0  54   0   0   0   0   0   0   0   0   0   0   0   0   0  0.38 0.00
  217 T     0   0   0  -1  -2   4   1  -2  -1  -2  -2   0  -1  -3  -1   1   3  -2  -2  -1    0   0   0   0   0  46   0   0   0   0   0   0   0   0   0   0  54   0   0   0  0.37 0.00
  218 I    -2  -2  -3  -3  -2  -2  -3  -4   0   3   1  -2   0   2  -3  -2  -1   0   5   1    0   0   0   0   0   0   0   0   0  54   0   0   0   0   0   0   0   0  46   0  0.36 0.00
  219 N    -2   4   4   0  -3   0   0  -1   0  -3  -3   1  -2  -3  -2   0  -1  -3  -2  -3    0  46  54   0   0   0   0   0   0   0   0   0   0   0   0   0   0   0   0   0  0.52 0.00
  220 I    -1  -1  -2   0  -2   0   3  -3  -1   3   0  -1   0  -1  -2  -1  -1  -3  -2   1    0   0   0   0   0   0  46   0   0  54   0   0   0   0   0   0   0   0   0   0  0.21 0.00
  221 L    -1  -2  -3  -3  -1  -1  -3  -3  -2   1   3  -2   4   0  -3  -2  -1  -2  -1   1    0   0   0   0   0   0   0   0   0   0  54   0  46   0   0   0   0   0   0   0  0.36 0.00
  222 Y    -2   4  -1  -2  -3   0  -1  -3   1  -2  -2   1  -1   2  -3  -1  -1   1   5  -2    0  46   0   0   0   0   0   0   0   0   0   0   0   0   0   0   0   0  54   0  0.51 0.00
  223 E    -1   0   0   2  -4   2   5  -2   0  -3  -3   1  -2  -3  -1   0  -1  -3  -2  -3    0   0   0   0   0   0 100   0   0   0   0   0   0   0   0   0   0   0   0   0  0.74 0.01
  224 A     3  -1   0  -1  -1   0  -1   0  -1  -2  -2  -1  -1  -2  -1   3   1  -3  -2  -1   54   0   0   0   0   0   0   0   0   0   0   0   0   0   0  46   0   0   0   0  0.35 0.00
  225 N    -1  -1   4   0  -3  -1  -1   4   0  -4  -4  -1  -2  -3  -2   0  -1  -3  -3  -3    0   0  54   0   0   0   0  46   0   0   0   0   0   0   0   0   0   0   0   0  0.61 0.00
  226 V     0  -3  -3  -3  -1  -2  -3  -3  -3   3   1  -2   1  -1  -2  -2   0  -3  -1   4    0   0   0   0   0   0   0   0   0   0   0   0   0   0   0   0   0   0   0 100  0.35 0.00
  227 V    -1   4  -2  -2  -2   0  -1  -3  -2   1   0   1   0  -2  -2  -1  -1  -3  -1   2    0  46   0   0   0   0   0   0   0   0   0   0   0   0   0   0   0   0   0  54  0.24 0.00
  228 V    -1  -2  -3  -3  -1  -2  -3  -3  -3   2   3  -2   1   0  -3  -2  -1  -2  -1   3    0   0   0   0   0   0   0   0   0   0  46   0   0   0   0   0   0   0   0  54  0.32 0.00
  229 V     0  -3  -3  -3  -1  -2  -3  -3  -3   3   1  -2   1  -1  -2  -2   0  -3  -1   4    0   0   0   0   0   0   0   0   0   0   0   0   0   0   0   0   0   0   0 100  0.35 0.00
  230 T     0  -1   0  -1  -1  -1  -1  -2  -2  -1  -1  -1  -1  -2  -1   1   5  -3  -2   0    0   0   0   0   0   0   0   0   0   0   0   0   0   0   0   0 100   0   0   0  0.46 0.00
  231 T     0  -1   0  -1  -1  -1  -1  -2  -2  -1  -1  -1  -1  -2  -1   1   5  -3  -2   0    0   0   0   0   0   0   0   0   0   0   0   0   0   0   0   0 100   0   0   0  0.46 0.00
  232 V    -1  -3  -3  -3  -1  -3  -3  -4  -3   4   1  -3   1  -1  -3  -2   0  -3  -1   3    0   0   0   0   0   0   0   0   0  50   0   0   0   0   0   0   0   0   0  50  0.34 0.00
  233 E    -1   0   0   2  -4   2   5  -2   0  -3  -3   1  -2  -3  -1   0  -1  -3  -2  -3    0   0   0   0   0   0 100   0   0   0   0   0   0   0   0   0   0   0   0   0  0.73 0.00
  234 N    -2   0   6   1  -3   0   0   0   1  -3  -4   0  -2  -3  -2   1   0  -4  -2  -3    0   0 100   0   0   0   0   0   0   0   0   0   0   0   0   0   0   0   0   0  0.72 0.00
  235 K    -1   2   0  -1  -3   1   1  -2  -1  -3  -3   5  -1  -3  -1   0  -1  -3  -2  -2    0   0   0   0   0   0   0   0   0   0   0 100   0   0   0   0   0   0   0   0  0.51 0.00
  236 N    -2   0   6   1  -3   0   0   0   1  -3  -4   0  -2  -3  -2   1   0  -4  -2  -3    0   0 100   0   0   0   0   0   0   0   0   0   0   0   0   0   0   0   0   0  0.72 0.00
  237 F    -2  -3  -3  -4  -2  -3  -3  -3  -1   0   0  -3   0   6  -4  -2  -2   1   3  -1    0   0   0   0   0   0   0   0   0   0   0   0   0 100   0   0   0   0   0   0  0.73 0.00
  238 K    -1   2   0  -1  -3   1   1  -2  -1  -3  -3   5  -1  -3  -1   0  -1  -3  -2  -2    0   0   0   0   0   0   0   0   0   0   0 100   0   0   0   0   0   0   0   0  0.51 0.00
  239 Y    -2  -2  -2  -3  -3  -1  -2  -3   2  -1  -1  -2  -1   3  -3  -2  -2   2   7  -1    0   0   0   0   0   0   0   0   0   0   0   0   0   0   0   0   0   0 100   0  0.85 0.00
  240 K    -1   2   0  -1  -3   1   1  -2  -1  -3  -3   5  -1  -3  -1   0  -1  -3  -2  -2    0   0   0   0   0   0   0   0   0   0   0 100   0   0   0   0   0   0   0   0  0.51 0.00
  241 N    -2   0   6   1  -3   0   0   0   1  -3  -4   0  -2  -3  -2   1   0  -4  -2  -3    0   0 100   0   0   0   0   0   0   0   0   0   0   0   0   0   0   0   0   0  0.72 0.00
  242 N    -2   0   6   1  -3   0   0   0   1  -3  -4   0  -2  -3  -2   1   0  -4  -2  -3    0   0 100   0   0   0   0   0   0   0   0   0   0   0   0   0   0   0   0   0  0.72 0.00
  243 N    -2   0   6   1  -3   0   0   0   1  -3  -4   0  -2  -3  -2   1   0  -4  -2  -3    0   0 100   0   0   0   0   0   0   0   0   0   0   0   0   0   0   0   0   0  0.72 0.00
  244 R    -1   6   0  -2  -4   1   0  -2   0  -3  -2   2  -1  -3  -2  -1  -1  -3  -2  -3    0 100   0   0   0   0   0   0   0   0   0   0   0   0   0   0   0   0   0   0  0.74 0.00
  245 V     0  -3  -3  -3  -1  -2  -3  -3  -3   3   1  -2   1  -1  -2  -2   0  -3  -1   4    0   0   0   0   0   0   0   0   0   0   0   0   0   0   0   0   0   0   0 100  0.34 0.00
  246 L    -2  -2  -4  -4  -1  -2  -3  -4  -3   2   4  -3   2   0  -3  -3  -1  -2  -1   1    0   0   0   0   0   0   0   0   0   0 100   0   0   0   0   0   0   0   0   0  0.45 0.00
  247 T     0  -1   0  -1  -1  -1  -1  -2  -2  -1  -1  -1  -1  -2  -1   1   5  -3  -2   0    0   0   0   0   0   0   0   0   0   0   0   0   0   0   0   0 100   0   0   0  0.46 0.00
  248 F    -2  -3  -3  -4  -2  -3  -3  -3  -1   0   0  -3   0   6  -4  -2  -2   1   3  -1    0   0   0   0   0   0   0   0   0   0   0   0   0 100   0   0   0   0   0   0  0.73 0.00
  249 E    -1   0   0   2  -4   2   5  -2   0  -3  -3   1  -2  -3  -1   0  -1  -3  -2  -3    0   0   0   0   0   0 100   0   0   0   0   0   0   0   0   0   0   0   0   0  0.73 0.00
  250 D    -2  -2   1   6  -4   0   2  -1  -1  -3  -4  -1  -3  -4  -2   0  -1  -4  -3  -3    0   0   0 100   0   0   0   0   0   0   0   0   0   0   0   0   0   0   0   0  0.92 0.00
  251 M    -1  -1  -2  -3  -1   0  -2  -3  -2   1   2  -1   6   0  -3  -2  -1  -1  -1   1    0   0   0   0   0   0   0   0   0   0   0   0 100   0   0   0   0   0   0   0  0.33 0.00
  252 L    -2  -2  -4  -4  -1  -2  -3  -4  -3   2   4  -3   2   0  -3  -3  -1  -2  -1   1    0   0   0   0   0   0   0   0   0   0 100   0   0   0   0   0   0   0   0   0  0.45 0.00
  253 Q    -1   1   0   0  -3   6   2  -2   0  -3  -2   1   0  -3  -1   0  -1  -2  -1  -2    0   0   0   0   0 100   0   0   0   0   0   0   0   0   0   0   0   0   0   0  0.64 0.00
  254 S     1  -1   1   0  -1   0   0   0  -1  -2  -3   0  -2  -2  -1   4   1  -3  -2  -2    0   0   0   0   0   0   0   0   0   0   0   0   0   0   0 100   0   0   0   0  0.45 0.00
  255 A     4  -1  -2  -2   0  -1  -1   0  -2  -1  -2  -1  -1  -2  -1   1   0  -3  -2   0  100   0   0   0   0   0   0   0   0   0   0   0   0   0   0   0   0   0   0   0  0.40 0.00
  256 M    -1  -1  -2  -3  -1   0  -2  -3  -2   1   2  -1   6   0  -3  -2  -1  -1  -1   1    0   0   0   0   0   0   0   0   0   0   0   0 100   0   0   0   0   0   0   0  0.33 0.00
  257 E    -1   0   0   2  -4   2   5  -2   0  -3  -3   1  -2  -3  -1   0  -1  -3  -2  -3    0   0   0   0   0   0 100   0   0   0   0   0   0   0   0   0   0   0   0   0  0.73 0.00
  258 L    -2  -2  -4  -4  -1  -2  -3  -4  -3   2   4  -3   2   0  -3  -3  -1  -2  -1   1    0   0   0   0   0   0   0   0   0   0 100   0   0   0   0   0   0   0   0   0  0.45 0.00
  259 S     1  -1   1   0  -1   0   0   0  -1  -2  -3   0  -2  -2  -1   4   1  -3  -2  -2    0   0   0   0   0   0   0   0   0   0   0   0   0   0   0 100   0   0   0   0  0.45 0.00
  260 R    -1   6   0  -2  -4   1   0  -2   0  -3  -2   2  -1  -3  -2  -1  -1  -3  -2  -3    0 100   0   0   0   0   0   0   0   0   0   0   0   0   0   0   0   0   0   0  0.74 0.00
  261 K    -1   2   0  -1  -3   1   1  -2  -1  -3  -3   5  -1  -3  -1   0  -1  -3  -2  -2    0   0   0   0   0   0   0   0   0   0   0 100   0   0   0   0   0   0   0   0  0.51 0.00
  262 W    -3  -3  -4  -4  -2  -2  -3  -3  -2  -3  -2  -3  -1   1  -4  -3  -3  11   2  -3    0   0   0   0   0   0   0   0   0   0   0   0   0   0   0   0   0 100   0   0  2.29 0.00
  263 N    -2   0   6   1  -3   0   0   0   1  -3  -4   0  -2  -3  -2   1   0  -4  -2  -3    0   0 100   0   0   0   0   0   0   0   0   0   0   0   0   0   0   0   0   0  0.72 0.00
  264 N    -2   0   6   1  -3   0   0   0   1  -3  -4   0  -2  -3  -2   1   0  -4  -2  -3    0   0 100   0   0   0   0   0   0   0   0   0   0   0   0   0   0   0   0   0  0.72 0.00
  265 V     0  -3  -3  -3  -1  -2  -3  -3  -3   3   1  -2   1  -1  -2  -2   0  -3  -1   4    0   0   0   0   0   0   0   0   0   0   0   0   0   0   0   0   0   0   0 100  0.34 0.00
  266 S     1  -1   1   0  -1   0   0   0  -1  -2  -3   0  -2  -2  -1   4   1  -3  -2  -2    0   0   0   0   0   0   0   0   0   0   0   0   0   0   0 100   0   0   0   0  0.45 0.00
  267 Y    -2  -2  -2  -3  -3  -1  -2  -3   2  -1  -1  -2  -1   3  -3  -2  -2   2   7  -1    0   0   0   0   0   0   0   0   0   0   0   0   0   0   0   0   0   0 100   0  0.85 0.00
  268 T     0  -1   0  -1  -1  -1  -1  -2  -2  -1  -1  -1  -1  -2  -1   1   5  -3  -2   0    0   0   0   0   0   0   0   0   0   0   0   0   0   0   0   0 100   0   0   0  0.46 0.00
  269 D    -2  -2   1   6  -4   0   2  -1  -1  -3  -4  -1  -3  -4  -2   0  -1  -4  -3  -3    0   0   0 100   0   0   0   0   0   0   0   0   0   0   0   0   0   0   0   0  0.92 0.00
  270 S     1  -1   1   0  -1   0   0   0  -1  -2  -3   0  -2  -2  -1   4   1  -3  -2  -2    0   0   0   0   0   0   0   0   0   0   0   0   0   0   0 100   0   0   0   0  0.45 0.00
  271 E    -1   0   0   2  -4   2   5  -2   0  -3  -3   1  -2  -3  -1   0  -1  -3  -2  -3    0   0   0   0   0   0 100   0   0   0   0   0   0   0   0   0   0   0   0   0  0.73 0.00
  272 K    -1   2   0  -1  -3   1   1  -2  -1  -3  -3   5  -1  -3  -1   0  -1  -3  -2  -2    0   0   0   0   0   0   0   0   0   0   0 100   0   0   0   0   0   0   0   0  0.51 0.00
  273 E    -1   0   0   2  -4   2   5  -2   0  -3  -3   1  -2  -3  -1   0  -1  -3  -2  -3    0   0   0   0   0   0 100   0   0   0   0   0   0   0   0   0   0   0   0   0  0.73 0.00
  274 E    -1   0   0   2  -4   2   5  -2   0  -3  -3   1  -2  -3  -1   0  -1  -3  -2  -3    0   0   0   0   0   0 100   0   0   0   0   0   0   0   0   0   0   0   0   0  0.73 0.00
  275 I    -1  -3  -3  -3  -1  -3  -3  -4  -3   4   2  -3   1   0  -3  -2  -1  -3  -1   3    0   0   0   0   0   0   0   0   0 100   0   0   0   0   0   0   0   0   0   0  0.38 0.00
  276 Q    -1   1   0   0  -3   6   2  -2   0  -3  -2   1   0  -3  -1   0  -1  -2  -1  -2    0   0   0   0   0 100   0   0   0   0   0   0   0   0   0   0   0   0   0   0  0.64 0.00
  277 Q    -1   4   0  -1  -3   4   1  -2   0  -3  -2   2  -1  -3  -2   0  -1  -2  -2  -2    0  50   0   0   0  50   0   0   0   0   0   0   0   0   0   0   0   0   0   0  0.56 0.00
  278 S     1  -1   1   0  -1   0   0   0  -1  -2  -3   0  -2  -2  -1   4   1  -3  -2  -2    0   0   0   0   0   0   0   0   0   0   0   0   0   0   0 100   0   0   0   0  0.45 0.00
  279 I    -1  -3  -3  -3  -1  -3  -3  -4  -3   4   2  -3   1   0  -3  -2  -1  -3  -1   3    0   0   0   0   0   0   0   0   0 100   0   0   0   0   0   0   0   0   0   0  0.38 0.00
  280 L    -2  -2  -4  -4  -1  -2  -3  -4  -3   2   4  -3   2   0  -3  -3  -1  -2  -1   1    0   0   0   0   0   0   0   0   0   0 100   0   0   0   0   0   0   0   0   0  0.45 0.00
  281 K    -1   2   0  -1  -3   1   1  -2  -1  -3  -3   5  -1  -3  -1   0  -1  -3  -2  -2    0   0   0   0   0   0   0   0   0   0   0 100   0   0   0   0   0   0   0   0  0.51 0.00
  282 Q    -1   1   0   0  -3   6   2  -2   0  -3  -2   1   0  -3  -1   0  -1  -2  -1  -2    0   0   0   0   0 100   0   0   0   0   0   0   0   0   0   0   0   0   0   0  0.64 0.00
  283 I    -1  -3  -3  -3  -1  -3  -3  -4  -3   4   2  -3   1   0  -3  -2  -1  -3  -1   3    0   0   0   0   0   0   0   0   0 100   0   0   0   0   0   0   0   0   0   0  0.38 0.00
  284 E    -1   0   0   2  -4   2   5  -2   0  -3  -3   1  -2  -3  -1   0  -1  -3  -2  -3    0   0   0   0   0   0 100   0   0   0   0   0   0   0   0   0   0   0   0   0  0.73 0.00
  285 K    -1   2   0  -1  -3   1   1  -2  -1  -3  -3   5  -1  -3  -1   0  -1  -3  -2  -2    0   0   0   0   0   0   0   0   0   0   0 100   0   0   0   0   0   0   0   0  0.51 0.00
  286 Y    -2  -2  -2  -3  -3  -1  -2  -3   2  -1  -1  -2  -1   3  -3  -2  -2   2   7  -1    0   0   0   0   0   0   0   0   0   0   0   0   0   0   0   0   0   0 100   0  0.85 0.00
  287 S     1  -1   1   0  -1   0   0   0  -1  -2  -3   0  -2  -2  -1   4   1  -3  -2  -2    0   0   0   0   0   0   0   0   0   0   0   0   0   0   0 100   0   0   0   0  0.45 0.00
  288 D    -2  -2   1   6  -4   0   2  -1  -1  -3  -4  -1  -3  -4  -2   0  -1  -4  -3  -3    0   0   0 100   0   0   0   0   0   0   0   0   0   0   0   0   0   0   0   0  0.92 0.00
  289 F    -2  -3  -3  -4  -2  -3  -3  -3  -1   0   0  -3   0   6  -4  -2  -2   1   3  -1    0   0   0   0   0   0   0   0   0   0   0   0   0 100   0   0   0   0   0   0  0.73 0.00
  290 P    -1  -2  -2  -2  -3  -1  -1  -2  -2  -3  -3  -1  -3  -4   8  -1  -1  -4  -3  -2    0   0   0   0   0   0   0   0   0   0   0   0   0   0 100   0   0   0   0   0  2.03 0.00
  291 Y    -2  -2  -2  -3  -3  -1  -2  -3   2  -1  -1  -2  -1   3  -3  -2  -2   2   7  -1    0   0   0   0   0   0   0   0   0   0   0   0   0   0   0   0   0   0 100   0  0.85 0.00
  292 V     0  -3  -3  -3  -1  -2  -3  -3  -3   3   1  -2   1  -1  -2  -2   0  -3  -1   4    0   0   0   0   0   0   0   0   0   0   0   0   0   0   0   0   0   0   0 100  0.34 0.00
  293 V     0  -3  -3  -3  -1  -2  -3  -3  -3   3   1  -2   1  -1  -2  -2   0  -3  -1   4    0   0   0   0   0   0   0   0   0   0   0   0   0   0   0   0   0   0   0 100  0.34 0.00
  294 N    -2   0   6   1  -3   0   0   0   1  -3  -4   0  -2  -3  -2   1   0  -4  -2  -3    0   0 100   0   0   0   0   0   0   0   0   0   0   0   0   0   0   0   0   0  0.72 0.00
  295 Y    -2  -2  -2  -3  -3  -1  -2  -3   2  -1  -1  -2  -1   3  -3  -2  -2   2   7  -1    0   0   0   0   0   0   0   0   0   0   0   0   0   0   0   0   0   0 100   0  0.85 0.00
  296 Y    -2  -2  -2  -3  -3  -1  -2  -3   2  -1  -1  -2  -1   3  -3  -2  -2   2   7  -1    0   0   0   0   0   0   0   0   0   0   0   0   0   0   0   0   0   0 100   0  0.85 0.00
  297 R    -1   6   0  -2  -4   1   0  -2   0  -3  -2   2  -1  -3  -2  -1  -1  -3  -2  -3    0 100   0   0   0   0   0   0   0   0   0   0   0   0   0   0   0   0   0   0  0.74 0.00
  298 N    -2   0   6   1  -3   0   0   0   1  -3  -4   0  -2  -3  -2   1   0  -4  -2  -3    0   0 100   0   0   0   0   0   0   0   0   0   0   0   0   0   0   0   0   0  0.72 0.00
  299 R    -1   6   0  -2  -4   1   0  -2   0  -3  -2   2  -1  -3  -2  -1  -1  -3  -2  -3    0 100   0   0   0   0   0   0   0   0   0   0   0   0   0   0   0   0   0   0  0.74 0.00
  300 L    -2  -2  -4  -4  -1  -2  -3  -4  -3   2   4  -3   2   0  -3  -3  -1  -2  -1   1    0   0   0   0   0   0   0   0   0   0 100   0   0   0   0   0   0   0   0   0  0.45 0.00
  301 S     1  -1   1   0  -1   0   0   0  -1  -2  -3   0  -2  -2  -1   4   1  -3  -2  -2    0   0   0   0   0   0   0   0   0   0   0   0   0   0   0 100   0   0   0   0  0.45 0.00
  302 A     4  -1  -2  -2   0  -1  -1   0  -2  -1  -2  -1  -1  -2  -1   1   0  -3  -2   0  100   0   0   0   0   0   0   0   0   0   0   0   0   0   0   0   0   0   0   0  0.40 0.00
  303 L    -2  -2  -4  -4  -1  -2  -3  -4  -3   2   4  -3   2   0  -3  -3  -1  -2  -1   1    0   0   0   0   0   0   0   0   0   0 100   0   0   0   0   0   0   0   0   0  0.45 0.00
  304 F    -2  -3  -3  -4  -2  -3  -3  -3  -1   0   0  -3   0   6  -4  -2  -2   1   3  -1    0   0   0   0   0   0   0   0   0   0   0   0   0 100   0   0   0   0   0   0  0.73 0.00
  305 D    -2  -2   1   6  -4   0   2  -1  -1  -3  -4  -1  -3  -4  -2   0  -1  -4  -3  -3    0   0   0 100   0   0   0   0   0   0   0   0   0   0   0   0   0   0   0   0  0.92 0.00

                      K         Lambda
Standard Ungapped    0.1332     0.3179
Standard Gapped      0.0409     0.2670
PSI Ungapped         0.1335     0.3182
PSI Gapped           0.0409     0.2670
