d1dlwa_	d1dlwa_	100.000	116	0	0	1	116	1	116	2.42e-081	231
d1dlwa_	d1idra_	35.652	115	74	0	1	115	13	127	2.50e-025	89.7
d1dlwa_	d1dlya_	38.136	118	71	1	1	116	1	118	8.86e-025	88.2
d1dlwa_	d1f56a_	30.189	53	37	0	2	54	26	78	0.11	27.3
d1dlwa_	d1ju3a2	55.000	20	9	0	1	20	235	254	1.1	25.4
d1dlwa_	d1cqxa1	32.432	37	23	1	56	90	71	107	1.5	24.6
d1dlwa_	d2gdm__	45.455	22	12	0	60	81	89	110	3.3	23.9
d1dlwa_	d1tmf1_	31.169	77	43	3	34	108	102	170	4.3	23.5
d1dlwa_	d1ib2a_	44.444	18	10	0	99	116	84	101	5.2	23.5
d1dlwa_	d1guqa2	33.333	30	20	0	15	44	118	147	7.7	22.7
