d1exka_	d1fgja_	56.250	16	7	0	3	18	161	176	0.21	26.2
d1exka_	d1fgja_	38.462	26	13	1	13	35	238	263	0.76	24.6
d1exka_	d1g9mh1	26.984	63	24	2	23	65	13	73	1.4	23.9
d1exka_	d1stfi_	50.000	22	11	0	20	41	3	24	1.4	23.5
d1exka_	d1gl3a2	40.909	22	13	0	2	23	149	170	1.7	23.9
d1exka_	d1ev11_	39.286	28	17	0	3	30	23	50	2.1	23.5
d1exka_	d1icia_	52.632	19	8	1	7	25	149	166	2.9	23.1
d1exka_	d1cgha_	45.833	24	13	0	22	45	112	135	3.4	22.7
d1exka_	d1a9xa6	32.500	40	27	0	1	40	187	226	3.5	22.7
d1exka_	d1e3db_	33.333	24	16	0	54	77	2	25	5.4	22.3
d1exka_	d1byma_	37.037	27	17	0	8	34	3	29	6.3	21.9
d1exka_	d1h7sa2	35.135	37	21	1	30	63	93	129	6.5	21.9
d1exka_	d1lbea_	32.432	37	18	2	19	52	113	145	7.4	21.9
d1exka_	d1ja9a_	37.500	24	15	0	40	63	114	137	7.9	21.9
d1exka_	d1h2rl_	38.889	18	11	0	60	77	5	22	8.4	21.9
d1exka_	d1dbia_	33.333	30	17	1	35	64	242	268	9.7	21.6
d1exka_	d1sema_	33.333	21	14	0	35	55	37	57	9.8	20.8
