
Last position-specific scoring matrix computed, weighted observed percentages rounded down, information per position, and relative weight of gapless real matches to pseudocounts
            A   R   N   D   C   Q   E   G   H   I   L   K   M   F   P   S   T   W   Y   V   A   R   N   D   C   Q   E   G   H   I   L   K   M   F   P   S   T   W   Y   V
    1 A     5  -2  -2  -2  -1  -1  -1   0  -2  -2  -2  -1  -1  -3  -1   2   0  -3  -2  -1   85   0   0   0   0   0   0   0   0   0   0   0   0   0   0  15   0   0   0   0  0.54 0.09
    2 G     0  -1  -2  -3  -4  -3  -3   6  -4  -5  -5  -3  -4  -5  -4   1  -3  -4  -5  -5    4   3   0   0   0   0   0  83   0   0   0   0   0   0   0   9   0   0   0   0  1.42 0.34
    3 R    -2   6   0  -3  -5   2  -1  -4  -2  -5  -4   3  -1  -5  -4   0  -3  -5  -4  -4    2  53   4   0   0  10   2   0   0   0   0  19   2   0   0   8   0   0   0   0  1.04 0.40
    4 W    -3  -4  -2  -2  -5  -3  -3  -1  -1  -3   0   0   2   4  -2  -3  -4   9   2  -4    2   0   2   3   0   1   1   4   2   0   9   6   6  21   3   2   0  35   5   0  1.20 0.46
    5 N    -1   1   3   3  -4   0  -1  -2   1  -4  -4   1  -3  -4  -1   3  -1  -4  -2  -3    3   8  16  15   0   4   2   1   4   0   1   9   0   0   3  28   3   0   1   1  0.48 0.30
    6 L    -4  -5  -6  -6  -5  -5  -6  -5  -5   0   5  -5   3   2  -4  -5  -4  -1  -3   1    0   0   0   0   0   0   0   1   0   4  64   0   6   9   1   0   0   1   1  10  1.24 0.56
    7 E     0   1   0   1  -5   3   3  -3   0  -4  -4   3  -3  -4  -1   0   1  -5  -3  -3    8   5   5   6   0  12  18   1   2   1   1  22   1   0   3   5   8   0   0   1  0.46 0.32
    8 G    -3  -3   1   1  -6  -3  -4   7  -3  -7  -7  -3  -6  -7  -4  -2  -4  -6  -6  -6    1   1   7   8   0   1   1  72   0   0   0   2   0   0   1   3   1   0   0   0  1.70 0.74
    9 C     0   2  -2  -4   1   0  -1  -5  -3  -3  -3   6   1  -6  -3  -1  -2  -6  -4  -5    8   9   1   1   3   4   4   0   1   1   2  53   3   0   1   4   3   0   0   0  1.04 0.57
   10 T    -2   1  -1  -5  -4  -4  -5  -5  -1   0  -1   0  -3  -3  -5  -2   3   4  -1   5    3   7   3   0   0   0   0   0   2   4   4   6   0   1   0   2  21   5   2  40  0.75 0.47
   11 A     6  -7  -7  -7  -1  -6  -6  -4  -7   2  -4  -6  -5  -3  -6  -4  -3  -7  -1   4   56   0   0   0   1   0   0   1   0   9   1   0   0   1   0   1   1   0   2  27  1.46 0.77
   12 L    -4  -7  -8  -8  -3  -7  -7  -8  -7   3   5  -7  -1   1  -7  -5  -5  -1  -4   4    2   0   0   0   1   0   0   0   0  15  47   0   1   6   0   1   0   1   0  26  1.31 0.65
   13 V    -6  -9  -9  -9  -7  -8  -9  -9  -9   6  -1  -8  -5  -6  -8  -8  -6  -9  -7   6    0   0   0   0   0   0   0   0   0  42   4   0   0   0   0   0   0   0   0  53  2.21 0.97
   14 T    -5  -8  -7  -8  -3  -7  -7  -8  -8  -3  -6  -7   0  -3  -8  -2   8  -9  -8  -3    1   0   0   0   1   0   0   0   0   2   1   0   2   1   0   3  87   0   0   2  2.63 1.25
   15 G    -2  -9  -7  -3  -9  -8  -8   8  -8 -10 -10  -8  -9 -10  -9  -5  -8  -9 -10 -10    3   0   0   2   0   0   0  95   0   0   0   0   0   0   0   1   0   0   0   0  2.92 1.24
   16 G     5  -7  -1  -7   3  -6  -6   5  -7  -5  -7  -6  -7  -8  -5   1  -5  -8  -7  -4   46   0   3   0   5   0   0  34   0   1   0   0   0   0   1   8   0   0   0   1  1.44 0.78
   17 S     2  -5   2   0  -3  -4  -4   2  -6  -4  -5  -3  -4  -7  -4   5   2  -7  -6  -4   16   0   9   6   0   0   1  12   0   1   1   2   0   0   1  38  12   0   0   1  0.85 0.58
   18 R    -1   4  -3   2  -4   1  -3   0  -2  -7  -6   2  -4  -7  -6   4   0  -7  -4  -6    4  23   1   9   0   6   1   6   1   0   0  10   0   0   0  32   5   0   1   0  0.82 0.57
   19 G    -3  -3  -7  -6  -9  -8  -8   8  -8 -10 -10  -8  -9  -9  -8  -1  -4  -4  -9  -6    2   2   0   0   0   0   0  89   0   0   0   0   0   0   0   5   1   0   0   1  2.60 1.18
   20 I    -6  -9  -7  -9  -7  -5  -9 -10  -9   8   2  -8   0   1  -6  -8  -7  -8  -7  -2    0   0   0   0   0   1   0   0   0  71  19   0   2   5   1   0   0   0   0   2  2.19 0.98
   21 G    -1  -9  -7  -8  -2  -8  -8   8  -8 -10 -10  -8  -9 -10  -9  -5  -8  -3  -9  -9    6   0   0   0   1   0   0  92   0   0   0   0   0   0   0   0   0   1   0   0  2.82 1.25
   22 Y     0   4  -3  -5  -6  -1   1  -4  -1  -4   1   4  -3   2  -6  -3  -3   2   1  -4    9  21   1   0   0   2   8   1   1   0  13  24   0   9   0   2   1   2   4   0  0.62 0.45
   23 G     5  -3  -4  -4  -1  -2   3   1   0  -6  -4  -4  -4  -4  -6   0  -3  -7  -4  -2   47   1   1   1   1   2  21   9   2   0   2   0   0   1   0   7   2   0   1   2  0.95 0.63
   24 I    -1  -7  -7  -7   1  -4  -7  -7  -2   5   2  -6   2   1  -7  -4   2  -6   2   1    5   0   0   0   3   1   0   0   1  34  16   0   5   5   0   1  14   0   7   9  0.90 0.54
   25 V     6  -7  -7  -8   3  -7  -7  -5  -8  -4  -6  -7  -6  -8  -7   0  -2  -9  -8   2   71   0   0   0   5   0   0   0   0   1   0   0   0   0   0   6   3   0   0  14  1.81 0.98
   26 E    -3   3  -4  -2  -6   1   2  -6   1  -1   1   3  -1  -1  -4  -3  -1  -2   2   0    2  16   0   2   0   6  14   0   3   4  14  18   2   2   0   2   3   0   6   6  0.40 0.34
   27 E     1   2  -2  -2  -2   2   3  -2   3  -2   0   1  -1  -4  -5  -1  -1  -3  -4   0   13  13   1   2   1  11  17   2   6   2   9   7   1   0   0   4   3   0   0   6  0.31 0.30
   28 L    -2  -8  -9  -9   0  -5  -8  -7  -7  -2   6  -8   1   5  -9  -8  -7  -3   1  -4    3   0   0   0   2   1   0   0   0   1  62   0   3  22   0   0   0   0   5   0  1.69 0.87
   29 A     5  -4  -6  -2   0  -4  -4  -2   4  -1   0  -2  -3  -3  -6   0  -3  -7  -1   0   51   1   0   3   2   1   0   4   8   3   9   2   1   1   0   5   1   0   2   6  0.86 0.59
   30 S     2   3  -1  -1  -2   3   2  -2   0  -6  -3   3  -3  -6  -4   1  -1  -6  -4  -5   15  17   3   3   1  11  12   3   2   0   2  18   1   0   1   9   3   0   1   0  0.51 0.41
   31 L     1   2  -1   1  -4   2   2  -4   3  -5   1   1   2  -1  -4  -2  -3  -6  -3  -4   14  12   3   6   0  10  16   1   6   0  12   8   5   3   0   2   1   0   1   1  0.37 0.34
   32 G    -5  -3  -2  -3  -9  -4  -4   7  -4  -7 -10  -3  -5  -7  -4  -4  -8  -9  -6  -7    1   2   2   1   0   1   2  85   1   0   0   2   0   0   1   1   0   0   0   0  2.34 1.14
   33 A     5  -4  -4  -3   2  -3  -6  -2  -1  -1  -3  -4   0   3  -5   0  -3  -1   2  -2   52   1   1   2   4   1   0   3   2   4   3   1   2  10   0   6   1   1   6   2  0.92 0.61
   34 S    -2   3   4   0  -1   1  -1  -5   3  -3  -4   3  -3  -4  -3   0   1  -6  -2  -3    3  13  16   6   1   5   4   0   7   2   2  18   0   1   1   7  10   0   1   2  0.49 0.38
   35 V    -3  -5  -8  -8  -3  -7  -8  -8  -8   3   2  -5  -3  -5  -8  -6  -2  -8  -4   7    2   1   0   0   1   0   0   0   0  15  15   1   0   0   0   0   2   0   1  61  1.68 0.85
   36 Y     1  -5  -6  -6  -3  -4  -4  -3   2   3   0  -5  -1   1  -5  -2  -2  -2   3   4   12   0   0   0   0   1   1   2   4  17   8   0   1   6   0   3   3   1  10  30  0.68 0.44
   37 T     1  -3  -3  -5  -3  -3  -6  -1  -6   3   3  -4   0   0  -6  -2   0  -6  -2   3   13   1   2   0   1   1   0   4   0  17  29   1   1   3   0   3   5   0   1  17  0.56 0.38
   38 C     1  -5   0  -4   5  -4  -4  -1  -1   2   0  -3  -2  -3  -4   0   3   1  -2   2   13   0   5   1  11   0   1   4   1   9   8   1   0   1   1   8  16   2   1  17  0.42 0.34
   39 S     3  -3  -3   3   2  -4  -1   2  -2  -4  -3  -4  -5  -5  -3   3  -3  -6   2  -2   20   1   1  18   4   0   4  12   1   1   2   0   0   0   1  24   1   0   6   3  0.59 0.47
   40 R    -1   7  -3  -3  -7  -1  -3  -5   0   1  -1   0  -3  -3  -2  -3  -2  -1  -4  -2    6  52   1   2   0   2   1   1   2   7   7   5   0   1   2   2   2   1   1   3  1.10 0.65
   41 N    -3   1   5   2  -6  -2  -1  -1  -1  -5  -3  -1  -3  -4  -1   2   3  -6  -4  -5    2   9  23  12   0   2   3   5   1   0   2   3   1   1   3  15  16   0   0   1  0.60 0.45
   42 Q     1   0  -2   0  -5   3   3  -1  -1  -3   0   0   1  -3   0   0  -2   0  -3  -1   11   4   2   5   0  14  21   4   1   1   8   6   3   1   4   6   2   1   1   5  0.26 0.26
   43 K     1   0  -1   2  -5   1   3  -2  -1  -4  -3   3  -4  -4  -1   1   0  -5  -2  -3   10   5   2  10   0   5  22   3   2   1   3  15   0   1   3  11   4   0   2   2  0.37 0.32
   44 E     1   2   0   1  -3   0   3   0  -2  -4  -3   3  -2  -6  -1  -1  -1  -6  -5  -2   10   9   4   8   1   4  18   6   1   1   3  21   1   0   3   4   3   0   0   4  0.39 0.32
   45 L     1  -4  -3  -5  -1  -3  -3  -1  -3   0   5  -3  -1  -3  -4  -4  -2  -6  -4   2   13   1   1   1   1   1   2   6   1   5  48   2   1   1   1   1   2   0   0  12  0.73 0.47
   46 N     1   1   2   2  -5   2   3  -1   0  -3  -3   1  -2  -5  -3   0   0  -5  -4  -2   10   6   8  10   0  10  20   5   2   2   3   8   1   0   1   5   4   0   0   2  0.33 0.29
   47 D     1   0  -1   3  -6   2   4  -2   0  -4  -4   2  -5  -5  -2   0   0  -6  -4  -3   11   5   2  16   0   7  24   3   2   1   2  11   0   1   2   6   5   0   0   2  0.50 0.39
   48 C     2  -2  -2  -2   4  -2  -1  -2  -4   0   2  -2  -1  -2  -4  -2   2  -3  -3   2   18   2   1   2   8   1   4   3   0   5  19   3   1   1   1   3  11   0   1  16  0.32 0.27
   49 L     2  -1  -4  -5   0  -2  -1  -4  -2   0   3   1  -2  -3  -3  -1  -2  -5  -1   3   19   3   1   0   2   2   4   1   1   4  25   9   1   1   1   5   2   0   2  18  0.37 0.30
   50 T     2   0  -1   0  -1   1   2  -1  -2  -1  -3   2  -3  -4  -4   1   1  -5  -3  -2   16   4   2   6   1   5  16   5   1   4   2  13   0   0   0  11   9   0   1   3  0.29 0.27
   51 Q     0  -1  -1  -1  -6   3   5  -3  -2  -3   0   1  -3  -4  -2  -1  -1  -6  -2  -3    8   4   2   4   0  14  31   2   1   2   9   8   0   1   2   5   4   0   2   2  0.53 0.41
   52 W     0  -2  -3  -2   2  -1  -1  -1   0   3   2  -2  -1   0  -2  -2  -2   4  -1  -1    9   2   1   3   4   2   5   6   2  20  22   2   1   4   2   2   2   6   2   4  0.28 0.22
   53 R     0   3   0  -2  -3   2   1   0  -1  -1  -1   2  -1  -4  -1   0   0  -5  -3  -3    7  17   4   2   1   7  10   8   2   4   7  14   2   1   3   5   5   0   1   2  0.23 0.21
   54 S     2  -2   0   0  -4   0   2   1  -1  -2  -2   1  -3  -5  -2   2   1  -3  -3  -3   20   2   4   4   0   4  12   9   2   2   4   8   1   0   2  16   7   0   1   2  0.26 0.25
   55 K     0   1   0   0  -3   0   2  -2   0  -2   0   3  -1  -3   0   0  -1  -2  -1  -3    6   6   5   6   1   4  12   2   2   2   9  21   1   1   5   8   4   1   2   2  0.21 0.20
   56 G     1  -3   1  -1  -1  -1  -2   5   0  -2  -2  -3  -4  -3  -3   0  -1  -3  -1  -2   11   2   6   3   1   3   3  41   2   2   4   2   0   1   1   7   4   0   2   3  0.57 0.36
   57 F     0  -1  -1  -2   0  -1  -1   0   1   1   1  -1  -1   2   0   0  -1  -1   2   1    8   4   2   2   2   2   3   9   4   7  13   2   1  11   4   6   4   1   6   9  0.06 0.08
   58 K    -1   1   1  -1  -3   2   1   0   1  -2  -3   3  -4  -2  -1   0   0  -1   1  -2    5   9   7   4   1  10   7   6   3   3   2  20   0   1   3   6   5   1   4   3  0.25 0.23
   59 V     1  -5  -3  -2   1  -4  -3  -4  -1   3   0  -3   0  -2   0  -3  -1  -6  -3   5   12   0   1   2   3   1   1   1   2  14   9   2   2   1   6   2   4   0   1  34  0.58 0.38
   60 E     0   0  -1   0  -2   2   2  -2   3  -1  -1   1  -2  -1  -2   0   0   1  -1   0   10   5   2   4   1   8  16   3   7   4   6   9   0   2   2   5   4   2   2   6  0.16 0.17
   61 A     2  -3  -3  -3  -1  -2  -3   1  -1   0   0  -2  -2   1   1  -1   2  -1   0   0   21   1   1   1   1   1   2  12   1   5  11   2   1   5   6   4  14   1   3   7  0.22 0.21
   62 S     1  -1  -1   1  -1  -2  -1  -1   1   1   0   0   0   1  -2   0   1  -1   1   1   10   3   3   8   1   1   3   3   4   8   8   5   2   5   2   7   9   1   5  13  0.05 0.08
   63 V     0   0  -3  -3  -1   2  -1  -3  -2   1   0   1   1  -1   1  -1   0  -2  -2   3    8   4   0   1   1   8   3   2   1   7   8   9   4   3   6   3   6   1   1  25  0.22 0.20
   64 C     2  -2  -5  -4   7  -3  -2  -1  -3   0   2  -3   1   1  -2  -2  -1  -5  -1   0   15   2   0   1  23   1   3   5   1   4  18   2   4   5   2   2   5   0   2   7  0.58 0.36
   65 D    -1  -5   1   8  -8  -2  -2  -3   0  -6  -8  -4  -8  -8  -4  -3  -4  -9  -5  -4    6   0   6  71   0   2   2   2   2   0   0   1   0   0   1   2   1   0   1   1  2.01 0.99
   66 L    -2  -5  -4  -3  -2  -4  -5  -6  -6   3   2  -4   3   1  -3  -3  -3  -6  -2   5    3   0   1   2   1   1   0   1   0  12  19   1   7   6   2   2   1   0   2  39  0.86 0.48
   67 S     2   0  -2   2  -2  -3  -1   0  -2  -2  -3  -2  -2  -5  -4   4   3  -6  -3  -3   14   5   2  11   1   1   4   6   1   3   2   3   1   0   1  26  19   0   1   1  0.49 0.41
   68 S    -1  -3   2   4  -1   0   0  -4  -2  -3  -4   2  -5   0  -3   3   0  -6  -3  -2    5   1  10  22   1   4   5   1   1   1   2  12   0   5   1  19   5   0   1   4  0.46 0.36
   69 R     0   2   0   2  -3   0   2  -2   0  -1  -1   0   0  -2   2  -1  -1  -1  -1  -1    7  11   4  12   0   4  14   2   2   3   6   5   2   1  10   4   3   1   3   5  0.18 0.17
   70 S     1  -2   0   2  -2   0   3  -1  -1  -3  -4   0  -2  -4  -2   2  -1  -5  -2  -2   14   2   4  13   1   4  22   4   1   1   1   6   1   1   2  15   3   0   2   4  0.37 0.30
   71 E     1  -1   0   4  -2   1   3  -1  -1  -2  -3  -1  -2  -3  -4   1  -1  -5  -5  -2   11   2   4  21   1   7  18   5   1   2   2   3   1   1   1  12   3   0   0   3  0.41 0.32
   72 R     0   1  -1  -1   2  -1  -1  -2   0   3  -1  -1  -1  -1  -1  -2  -1   0   0   3    9   9   3   3   5   3   4   2   2  15   4   3   1   2   3   3   3   1   3  22  0.20 0.18
   73 Q     1   2   0   1  -3   2   2  -3  -2  -2  -2   2  -2  -2  -1  -1  -1  -3  -1  -1   10  10   4   9   1  10  16   1   0   2   3  12   1   2   2   5   3   0   2   5  0.25 0.23
   74 E     2   2   1   2  -3   1   3  -3  -2  -4  -4   1  -3  -3  -3   0   0  -5  -3  -2   15  11   6   9   1   5  20   2   1   1   2  10   1   1   1   6   6   0   1   2  0.35 0.29
   75 L     2  -2  -3  -2   1  -1  -4  -3  -2   1   3  -1   2   1  -4  -2  -1   0  -1   2   19   2   1   2   3   3   1   1   1   6  26   3   4   6   0   3   4   1   2  12  0.31 0.24
   76 M     1  -3  -5  -5  -3  -3  -3  -4  -2   2   1  -2   3   4  -5  -3  -2  -1   1   4   11   1   0   1   1   1   2   1   1  11  12   2   7  15   0   1   2   1   4  25  0.57 0.35
   77 N     1   0   1   2  -5   2   3  -1   1  -3  -4   2  -2  -2  -3   0  -1  -5  -3  -2   11   4   7  13   0  10  16   6   3   1   1  10   1   2   1   6   3   0   1   4  0.32 0.26
   78 T     2  -1   0  -1  -3   1   2  -2  -2  -3  -2   2  -2   1  -2   1   2   0  -2  -2   15   3   4   2   1   7  13   2   1   1   4  12   1   6   2   9  15   1   1   2  0.24 0.25
   79 V     2  -3  -5  -4   0  -2  -2  -3  -3   4   1  -2  -1  -2  -4  -2   0  -3  -2   3   17   1   0   1   2   2   2   2   0  21  14   3   1   1   1   2   6   0   1  22  0.48 0.32
   80 A     2   0  -2  -1  -1   0   0  -2  -3   2   0   1  -2  -3  -2   0  -1  -2  -2   1   20   4   1   3   1   3   6   2   0  11  11  11   1   1   2   8   2   0   1  12  0.17 0.18
   81 N     0   0   1   2  -2   2   2   0  -1  -3  -4   2  -2  -5  -2   1   0  -5  -4  -1    9   4   7  11   1   8  15   6   2   1   1  14   1   0   1   8   5   0   0   4  0.29 0.24
   82 H     0   1   0   1   0   1   2  -1   3  -3  -1   3  -2  -2  -3  -2  -1  -4  -2  -1    6   7   3   7   2   6  15   5   8   1   7  17   1   2   1   2   3   0   1   4  0.25 0.21
   83 F    -2  -3  -3  -3  -1  -2  -2  -4  -1   1   2  -2  -2   6  -1  -3  -1   3   2  -1    3   2   1   2   1   2   3   1   2   7  19   3   1  30   3   2   5   4   5   5  0.58 0.32
   84 H     0   0   0   1   0   0   1   1   3  -2  -1   0   0   0   0   0  -1   1   0  -1    5   4   2  11   2   4   9  10  10   2   5   6   3   4   4   5   3   2   3   3  0.09 0.07
   85 G    -2  -2  -2  -1  -2   0  -3   6  -3  -6  -4  -1  -3  -5  -1  -1  -3  -5  -5  -4    3   2   1   3   1   4   1  67   1   0   2   4   1   0   3   4   1   0   0   1  1.28 0.60
   86 K    -1   2  -1   0  -1   0  -1   1   0  -1  -1   2  -2  -1   1   0   0   0  -1  -1    4  15   1   6   1   3   2  10   2   5   5  16   0   3   6   4   7   1   2   5  0.11 0.12
   87 L    -1  -2  -5  -1  -1  -4  -4  -2  -5   4   3  -4   0   0   0  -4  -3  -4  -2   2    4   2   0   5   1   0   0   3   0  26  32   0   1   3   4   0   0   0   1  17  0.55 0.34
   88 N    -3  -2   1   6  -6  -2  -1  -1   4  -5  -5  -1  -5  -2  -3  -2  -2   1   1  -3    2   2   6  55   0   1   3   4   9   0   1   3   0   1   1   2   2   2   4   2  1.10 0.56
   89 I    -1  -4  -4  -2   2  -3  -4   0  -1   4   1  -4   1   0  -3  -2  -1  -4  -2   3    5   0   0   3   5   1   0   7   2  29  11   0   4   4   1   2   3   0   1  21  0.42 0.29
   90 L    -3  -5  -6  -6  -1  -5  -6  -6  -6   3   5  -5   1   0  -6  -3  -3   2  -2   3    2   0   0   0   1   0   0   0   0  13  54   0   2   4   0   2   1   3   1  17  0.97 0.50
   91 V     0  -3  -5  -5   0  -2  -5  -2  -1   4   0  -4  -1   0  -5  -3  -3  -1  -1   5    7   2   0   0   2   2   0   4   1  26   6   0   1   4   0   2   0   1   1  42  0.74 0.43
   92 N    -1  -2   7  -2   0  -2  -4  -2   2  -5  -1  -3  -4   0  -3  -1  -1  -1  -3  -3    4   2  59   2   2   1   0   2   5   0   6   1   0   5   1   3   3   1   1   2  1.16 0.61
   93 N     0  -2   7  -2   3  -3  -4  -2   2  -1  -5  -2  -4  -5  -5   0  -1  -6  -4  -3    7   1  59   1   6   0   0   3   5   4   1   1   0   0   0   6   3   0   0   2  1.27 0.63
   94 A     6  -4  -1  -1  -4  -2  -4  -2   0   0  -2  -4  -3  -2  -2   0  -2  -5  -4   0   62   0   4   3   0   1   0   1   3   5   3   0   0   2   2   6   1   0   0   8  0.88 0.53
   95 G     0  -2  -4  -5  -5  -3  -5   7  -5  -4  -6  -2  -5  -2  -3  -1  -4  -5  -2  -3    8   2   0   0   0   1   0  74   0   1   0   2   0   2   1   5   0   0   1   2  1.53 0.68
   96 I     0  -1  -2  -1  -1  -1  -2  -1  -2   3   1  -2   1   0  -1  -2   0   0  -1   2    6   3   1   4   1   3   2   6   1  24  10   1   3   4   3   2   6   2   2  16  0.14 0.15
   97 V     1  -3   0  -1   0   0  -1   0  -2   0   0  -2   1  -1  -1   1   1   1  -2   1   14   1   6   3   2   4   4   6   1   5  11   1   5   3   3  11   9   2   1   9  0.08 0.12
   98 I    -1   1  -1   0  -1   0  -1  -1   1   1   0  -1   0   1   2  -1   0  -1   0   0    5   9   3   4   2   3   2   4   5   8  12   4   3   7   9   4   5   0   3   8  0.05 0.06
   99 Y    -1   0   0   1  -1  -2  -2  -1   1  -1   0  -1  -1   4   1  -1   0   1   2  -1    4   5   4   9   1   1   1   6   3   3   7   5   2  16   9   5   5   2   8   5  0.16 0.16
  100 K     1   0   0  -1  -1   1   0   2   0  -2  -2   2   0  -2   1   0   0  -2  -3  -1   11   5   4   2   1   6   5  14   2   2   4  15   3   2   6   8   5   0   0   4  0.14 0.15
  101 E     0   0   0   0  -5   0   2  -1   0  -4  -1   0  -1  -1   4   0   0  -5  -1  -3    6   4   5   6   0   4  14   4   2   1   7   6   2   3  18   7   6   0   2   2  0.26 0.24
  102 A     1  -3  -1  -2   0  -2  -3  -3  -3   1   1  -3   2   2   0   0   1  -1  -1   1   14   1   3   3   2   1   1   2   0   8  15   1   5  11   5   8  10   1   2   9  0.18 0.18
  103 K    -1  -1  -2   0  -3  -1   2   0   1  -1   1   0   1  -1   1  -1   0   1  -3   0    4   3   1   6   0   2  14   8   4   3  17   7   3   3   7   5   5   2   0   5  0.10 0.13
  104 D    -1   1   0   5  -4  -1   4  -4   1  -4  -3   0  -3  -2  -4   0  -1  -6  -3  -3    5   7   3  31   0   3  22   1   3   1   3   5   1   2   1   6   3   0   1   2  0.66 0.46
  105 Y    -1  -1  -2  -2   1  -2  -2  -1   2   1   1  -1   3   1  -1  -1   2   0   2   1    3   3   1   3   3   1   2   5   5   7  15   3   8   6   2   4  12   1   8   8  0.14 0.16
  106 T    -2  -2   0   1  -5  -3   0  -3  -1  -2  -2   0  -1  -1   2   3   4   0  -3  -2    3   2   4   7   0   1   7   2   1   2   3   5   2   3   9  20  25   1   1   3  0.41 0.38
  107 V     0   0  -2   1  -3  -1   1  -3  -1   0   1  -1   1   0   1  -1   0  -2  -1   2    6   5   1   7   0   2  11   1   1   6  13   3   3   3   6   5   6   1   2  16  0.10 0.13
  108 E    -1  -2   1   3  -6   0   5  -2   0  -4  -3   0  -2  -5  -3   0  -1  -1  -4  -4    5   2   5  14   0   4  38   3   2   1   3   6   1   0   1   7   3   1   0   1  0.67 0.49
  109 D     0  -1   0   5  -6   1   2   1   0  -3  -4  -2  -3  -6  -3  -1   0  -6  -2  -2    7   4   3  32   0   6  14   9   2   2   2   2   1   0   1   5   5   0   1   4  0.58 0.43
  110 Y    -1  -3  -4  -3  -4  -4  -3  -5  -3   0   0  -3   2   5  -2  -2  -2   8   2   0    5   2   1   2   0   1   2   1   1   6   7   2   4  23   2   3   3  23   7   5  1.05 0.58
  111 S     0   1   1   4  -5   1   2  -3   0  -3  -3   1  -3  -1  -3   0  -1  -3  -3  -2    7   8   7  20   0   7  14   2   2   1   3   9   1   3   1   8   4   0   1   2  0.36 0.29
  112 L     0   2   0   0  -2   1   1  -2   0  -1   0   1   0  -1  -2   0   0   0  -2  -1    6  13   4   5   1   5  10   2   2   3  12  10   3   3   2   6   7   2   1   5  0.10 0.12
  113 I    -1  -4  -3  -5   1   0  -3  -4   0   3   1  -5   3  -3  -4  -2   1  -2  -1   4    4   1   1   0   3   4   1   1   2  19  12   0   7   1   1   4  10   0   2  27  0.54 0.38
  114 M    -2  -2  -3  -2  -3  -1  -4  -3  -1   4   1  -5   5   3  -5  -3  -2   2   1   1    3   2   2   3   0   3   1   2   2  23  12   0  17  14   1   2   2   2   4   7  0.60 0.40
  115 S     0   0   3   4  -2   1   2  -1   1  -4  -5   0  -3  -6  -3   1   0  -6  -4  -3   10   6  12  22   1   6  11   4   3   1   0   5   0   0   1   9   6   0   1   2  0.44 0.36
  116 I    -1  -5  -3  -7  -2  -4  -4  -5  -7   4  -1  -3   0  -2  -2  -3   3  -7  -4   5    4   1   1   0   1   1   1   1   0  26   5   2   2   2   2   1  17   0   0  34  0.91 0.56
  117 N    -4  -3   8   0  -8  -3  -4  -3   1  -8  -4  -3  -4  -8  -7  -1  -4  -9  -4  -4    2   1  74   4   0   1   1   2   3   0   2   2   1   0   0   5   1   0   1   1  2.20 1.09
  118 F    -2  -6  -3  -6   1  -4  -6  -4   0   1   3  -5   0   4  -6  -3   0  -1   3   3    3   0   2   0   3   1   0   1   2   7  29   0   2  15   0   1   6   1   8  20  0.66 0.42
  119 E    -2   1   1  -1  -1  -1  -1  -2  -1  -1   1   1   0   2  -2  -1   2   2   0  -1    3   7   7   3   1   2   4   3   2   2  13  11   3   8   1   4  16   3   3   5  0.13 0.17
  120 A     2  -3  -2  -6  -6  -5  -4   5  -3  -4  -7  -2  -3  -7  -3   3  -1   1  -6  -3   18   2   2   0   0   0   1  43   1   1   0   2   1   0   1  19   5   2   0   2  1.03 0.64
  121 A     2  -5  -3  -5  -1  -2  -4  -2   1  -1   0  -4   0   0   2   0   3  -5   0   3   14   0   1   0   1   2   0   3   4   2  10   0   2   4   9   7  19   0   4  18  0.37 0.34
  122 Y    -1  -3  -3  -6  -1  -4  -4  -4   0   1   1  -3   1   6  -6  -3  -2   2   4   1    4   2   1   0   1   1   1   1   2   7  13   1   4  31   0   2   2   3  15   9  0.83 0.48
  123 H    -1   1   2  -2   0   0   0  -1   3  -1   1  -1   0   1  -3  -1  -1   1   2  -1    5   8  11   2   2   3   5   4   9   3  16   4   2   7   1   5   2   2   6   4  0.13 0.16
  124 L    -2  -2  -6  -6   4  -4  -6  -2  -6   2   3  -4   4  -1  -3  -3   0  -5  -2   3    4   2   0   0   8   1   0   4   0  11  27   1  11   3   1   2   6   0   1  19  0.61 0.40
  125 S     1  -2   2  -5   3  -1  -3  -3  -1   0  -3  -2   0  -3  -5   3   4  -6  -3  -1   10   2   9   0   5   2   1   2   1   5   3   2   2   1   0  20  29   0   1   4  0.58 0.45
  126 V     1   2  -2  -3   0   3  -2  -3   2   0  -1   2   1  -3  -3  -2  -1  -2  -1   1   13  11   1   1   2  13   2   1   4   6   5  15   3   1   1   2   3   1   2  11  0.29 0.28
  127 L     3  -2  -2  -3   0  -1   0  -1   0   0   2  -1   0   0  -3  -2  -1  -4   0   1   24   2   1   1   2   2   6   4   2   5  21   4   2   5   1   2   4   0   3   8  0.21 0.22
  128 A     4  -2  -3  -5   1  -3  -5  -1  -3  -1   1  -4   0   1  -3   1  -1  -5  -3   2   37   2   1   0   2   1   0   4   1   3  11   1   2   5   1   8   3   0   1  16  0.52 0.40
  129 H     1   1  -3  -3  -4  -1  -1  -2   4   0   2   0   1  -1  -1  -2  -2   0   2  -1   13   8   1   1   0   2   4   3  10   6  23   6   3   2   3   2   2   1   8   3  0.24 0.23
  130 P     0   0   0  -1  -4   0   0   0   0  -2  -2   1   0   0   5  -1  -1  -4  -1  -2    6   6   4   4   0   4   7   6   3   3   5   7   3   4  27   4   3   0   3   2  0.36 0.29
  131 F     0   0  -1  -1   1  -1  -1  -1   2  -1   1   0   2   3  -1  -1  -1   3   1  -1    8   4   2   3   3   3   4   4   6   4  13   5   7  13   3   5   3   4   4   3  0.10 0.13
  132 L    -2  -1  -5  -2   0  -1  -3  -3  -5   1   2  -1   7   1  -1  -2   0   2  -4   0    3   3   0   2   2   2   2   2   0   8  18   3  27   5   4   3   6   3   0   5  0.60 0.45
  133 K    -1   2  -2  -1  -2   1   1  -3   0   1  -1   4   2  -2  -1  -1  -1  -5  -2  -1    4  11   2   3   1   6   8   1   2   8   7  25   6   1   3   3   4   0   1   4  0.30 0.28
  134 A     1   1   1   0  -4   1   1   0   0  -1  -1   2   1  -3   0   0  -1  -4  -2  -2   12   9   6   4   0   7  10   6   2   3   5  16   4   1   5   6   3   0   2   2  0.16 0.18
  135 S    -1   2   1  -1   0   2  -1   1   1  -2  -3   1   0  -2  -1   2   0  -5  -4  -4    5  14   7   4   2   8   3  12   3   2   3  10   2   2   3  16   4   0   0   0  0.25 0.27
  136 E    -1   2   1   0   0   1   1   1   2  -1  -2   2  -1  -2  -1   0  -1  -4  -1  -2    5  11   6   4   2   7  10  13   5   3   3  12   2   2   3   5   3   0   2   3  0.15 0.16
  137 R    -1   3   0  -1   0   0  -1   1   2  -4  -3   2  -1  -1   1   1  -1   1   0  -2    3  17   4   3   2   4   3  12   4   0   3  13   2   3   7   9   3   2   3   3  0.23 0.24
  138 G     0  -3  -5  -3   0  -2  -6   7  -6  -7  -7  -2  -7  -7  -1  -1  -3   1  -7  -7    6   2   0   2   2   2   0  72   0   0   0   2   0   0   3   4   2   2   0   0  1.71 0.81
  139 N     0   4   1  -2  -1  -1  -2  -1   2  -1  -2   1  -2  -3  -3   2   0  -5  -1  -2    7  21   7   2   1   2   1   4   6   5   4   7   1   1   1  18   6   0   2   3  0.30 0.27
  140 V    -3  -7  -3  -4  -6  -7  -7  -8   0   7   0  -3   1  -1  -7  -3  -3  -7  -2   3    2   0   1   1   0   0   0   0   2  57   7   2   3   2   0   2   2   0   1  17  1.43 0.69
  141 V    -3  -2  -6  -7  -1  -6  -6  -4  -6   5   1  -6  -3  -1  -6  -2  -1  -6  -1   5    2   3   0   0   1   0   0   1   0  34  11   0   0   2   0   4   4   0   2  37  1.07 0.55
  142 F    -2  -4   5  -3   0  -2  -4  -3   0   0   0  -4  -1   3  -5   0   1  -4  -2   1    2   0  33   0   2   1   0   1   2   6   8   0   1  16   0   8   9   0   1  10  0.60 0.41
  143 I    -2  -5  -1  -3  -1  -3  -5  -4  -5   5   1  -4   3  -1  -5  -2   2  -5  -4   3    2   0   3   1   1   1   0   1   0  32  10   0   8   2   0   2  15   0   0  20  0.67 0.40
  144 S     2  -4   1  -4   0  -3  -4   2  -1  -2  -3  -3  -1  -5  -4   4   2  -5  -2  -1   14   0   7   0   2   0   0  14   1   3   2   0   1   0   0  39  11   0   1   3  0.63 0.44
  145 S     0  -4   0  -2  -4  -4  -4  -1  -4  -1  -4  -4  -1  -5  -3   6  -1  -6   0  -2    5   0   4   2   0   0   0   3   0   3   1   0   2   0   1  69   1   0   4   3  1.18 0.69
  146 V     0  -2  -1  -3  -2  -1  -2  -1  -3   3   0  -2   2   1  -2   0   0  -3   1   3    6   1   2   1   1   3   1   6   0  17   9   1   7   6   2   7   5   0   4  21  0.20 0.19
  147 S     3  -3   0  -1   1   1  -2   1  -1  -2  -1  -3  -1  -3  -3   2   0  -2  -1   0   26   1   4   4   2   6   1   9   2   2   8   0   2   1   1  20   4   1   2   7  0.24 0.25
  148 G     2  -6  -1  -3  -1  -4  -4   6  -1  -2  -6  -4  -6  -3  -4   1  -3  -3  -1  -2   16   0   2   2   1   1   1  53   2   3   0   1   0   1   1  10   1   0   2   3  1.05 0.57
  149 A     1   0  -1  -2  -1   0   0  -2   2   0   0   0   1   1  -3   0   0   1   1   0   15   4   2   2   1   5   7   2   6   6  11   6   4   7   0   5   4   2   5   6  0.07 0.11
  150 L     0   2  -1  -3  -2  -1  -2  -2  -1   1   1   0   2   0  -3   0   0   2   1   1    6  11   2   1   0   3   2   2   1  11  14   5   7   4   1   6   6   3   5  10  0.13 0.14
  151 A     2  -1  -1  -1   1   0  -2   2   1  -2  -3  -1  -6  -1   3   0  -1  -7   0   0   14   3   3   3   3   4   3  16   4   3   3   4   0   3  13   7   4   0   3   7  0.24 0.21
  152 V    -1   0   0  -2   1   0  -2  -1   1   2  -1  -2   3   2  -1  -1  -1   2   1   1    5   5   5   3   3   4   3   5   3  10   6   3   7  10   4   4   4   3   5  10  0.12 0.09
  153 P     0  -2  -1  -2  -4  -1  -2   0  -6  -2  -3   0   0  -2   7  -2  -3  -1  -4  -1    9   2   3   2   0   3   2   6   0   3   2   5   2   2  47   3   2   1   0   5  0.99 0.54
  154 Y    -1  -1   1  -2  -1   0  -1   2   1  -3   0  -1   0   3  -1   0  -1   0   3  -2    4   3   8   2   1   4   3  18   3   0   9   3   2  11   4   6   4   1  13   2  0.21 0.19
  155 E     0   0   0  -2  -2   2   0   0   1  -1   0  -1   0  -1  -1   1   0   3   2  -1    7   5   3   2   0  12   6   6   4   3  12   3   3   2   2  11   4   4   7   3  0.09 0.12
  156 A     3  -3   1  -1   0  -2  -2   0   0  -1  -2  -2  -1   0   0   2   1  -4  -2   0   30   0   7   2   2   1   1   5   2   4   3   1   1   4   5  18   7   0   1   8  0.26 0.23
  157 V     2  -3   0  -1   2  -1  -2  -1   3   0   0  -2   0  -1   1   0   0  -2  -1   1   23   0   5   3   4   2   1   4   8   5   7   0   3   2   8   6   5   1   2  12  0.15 0.16
  158 Y    -3  -4  -5  -6  -6  -2  -5  -6   0  -4  -4   0   1   2  -6  -2  -2  -2   9  -3    1   0   0   0   0   2   0   0   1   0   0   7   4   5   0   3   2   0  73   1  2.04 0.73
  159 G     2  -3   0  -3   4  -1  -2   3  -2  -3  -3  -3  -3  -4  -2   3   0  -4   0  -2   16   1   4   0   9   3   1  25   1   1   1   0   0   0   1  26   6   0   4   2  0.48 0.30
  160 A     5  -2  -1  -4  -1  -1  -3   0  -1  -2  -2  -3   0  -4   0   1   0  -4  -1   1   50   1   2   0   1   2   0   6   2   2   2   0   3   0   4   9   4   0   2   9  0.51 0.33
  161 T     3  -4  -3  -4   0  -3  -3  -2  -4  -2  -3  -3  -1  -1  -4   5   3  -5  -4  -1   22   0   0   0   1   0   0   2   0   1   1   0   2   2   0  45  18   0   0   5  0.78 0.45
  162 K    -4   1  -1  -4  -7  -2  -1  -5  -4  -2  -6   8  -5  -7  -5  -4  -2  -7  -5  -5    0   4   3   0   0   0   3   0   0   3   0  85   0   0   0   0   2   0   0   0  1.89 0.73
  163 G     4  -2   0  -3  -1  -3  -1   2   3  -3  -1  -2  -1   1  -3   0   0  -1  -1  -2   39   1   4   0   1   0   5  16   7   0   5   2   1   6   0   4   6   1   2   1  0.39 0.28
  164 A     5  -4  -4  -4  -4  -4  -4   4  -4  -4  -1  -4  -1   2  -4  -1  -2  -4   0  -3   47   0   0   0   0   0   0  27   0   0   6   0   2  10   0   4   2   0   3   0  0.82 0.43
  165 M    -1  -2   1  -3   0  -1  -2  -4  -1   2   3  -3   2  -2  -4  -3  -2  -4  -3   3    3   2   7   1   2   3   2   1   2  12  30   0   6   0   0   0   1   0   0  28  0.45 0.27
  166 D    -1   0   2   2  -2   0   2  -2   0   1   0  -1  -1  -2  -3  -1   0  -3   0   1    2   5  10  15   1   5  14   1   2  13   9   2   1   1   0   2   4   0   5   9  0.14 0.14
  167 Q     2  -3   1  -3  -4   1  -3   4   2  -3  -2  -2   1  -1  -4   1  -1   0  -1  -1   16   1   7   1   0   8   0  28   6   1   4   1   5   2   0  10   3   2   2   4  0.39 0.30
  168 L    -2  -5  -3  -5  -3  -3  -6  -4  -2   0   4  -5   3   5  -6  -4  -3   4   1  -2    3   0   1   1   1   1   0   1   1   3  41   0   7  26   0   1   1   5   4   2  0.93 0.47
  169 T     1   0  -3  -4   0  -2  -4  -3   0  -2  -4  -4   1   0  -4   3   5  -5  -2   1    9   4   1   0   2   1   0   1   2   2   0   0   4   5   0  19  38   0   1  10  0.67 0.46
  170 R    -1   5  -1  -1  -6   2   1  -3  -1  -3  -3   4  -1  -4  -4  -2  -1  -5  -3  -4    5  32   3   3   0  11   7   2   1   2   2  23   1   1   0   2   3   0   1   1  0.69 0.41
  171 C     1  -3   1  -1   3  -1   0   0  -1  -1  -2  -2  -1  -2  -2   3   1   1   0   0   13   0   6   4   6   1   5   8   1   3   3   1   1   1   1  23  11   2   4   7  0.21 0.22
  172 L    -2  -4  -6  -7  -1  -2  -6  -4  -6   1   5  -5   4  -1  -6  -4  -2   1  -2  -1    4   1   0   0   1   2   0   1   0   7  63   0  10   2   0   1   2   2   1   3  1.09 0.54
  173 A     6   2  -3  -4  -1   0  -3  -1   1  -4  -4  -3  -3  -4  -4   0  -2  -6  -4  -3   61  12   1   1   1   4   1   4   3   1   1   1   0   1   0   6   2   0   1   1  0.99 0.56
  174 F     0   1   0  -2   1   1   0  -1   1   0   0   1   0   1  -2  -1  -1   0   0   0   11   8   4   1   4   6   5   3   4   5  10   9   2   6   1   3   3   1   4   8  0.03 0.06
  175 E    -2   0  -1   2  -2   1   6  -3  -2  -6  -4  -2  -3  -6  -4  -2  -3  -6  -2  -4    3   4   2  10   1   4  61   2   1   0   2   1   1   0   0   2   1   0   2   1  1.19 0.59
  176 W    -2  -4  -5  -5  -2  -3  -3  -1  -1  -1   4  -4   2   0  -5  -2  -1   7   3   0    3   0   0   0   1   1   2   5   2   2  41   0   4   4   0   3   3  13  11   5  0.72 0.40
  177 A     3   0  -2  -2  -2   0   0   3  -1  -2  -2   0   0  -2  -2   0  -1  -1  -3  -1   30   6   1   2   0   4   7  20   1   2   3   6   2   1   2   6   2   1   1   4  0.29 0.24
  178 K    -1   1  -1   0  -2   1   1   1   0  -4  -3   3  -2  -5   4   1  -1  -5  -4  -3    4   8   3   5   1   5   8  10   2   0   2  17   1   0  19  10   2   0   0   1  0.40 0.27
  179 D    -2   1  -1   1  -2   1   0  -2   3  -3  -2   1  -2   0  -1   0   1   0   3  -3    2   6   3  10   1   8   6   2   8   1   3  11   1   5   3   7  12   1  10   1  0.23 0.21
  180 N    -2  -2   4  -1  -3  -2  -2   6   0  -6  -6   0  -5  -3  -3  -1  -3  -6  -4  -5    2   2  21   4   1   2   2  51   2   0   1   5   0   2   1   4   1   0   1   0  1.08 0.55
  181 I    -2  -7  -7  -7  -3  -6  -7  -7  -3   7  -1  -6  -1  -2  -7  -5  -4  -7  -2   5    3   0   0   0   0   0   0   0   1  53   3   0   1   1   0   1   1   0   1  36  1.63 0.71
  182 R    -3   6  -1  -2  -4  -1  -3  -2   1  -1  -4   1  -2  -2  -4  -2   2  -6  -3  -3    2  48   3   3   0   1   1   3   4   4   1   8   1   2   0   3  14   0   1   1  0.91 0.52
  183 V    -1  -6  -7  -7   3  -6  -6  -7  -7   2  -2  -6   0  -1  -6  -3   0  -7  -3   6    6   0   0   0   6   0   0   0   0  10   3   0   2   2   0   2   5   0   1  65  1.42 0.67
  184 N    -4  -4   7  -3  -3   1  -2  -4   1  -3  -3  -3  -2  -3  -6   1   1  -1  -2  -1    1   0  52   1   1   6   2   0   3   2   2   1   1   1   0  10  10   1   1   6  1.15 0.63
  185 G     3  -4  -1  -2   5  -4  -3   0  -3   0  -1  -4  -1  -4  -4   2   2  -5  -4   1   25   0   2   2  13   0   1   6   0   5   6   0   1   0   0  16  11   0   0   9  0.47 0.34
  186 V    -2  -6  -7  -7   1  -4  -6  -7  -7   5   2  -6  -1  -2  -6  -6  -3  -6  -1   5    2   0   0   0   2   1   0   0   0  35  14   0   1   1   0   0   1   0   2  40  1.27 0.59
  187 G     3  -2   0  -3   4   0   0  -2   2  -1  -1  -3  -1  -2  -4   2   0   0  -1  -2   29   1   5   1   9   3   5   2   6   3   5   1   2   2   0  17   4   2   2   2  0.37 0.31
  188 P    -1  -7  -7  -5  -2  -6  -6  -6  -4  -7  -4  -6  -3  -8   8  -1  -2  -9  -8  -6    5   0   0   1   1   0   0   0   0   0   2   0   1   0  83   4   2   0   0   0  2.66 1.07
  189 G    -1  -4  -3  -4  -3  -6  -5   7  -3  -7  -5  -4  -3  -1  -3  -3  -2   0   2  -6    5   1   1   1   1   0   0  71   1   0   1   1   1   3   1   1   3   1   7   0  1.57 0.70
  190 V     0  -2  -1  -3  -1  -3  -3   0  -2   0   1  -3   2   3   3  -1   0  -1   2   1    8   2   3   1   2   1   0   7   1   4  15   0   5  12  13   3   5   1   9   9  0.22 0.19
  191 I    -3  -6  -6  -5  -2  -6  -4  -6  -6   5  -1  -6   0   1  -6  -4   0  -6  -3   5    2   0   0   0   1   0   1   0   0  36   5   0   2   6   0   1   6   0   1  38  1.15 0.55
  192 A     2   1   0   2  -2   0   0  -2   0  -3  -1   2   0  -2  -1   0   0   0  -1  -1   19   7   5  12   1   4   6   2   2   0   6  14   2   1   2   4   5   2   2   4  0.14 0.16
  193 T    -2  -3  -3  -4  -5  -4  -5  -2  -6  -4  -5  -4  -5  -7  -4   2   7  -7  -4  -4    3   1   1   1   0   0   0   4   0   1   0   1   0   0   1  14  72   0   1   0  1.78 0.86
  194 S     0  -1   2   2  -4   0   2  -1  -1  -4  -4   0  -2  -4   4   1  -1  -5  -3  -4    9   3   9  14   0   3  14   5   2   0   1   6   1   1  19   9   3   0   1   0  0.44 0.28
  195 L    -1  -1  -4  -5  -4  -2  -3  -1  -1   1   3  -4   7   2  -2  -3  -2   3  -3  -2    4   3   1   0   0   1   1   5   1   8  25   1  29   7   2   2   3   4   0   2  0.72 0.41
  196 V     1  -1  -1  -2  -2  -1  -2  -1  -1   0   0  -2   1   0  -1   1   2   0   0   1   13   2   3   1   0   3   2   5   1   5   9   1   4   4   2  11  15   1   3  14  0.11 0.13
  197 E     0   1   0   2  -4   2   3  -2  -1  -3  -2   2  -1  -1  -2   0   0  -1  -2  -2    8   8   3  10   0   7  20   2   1   1   4  13   1   3   2   6   5   1   1   3  0.25 0.20
  198 M     0   0   0   0  -2   0   0  -1   0   0   0   0   2   0  -1   0   0   1   0   0   11   4   4   4   0   4   8   3   2   6   7   6   9   5   2   7   6   2   3   6  0.03 0.06
  199 T     0   0   0  -1  -2  -1  -1  -1  -1   0   0  -1   0   0  -1   2   2  -1  -1   0    6   6   5   4   1   2   1   5   2   5  10   3   2   4   2  16  17   1   1   8  0.09 0.12
  200 I     0   0  -1  -2  -1  -1  -2  -1  -2   3   1  -1   1   1  -1  -1   0   2   0   1    6   6   3   2   1   1   2   4   1  20  16   3   4   5   3   5   5   3   2   8  0.09 0.10
  201 Q     0   1   0   0  -3   2   1   0  -1  -2   0   1   0  -1   1   1   0   0   0  -2    8   7   3   5   0  11   9   7   1   1   9   8   3   3   6   9   4   2   3   2  0.10 0.11
  202 D    -2   0   2   5  -3  -2   1   0   0  -4  -3   0  -1  -2  -1   0  -1   0  -3  -3    3   5  11  31   0   1  10   8   2   1   3   5   2   2   4   5   3   1   1   2  0.44 0.28
  203 P    -1  -1  -1   0  -5   0   1  -1  -1  -2  -2  -1   0  -1   6  -1  -2  -1  -3  -1    6   3   2   4   0   4   9   5   1   2   3   4   3   3  38   4   2   1   1   4  0.66 0.37
  204 E     0   0  -1   2  -4   1   4  -1   1  -3  -2   1   0  -3   0   0   0  -2  -2  -3    8   5   3  10   0   5  28   4   3   1   3   9   2   1   4   6   5   0   1   1  0.31 0.24
  205 Q     0   1  -1  -1  -4   3   0  -1  -1  -1   0   2   1   0  -1  -1  -1   0   0  -1    8   8   2   4   0  17   6   4   1   3   8  12   5   5   3   4   4   1   3   3  0.15 0.16
  206 K     0   2   0  -1  -4   0   1  -1  -1  -1  -2   3   0  -3   0  -1   0  -3   0  -1   10  10   3   3   0   4   9   5   1   3   4  23   3   1   5   3   5   0   3   5  0.20 0.17
  207 E     0  -1  -1   1  -3   2   5  -3  -1  -3  -3   2  -2  -3   0  -1  -2  -5  -3  -2    9   3   2   7   1   8  36   2   1   2   2  12   1   1   4   4   2   0   1   3  0.54 0.35
  208 N     0   0   2   1  -1   0   0   0   0  -1  -1   0   0   0   0   0   0  -1   0  -1    8   4  12   7   1   4   7   5   2   4   6   7   3   4   5   8   4   1   3   5  0.06 0.05
  209 L    -1  -1  -3  -3  -3  -2  -2  -3  -1   2   3  -3   3   2  -3  -2  -1   1  -1   1    5   4   1   1   0   1   3   2   2  12  30   1   8  10   1   2   3   2   2  10  0.34 0.21
  210 N     0   1   1   1  -2   0   2  -1   0  -2  -1   1  -2  -2   0   0   0  -1  -1  -2    7   8   9   9   1   4  14   5   2   2   5   8   1   1   4   7   6   1   3   3  0.13 0.11
  211 K     1   1   0   0  -4   2   2  -1   0  -4  -3   3  -1  -2  -1   1  -1  -3  -3  -3   10   8   3   5   0   8  13   4   3   1   2  22   2   2   3   9   4   0   1   2  0.30 0.22
  212 L     0  -2  -2  -2  -3  -1  -2  -2  -2   2   2  -2   3   2  -2   0   0   1   1   1    7   1   2   2   0   2   2   3   1  16  17   2   8   8   1   7   7   2   4   7  0.18 0.15
  213 I     0  -1  -2  -2  -2  -2  -1  -1  -2   3   2  -1   1   2  -3  -2   0  -2   0   1    8   3   1   2   1   1   4   4   1  17  21   4   4  10   1   3   5   0   3  10  0.19 0.13
  214 D     0   0   0   2  -3   1   2  -1   0  -3  -2   1  -1  -3   1   1  -1  -3  -3  -1    9   4   4  14   0   5  11   5   2   1   4   9   2   1   7  14   3   0   1   5  0.19 0.15
  215 R    -1   4   0  -1  -2   2   0  -1   1  -2  -1   2  -1  -2  -1   0   0  -3  -1  -2    5  21   5   2   1   8   5   6   3   2   7  11   2   1   3   6   7   0   2   2  0.22 0.16
  216 C     0  -3  -1  -3   2   0  -1  -2   1   3  -1  -2   1  -2  -1   0   2  -2  -1   2    8   1   2   1   4   4   3   3   4  19   4   2   3   1   3   9  14   1   1  12  0.20 0.18
  217 A     2  -2  -3  -5  -3  -2  -4  -2  -3  -3  -1  -2  -3  -3   7   0  -2  -5  -5  -1   19   2   1   1   1   2   1   4   1   2   6   2   1   1  46   6   2   0   0   4  1.09 0.55
  218 L     0  -4  -3  -4  -2  -2  -3  -2  -2   2   4  -3   5  -1  -4  -2  -1  -4  -2  -1    8   0   1   1   1   1   2   3   1  12  41   1  14   3   1   2   3   0   1   3  0.66 0.37
  219 R    -2   3   0  -4  -5   2  -1   4   1  -4  -3   3  -1  -4  -2  -1  -3  -5  -2  -4    3  13   4   0   0   8   3  30   3   1   2  21   2   1   2   4   1   0   2   1  0.59 0.36
  220 R    -2   7  -2  -3  -4   0  -2  -2  -2  -5  -5   0  -5  -4  -2  -3  -2  -3  -2  -4    4  64   2   2   0   3   2   3   1   1   1   5   0   1   2   2   3   1   1   1  1.49 0.68
  221 M     0  -3   0  -2  -1  -3  -2  -2   0   1   2  -2   3   2   0  -1  -1   2   1   1    7   1   4   2   1   0   2   3   2   7  21   2   7   8   4   3   3   3   6  12  0.17 0.15
  222 G     1  -5  -2  -4  -1  -3  -4   6  -5  -2  -3  -5  -5  -5  -3  -2  -1  -5  -5   0   11   0   2   1   2   1   1  60   0   3   3   0   0   0   1   3   3   0   0   7  1.17 0.55
  223 E    -2   1  -1   1  -4   2   3  -3  -2  -4  -1   1  -1  -3  -3   0   2  -5  -1  -1    2   8   2   8   0   9  21   2   1   0   5   8   1   1   1   8  16   0   2   4  0.32 0.27
  224 P     2  -6  -6  -4  -6  -1  -4  -3  -6  -1  -4  -2  -3  -7   7  -2  -1  -7  -3  -1   14   0   0   1   0   3   1   2   0   4   1   2   1   0  58   3   4   0   1   5  1.53 0.74
  225 K    -1   0  -1   2  -6   1   5  -3  -3  -2  -3   1  -3  -4  -3  -1  -1  -3  -5  -2    4   4   3  10   0   5  45   1   1   2   2   7   0   1   1   5   4   0   0   3  0.74 0.47
  226 E    -4  -2  -3   5  -8  -3   6  -3   1  -7  -6  -2  -7  -6  -5  -4  -6  -3  -2  -4    1   2   1  31   0   1  52   2   3   0   0   2   0   0   1   0   0   0   1   1  1.55 0.77
  227 L    -3  -6  -7  -7   0  -2  -6  -7  -3   5   1  -6   1  -2  -5  -4  -3  -6   0   5    1   0   0   0   2   2   0   0   1  28  12   0   3   1   1   1   1   0   4  43  1.16 0.57
  228 A     6  -5  -5  -4  -2  -4  -5   1  -6  -3  -3  -3  -3  -4  -4   1  -2  -7  -6   1   63   0   0   1   1   0   0   9   0   1   3   1   1   1   1   9   2   0   0   8  1.19 0.66
  229 A     1   0   3   1  -2   0   1   2   2  -5  -5   0  -2  -4   1   1  -2  -2  -4  -5   14   4  16   8   1   4   7  16   4   0   0   4   1   1   6   9   2   1   0   0  0.36 0.28
  230 M     4  -5  -5  -5   0  -2  -4  -4  -5   1   2  -3   1  -2  -1   0   1  -3  -2   2   33   0   0   0   2   1   0   0   0   6  19   1   3   1   3   6   9   0   1  13  0.50 0.37
  231 V     2  -4  -4  -6   1  -5  -6  -4  -6   3  -1  -5  -2  -3  -6  -4  -2  -5   2   5   20   1   1   0   3   0   0   1   0  14   6   0   1   1   0   1   2   0   7  43  0.94 0.52
  232 A     3  -3  -4  -3   1  -2  -2  -2  -5   0   2  -2  -1  -2  -2   0   0  -5  -4   2   27   1   0   2   3   1   2   2   0   4  24   2   1   1   2   7   4   0   0  17  0.40 0.31
  233 F    -5  -5  -5  -4  -7  -4  -7  -7  -2  -4  -2  -3  -1   8  -8  -5  -6   3   5  -3    1   1   1   1   0   1   0   0   1   0   4   2   1  63   0   1   0   4  19   1  2.14 0.87
  234 L    -3  -7  -8  -8  -6  -5  -7  -8  -7   0   6  -5   0  -1  -7  -7  -4  -1  -3  -3    3   0   0   0   0   1   0   0   0   4  84   1   2   2   0   0   1   1   1   1  1.82 0.80
  235 C     5  -5  -5  -6   6  -5  -4  -3  -3   0   1  -5  -2  -1  -3  -1  -2  -6  -4   1   48   0   0   0  14   0   1   1   0   5  13   0   1   2   1   4   2   0   0   8  0.94 0.53
  236 F    -2  -2  -1  -1  -1  -3  -3  -1  -1  -4  -1  -4  -4  -1  -5   6  -1  -5  -3  -5    3   2   2   3   1   1   2   4   2   1   7   0   0   3   0  65   3   0   1   0  1.13 0.64
  237 P    -2  -2   0   5  -4  -1   2  -3  -2  -4  -6  -2  -5  -6   4  -1  -3  -6  -5  -4    2   2   4  37   0   2  14   2   1   1   1   2   0   0  22   5   1   0   0   1  0.97 0.50
  238 A     2  -1   0   3  -3   0   3  -2   0  -4   0   0  -2  -4  -3  -1  -1  -3  -3  -3   19   3   3  16   0   4  22   3   2   0  10   6   0   0   1   4   3   0   1   1  0.35 0.29
  239 A     5  -5   0  -3  -5  -3  -3  -1  -2  -6  -6  -4  -2  -6  -4   4  -1  -6  -2  -5   45   0   5   1   0   1   1   4   1   0   0   0   1   0   1  35   3   0   2   0  1.12 0.64
  240 S     1   1  -1  -1  -2  -2  -1   0  -4  -4  -5   0  -4  -5   0   5   1  -6  -3  -3   13   7   3   3   1   2   4   6   0   0   0   6   0   0   4  42   6   0   1   1  0.60 0.42
  241 Y    -2  -4  -6  -5  -7  -4  -3   0  -1  -5  -3  -3   1   4  -4  -3  -5   6   8  -4    4   1   0   1   0   1   2   6   1   0   2   2   3  17   1   2   0   9  49   1  1.60 0.73
  242 V    -1  -6  -6  -6   1  -6  -5  -7  -6   5   1  -6   3  -2  -4  -4   0  -6  -3   4    4   0   0   0   3   0   1   0   0  36  10   0   6   1   1   0   6   0   1  31  1.03 0.51
  243 T    -4  -4   3  -5  -6  -3  -5  -6  -2  -6  -6  -5  -6  -7  -6   2   7  -7  -2  -4    1   1  14   0   0   1   0   0   1   0   0   0   0   0   0  12  68   0   2   1  1.82 0.88
  244 G    -2  -6  -5  -6  -7  -7  -7   8  -7  -9  -6  -7  -4  -8  -7  -4  -3  -8  -8  -8    3   0   0   0   0   0   0  93   0   0   1   0   0   0   0   1   2   0   0   0  2.59 1.00
  245 Q     1  -1  -2  -2  -2   5   2  -3   2  -1  -3  -1  -4  -5  -3   2   1  -5  -3  -2   13   2   2   1   1  28  12   1   5   4   2   3   0   0   1  14   8   0   1   3  0.53 0.40
  246 I    -1  -4   2   0   0  -1  -1  -4  -3   2  -1  -4   0  -1  -3   0   3  -5  -2   3    4   0   9   5   2   3   